txName: TChiWWISRqq
constraint: {(PV > anyBSM(1), anyBSM(3)), (anyBSM(1) > q, q, MET(2)), (anyBSM(3) > q, q, MET(4))}
condition: None
conditionDescription: None
figureUrl: None
source: Recast by MA5
validated: True
axesMap: [{0: 'x', 1: 'y', 2: 'x', 3: 'y'}]
dataMap: {0: (1, 'mass', GeV), 1: (2, 'mass', GeV), 2: (3, 'mass', GeV), 3: (4, 'mass', GeV)}
finalState: ['MET', 'MET']
intermediateState: None
efficiencyMap: [[[11.0,10.0,11.0,10.0],2.531231e-08],
[[13.0,10.0,13.0,10.0],1.679698e-08],
[[15.0,10.0,15.0,10.0],3.648977e-09],
[[20.0,10.0,20.0,10.0],0.0],
[[21.0,20.0,21.0,20.0],1.177442e-07],
[[23.0,20.0,23.0,20.0],7.508349e-09],
[[25.0,20.0,25.0,20.0],3.47322e-08],
[[30.0,10.0,30.0,10.0],0.0],
[[30.0,20.0,30.0,20.0],0.0],
[[31.0,30.0,31.0,30.0],3.17602e-07],
[[33.0,30.0,33.0,30.0],1.925601e-08],
[[35.0,30.0,35.0,30.0],9.321121e-08],
[[40.0,20.0,40.0,20.0],0.0],
[[40.0,30.0,40.0,30.0],0.0],
[[41.0,40.0,41.0,40.0],6.003665e-07],
[[43.0,40.0,43.0,40.0],6.500509e-08],
[[45.0,40.0,45.0,40.0],3.686817e-08],
[[50.0,10.0,50.0,10.0],0.0],
[[50.0,30.0,50.0,30.0],4.751012e-09],
[[50.0,40.0,50.0,40.0],1.240754e-07],
[[51.0,50.0,51.0,50.0],1.80369e-06],
[[53.0,50.0,53.0,50.0],9.970168e-07],
[[55.0,50.0,55.0,50.0],3.094621e-07],
[[60.0,20.0,60.0,20.0],3.502883e-09],
[[60.0,40.0,60.0,40.0],7.19136e-08],
[[60.0,50.0,60.0,50.0],2.99282e-07],
[[61.0,60.0,61.0,60.0],1.400763e-05],
[[63.0,60.0,63.0,60.0],2.489585e-06],
[[65.0,60.0,65.0,60.0],7.878869e-07],
[[70.0,10.0,70.0,10.0],0.0],
[[70.0,30.0,70.0,30.0],0.0],
[[70.0,50.0,70.0,50.0],3.190802e-07],
[[70.0,60.0,70.0,60.0],8.854222e-06],
[[71.0,70.0,71.0,70.0],5.775295e-06],
[[73.0,70.0,73.0,70.0],4.082974e-06],
[[75.0,70.0,75.0,70.0],2.745441e-06],
[[80.0,20.0,80.0,20.0],1.36046e-08],
[[80.0,40.0,80.0,40.0],2.679681e-08],
[[80.0,60.0,80.0,60.0],1.699081e-06],
[[80.0,70.0,80.0,70.0],2.259287e-06],
[[81.0,80.0,81.0,80.0],1.040918e-05],
[[83.0,80.0,83.0,80.0],6.287284e-06],
[[85.0,80.0,85.0,80.0],3.540533e-06],
[[90.0,10.0,90.0,10.0],1.350382e-07],
[[90.0,30.0,90.0,30.0],2.692654e-07],
[[90.0,50.0,90.0,50.0],9.895785e-08],
[[90.0,70.0,90.0,70.0],5.751506e-07],
[[90.0,80.0,90.0,80.0],2.06512e-06],
[[91.0,90.0,91.0,90.0],1.149461e-05],
[[93.0,90.0,93.0,90.0],1.160986e-05],
[[95.0,90.0,95.0,90.0],6.534722e-06],
[[100.0,20.0,100.0,20.0],1.389877e-07],
[[100.0,40.0,100.0,40.0],9.987524e-08],
[[100.0,60.0,100.0,60.0],1.418853e-07],
[[100.0,80.0,100.0,80.0],1.648776e-06],
[[100.0,90.0,100.0,90.0],2.734519e-06],
[[101.0,100.0,101.0,100.0],1.495694e-05],
[[103.0,100.0,103.0,100.0],1.398983e-05],
[[103.0,102.0,103.0,102.0],2.023049e-05],
[[105.0,100.0,105.0,100.0],7.857107e-06],
[[105.0,102.0,105.0,102.0],1.359787e-05],
[[107.0,102.0,107.0,102.0],1.167571e-05],
[[110.0,30.0,110.0,30.0],1.694698e-07],
[[110.0,50.0,110.0,50.0],5.361257e-07],
[[110.0,70.0,110.0,70.0],6.913716e-07],
[[110.0,90.0,110.0,90.0],1.450004e-06],
[[110.0,100.0,110.0,100.0],3.664493e-06],
[[112.0,102.0,112.0,102.0],4.958949e-06],
[[120.0,40.0,120.0,40.0],1.906952e-06],
[[120.0,60.0,120.0,60.0],4.460383e-07],
[[120.0,80.0,120.0,80.0],3.096718e-06],
[[120.0,100.0,120.0,100.0],1.899035e-06],
[[122.0,102.0,122.0,102.0],2.291591e-06],
[[123.0,122.0,123.0,122.0],3.616053e-05],
[[125.0,122.0,125.0,122.0],2.382284e-05],
[[127.0,122.0,127.0,122.0],1.924785e-05],
[[130.0,50.0,130.0,50.0],3.749911e-07],
[[130.0,70.0,130.0,70.0],8.848029e-07],
[[130.0,90.0,130.0,90.0],1.508874e-06],
[[132.0,122.0,132.0,122.0],8.721449e-06],
[[140.0,60.0,140.0,60.0],4.142214e-07],
[[140.0,80.0,140.0,80.0],7.546742e-07],
[[140.0,100.0,140.0,100.0],1.756095e-06],
[[142.0,102.0,142.0,102.0],1.844919e-06],
[[142.0,122.0,142.0,122.0],6.405231e-06],
[[143.0,142.0,143.0,142.0],3.276777e-05],
[[145.0,142.0,145.0,142.0],3.211798e-05],
[[147.0,142.0,147.0,142.0],2.925743e-05],
[[150.0,70.0,150.0,70.0],9.29906e-07],
[[150.0,90.0,150.0,90.0],1.225113e-06],
[[152.0,142.0,152.0,142.0],1.733795e-05],
[[160.0,80.0,160.0,80.0],1.196897e-06],
[[160.0,100.0,160.0,100.0],1.579908e-06],
[[162.0,102.0,162.0,102.0],6.309161e-06],
[[162.0,122.0,162.0,122.0],3.43168e-06],
[[162.0,142.0,162.0,142.0],8.215502e-06],
[[163.0,162.0,163.0,162.0],5.02357e-05],
[[165.0,162.0,165.0,162.0],4.125288e-05],
[[167.0,162.0,167.0,162.0],4.346556e-05],
[[170.0,90.0,170.0,90.0],1.621786e-06],
[[172.0,162.0,172.0,162.0],2.157915e-05],
[[180.0,100.0,180.0,100.0],2.135972e-06],
[[182.0,102.0,182.0,102.0],2.238397e-06],
[[182.0,122.0,182.0,122.0],3.120951e-06],
[[182.0,142.0,182.0,142.0],5.805346e-06],
[[182.0,162.0,182.0,162.0],1.372405e-05],
[[183.0,182.0,183.0,182.0],5.734994e-05],
[[185.0,182.0,185.0,182.0],5.150931e-05],
[[187.0,182.0,187.0,182.0],5.95485e-05],
[[192.0,182.0,192.0,182.0],3.040184e-05],
[[202.0,122.0,202.0,122.0],3.925745e-06],
[[202.0,142.0,202.0,142.0],5.58543e-06],
[[202.0,162.0,202.0,162.0],9.075705e-06],
[[202.0,182.0,202.0,182.0],1.975219e-05],
[[203.0,202.0,203.0,202.0],6.971103e-05],
[[205.0,202.0,205.0,202.0],6.603329e-05],
[[207.0,202.0,207.0,202.0],6.773344e-05],
[[212.0,202.0,212.0,202.0],4.325354e-05],
[[222.0,142.0,222.0,142.0],6.757602e-06],
[[222.0,162.0,222.0,162.0],8.739304e-06],
[[222.0,182.0,222.0,182.0],1.043033e-05],
[[222.0,202.0,222.0,202.0],2.831235e-05],
[[223.0,222.0,223.0,222.0],8.280465e-05],
[[225.0,222.0,225.0,222.0],8.289991e-05],
[[227.0,222.0,227.0,222.0],7.825007e-05],
[[232.0,222.0,232.0,222.0],5.752075e-05],
[[242.0,162.0,242.0,162.0],8.126594e-06],
[[242.0,182.0,242.0,182.0],1.228465e-05],
[[242.0,202.0,242.0,202.0],2.195489e-05],
[[242.0,222.0,242.0,222.0],3.623003e-05],
[[243.0,242.0,243.0,242.0],9.415712e-05],
[[245.0,242.0,245.0,242.0],0.0001033922],
[[247.0,242.0,247.0,242.0],8.443721e-05],
[[252.0,242.0,252.0,242.0],6.707546e-05],
[[262.0,182.0,262.0,182.0],1.90363e-05],
[[262.0,202.0,262.0,202.0],1.592663e-05],
[[262.0,222.0,262.0,222.0],2.259082e-05],
[[262.0,242.0,262.0,242.0],4.410698e-05],
[[263.0,262.0,263.0,262.0],0.0001108683],
[[265.0,262.0,265.0,262.0],0.0001024544],
[[267.0,262.0,267.0,262.0],0.0001002245],
[[272.0,262.0,272.0,262.0],7.502427e-05],
[[282.0,202.0,282.0,202.0],1.575991e-05],
[[282.0,222.0,282.0,222.0],1.783414e-05],
[[282.0,242.0,282.0,242.0],3.159708e-05],
[[282.0,262.0,282.0,262.0],5.653124e-05],
[[283.0,282.0,283.0,282.0],0.0001108833],
[[285.0,282.0,285.0,282.0],0.000113655],
[[287.0,282.0,287.0,282.0],0.0001093771],
[[292.0,282.0,292.0,282.0],9.928018e-05],
[[302.0,222.0,302.0,222.0],1.862404e-05],
[[302.0,242.0,302.0,242.0],2.72146e-05],
[[302.0,262.0,302.0,262.0],3.247842e-05],
[[302.0,282.0,302.0,282.0],7.181681e-05],
[[303.0,302.0,303.0,302.0],0.0001249573],
[[305.0,302.0,305.0,302.0],0.0001196583],
[[307.0,302.0,307.0,302.0],0.0001321079],
[[312.0,302.0,312.0,302.0],0.0001045276],
[[322.0,242.0,322.0,242.0],2.854939e-05],
[[322.0,262.0,322.0,262.0],3.213196e-05],
[[322.0,282.0,322.0,282.0],4.278956e-05],
[[322.0,302.0,322.0,302.0],6.91045e-05],
[[323.0,322.0,323.0,322.0],0.0001539452],
[[325.0,322.0,325.0,322.0],0.0001376756],
[[327.0,322.0,327.0,322.0],0.0001416556],
[[332.0,322.0,332.0,322.0],0.0001121227],
[[342.0,262.0,342.0,262.0],2.926905e-05],
[[342.0,282.0,342.0,282.0],3.793137e-05],
[[342.0,302.0,342.0,302.0],5.505861e-05],
[[342.0,322.0,342.0,322.0],8.359957e-05],
[[343.0,342.0,343.0,342.0],0.0001505415],
[[345.0,342.0,345.0,342.0],0.0001654758],
[[347.0,342.0,347.0,342.0],0.0001519957],
[[352.0,342.0,352.0,342.0],0.0001359932],
[[362.0,282.0,362.0,282.0],3.722102e-05],
[[362.0,302.0,362.0,302.0],3.992533e-05],
[[362.0,322.0,362.0,322.0],6.142345e-05],
[[362.0,342.0,362.0,342.0],0.0001019088],
[[363.0,362.0,363.0,362.0],0.0001751746],
[[365.0,362.0,365.0,362.0],0.0001733605],
[[367.0,362.0,367.0,362.0],0.000171678],
[[372.0,362.0,372.0,362.0],0.0001606683],
[[382.0,302.0,382.0,302.0],3.936958e-05],
[[382.0,322.0,382.0,322.0],5.214525e-05],
[[382.0,342.0,382.0,342.0],7.496242e-05],
[[382.0,362.0,382.0,362.0],0.0001030829],
[[383.0,382.0,383.0,382.0],0.0001854188],
[[385.0,382.0,385.0,382.0],0.0001815541],
[[387.0,382.0,387.0,382.0],0.0001808357],
[[392.0,382.0,392.0,382.0],0.0001659533],
[[402.0,322.0,402.0,322.0],4.51109e-05],
[[402.0,342.0,402.0,342.0],5.347105e-05],
[[402.0,362.0,402.0,362.0],7.912567e-05],
[[402.0,382.0,402.0,382.0],0.0001242627],
[[403.0,402.0,403.0,402.0],0.0001959601],
[[405.0,402.0,405.0,402.0],0.0001911994],
[[407.0,402.0,407.0,402.0],0.0001951599],
[[412.0,402.0,412.0,402.0],0.000170132],
[[422.0,342.0,422.0,342.0],5.163502e-05],
[[422.0,362.0,422.0,362.0],7.193385e-05],
[[422.0,382.0,422.0,382.0],9.093959e-05],
[[422.0,402.0,422.0,402.0],0.0001341423],
[[442.0,362.0,442.0,362.0],5.585839e-05],
[[442.0,382.0,442.0,382.0],8.285552e-05],
[[442.0,402.0,442.0,402.0],0.0001035286],
[[462.0,382.0,462.0,382.0],7.220118e-05],
[[462.0,402.0,462.0,402.0],7.841659e-05],
[[482.0,402.0,482.0,402.0],7.32914e-05],
[[503.0,502.0,503.0,502.0],0.0002463024],
[[505.0,502.0,505.0,502.0],0.0002617536],
[[507.0,502.0,507.0,502.0],0.0002464855],
[[512.0,502.0,512.0,502.0],0.0002285696],
[[522.0,502.0,522.0,502.0],0.0001864531],
[[542.0,502.0,542.0,502.0],0.0001413442],
[[562.0,502.0,562.0,502.0],0.0001213154],
[[582.0,502.0,582.0,502.0],0.0001107767],
[[603.0,602.0,603.0,602.0],0.0002991489],
[[605.0,602.0,605.0,602.0],0.000292879],
[[607.0,602.0,607.0,602.0],0.0003048242],
[[612.0,602.0,612.0,602.0],0.0002872369],
[[622.0,602.0,622.0,602.0],0.0002511],
[[642.0,602.0,642.0,602.0],0.0001838916],
[[662.0,602.0,662.0,602.0],0.0001594964],
[[682.0,602.0,682.0,602.0],0.0001475733],
[[703.0,702.0,703.0,702.0],0.0003628331],
[[705.0,702.0,705.0,702.0],0.0003413074],
[[707.0,702.0,707.0,702.0],0.0003436755],
[[712.0,702.0,712.0,702.0],0.0003356263],
[[722.0,702.0,722.0,702.0],0.0003031987],
[[742.0,702.0,742.0,702.0],0.0002191523],
[[762.0,702.0,762.0,702.0],0.0001923493],
[[782.0,702.0,782.0,702.0],0.0001849866],
[[803.0,802.0,803.0,802.0],0.0003892575],
[[805.0,802.0,805.0,802.0],0.0003751367],
[[807.0,802.0,807.0,802.0],0.0003659008],
[[812.0,802.0,812.0,802.0],0.0003589627],
[[822.0,802.0,822.0,802.0],0.0003267989],
[[842.0,802.0,842.0,802.0],0.000260932],
[[862.0,802.0,862.0,802.0],0.0002237441],
[[882.0,802.0,882.0,802.0],0.000214997],
[[903.0,902.0,903.0,902.0],0.0004159173],
[[905.0,902.0,905.0,902.0],0.0004078604],
[[907.0,902.0,907.0,902.0],0.0004058612],
[[912.0,902.0,912.0,902.0],0.0003944092],
[[922.0,902.0,922.0,902.0],0.0003707615],
[[942.0,902.0,942.0,902.0],0.0002919087],
[[962.0,902.0,962.0,902.0],0.0002607084],
[[982.0,902.0,982.0,902.0],0.0002377607],
[[1003.0,1002.0,1003.0,1002.0],0.0004466255],
[[1005.0,1002.0,1005.0,1002.0],0.0004230221],
[[1007.0,1002.0,1007.0,1002.0],0.0004282548],
[[1012.0,1002.0,1012.0,1002.0],0.0004426779],
[[1022.0,1002.0,1022.0,1002.0],0.0003901709],
[[1042.0,1002.0,1042.0,1002.0],0.0003223321],
[[1062.0,1002.0,1062.0,1002.0],0.0002859657],
[[1082.0,1002.0,1082.0,1002.0],0.0002557874],
[[1103.0,1102.0,1103.0,1102.0],0.00045421],
[[1105.0,1102.0,1105.0,1102.0],0.0004599998],
[[1107.0,1102.0,1107.0,1102.0],0.0004546613],
[[1112.0,1102.0,1112.0,1102.0],0.0004602594],
[[1122.0,1102.0,1122.0,1102.0],0.0004011222],
[[1142.0,1102.0,1142.0,1102.0],0.000341912],
[[1162.0,1102.0,1162.0,1102.0],0.0002931634],
[[1182.0,1102.0,1182.0,1102.0],0.0002720492],
[[1203.0,1202.0,1203.0,1202.0],0.0004616592],
[[1205.0,1202.0,1205.0,1202.0],0.0004743403],
[[1207.0,1202.0,1207.0,1202.0],0.0004580559],
[[1212.0,1202.0,1212.0,1202.0],0.0004609216],
[[1222.0,1202.0,1222.0,1202.0],0.0004289421],
[[1242.0,1202.0,1242.0,1202.0],0.000371032],
[[1262.0,1202.0,1262.0,1202.0],0.0003171348],
[[1282.0,1202.0,1282.0,1202.0],0.0002926114],
[[1303.0,1302.0,1303.0,1302.0],0.0004629652],
[[1305.0,1302.0,1305.0,1302.0],0.0004904339],
[[1307.0,1302.0,1307.0,1302.0],0.0004930221],
[[1312.0,1302.0,1312.0,1302.0],0.0004747123],
[[1322.0,1302.0,1322.0,1302.0],0.0004436203],
[[1342.0,1302.0,1342.0,1302.0],0.000381043],
[[1362.0,1302.0,1362.0,1302.0],0.0003304685],
[[1382.0,1302.0,1382.0,1302.0],0.0003261295],
[[1403.0,1402.0,1403.0,1402.0],0.0004995163],
[[1405.0,1402.0,1405.0,1402.0],0.0005028111],
[[1407.0,1402.0,1407.0,1402.0],0.0004915956],
[[1412.0,1402.0,1412.0,1402.0],0.0004930914],
[[1422.0,1402.0,1422.0,1402.0],0.0004672363],
[[1442.0,1402.0,1442.0,1402.0],0.0003709018],
[[1462.0,1402.0,1462.0,1402.0],0.0003358098],
[[1482.0,1402.0,1482.0,1402.0],0.0003305798],
[[1503.0,1502.0,1503.0,1502.0],0.000514185],
[[1505.0,1502.0,1505.0,1502.0],0.000475803],
[[1507.0,1502.0,1507.0,1502.0],0.0005060819],
[[1512.0,1502.0,1512.0,1502.0],0.0004910685],
[[1522.0,1502.0,1522.0,1502.0],0.0004765969],
[[1542.0,1502.0,1542.0,1502.0],0.0003918608],
[[1562.0,1502.0,1562.0,1502.0],0.0003382569],
[[1582.0,1502.0,1582.0,1502.0],0.0003251739],
[[1603.0,1602.0,1603.0,1602.0],0.0005113999],
[[1605.0,1602.0,1605.0,1602.0],0.0005080402],
[[1607.0,1602.0,1607.0,1602.0],0.0005016597],
[[1612.0,1602.0,1612.0,1602.0],0.0004966767],
[[1622.0,1602.0,1622.0,1602.0],0.0004858014],
[[1642.0,1602.0,1642.0,1602.0],0.0004052305],
[[1662.0,1602.0,1662.0,1602.0],0.0003660475],
[[1682.0,1602.0,1682.0,1602.0],0.0003442733],
[[1703.0,1702.0,1703.0,1702.0],0.0005119092],
[[1705.0,1702.0,1705.0,1702.0],0.0005180457],
[[1707.0,1702.0,1707.0,1702.0],0.0005122078],
[[1712.0,1702.0,1712.0,1702.0],0.000513881],
[[1722.0,1702.0,1722.0,1702.0],0.0004763728],
[[1742.0,1702.0,1742.0,1702.0],0.0004177385],
[[1762.0,1702.0,1762.0,1702.0],0.0003699274],
[[1782.0,1702.0,1782.0,1702.0],0.0003457916],
[[1803.0,1802.0,1803.0,1802.0],0.000522611],
[[1805.0,1802.0,1805.0,1802.0],0.0005171926],
[[1807.0,1802.0,1807.0,1802.0],0.0004963064],
[[1812.0,1802.0,1812.0,1802.0],0.0005140992],
[[1822.0,1802.0,1822.0,1802.0],0.0004878268],
[[1842.0,1802.0,1842.0,1802.0],0.0004260861],
[[1862.0,1802.0,1862.0,1802.0],0.0003738523],
[[1882.0,1802.0,1882.0,1802.0],0.0003418194],
[[1903.0,1902.0,1903.0,1902.0],0.0005163586],
[[1905.0,1902.0,1905.0,1902.0],0.0005190619],
[[1907.0,1902.0,1907.0,1902.0],0.0004983709],
[[1912.0,1902.0,1912.0,1902.0],0.0004962042],
[[1922.0,1902.0,1922.0,1902.0],0.0004877529],
[[1942.0,1902.0,1942.0,1902.0],0.0004148201],
[[1962.0,1902.0,1962.0,1902.0],0.000374063],
[[1982.0,1902.0,1982.0,1902.0],0.0003595119],
[[2003.0,2002.0,2003.0,2002.0],0.000517004],
[[2005.0,2002.0,2005.0,2002.0],0.0005051961],
[[2007.0,2002.0,2007.0,2002.0],0.0005047995],
[[2012.0,2002.0,2012.0,2002.0],0.0005125113],
[[2022.0,2002.0,2022.0,2002.0],0.000477878],
[[2042.0,2002.0,2042.0,2002.0],0.000434164],
[[2062.0,2002.0,2062.0,2002.0],0.0003773253],
[[2082.0,2002.0,2082.0,2002.0],0.0003489876]]
