txName: TChiZISRll
constraint: {(PV > anyBSM(1), MET(3)), (anyBSM(1) > l+,l-,MET(2))}
condition: None
conditionDescription: None
figureUrl: None
source: Recast by MA5
validated: True
axesMap: [{0: 'x', 1: 'y', 2: 'y'}]
dataMap: {0: (1, 'mass', GeV), 1: (2, 'mass', GeV), 2: (3, 'mass', GeV)}
finalState: ['MET', 'MET']
intermediateState: None
efficiencyMap: [[[10.0,1.0,1.0],3.422875e-08],
[[10.0,5.0,5.0],7.917824e-07],
[[10.0,7.0,7.0],1.213053e-07],
[[10.0,9.0,9.0],5.385631e-07],
[[20.0,1.0,1.0],1.507648e-08],
[[20.0,15.0,15.0],3.798883e-08],
[[20.0,17.0,17.0],2.371967e-07],
[[20.0,19.0,19.0],4.833058e-07],
[[30.0,1.0,1.0],2.633113e-08],
[[30.0,20.0,20.0],1.185043e-08],
[[30.0,25.0,25.0],1.389876e-07],
[[30.0,27.0,27.0],1.528111e-07],
[[30.0,29.0,29.0],5.893058e-07],
[[40.0,1.0,1.0],0.0],
[[40.0,20.0,20.0],2.440087e-08],
[[40.0,30.0,30.0],4.053699e-08],
[[40.0,35.0,35.0],1.058407e-07],
[[40.0,37.0,37.0],1.484711e-07],
[[40.0,39.0,39.0],1.083715e-06],
[[50.0,1.0,1.0],0.0],
[[50.0,20.0,20.0],3.18877e-09],
[[50.0,30.0,30.0],0.0],
[[50.0,40.0,40.0],1.190647e-07],
[[50.0,45.0,45.0],7.087623e-07],
[[50.0,47.0,47.0],1.854992e-06],
[[50.0,49.0,49.0],3.205067e-06],
[[60.0,1.0,1.0],3.138073e-09],
[[60.0,20.0,20.0],0.0],
[[60.0,30.0,30.0],3.354108e-08],
[[60.0,40.0,40.0],3.434569e-07],
[[60.0,50.0,50.0],8.525361e-07],
[[60.0,55.0,55.0],2.981517e-06],
[[60.0,57.0,57.0],3.847935e-06],
[[60.0,59.0,59.0],1.247356e-05],
[[61.0,52.0,52.0],1.178037e-06],
[[62.0,2.0,2.0],0.0],
[[62.0,12.0,12.0],0.0],
[[62.0,22.0,22.0],0.0],
[[62.0,32.0,32.0],9.190021e-08],
[[62.0,42.0,42.0],3.765749e-07],
[[63.0,62.0,62.0],6.006799e-06],
[[65.0,62.0,62.0],4.086136e-06],
[[67.0,62.0,62.0],2.857024e-06],
[[69.0,62.0,62.0],2.511581e-06],
[[72.0,2.0,2.0],8.716072e-09],
[[72.0,12.0,12.0],0.0],
[[72.0,22.0,22.0],4.934171e-08],
[[72.0,32.0,32.0],2.197077e-07],
[[72.0,42.0,42.0],2.852866e-07],
[[72.0,52.0,52.0],5.211492e-07],
[[73.0,72.0,72.0],1.010584e-05],
[[75.0,72.0,72.0],5.635521e-06],
[[77.0,72.0,72.0],4.682011e-06],
[[79.0,72.0,72.0],5.254954e-06],
[[82.0,2.0,2.0],3.552558e-09],
[[82.0,12.0,12.0],9.946419e-08],
[[82.0,22.0,22.0],7.896356e-08],
[[82.0,32.0,32.0],2.303921e-07],
[[82.0,42.0,42.0],4.174387e-07],
[[82.0,52.0,52.0],6.716696e-07],
[[82.0,62.0,62.0],1.288519e-06],
[[83.0,82.0,82.0],1.392312e-05],
[[85.0,82.0,82.0],8.797308e-06],
[[87.0,82.0,82.0],7.346805e-06],
[[89.0,82.0,82.0],6.292384e-06],
[[91.0,82.0,82.0],4.985439e-06],
[[92.0,12.0,12.0],7.576035e-08],
[[92.0,22.0,22.0],3.113899e-07],
[[92.0,32.0,32.0],3.337935e-07],
[[92.0,42.0,42.0],7.587441e-07],
[[92.0,52.0,52.0],5.356531e-07],
[[92.0,62.0,62.0],1.119055e-06],
[[92.0,72.0,72.0],2.047534e-06],
[[93.0,92.0,92.0],1.863423e-05],
[[97.0,92.0,92.0],9.677274e-06],
[[99.0,92.0,92.0],6.994029e-06],
[[102.0,22.0,22.0],2.261415e-07],
[[102.0,32.0,32.0],2.534826e-07],
[[102.0,42.0,42.0],4.671116e-07],
[[102.0,52.0,52.0],5.435113e-07],
[[102.0,62.0,62.0],1.506058e-06],
[[102.0,72.0,72.0],1.654731e-06],
[[102.0,82.0,82.0],3.024153e-06],
[[103.0,102.0,102.0],2.113111e-05],
[[107.0,102.0,102.0],1.274043e-05],
[[109.0,102.0,102.0],1.12636e-05],
[[112.0,32.0,32.0],6.243953e-07],
[[112.0,42.0,42.0],8.026875e-07],
[[112.0,52.0,52.0],1.967659e-06],
[[112.0,62.0,62.0],8.939982e-07],
[[112.0,72.0,72.0],1.334292e-06],
[[112.0,82.0,82.0],2.04011e-06],
[[112.0,92.0,92.0],3.589086e-06],
[[122.0,42.0,42.0],5.670978e-07],
[[122.0,52.0,52.0],8.650077e-07],
[[122.0,62.0,62.0],1.102636e-06],
[[122.0,72.0,72.0],1.797353e-06],
[[122.0,82.0,82.0],2.072941e-06],
[[122.0,92.0,92.0],2.682759e-06],
[[122.0,102.0,102.0],4.423784e-06],
[[123.0,122.0,122.0],3.195131e-05],
[[127.0,122.0,122.0],2.170833e-05],
[[129.0,122.0,122.0],1.834775e-05],
[[132.0,52.0,52.0],1.284174e-06],
[[132.0,62.0,62.0],1.452342e-06],
[[132.0,72.0,72.0],1.313525e-06],
[[132.0,82.0,82.0],2.037309e-06],
[[132.0,92.0,92.0],3.324449e-06],
[[132.0,102.0,102.0],4.322954e-06],
[[142.0,62.0,62.0],1.025424e-06],
[[142.0,72.0,72.0],1.460417e-06],
[[142.0,82.0,82.0],1.661677e-06],
[[142.0,92.0,92.0],2.619452e-06],
[[142.0,102.0,102.0],2.751108e-06],
[[142.0,122.0,122.0],7.461321e-06],
[[143.0,142.0,142.0],4.565464e-05],
[[147.0,142.0,142.0],3.185868e-05],
[[149.0,142.0,142.0],2.411859e-05],
[[151.0,142.0,142.0],2.101001e-05],
[[152.0,72.0,72.0],1.279247e-06],
[[152.0,82.0,82.0],2.730855e-06],
[[152.0,92.0,92.0],2.522894e-06],
[[152.0,102.0,102.0],2.918645e-06],
[[152.0,122.0,122.0],6.197379e-06],
[[162.0,82.0,82.0],2.262568e-06],
[[162.0,92.0,92.0],2.689374e-06],
[[162.0,102.0,102.0],3.205021e-06],
[[162.0,122.0,122.0],4.544002e-06],
[[162.0,142.0,142.0],1.094598e-05],
[[163.0,162.0,162.0],5.966937e-05],
[[167.0,162.0,162.0],4.02458e-05],
[[169.0,162.0,162.0],3.316564e-05],
[[171.0,162.0,162.0],3.4242e-05],
[[172.0,92.0,92.0],2.375134e-06],
[[172.0,102.0,102.0],4.492454e-06],
[[172.0,122.0,122.0],4.37727e-06],
[[172.0,142.0,142.0],7.489382e-06],
[[182.0,102.0,102.0],2.732279e-06],
[[182.0,122.0,122.0],4.607254e-06],
[[182.0,142.0,142.0],7.248983e-06],
[[182.0,162.0,162.0],1.503447e-05],
[[183.0,182.0,182.0],7.205736e-05],
[[187.0,182.0,182.0],5.446101e-05],
[[189.0,182.0,182.0],4.426937e-05],
[[191.0,182.0,182.0],4.130873e-05],
[[192.0,122.0,122.0],4.200466e-06],
[[192.0,142.0,142.0],5.861857e-06],
[[192.0,162.0,162.0],9.727894e-06],
[[202.0,122.0,122.0],3.758249e-06],
[[202.0,142.0,142.0],5.219102e-06],
[[202.0,162.0,162.0],8.696233e-06],
[[202.0,182.0,182.0],2.074984e-05],
[[203.0,202.0,202.0],9.318502e-05],
[[207.0,202.0,202.0],6.964458e-05],
[[209.0,202.0,202.0],5.808818e-05],
[[211.0,202.0,202.0],4.867105e-05],
[[212.0,142.0,142.0],6.006466e-06],
[[212.0,162.0,162.0],7.66573e-06],
[[212.0,182.0,182.0],1.351486e-05],
[[222.0,142.0,142.0],8.519004e-06],
[[222.0,162.0,162.0],7.956645e-06],
[[222.0,182.0,182.0],9.83363e-06],
[[222.0,202.0,202.0],2.445225e-05],
[[223.0,222.0,222.0],9.930542e-05],
[[227.0,222.0,222.0],8.736635e-05],
[[229.0,222.0,222.0],6.378287e-05],
[[231.0,222.0,222.0],5.83293e-05],
[[232.0,162.0,162.0],9.144873e-06],
[[232.0,182.0,182.0],1.000448e-05],
[[232.0,202.0,202.0],2.550046e-05],
[[242.0,162.0,162.0],6.74428e-06],
[[242.0,182.0,182.0],7.801212e-06],
[[242.0,202.0,202.0],1.371014e-05],
[[242.0,222.0,222.0],3.012342e-05],
[[243.0,242.0,242.0],0.0001152764],
[[247.0,242.0,242.0],9.525607e-05],
[[249.0,242.0,242.0],7.699467e-05],
[[251.0,242.0,242.0],6.952344e-05],
[[252.0,182.0,182.0],7.447721e-06],
[[252.0,202.0,202.0],1.156879e-05],
[[252.0,222.0,222.0],1.88525e-05],
[[262.0,182.0,182.0],7.300054e-06],
[[262.0,202.0,202.0],1.24443e-05],
[[262.0,222.0,222.0],1.44157e-05],
[[262.0,242.0,242.0],3.296428e-05],
[[263.0,262.0,262.0],0.000127169],
[[267.0,262.0,262.0],0.0001126115],
[[269.0,262.0,262.0],8.988856e-05],
[[272.0,202.0,202.0],8.890036e-06],
[[272.0,222.0,222.0],1.320952e-05],
[[272.0,242.0,242.0],2.363169e-05],
[[282.0,202.0,202.0],9.530412e-06],
[[282.0,222.0,222.0],1.067702e-05],
[[282.0,242.0,242.0],1.871525e-05],
[[282.0,262.0,262.0],4.155848e-05],
[[283.0,282.0,282.0],0.000141088],
[[287.0,282.0,282.0],0.0001204615],
[[289.0,282.0,282.0],0.0001019418],
[[292.0,222.0,222.0],9.692623e-06],
[[292.0,242.0,242.0],1.942961e-05],
[[292.0,262.0,262.0],2.916563e-05],
[[302.0,222.0,222.0],9.513108e-06],
[[302.0,242.0,242.0],1.58772e-05],
[[302.0,262.0,262.0],2.06191e-05],
[[302.0,282.0,282.0],4.451349e-05],
[[303.0,302.0,302.0],0.0001596766],
[[307.0,302.0,302.0],0.0001330771],
[[309.0,302.0,302.0],0.0001215979],
[[312.0,242.0,242.0],1.116649e-05],
[[312.0,262.0,262.0],1.514113e-05],
[[312.0,282.0,282.0],3.220514e-05],
[[322.0,242.0,242.0],1.622025e-05],
[[322.0,262.0,262.0],1.812812e-05],
[[322.0,282.0,282.0],2.281246e-05],
[[322.0,302.0,302.0],5.153301e-05],
[[323.0,322.0,322.0],0.0001678863],
[[327.0,322.0,322.0],0.0001435359],
[[329.0,322.0,322.0],0.0001245617],
[[332.0,262.0,262.0],1.534836e-05],
[[332.0,282.0,282.0],2.252687e-05],
[[332.0,302.0,302.0],3.570991e-05],
[[342.0,262.0,262.0],1.428683e-05],
[[342.0,282.0,282.0],1.846775e-05],
[[342.0,302.0,302.0],2.490094e-05],
[[342.0,322.0,322.0],5.665969e-05],
[[343.0,342.0,342.0],0.0001757347],
[[347.0,342.0,342.0],0.0001638655],
[[349.0,342.0,342.0],0.000142664],
[[352.0,282.0,282.0],1.789489e-05],
[[352.0,302.0,302.0],2.017743e-05],
[[352.0,322.0,322.0],3.990932e-05],
[[362.0,282.0,282.0],1.299732e-05],
[[362.0,302.0,302.0],2.010293e-05],
[[362.0,322.0,322.0],2.885823e-05],
[[362.0,342.0,342.0],7.117377e-05],
[[363.0,362.0,362.0],0.000198866],
[[367.0,362.0,362.0],0.0001735772],
[[369.0,362.0,362.0],0.0001528859],
[[372.0,302.0,302.0],1.761965e-05],
[[372.0,342.0,342.0],4.495404e-05],
[[382.0,302.0,302.0],1.549964e-05],
[[382.0,322.0,322.0],1.924179e-05],
[[382.0,362.0,362.0],7.283621e-05],
[[383.0,382.0,382.0],0.0002054823],
[[387.0,382.0,382.0],0.0001908034],
[[389.0,382.0,382.0],0.0001643494],
[[391.0,382.0,382.0],0.0001461401],
[[392.0,322.0,322.0],2.256571e-05],
[[392.0,342.0,342.0],2.542663e-05],
[[392.0,362.0,362.0],4.579112e-05],
[[402.0,322.0,322.0],1.70897e-05],
[[402.0,342.0,342.0],2.474203e-05],
[[402.0,362.0,362.0],3.21655e-05],
[[402.0,382.0,382.0],8.274972e-05],
[[403.0,402.0,402.0],0.0002314355],
[[412.0,342.0,342.0],2.340372e-05],
[[412.0,362.0,362.0],2.990871e-05],
[[412.0,382.0,382.0],4.790153e-05],
[[413.0,402.0,402.0],0.0001342712],
[[417.0,402.0,402.0],0.0001084585],
[[422.0,342.0,342.0],1.667238e-05],
[[422.0,362.0,362.0],2.81746e-05],
[[422.0,382.0,382.0],3.953862e-05],
[[422.0,402.0,402.0],7.8321e-05],
[[432.0,362.0,362.0],2.181555e-05],
[[432.0,382.0,382.0],2.876843e-05],
[[432.0,402.0,402.0],4.916725e-05],
[[442.0,362.0,362.0],2.431432e-05],
[[442.0,382.0,382.0],2.841903e-05],
[[452.0,382.0,382.0],2.402267e-05],
[[452.0,402.0,402.0],3.323328e-05],
[[462.0,382.0,382.0],2.428449e-05],
[[462.0,402.0,402.0],2.948019e-05],
[[482.0,402.0,402.0],2.948709e-05],
[[503.0,502.0,502.0],0.0002796749],
[[513.0,502.0,502.0],0.0001946478],
[[517.0,502.0,502.0],0.0001407113],
[[522.0,502.0,502.0],0.0001152098],
[[532.0,502.0,502.0],7.005301e-05],
[[552.0,502.0,502.0],4.728581e-05],
[[582.0,502.0,502.0],3.339311e-05],
[[603.0,602.0,602.0],0.0003453967],
[[613.0,602.0,602.0],0.0002373401],
[[617.0,602.0,602.0],0.0001880442],
[[622.0,602.0,602.0],0.0001474488],
[[632.0,602.0,602.0],8.342533e-05],
[[652.0,602.0,602.0],5.369694e-05],
[[682.0,602.0,602.0],3.938823e-05],
[[703.0,702.0,702.0],0.0003675412],
[[713.0,702.0,702.0],0.0002814178],
[[717.0,702.0,702.0],0.000222855],
[[722.0,702.0,702.0],0.0001635201],
[[732.0,702.0,702.0],9.929424e-05],
[[752.0,702.0,702.0],6.110591e-05],
[[782.0,702.0,702.0],4.992675e-05],
[[803.0,802.0,802.0],0.0004284226],
[[813.0,802.0,802.0],0.0002972706],
[[817.0,802.0,802.0],0.0002351066],
[[822.0,802.0,802.0],0.0001780413],
[[832.0,802.0,802.0],0.0001129115],
[[852.0,802.0,802.0],6.536094e-05],
[[882.0,802.0,802.0],4.702262e-05],
[[903.0,902.0,902.0],0.0004426609],
[[913.0,902.0,902.0],0.00034467],
[[917.0,902.0,902.0],0.0002712634],
[[922.0,902.0,902.0],0.0001940216],
[[932.0,902.0,902.0],0.0001305419],
[[952.0,902.0,902.0],7.735946e-05],
[[982.0,902.0,902.0],5.072189e-05],
[[1003.0,1002.0,1002.0],0.00046767],
[[1013.0,1002.0,1002.0],0.000367171],
[[1017.0,1002.0,1002.0],0.0002889817],
[[1022.0,1002.0,1002.0],0.0002093913],
[[1032.0,1002.0,1002.0],0.0001405625],
[[1052.0,1002.0,1002.0],8.457794e-05],
[[1082.0,1002.0,1002.0],4.977007e-05],
[[1103.0,1102.0,1102.0],0.0004854006],
[[1113.0,1102.0,1102.0],0.0003904202],
[[1117.0,1102.0,1102.0],0.0002869502],
[[1122.0,1102.0,1102.0],0.000221259],
[[1132.0,1102.0,1102.0],0.0001418643],
[[1152.0,1102.0,1102.0],8.606588e-05],
[[1182.0,1102.0,1102.0],5.982031e-05],
[[1203.0,1202.0,1202.0],0.0005036209],
[[1213.0,1202.0,1202.0],0.0003882326],
[[1217.0,1202.0,1202.0],0.00031247],
[[1222.0,1202.0,1202.0],0.0002359004],
[[1232.0,1202.0,1202.0],0.0001523699],
[[1252.0,1202.0,1202.0],8.643085e-05],
[[1282.0,1202.0,1202.0],5.714088e-05],
[[1303.0,1302.0,1302.0],0.0005015675],
[[1313.0,1302.0,1302.0],0.0004182184],
[[1317.0,1302.0,1302.0],0.0003352041],
[[1322.0,1302.0,1302.0],0.000231321],
[[1332.0,1302.0,1302.0],0.0001442353],
[[1352.0,1302.0,1302.0],9.349453e-05],
[[1382.0,1302.0,1302.0],5.55544e-05],
[[1403.0,1402.0,1402.0],0.0005005547],
[[1413.0,1402.0,1402.0],0.0004082827],
[[1417.0,1402.0,1402.0],0.0003274182],
[[1422.0,1402.0,1402.0],0.0002482244],
[[1432.0,1402.0,1402.0],0.0001572395],
[[1452.0,1402.0,1402.0],9.116585e-05],
[[1482.0,1402.0,1402.0],5.845754e-05],
[[1503.0,1502.0,1502.0],0.0005080421],
[[1513.0,1502.0,1502.0],0.0004209531],
[[1517.0,1502.0,1502.0],0.0003546083],
[[1522.0,1502.0,1502.0],0.0002556132],
[[1532.0,1502.0,1502.0],0.000162123],
[[1552.0,1502.0,1502.0],8.218262e-05],
[[1582.0,1502.0,1502.0],6.592694e-05],
[[1603.0,1602.0,1602.0],0.0005312963],
[[1613.0,1602.0,1602.0],0.0004242257],
[[1617.0,1602.0,1602.0],0.0003618395],
[[1622.0,1602.0,1602.0],0.0002636121],
[[1632.0,1602.0,1602.0],0.0001625276],
[[1652.0,1602.0,1602.0],9.244094e-05],
[[1682.0,1602.0,1602.0],6.080359e-05],
[[1703.0,1702.0,1702.0],0.000515751],
[[1713.0,1702.0,1702.0],0.0004295019],
[[1717.0,1702.0,1702.0],0.0003504099],
[[1722.0,1702.0,1702.0],0.0002489579],
[[1732.0,1702.0,1702.0],0.0001758714],
[[1752.0,1702.0,1702.0],9.653289e-05],
[[1782.0,1702.0,1702.0],6.439667e-05],
[[1803.0,1802.0,1802.0],0.000519262],
[[1813.0,1802.0,1802.0],0.000440826],
[[1817.0,1802.0,1802.0],0.0003557425],
[[1822.0,1802.0,1802.0],0.0002660155],
[[1832.0,1802.0,1802.0],0.0001634492],
[[1852.0,1802.0,1802.0],8.515007e-05],
[[1872.0,1802.0,1802.0],6.024193e-05],
[[1882.0,1802.0,1802.0],5.338801e-05],
[[1903.0,1902.0,1902.0],0.0005103677],
[[1913.0,1902.0,1902.0],0.0004355877],
[[1917.0,1902.0,1902.0],0.0003725235],
[[1922.0,1902.0,1902.0],0.0002687935],
[[1942.0,1902.0,1902.0],0.0001121294],
[[1952.0,1902.0,1902.0],8.343659e-05],
[[1982.0,1902.0,1902.0],6.372664e-05],
[[2003.0,2002.0,2002.0],0.000530972],
[[2013.0,2002.0,2002.0],0.0004328549],
[[2017.0,2002.0,2002.0],0.0003609045],
[[2022.0,2002.0,2002.0],0.0002888208],
[[2032.0,2002.0,2002.0],0.0001474985],
[[2042.0,2002.0,2002.0],0.0001123489],
[[2052.0,2002.0,2002.0],9.532647e-05],
[[2072.0,2002.0,2002.0],5.738699e-05],
[[2082.0,2002.0,2002.0],5.690928e-05]]
