txName: TChiWWISRqq
constraint: {(PV > anyBSM(1), anyBSM(3)), (anyBSM(1) > q, q, MET(2)), (anyBSM(3) > q, q, MET(4))}
condition: None
conditionDescription: None
figureUrl: None
source: Recast by MA5
validated: True
axesMap: [{0: 'x', 1: 'y', 2: 'x', 3: 'y'}]
dataMap: {0: (1, 'mass', GeV), 1: (2, 'mass', GeV), 2: (3, 'mass', GeV), 3: (4, 'mass', GeV)}
finalState: ['MET', 'MET']
efficiencyMap: [[[11.0,10.0,11.0,10.0],0.0],
[[13.0,10.0,13.0,10.0],0.0],
[[15.0,10.0,15.0,10.0],0.0],
[[20.0,10.0,20.0,10.0],0.0],
[[21.0,20.0,21.0,20.0],0.0],
[[23.0,20.0,23.0,20.0],0.0],
[[25.0,20.0,25.0,20.0],0.0],
[[30.0,10.0,30.0,10.0],0.0],
[[30.0,20.0,30.0,20.0],0.0],
[[31.0,30.0,31.0,30.0],9.033428e-10],
[[33.0,30.0,33.0,30.0],3.447926e-09],
[[35.0,30.0,35.0,30.0],0.0],
[[40.0,20.0,40.0,20.0],0.0],
[[40.0,30.0,40.0,30.0],0.0],
[[41.0,40.0,41.0,40.0],9.002406e-09],
[[43.0,40.0,43.0,40.0],5.152773e-09],
[[45.0,40.0,45.0,40.0],0.0],
[[50.0,10.0,50.0,10.0],0.0],
[[50.0,30.0,50.0,30.0],0.0],
[[50.0,40.0,50.0,40.0],1.1524e-09],
[[51.0,50.0,51.0,50.0],4.254486e-08],
[[53.0,50.0,53.0,50.0],3.736365e-08],
[[55.0,50.0,55.0,50.0],8.581522e-09],
[[60.0,20.0,60.0,20.0],0.0],
[[60.0,40.0,60.0,40.0],0.0],
[[60.0,50.0,60.0,50.0],2.472055e-09],
[[61.0,60.0,61.0,60.0],1.262078e-07],
[[63.0,60.0,63.0,60.0],2.990789e-08],
[[65.0,60.0,65.0,60.0],1.344792e-08],
[[70.0,10.0,70.0,10.0],0.0],
[[70.0,30.0,70.0,30.0],1.733871e-09],
[[70.0,50.0,70.0,50.0],3.928383e-09],
[[70.0,60.0,70.0,60.0],2.220943e-09],
[[71.0,70.0,71.0,70.0],1.999535e-07],
[[73.0,70.0,73.0,70.0],8.123689e-08],
[[75.0,70.0,75.0,70.0],3.471843e-08],
[[80.0,20.0,80.0,20.0],0.0],
[[80.0,40.0,80.0,40.0],1.586243e-09],
[[80.0,60.0,80.0,60.0],0.0],
[[80.0,70.0,80.0,70.0],5.401541e-09],
[[81.0,80.0,81.0,80.0],3.852058e-07],
[[83.0,80.0,83.0,80.0],1.296717e-07],
[[85.0,80.0,85.0,80.0],7.620584e-08],
[[90.0,10.0,90.0,10.0],0.0],
[[90.0,30.0,90.0,30.0],0.0],
[[90.0,50.0,90.0,50.0],2.996319e-09],
[[90.0,70.0,90.0,70.0],1.088227e-08],
[[90.0,80.0,90.0,80.0],5.794382e-08],
[[91.0,90.0,91.0,90.0],4.686257e-07],
[[93.0,90.0,93.0,90.0],4.99096e-07],
[[95.0,90.0,95.0,90.0],1.48137e-07],
[[100.0,20.0,100.0,20.0],3.740123e-09],
[[100.0,40.0,100.0,40.0],0.0],
[[100.0,60.0,100.0,60.0],0.0],
[[100.0,80.0,100.0,80.0],1.508108e-08],
[[100.0,90.0,100.0,90.0],3.574221e-08],
[[101.0,100.0,101.0,100.0],4.818727e-07],
[[103.0,100.0,103.0,100.0],6.944648e-07],
[[103.0,102.0,103.0,102.0],4.929266e-07],
[[105.0,100.0,105.0,100.0],1.675797e-07],
[[105.0,102.0,105.0,102.0],2.853562e-07],
[[107.0,102.0,107.0,102.0],1.487192e-07],
[[110.0,30.0,110.0,30.0],0.0],
[[110.0,50.0,110.0,50.0],0.0],
[[110.0,70.0,110.0,70.0],9.834688e-09],
[[110.0,90.0,110.0,90.0],8.129615e-09],
[[110.0,100.0,110.0,100.0],7.810601e-08],
[[112.0,102.0,112.0,102.0],8.690025e-08],
[[120.0,40.0,120.0,40.0],5.044568e-09],
[[120.0,60.0,120.0,60.0],3.847007e-09],
[[120.0,80.0,120.0,80.0],8.047315e-09],
[[120.0,100.0,120.0,100.0],4.012534e-08],
[[122.0,102.0,122.0,102.0],2.699986e-08],
[[123.0,122.0,123.0,122.0],1.017948e-06],
[[125.0,122.0,125.0,122.0],6.887785e-07],
[[127.0,122.0,127.0,122.0],4.125787e-07],
[[130.0,50.0,130.0,50.0],2.873451e-09],
[[130.0,70.0,130.0,70.0],9.291184e-08],
[[130.0,90.0,130.0,90.0],3.441487e-08],
[[132.0,122.0,132.0,122.0],4.266193e-07],
[[140.0,60.0,140.0,60.0],0.0],
[[140.0,80.0,140.0,80.0],5.427483e-09],
[[140.0,100.0,140.0,100.0],1.809828e-08],
[[142.0,102.0,142.0,102.0],3.286083e-08],
[[142.0,122.0,142.0,122.0],1.036844e-07],
[[143.0,142.0,143.0,142.0],1.530625e-06],
[[145.0,142.0,145.0,142.0],1.133805e-06],
[[147.0,142.0,147.0,142.0],5.27967e-07],
[[150.0,70.0,150.0,70.0],1.016478e-08],
[[150.0,90.0,150.0,90.0],1.527104e-08],
[[152.0,142.0,152.0,142.0],4.290282e-07],
[[160.0,80.0,160.0,80.0],2.618752e-08],
[[160.0,100.0,160.0,100.0],4.742299e-09],
[[162.0,102.0,162.0,102.0],2.272542e-08],
[[162.0,122.0,162.0,122.0],7.416102e-08],
[[162.0,142.0,162.0,142.0],9.570199e-08],
[[163.0,162.0,163.0,162.0],1.558076e-06],
[[165.0,162.0,165.0,162.0],1.424384e-06],
[[167.0,162.0,167.0,162.0],8.651491e-07],
[[170.0,90.0,170.0,90.0],3.239111e-08],
[[172.0,162.0,172.0,162.0],4.737303e-07],
[[180.0,100.0,180.0,100.0],1.44833e-08],
[[182.0,102.0,182.0,102.0],3.09372e-08],
[[182.0,122.0,182.0,122.0],3.699199e-08],
[[182.0,142.0,182.0,142.0],1.389101e-07],
[[182.0,162.0,182.0,162.0],2.525476e-07],
[[183.0,182.0,183.0,182.0],2.34401e-06],
[[185.0,182.0,185.0,182.0],3.120083e-06],
[[187.0,182.0,187.0,182.0],1.79743e-06],
[[192.0,182.0,192.0,182.0],9.369089e-07],
[[202.0,122.0,202.0,122.0],2.470007e-07],
[[202.0,142.0,202.0,142.0],1.678097e-07],
[[202.0,162.0,202.0,162.0],1.51513e-07],
[[202.0,182.0,202.0,182.0],5.834479e-07],
[[203.0,202.0,203.0,202.0],3.443614e-06],
[[205.0,202.0,205.0,202.0],4.878046e-06],
[[207.0,202.0,207.0,202.0],2.156397e-06],
[[212.0,202.0,212.0,202.0],1.700569e-06],
[[222.0,142.0,222.0,142.0],4.67293e-08],
[[222.0,162.0,222.0,162.0],1.448528e-07],
[[222.0,182.0,222.0,182.0],2.057142e-07],
[[222.0,202.0,222.0,202.0],6.051246e-07],
[[223.0,222.0,223.0,222.0],3.893939e-06],
[[225.0,222.0,225.0,222.0],3.850938e-06],
[[227.0,222.0,227.0,222.0],3.323671e-06],
[[232.0,222.0,232.0,222.0],1.620533e-06],
[[242.0,162.0,242.0,162.0],1.586502e-07],
[[242.0,182.0,242.0,182.0],2.253874e-07],
[[242.0,202.0,242.0,202.0],5.273954e-07],
[[242.0,222.0,242.0,222.0],8.520434e-07],
[[243.0,242.0,243.0,242.0],4.579881e-06],
[[245.0,242.0,245.0,242.0],3.703831e-06],
[[247.0,242.0,247.0,242.0],4.040761e-06],
[[252.0,242.0,252.0,242.0],2.023451e-06],
[[262.0,182.0,262.0,182.0],1.322582e-07],
[[262.0,202.0,262.0,202.0],2.392169e-07],
[[262.0,222.0,262.0,222.0],5.105857e-07],
[[262.0,242.0,262.0,242.0],1.48398e-06],
[[263.0,262.0,263.0,262.0],7.019312e-06],
[[265.0,262.0,265.0,262.0],6.432384e-06],
[[267.0,262.0,267.0,262.0],4.640198e-06],
[[272.0,262.0,272.0,262.0],3.378179e-06],
[[282.0,202.0,282.0,202.0],3.991736e-07],
[[282.0,222.0,282.0,222.0],8.817424e-07],
[[282.0,242.0,282.0,242.0],7.565631e-07],
[[282.0,262.0,282.0,262.0],1.504134e-06],
[[283.0,282.0,283.0,282.0],5.921063e-06],
[[285.0,282.0,285.0,282.0],6.327567e-06],
[[287.0,282.0,287.0,282.0],6.01089e-06],
[[292.0,282.0,292.0,282.0],4.021386e-06],
[[302.0,222.0,302.0,222.0],3.629042e-07],
[[302.0,242.0,302.0,242.0],5.415856e-07],
[[302.0,262.0,302.0,262.0],8.419744e-07],
[[302.0,282.0,302.0,282.0],2.023154e-06],
[[303.0,302.0,303.0,302.0],6.996216e-06],
[[305.0,302.0,305.0,302.0],7.08904e-06],
[[307.0,302.0,307.0,302.0],7.594913e-06],
[[312.0,302.0,312.0,302.0],4.711479e-06],
[[322.0,242.0,322.0,242.0],4.457008e-07],
[[322.0,262.0,322.0,262.0],6.209057e-07],
[[322.0,282.0,322.0,282.0],1.393078e-06],
[[322.0,302.0,322.0,302.0],2.284383e-06],
[[323.0,322.0,323.0,322.0],7.710846e-06],
[[325.0,322.0,325.0,322.0],7.872551e-06],
[[327.0,322.0,327.0,322.0],7.739976e-06],
[[332.0,322.0,332.0,322.0],7.356009e-06],
[[342.0,262.0,342.0,262.0],7.284739e-07],
[[342.0,282.0,342.0,282.0],1.142219e-06],
[[342.0,302.0,342.0,302.0],3.725771e-06],
[[342.0,322.0,342.0,322.0],4.461472e-06],
[[343.0,342.0,343.0,342.0],8.75351e-06],
[[345.0,342.0,345.0,342.0],9.730092e-06],
[[347.0,342.0,347.0,342.0],8.1409e-06],
[[352.0,342.0,352.0,342.0],5.272836e-06],
[[362.0,282.0,362.0,282.0],1.412386e-06],
[[362.0,302.0,362.0,302.0],1.537577e-06],
[[362.0,322.0,362.0,322.0],1.993546e-06],
[[362.0,342.0,362.0,342.0],4.135808e-06],
[[363.0,362.0,363.0,362.0],9.69164e-06],
[[365.0,362.0,365.0,362.0],1.308612e-05],
[[367.0,362.0,367.0,362.0],1.021359e-05],
[[372.0,362.0,372.0,362.0],7.659815e-06],
[[382.0,302.0,382.0,302.0],9.632208e-07],
[[382.0,322.0,382.0,322.0],3.828047e-06],
[[382.0,342.0,382.0,342.0],2.489353e-06],
[[382.0,362.0,382.0,362.0],3.845812e-06],
[[383.0,382.0,383.0,382.0],1.353071e-05],
[[385.0,382.0,385.0,382.0],1.166119e-05],
[[387.0,382.0,387.0,382.0],1.04979e-05],
[[392.0,382.0,392.0,382.0],8.668028e-06],
[[402.0,322.0,402.0,322.0],1.31324e-06],
[[402.0,342.0,402.0,342.0],1.914008e-06],
[[402.0,362.0,402.0,362.0],3.311187e-06],
[[402.0,382.0,402.0,382.0],5.429717e-06],
[[403.0,402.0,403.0,402.0],1.23364e-05],
[[405.0,402.0,405.0,402.0],1.172337e-05],
[[407.0,402.0,407.0,402.0],1.193911e-05],
[[412.0,402.0,412.0,402.0],9.139798e-06],
[[422.0,342.0,422.0,342.0],1.645388e-06],
[[422.0,362.0,422.0,362.0],1.906291e-06],
[[422.0,382.0,422.0,382.0],3.317112e-06],
[[422.0,402.0,422.0,402.0],7.210915e-06],
[[442.0,362.0,442.0,362.0],2.094258e-06],
[[442.0,382.0,442.0,382.0],2.785072e-06],
[[442.0,402.0,442.0,402.0],4.033744e-06],
[[462.0,382.0,462.0,382.0],2.381686e-06],
[[462.0,402.0,462.0,402.0],3.190911e-06],
[[482.0,402.0,482.0,402.0],5.276243e-06],
[[503.0,502.0,503.0,502.0],1.631066e-05],
[[505.0,502.0,505.0,502.0],1.843342e-05],
[[507.0,502.0,507.0,502.0],1.976416e-05],
[[512.0,502.0,512.0,502.0],1.484686e-05],
[[522.0,502.0,522.0,502.0],1.012089e-05],
[[542.0,502.0,542.0,502.0],6.394597e-06],
[[562.0,502.0,562.0,502.0],6.15474e-06],
[[582.0,502.0,582.0,502.0],6.802941e-06],
[[603.0,602.0,603.0,602.0],2.716536e-05],
[[605.0,602.0,605.0,602.0],2.263936e-05],
[[607.0,602.0,607.0,602.0],2.147013e-05],
[[612.0,602.0,612.0,602.0],2.301205e-05],
[[622.0,602.0,622.0,602.0],1.390641e-05],
[[642.0,602.0,642.0,602.0],1.02773e-05],
[[662.0,602.0,662.0,602.0],9.954137e-06],
[[682.0,602.0,682.0,602.0],7.974317e-06],
[[703.0,702.0,703.0,702.0],2.728635e-05],
[[705.0,702.0,705.0,702.0],2.552193e-05],
[[707.0,702.0,707.0,702.0],2.782943e-05],
[[712.0,702.0,712.0,702.0],2.792634e-05],
[[722.0,702.0,722.0,702.0],2.011435e-05],
[[742.0,702.0,742.0,702.0],1.536259e-05],
[[762.0,702.0,762.0,702.0],1.169371e-05],
[[782.0,702.0,782.0,702.0],1.285159e-05],
[[803.0,802.0,803.0,802.0],3.214104e-05],
[[805.0,802.0,805.0,802.0],3.065651e-05],
[[807.0,802.0,807.0,802.0],3.05032e-05],
[[812.0,802.0,812.0,802.0],2.99954e-05],
[[822.0,802.0,822.0,802.0],2.467589e-05],
[[842.0,802.0,842.0,802.0],1.89752e-05],
[[862.0,802.0,862.0,802.0],1.581188e-05],
[[882.0,802.0,882.0,802.0],1.509563e-05],
[[903.0,902.0,903.0,902.0],3.79117e-05],
[[905.0,902.0,905.0,902.0],3.448179e-05],
[[907.0,902.0,907.0,902.0],3.952689e-05],
[[912.0,902.0,912.0,902.0],3.534287e-05],
[[922.0,902.0,922.0,902.0],2.959701e-05],
[[942.0,902.0,942.0,902.0],1.942612e-05],
[[962.0,902.0,962.0,902.0],1.86884e-05],
[[982.0,902.0,982.0,902.0],1.696058e-05],
[[1003.0,1002.0,1003.0,1002.0],3.996049e-05],
[[1005.0,1002.0,1005.0,1002.0],4.085985e-05],
[[1007.0,1002.0,1007.0,1002.0],4.105432e-05],
[[1012.0,1002.0,1012.0,1002.0],3.897356e-05],
[[1022.0,1002.0,1022.0,1002.0],3.11052e-05],
[[1042.0,1002.0,1042.0,1002.0],2.321942e-05],
[[1062.0,1002.0,1062.0,1002.0],2.030016e-05],
[[1082.0,1002.0,1082.0,1002.0],1.99676e-05],
[[1103.0,1102.0,1103.0,1102.0],4.175641e-05],
[[1105.0,1102.0,1105.0,1102.0],4.196805e-05],
[[1107.0,1102.0,1107.0,1102.0],4.316399e-05],
[[1112.0,1102.0,1112.0,1102.0],4.27348e-05],
[[1122.0,1102.0,1122.0,1102.0],3.639746e-05],
[[1142.0,1102.0,1142.0,1102.0],2.599429e-05],
[[1162.0,1102.0,1162.0,1102.0],2.56403e-05],
[[1182.0,1102.0,1182.0,1102.0],2.261064e-05],
[[1203.0,1202.0,1203.0,1202.0],4.502197e-05],
[[1205.0,1202.0,1205.0,1202.0],4.312507e-05],
[[1207.0,1202.0,1207.0,1202.0],4.718292e-05],
[[1212.0,1202.0,1212.0,1202.0],4.226432e-05],
[[1222.0,1202.0,1222.0,1202.0],4.024207e-05],
[[1242.0,1202.0,1242.0,1202.0],2.801956e-05],
[[1262.0,1202.0,1262.0,1202.0],2.57228e-05],
[[1282.0,1202.0,1282.0,1202.0],2.373216e-05],
[[1303.0,1302.0,1303.0,1302.0],4.80593e-05],
[[1305.0,1302.0,1305.0,1302.0],4.589009e-05],
[[1307.0,1302.0,1307.0,1302.0],5.209819e-05],
[[1312.0,1302.0,1312.0,1302.0],4.664132e-05],
[[1322.0,1302.0,1322.0,1302.0],4.30333e-05],
[[1342.0,1302.0,1342.0,1302.0],3.334909e-05],
[[1362.0,1302.0,1362.0,1302.0],2.919068e-05],
[[1382.0,1302.0,1382.0,1302.0],2.490597e-05],
[[1403.0,1402.0,1403.0,1402.0],4.54224e-05],
[[1405.0,1402.0,1405.0,1402.0],4.772013e-05],
[[1407.0,1402.0,1407.0,1402.0],4.81487e-05],
[[1412.0,1402.0,1412.0,1402.0],4.628357e-05],
[[1422.0,1402.0,1422.0,1402.0],4.517934e-05],
[[1442.0,1402.0,1442.0,1402.0],3.650536e-05],
[[1462.0,1402.0,1462.0,1402.0],2.887027e-05],
[[1482.0,1402.0,1482.0,1402.0],2.827734e-05],
[[1503.0,1502.0,1503.0,1502.0],5.020735e-05],
[[1505.0,1502.0,1505.0,1502.0],5.419442e-05],
[[1507.0,1502.0,1507.0,1502.0],4.827477e-05],
[[1512.0,1502.0,1512.0,1502.0],4.983542e-05],
[[1522.0,1502.0,1522.0,1502.0],4.693151e-05],
[[1542.0,1502.0,1542.0,1502.0],3.635616e-05],
[[1562.0,1502.0,1562.0,1502.0],3.310001e-05],
[[1582.0,1502.0,1582.0,1502.0],2.796599e-05],
[[1603.0,1602.0,1603.0,1602.0],5.062876e-05],
[[1605.0,1602.0,1605.0,1602.0],4.948609e-05],
[[1607.0,1602.0,1607.0,1602.0],4.750805e-05],
[[1612.0,1602.0,1612.0,1602.0],4.716605e-05],
[[1622.0,1602.0,1622.0,1602.0],4.738549e-05],
[[1642.0,1602.0,1642.0,1602.0],3.889047e-05],
[[1662.0,1602.0,1662.0,1602.0],3.252303e-05],
[[1682.0,1602.0,1682.0,1602.0],2.995738e-05],
[[1703.0,1702.0,1703.0,1702.0],5.143603e-05],
[[1705.0,1702.0,1705.0,1702.0],4.999184e-05],
[[1707.0,1702.0,1707.0,1702.0],5.332428e-05],
[[1712.0,1702.0,1712.0,1702.0],4.900741e-05],
[[1722.0,1702.0,1722.0,1702.0],4.679911e-05],
[[1742.0,1702.0,1742.0,1702.0],3.838051e-05],
[[1762.0,1702.0,1762.0,1702.0],3.403473e-05],
[[1782.0,1702.0,1782.0,1702.0],2.97286e-05],
[[1803.0,1802.0,1803.0,1802.0],5.331375e-05],
[[1805.0,1802.0,1805.0,1802.0],5.162039e-05],
[[1807.0,1802.0,1807.0,1802.0],5.228478e-05],
[[1812.0,1802.0,1812.0,1802.0],5.164874e-05],
[[1822.0,1802.0,1822.0,1802.0],4.740433e-05],
[[1842.0,1802.0,1842.0,1802.0],3.905081e-05],
[[1862.0,1802.0,1862.0,1802.0],3.431142e-05],
[[1882.0,1802.0,1882.0,1802.0],3.137156e-05],
[[1903.0,1902.0,1903.0,1902.0],4.917347e-05],
[[1905.0,1902.0,1905.0,1902.0],5.283175e-05],
[[1907.0,1902.0,1907.0,1902.0],5.108521e-05],
[[1912.0,1902.0,1912.0,1902.0],5.301997e-05],
[[1922.0,1902.0,1922.0,1902.0],4.850296e-05],
[[1942.0,1902.0,1942.0,1902.0],4.038258e-05],
[[1962.0,1902.0,1962.0,1902.0],3.331664e-05],
[[1982.0,1902.0,1982.0,1902.0],2.887655e-05],
[[2003.0,2002.0,2003.0,2002.0],5.274897e-05],
[[2005.0,2002.0,2005.0,2002.0],5.135181e-05],
[[2007.0,2002.0,2007.0,2002.0],5.380056e-05],
[[2012.0,2002.0,2012.0,2002.0],4.971205e-05],
[[2022.0,2002.0,2022.0,2002.0],4.89744e-05],
[[2042.0,2002.0,2042.0,2002.0],4.042234e-05],
[[2062.0,2002.0,2062.0,2002.0],3.511726e-05],
[[2082.0,2002.0,2082.0,2002.0],3.186523e-05]]
