txName: TChiISR
constraint: {(PV > MET(1), MET(2))}
condition: None
conditionDescription: None
figureUrl: None
source: Recast by MA5
validated: True
axesMap: [{0: 'x', 1: 'y'}]
dataMap: {0: (1, 'mass', GeV), 1: (2, 'mass', GeV)}
finalState: ['MET', 'MET']
efficiencyMap: [[[1.0,10.0],1.160692e-08],
[[1.0,20.0],6.700353e-09],
[[1.0,30.0],1.30929e-08],
[[1.0,40.0],9.133053e-09],
[[1.0,50.0],1.378046e-08],
[[1.0,60.0],8.526678e-09],
[[5.0,10.0],5.907278e-09],
[[7.0,10.0],1.152752e-07],
[[9.0,10.0],6.236839e-09],
[[10.0,1.0],1.160692e-08],
[[10.0,5.0],5.907278e-09],
[[10.0,7.0],1.152752e-07],
[[10.0,9.0],6.236839e-09],
[[10.0,10.0],7.858664e-09],
[[12.0,62.0],5.134671e-08],
[[12.0,72.0],1.74711e-08],
[[12.0,82.0],9.071813e-08],
[[12.0,92.0],6.53014e-08],
[[12.0,102.0],1.535403e-07],
[[12.0,212.0],1.756482e-06],
[[12.0,312.0],3.3719e-06],
[[15.0,20.0],1.496133e-08],
[[17.0,20.0],1.826643e-08],
[[19.0,20.0],2.517975e-08],
[[20.0,1.0],6.700353e-09],
[[20.0,15.0],1.496133e-08],
[[20.0,17.0],1.826643e-08],
[[20.0,19.0],2.517975e-08],
[[20.0,20.0],1.100717e-08],
[[20.0,30.0],1.142678e-08],
[[20.0,40.0],8.820056e-09],
[[20.0,50.0],1.509972e-08],
[[20.0,60.0],2.062056e-07],
[[25.0,30.0],9.36349e-09],
[[27.0,30.0],5.89313e-09],
[[29.0,30.0],5.863267e-09],
[[30.0,1.0],1.30929e-08],
[[30.0,20.0],1.142678e-08],
[[30.0,25.0],9.36349e-09],
[[30.0,27.0],5.89313e-09],
[[30.0,29.0],5.863267e-09],
[[30.0,30.0],6.126159e-08],
[[30.0,40.0],2.504829e-08],
[[30.0,50.0],9.525021e-09],
[[30.0,60.0],6.076368e-08],
[[32.0,62.0],2.333451e-07],
[[32.0,72.0],8.415128e-08],
[[32.0,82.0],2.677663e-07],
[[32.0,92.0],3.005022e-07],
[[32.0,102.0],3.92655e-07],
[[32.0,112.0],4.697346e-07],
[[32.0,122.0],5.190523e-07],
[[32.0,232.0],2.172207e-06],
[[32.0,332.0],5.162134e-06],
[[35.0,40.0],2.013276e-08],
[[37.0,40.0],2.275605e-08],
[[39.0,40.0],4.150339e-08],
[[40.0,1.0],9.133053e-09],
[[40.0,20.0],8.820056e-09],
[[40.0,30.0],2.504829e-08],
[[40.0,35.0],2.013276e-08],
[[40.0,37.0],2.275605e-08],
[[40.0,39.0],4.150339e-08],
[[40.0,40.0],2.217429e-08],
[[40.0,50.0],2.129287e-08],
[[40.0,60.0],1.423465e-07],
[[45.0,50.0],7.35352e-08],
[[47.0,50.0],8.152253e-08],
[[49.0,50.0],4.396807e-07],
[[50.0,1.0],1.378046e-08],
[[50.0,20.0],1.509972e-08],
[[50.0,30.0],9.525021e-09],
[[50.0,40.0],2.129287e-08],
[[50.0,45.0],7.35352e-08],
[[50.0,47.0],8.152253e-08],
[[50.0,49.0],4.396807e-07],
[[50.0,50.0],1.346028e-07],
[[50.0,60.0],8.586944e-07],
[[52.0,62.0],3.549068e-07],
[[52.0,67.0],1.569335e-07],
[[52.0,72.0],2.167613e-07],
[[52.0,82.0],3.536218e-07],
[[52.0,92.0],5.592915e-07],
[[52.0,102.0],7.157028e-07],
[[52.0,112.0],5.479552e-07],
[[52.0,122.0],7.517865e-07],
[[52.0,132.0],8.637607e-07],
[[52.0,142.0],1.029964e-06],
[[52.0,252.0],3.624021e-06],
[[52.0,352.0],4.805049e-06],
[[55.0,60.0],1.671494e-07],
[[57.0,60.0],2.718517e-07],
[[59.0,60.0],1.791834e-07],
[[60.0,1.0],8.526678e-09],
[[60.0,20.0],2.062056e-07],
[[60.0,30.0],6.076368e-08],
[[60.0,40.0],1.423465e-07],
[[60.0,50.0],8.586944e-07],
[[60.0,55.0],1.671494e-07],
[[60.0,57.0],2.718517e-07],
[[60.0,59.0],1.791834e-07],
[[60.0,60.0],3.155975e-07],
[[62.0,12.0],5.134671e-08],
[[62.0,32.0],2.333451e-07],
[[62.0,52.0],3.549068e-07],
[[67.0,52.0],1.569335e-07],
[[72.0,12.0],1.74711e-08],
[[72.0,32.0],8.415128e-08],
[[72.0,52.0],2.167613e-07],
[[72.0,72.0],1.240339e-06],
[[72.0,75.0],7.3965e-07],
[[72.0,77.0],5.282763e-07],
[[72.0,82.0],8.043062e-07],
[[72.0,87.0],5.931249e-07],
[[72.0,92.0],5.914181e-07],
[[72.0,102.0],8.284221e-07],
[[72.0,112.0],1.310622e-06],
[[72.0,122.0],8.59266e-07],
[[72.0,132.0],1.276245e-06],
[[72.0,142.0],1.600749e-06],
[[72.0,152.0],1.318617e-06],
[[72.0,162.0],2.268577e-06],
[[72.0,272.0],4.93291e-06],
[[72.0,372.0],9.094956e-06],
[[75.0,72.0],7.3965e-07],
[[77.0,72.0],5.282763e-07],
[[82.0,12.0],9.071813e-08],
[[82.0,32.0],2.677663e-07],
[[82.0,52.0],3.536218e-07],
[[82.0,72.0],8.043062e-07],
[[87.0,72.0],5.931249e-07],
[[92.0,12.0],6.53014e-08],
[[92.0,32.0],3.005022e-07],
[[92.0,52.0],5.592915e-07],
[[92.0,72.0],5.914181e-07],
[[92.0,92.0],8.286669e-07],
[[92.0,95.0],8.814903e-07],
[[92.0,97.0],1.104793e-06],
[[92.0,102.0],1.21805e-06],
[[92.0,107.0],1.771087e-06],
[[92.0,112.0],1.309479e-06],
[[92.0,122.0],1.531757e-06],
[[92.0,132.0],1.298899e-06],
[[92.0,142.0],7.510203e-06],
[[92.0,152.0],2.384432e-06],
[[92.0,162.0],1.710067e-06],
[[92.0,172.0],3.017494e-06],
[[92.0,182.0],2.348276e-06],
[[92.0,292.0],4.295258e-06],
[[92.0,392.0],7.727167e-06],
[[95.0,92.0],8.814903e-07],
[[97.0,92.0],1.104793e-06],
[[102.0,12.0],1.535403e-07],
[[102.0,32.0],3.92655e-07],
[[102.0,52.0],7.157028e-07],
[[102.0,72.0],8.284221e-07],
[[102.0,92.0],1.21805e-06],
[[102.0,102.0],1.072363e-06],
[[102.0,105.0],1.295297e-06],
[[102.0,107.0],8.240076e-07],
[[102.0,112.0],1.240278e-06],
[[102.0,117.0],2.479174e-06],
[[102.0,122.0],1.166286e-06],
[[102.0,132.0],1.481171e-06],
[[102.0,142.0],2.346307e-06],
[[102.0,152.0],1.653096e-06],
[[102.0,162.0],2.084048e-06],
[[102.0,172.0],1.996334e-06],
[[102.0,182.0],2.663768e-06],
[[102.0,192.0],3.400085e-06],
[[102.0,302.0],5.361382e-06],
[[102.0,402.0],9.54526e-06],
[[105.0,102.0],1.295297e-06],
[[107.0,92.0],1.771087e-06],
[[107.0,102.0],8.240076e-07],
[[112.0,32.0],4.697346e-07],
[[112.0,52.0],5.479552e-07],
[[112.0,72.0],1.310622e-06],
[[112.0,92.0],1.309479e-06],
[[112.0,102.0],1.240278e-06],
[[117.0,102.0],2.479174e-06],
[[122.0,32.0],5.190523e-07],
[[122.0,52.0],7.517865e-07],
[[122.0,72.0],8.59266e-07],
[[122.0,92.0],1.531757e-06],
[[122.0,102.0],1.166286e-06],
[[132.0,52.0],8.637607e-07],
[[132.0,72.0],1.276245e-06],
[[132.0,92.0],1.298899e-06],
[[132.0,102.0],1.481171e-06],
[[142.0,52.0],1.029964e-06],
[[142.0,72.0],1.600749e-06],
[[142.0,92.0],7.510203e-06],
[[142.0,102.0],2.346307e-06],
[[152.0,72.0],1.318617e-06],
[[152.0,92.0],2.384432e-06],
[[152.0,102.0],1.653096e-06],
[[152.0,152.0],2.567613e-06],
[[152.0,155.0],3.676595e-06],
[[152.0,157.0],3.152364e-06],
[[152.0,162.0],4.515368e-06],
[[152.0,167.0],3.571187e-06],
[[152.0,172.0],3.432159e-06],
[[152.0,182.0],4.141391e-06],
[[152.0,192.0],4.669208e-06],
[[152.0,202.0],3.398113e-06],
[[152.0,212.0],3.678724e-06],
[[152.0,222.0],4.065232e-06],
[[152.0,232.0],4.556037e-06],
[[152.0,242.0],4.850698e-06],
[[152.0,352.0],7.279789e-06],
[[152.0,452.0],9.209363e-06],
[[155.0,152.0],3.676595e-06],
[[157.0,152.0],3.152364e-06],
[[162.0,72.0],2.268577e-06],
[[162.0,92.0],1.710067e-06],
[[162.0,102.0],2.084048e-06],
[[162.0,152.0],4.515368e-06],
[[167.0,152.0],3.571187e-06],
[[172.0,92.0],3.017494e-06],
[[172.0,102.0],1.996334e-06],
[[172.0,152.0],3.432159e-06],
[[182.0,92.0],2.348276e-06],
[[182.0,102.0],2.663768e-06],
[[182.0,152.0],4.141391e-06],
[[192.0,102.0],3.400085e-06],
[[192.0,152.0],4.669208e-06],
[[202.0,152.0],3.398113e-06],
[[202.0,202.0],5.167771e-06],
[[202.0,205.0],9.157755e-06],
[[202.0,207.0],6.991421e-06],
[[202.0,212.0],5.909305e-06],
[[202.0,217.0],7.552826e-06],
[[202.0,222.0],6.009422e-06],
[[202.0,232.0],6.472717e-06],
[[202.0,242.0],6.38278e-06],
[[202.0,252.0],8.729039e-06],
[[202.0,262.0],8.56282e-06],
[[202.0,272.0],7.617718e-06],
[[202.0,282.0],6.320742e-06],
[[202.0,402.0],1.058001e-05],
[[202.0,502.0],1.530432e-05],
[[205.0,202.0],9.157755e-06],
[[207.0,202.0],6.991421e-06],
[[212.0,12.0],1.756482e-06],
[[212.0,152.0],3.678724e-06],
[[212.0,202.0],5.909305e-06],
[[217.0,202.0],7.552826e-06],
[[222.0,152.0],4.065232e-06],
[[222.0,202.0],6.009422e-06],
[[232.0,32.0],2.172207e-06],
[[232.0,152.0],4.556037e-06],
[[232.0,202.0],6.472717e-06],
[[242.0,152.0],4.850698e-06],
[[242.0,202.0],6.38278e-06],
[[252.0,52.0],3.624021e-06],
[[252.0,202.0],8.729039e-06],
[[252.0,252.0],8.531054e-06],
[[252.0,255.0],9.281355e-06],
[[252.0,257.0],7.664092e-06],
[[252.0,262.0],9.201218e-06],
[[252.0,267.0],1.015198e-05],
[[252.0,272.0],8.667366e-06],
[[252.0,282.0],8.58263e-06],
[[252.0,292.0],8.903967e-06],
[[252.0,302.0],8.604556e-06],
[[252.0,312.0],1.040899e-05],
[[252.0,322.0],9.313559e-06],
[[252.0,332.0],1.098204e-05],
[[252.0,342.0],1.122624e-05],
[[252.0,452.0],1.285487e-05],
[[252.0,552.0],1.71029e-05],
[[255.0,252.0],9.281355e-06],
[[257.0,252.0],7.664092e-06],
[[262.0,202.0],8.56282e-06],
[[262.0,252.0],9.201218e-06],
[[267.0,252.0],1.015198e-05],
[[272.0,72.0],4.93291e-06],
[[272.0,202.0],7.617718e-06],
[[272.0,252.0],8.667366e-06],
[[282.0,202.0],6.320742e-06],
[[282.0,252.0],8.58263e-06],
[[292.0,92.0],4.295258e-06],
[[292.0,252.0],8.903967e-06],
[[302.0,102.0],5.361382e-06],
[[302.0,252.0],8.604556e-06],
[[302.0,302.0],1.135057e-05],
[[302.0,305.0],1.44046e-05],
[[302.0,307.0],1.250293e-05],
[[302.0,312.0],1.079751e-05],
[[302.0,317.0],1.184587e-05],
[[302.0,322.0],1.475806e-05],
[[302.0,332.0],1.060104e-05],
[[302.0,342.0],1.187985e-05],
[[302.0,352.0],1.155073e-05],
[[302.0,362.0],1.738606e-05],
[[302.0,372.0],1.412302e-05],
[[302.0,382.0],1.220318e-05],
[[302.0,392.0],1.311188e-05],
[[302.0,502.0],1.689569e-05],
[[302.0,602.0],1.918322e-05],
[[305.0,302.0],1.44046e-05],
[[307.0,302.0],1.250293e-05],
[[312.0,12.0],3.3719e-06],
[[312.0,252.0],1.040899e-05],
[[312.0,302.0],1.079751e-05],
[[317.0,302.0],1.184587e-05],
[[322.0,252.0],9.313559e-06],
[[322.0,302.0],1.475806e-05],
[[332.0,32.0],5.162134e-06],
[[332.0,252.0],1.098204e-05],
[[332.0,302.0],1.060104e-05],
[[342.0,252.0],1.122624e-05],
[[342.0,302.0],1.187985e-05],
[[352.0,52.0],4.805049e-06],
[[352.0,152.0],7.279789e-06],
[[352.0,302.0],1.155073e-05],
[[352.0,352.0],1.429404e-05],
[[352.0,355.0],1.583431e-05],
[[352.0,357.0],1.456709e-05],
[[352.0,362.0],1.358592e-05],
[[352.0,367.0],1.570659e-05],
[[352.0,372.0],1.537172e-05],
[[352.0,382.0],1.7313e-05],
[[352.0,392.0],1.865388e-05],
[[352.0,402.0],1.515556e-05],
[[352.0,412.0],1.732381e-05],
[[352.0,422.0],1.865087e-05],
[[352.0,432.0],1.812539e-05],
[[352.0,442.0],1.946571e-05],
[[352.0,552.0],1.879225e-05],
[[352.0,652.0],2.369399e-05],
[[355.0,352.0],1.583431e-05],
[[357.0,352.0],1.456709e-05],
[[362.0,302.0],1.738606e-05],
[[362.0,352.0],1.358592e-05],
[[367.0,352.0],1.570659e-05],
[[372.0,72.0],9.094956e-06],
[[372.0,302.0],1.412302e-05],
[[372.0,352.0],1.537172e-05],
[[382.0,302.0],1.220318e-05],
[[382.0,352.0],1.7313e-05],
[[392.0,92.0],7.727167e-06],
[[392.0,302.0],1.311188e-05],
[[392.0,352.0],1.865388e-05],
[[402.0,102.0],9.54526e-06],
[[402.0,202.0],1.058001e-05],
[[402.0,352.0],1.515556e-05],
[[402.0,402.0],2.026215e-05],
[[402.0,405.0],1.74761e-05],
[[402.0,407.0],1.662289e-05],
[[402.0,412.0],1.750683e-05],
[[402.0,417.0],1.739755e-05],
[[402.0,422.0],1.849234e-05],
[[402.0,432.0],1.84438e-05],
[[402.0,442.0],1.712549e-05],
[[402.0,452.0],2.056599e-05],
[[402.0,462.0],1.951027e-05],
[[402.0,472.0],1.830014e-05],
[[402.0,482.0],2.107871e-05],
[[402.0,492.0],2.059859e-05],
[[402.0,602.0],2.324539e-05],
[[402.0,702.0],2.685343e-05],
[[405.0,402.0],1.74761e-05],
[[407.0,402.0],1.662289e-05],
[[412.0,352.0],1.732381e-05],
[[412.0,402.0],1.750683e-05],
[[417.0,402.0],1.739755e-05],
[[422.0,352.0],1.865087e-05],
[[422.0,402.0],1.849234e-05],
[[432.0,352.0],1.812539e-05],
[[432.0,402.0],1.84438e-05],
[[442.0,352.0],1.946571e-05],
[[442.0,402.0],1.712549e-05],
[[452.0,152.0],9.209363e-06],
[[452.0,252.0],1.285487e-05],
[[452.0,402.0],2.056599e-05],
[[462.0,402.0],1.951027e-05],
[[472.0,402.0],1.830014e-05],
[[482.0,402.0],2.107871e-05],
[[492.0,402.0],2.059859e-05],
[[502.0,202.0],1.530432e-05],
[[502.0,302.0],1.689569e-05],
[[552.0,252.0],1.71029e-05],
[[552.0,352.0],1.879225e-05],
[[602.0,302.0],1.918322e-05],
[[602.0,402.0],2.324539e-05],
[[602.0,602.0],2.90972e-05],
[[602.0,605.0],3.065469e-05],
[[602.0,607.0],2.76328e-05],
[[602.0,612.0],2.980189e-05],
[[602.0,617.0],2.780527e-05],
[[602.0,622.0],3.255402e-05],
[[602.0,632.0],3.238216e-05],
[[602.0,642.0],2.860176e-05],
[[602.0,652.0],2.922113e-05],
[[602.0,662.0],2.828314e-05],
[[602.0,672.0],3.198635e-05],
[[602.0,682.0],3.268801e-05],
[[602.0,692.0],2.892206e-05],
[[602.0,802.0],3.53717e-05],
[[602.0,902.0],3.815749e-05],
[[605.0,602.0],3.065469e-05],
[[607.0,602.0],2.76328e-05],
[[612.0,602.0],2.980189e-05],
[[617.0,602.0],2.780527e-05],
[[622.0,602.0],3.255402e-05],
[[632.0,602.0],3.238216e-05],
[[642.0,602.0],2.860176e-05],
[[652.0,352.0],2.369399e-05],
[[652.0,602.0],2.922113e-05],
[[662.0,602.0],2.828314e-05],
[[672.0,602.0],3.198635e-05],
[[682.0,602.0],3.268801e-05],
[[692.0,602.0],2.892206e-05],
[[702.0,402.0],2.685343e-05],
[[802.0,602.0],3.53717e-05],
[[802.0,802.0],3.557695e-05],
[[802.0,805.0],3.962451e-05],
[[802.0,807.0],4.006495e-05],
[[802.0,812.0],3.751784e-05],
[[802.0,817.0],3.642482e-05],
[[802.0,822.0],3.679635e-05],
[[802.0,832.0],3.912981e-05],
[[802.0,842.0],3.743464e-05],
[[802.0,852.0],3.952275e-05],
[[802.0,862.0],4.033391e-05],
[[802.0,872.0],4.108411e-05],
[[802.0,882.0],3.974695e-05],
[[802.0,892.0],3.749066e-05],
[[802.0,1002.0],3.818537e-05],
[[802.0,1102.0],4.071556e-05],
[[805.0,802.0],3.962451e-05],
[[807.0,802.0],4.006495e-05],
[[812.0,802.0],3.751784e-05],
[[817.0,802.0],3.642482e-05],
[[822.0,802.0],3.679635e-05],
[[832.0,802.0],3.912981e-05],
[[842.0,802.0],3.743464e-05],
[[852.0,802.0],3.952275e-05],
[[862.0,802.0],4.033391e-05],
[[872.0,802.0],4.108411e-05],
[[882.0,802.0],3.974695e-05],
[[892.0,802.0],3.749066e-05],
[[902.0,602.0],3.815749e-05],
[[1002.0,802.0],3.818537e-05],
[[1002.0,1002.0],4.517678e-05],
[[1002.0,1005.0],4.479127e-05],
[[1002.0,1007.0],4.481582e-05],
[[1002.0,1012.0],4.172157e-05],
[[1002.0,1017.0],4.600906e-05],
[[1002.0,1022.0],4.600055e-05],
[[1002.0,1032.0],4.535308e-05],
[[1002.0,1042.0],4.325603e-05],
[[1002.0,1052.0],4.522487e-05],
[[1002.0,1062.0],4.485691e-05],
[[1002.0,1072.0],4.269014e-05],
[[1002.0,1082.0],4.527358e-05],
[[1002.0,1092.0],4.249918e-05],
[[1002.0,1202.0],4.495838e-05],
[[1002.0,1302.0],4.791389e-05],
[[1005.0,1002.0],4.479127e-05],
[[1007.0,1002.0],4.481582e-05],
[[1012.0,1002.0],4.172157e-05],
[[1017.0,1002.0],4.600906e-05],
[[1022.0,1002.0],4.600055e-05],
[[1032.0,1002.0],4.535308e-05],
[[1042.0,1002.0],4.325603e-05],
[[1052.0,1002.0],4.522487e-05],
[[1062.0,1002.0],4.485691e-05],
[[1072.0,1002.0],4.269014e-05],
[[1082.0,1002.0],4.527358e-05],
[[1092.0,1002.0],4.249918e-05],
[[1102.0,802.0],4.071556e-05],
[[1202.0,1002.0],4.495838e-05],
[[1202.0,1202.0],4.776355e-05],
[[1202.0,1205.0],4.634708e-05],
[[1202.0,1207.0],4.598247e-05],
[[1202.0,1212.0],4.807856e-05],
[[1202.0,1217.0],4.947877e-05],
[[1202.0,1222.0],5.110359e-05],
[[1202.0,1232.0],4.958434e-05],
[[1202.0,1242.0],4.86036e-05],
[[1202.0,1252.0],4.784907e-05],
[[1202.0,1262.0],5.022954e-05],
[[1202.0,1272.0],5.136191e-05],
[[1202.0,1282.0],4.99672e-05],
[[1202.0,1292.0],4.64379e-05],
[[1202.0,1402.0],5.098168e-05],
[[1202.0,1502.0],5.011903e-05],
[[1205.0,1202.0],4.634708e-05],
[[1207.0,1202.0],4.598247e-05],
[[1212.0,1202.0],4.807856e-05],
[[1217.0,1202.0],4.947877e-05],
[[1222.0,1202.0],5.110359e-05],
[[1232.0,1202.0],4.958434e-05],
[[1242.0,1202.0],4.86036e-05],
[[1252.0,1202.0],4.784907e-05],
[[1262.0,1202.0],5.022954e-05],
[[1272.0,1202.0],5.136191e-05],
[[1282.0,1202.0],4.99672e-05],
[[1292.0,1202.0],4.64379e-05],
[[1302.0,1002.0],4.791389e-05],
[[1402.0,1202.0],5.098168e-05],
[[1402.0,1402.0],5.087424e-05],
[[1402.0,1405.0],5.079913e-05],
[[1402.0,1407.0],5.233714e-05],
[[1402.0,1412.0],5.474971e-05],
[[1402.0,1417.0],5.121508e-05],
[[1402.0,1422.0],4.992709e-05],
[[1402.0,1432.0],4.995692e-05],
[[1402.0,1442.0],5.357572e-05],
[[1402.0,1452.0],5.358749e-05],
[[1402.0,1462.0],5.293938e-05],
[[1402.0,1472.0],5.002829e-05],
[[1402.0,1482.0],5.068699e-05],
[[1402.0,1492.0],5.239149e-05],
[[1402.0,1602.0],4.827206e-05],
[[1402.0,1702.0],5.043481e-05],
[[1405.0,1402.0],5.079913e-05],
[[1407.0,1402.0],5.233714e-05],
[[1412.0,1402.0],5.474971e-05],
[[1417.0,1402.0],5.121508e-05],
[[1422.0,1402.0],4.992709e-05],
[[1432.0,1402.0],4.995692e-05],
[[1442.0,1402.0],5.357572e-05],
[[1452.0,1402.0],5.358749e-05],
[[1462.0,1402.0],5.293938e-05],
[[1472.0,1402.0],5.002829e-05],
[[1482.0,1402.0],5.068699e-05],
[[1492.0,1402.0],5.239149e-05],
[[1502.0,1202.0],5.011903e-05],
[[1602.0,1402.0],4.827206e-05],
[[1602.0,1602.0],5.620869e-05],
[[1602.0,1605.0],5.201614e-05],
[[1602.0,1607.0],5.801583e-05],
[[1602.0,1612.0],4.861926e-05],
[[1602.0,1617.0],5.296276e-05],
[[1602.0,1622.0],5.52532e-05],
[[1602.0,1632.0],5.171011e-05],
[[1602.0,1642.0],5.445291e-05],
[[1602.0,1652.0],5.332409e-05],
[[1602.0,1662.0],5.547651e-05],
[[1602.0,1672.0],5.294619e-05],
[[1602.0,1682.0],5.036435e-05],
[[1602.0,1692.0],5.190747e-05],
[[1602.0,1802.0],5.343998e-05],
[[1602.0,1902.0],5.194645e-05],
[[1605.0,1602.0],5.201614e-05],
[[1607.0,1602.0],5.801583e-05],
[[1612.0,1602.0],4.861926e-05],
[[1617.0,1602.0],5.296276e-05],
[[1622.0,1602.0],5.52532e-05],
[[1632.0,1602.0],5.171011e-05],
[[1642.0,1602.0],5.445291e-05],
[[1652.0,1602.0],5.332409e-05],
[[1662.0,1602.0],5.547651e-05],
[[1672.0,1602.0],5.294619e-05],
[[1682.0,1602.0],5.036435e-05],
[[1692.0,1602.0],5.190747e-05],
[[1702.0,1402.0],5.043481e-05],
[[1802.0,1602.0],5.343998e-05],
[[1802.0,1802.0],5.338664e-05],
[[1802.0,1805.0],5.209341e-05],
[[1802.0,1807.0],5.351638e-05],
[[1802.0,1812.0],5.393294e-05],
[[1802.0,1817.0],5.297861e-05],
[[1802.0,1822.0],5.321628e-05],
[[1802.0,1832.0],4.915947e-05],
[[1802.0,1842.0],5.135744e-05],
[[1802.0,1852.0],5.220215e-05],
[[1802.0,1862.0],5.516718e-05],
[[1802.0,1872.0],5.261095e-05],
[[1802.0,1882.0],5.219192e-05],
[[1802.0,1892.0],5.409101e-05],
[[1802.0,2002.0],5.160077e-05],
[[1802.0,2102.0],5.477027e-05],
[[1805.0,1802.0],5.209341e-05],
[[1807.0,1802.0],5.351638e-05],
[[1812.0,1802.0],5.393294e-05],
[[1817.0,1802.0],5.297861e-05],
[[1822.0,1802.0],5.321628e-05],
[[1832.0,1802.0],4.915947e-05],
[[1842.0,1802.0],5.135744e-05],
[[1852.0,1802.0],5.220215e-05],
[[1862.0,1802.0],5.516718e-05],
[[1872.0,1802.0],5.261095e-05],
[[1882.0,1802.0],5.219192e-05],
[[1892.0,1802.0],5.409101e-05],
[[1902.0,1602.0],5.194645e-05],
[[2002.0,1802.0],5.160077e-05],
[[2002.0,2002.0],5.312937e-05],
[[2002.0,2005.0],5.487035e-05],
[[2002.0,2007.0],5.354691e-05],
[[2002.0,2012.0],5.440073e-05],
[[2002.0,2017.0],5.417273e-05],
[[2002.0,2022.0],5.294636e-05],
[[2002.0,2032.0],5.025797e-05],
[[2002.0,2042.0],5.477415e-05],
[[2002.0,2052.0],5.160374e-05],
[[2002.0,2062.0],5.205342e-05],
[[2002.0,2072.0],5.007202e-05],
[[2002.0,2082.0],5.294824e-05],
[[2002.0,2092.0],5.341633e-05],
[[2002.0,2202.0],5.050425e-05],
[[2002.0,2302.0],5.283346e-05],
[[2005.0,2002.0],5.487035e-05],
[[2007.0,2002.0],5.354691e-05],
[[2012.0,2002.0],5.440073e-05],
[[2017.0,2002.0],5.417273e-05],
[[2022.0,2002.0],5.294636e-05],
[[2032.0,2002.0],5.025797e-05],
[[2042.0,2002.0],5.477415e-05],
[[2052.0,2002.0],5.160374e-05],
[[2062.0,2002.0],5.205342e-05],
[[2072.0,2002.0],5.007202e-05],
[[2082.0,2002.0],5.294824e-05],
[[2092.0,2002.0],5.341633e-05],
[[2102.0,1802.0],5.477027e-05],
[[2202.0,2002.0],5.050425e-05],
[[2302.0,2002.0],5.283346e-05]]
