txName: TRV1nunu
constraint: {(PV > Zprime(1)), (Zprime(1) > nu,nu)}
condition: None
conditionDescription: None
figureUrl: None
source: CMS
validated: N/A
axesMap: [{0: 'x'}]
dataMap: {0: (1, 'mass', GeV)}
finalState: ['MET', 'MET']
efficiencyMap: [[[50.0],0.0],
[[100.0],1.430406e-08],
[[150.0],9.093863e-08],
[[200.0],2.448292e-07],
[[250.0],5.303982e-07],
[[300.0],7.470815e-07],
[[350.0],1.618662e-06],
[[400.0],2.465285e-06],
[[450.0],3.031647e-06],
[[500.0],4.52047e-06],
[[550.0],5.70014e-06],
[[600.0],6.655086e-06],
[[650.0],7.774371e-06],
[[700.0],9.421699e-06],
[[750.0],1.260578e-05],
[[800.0],1.631919e-05],
[[850.0],1.830671e-05],
[[900.0],2.001955e-05],
[[950.0],2.278853e-05],
[[1000.0],2.298098e-05],
[[1050.0],2.469647e-05],
[[1100.0],2.774128e-05],
[[1150.0],3.105723e-05],
[[1200.0],3.180114e-05],
[[1250.0],3.623676e-05],
[[1300.0],3.86322e-05],
[[1350.0],4.479766e-05],
[[1400.0],4.462029e-05],
[[1450.0],4.683074e-05],
[[1500.0],5.513203e-05],
[[1550.0],5.231194e-05],
[[1600.0],5.810505e-05],
[[1650.0],6.233597e-05],
[[1700.0],6.128251e-05],
[[1750.0],6.286625e-05],
[[1800.0],5.646613e-05],
[[1850.0],7.10167e-05],
[[1900.0],6.963136e-05],
[[1950.0],7.201025e-05],
[[2000.0],7.755057e-05],
[[2250.0],0.0001028538],
[[2500.0],8.918146e-05],
[[2750.0],0.0001004124],
[[3000.0],8.58035e-05]]
