txName: TChiWWISRqq
constraint: {(PV > anyBSM(1), anyBSM(3)), (anyBSM(1) > q, q, MET(2)), (anyBSM(3) > q, q, MET(4))}
condition: None
conditionDescription: None
figureUrl: None
source: Recast by MA5
validated: True
axesMap: [{0: 'x', 1: 'y', 2: 'x', 3: 'y'}]
dataMap: {0: (1, 'mass', GeV), 1: (2, 'mass', GeV), 2: (3, 'mass', GeV), 3: (4, 'mass', GeV)}
finalState: ['MET', 'MET']
intermediateState: None
efficiencyMap: [[[10.0,1.0,10.0,1.0],3.837169e-08],
[[10.0,3.0,10.0,3.0],2.30209e-08],
[[10.0,5.0,10.0,5.0],3.102475e-07],
[[10.0,7.0,10.0,7.0],1.681956e-06],
[[10.0,9.0,10.0,9.0],1.639009e-05],
[[11.0,10.0,11.0,10.0],3.851466e-05],
[[13.0,10.0,13.0,10.0],2.324339e-06],
[[15.0,10.0,15.0,10.0],9.111325e-07],
[[20.0,10.0,20.0,10.0],1.497982e-07],
[[21.0,20.0,21.0,20.0],7.117252e-05],
[[23.0,20.0,23.0,20.0],9.721206e-06],
[[25.0,20.0,25.0,20.0],5.337862e-06],
[[30.0,10.0,30.0,10.0],3.493455e-08],
[[30.0,20.0,30.0,20.0],6.622587e-07],
[[31.0,30.0,31.0,30.0],8.186114e-05],
[[33.0,30.0,33.0,30.0],2.203893e-05],
[[35.0,30.0,35.0,30.0],8.961e-06],
[[40.0,20.0,40.0,20.0],1.903523e-07],
[[40.0,30.0,40.0,30.0],2.772864e-06],
[[41.0,40.0,41.0,40.0],7.475819e-05],
[[43.0,40.0,43.0,40.0],4.288067e-05],
[[45.0,40.0,45.0,40.0],1.82031e-05],
[[50.0,10.0,50.0,10.0],9.83567e-07],
[[50.0,30.0,50.0,30.0],4.569733e-06],
[[50.0,40.0,50.0,40.0],1.653612e-05],
[[51.0,50.0,51.0,50.0],0.0002248397],
[[53.0,50.0,53.0,50.0],0.0001926861],
[[55.0,50.0,55.0,50.0],0.0001230746],
[[60.0,20.0,60.0,20.0],3.754808e-06],
[[60.0,40.0,60.0,40.0],1.692516e-05],
[[60.0,50.0,60.0,50.0],6.631325e-05],
[[61.0,60.0,61.0,60.0],0.0004271288],
[[63.0,60.0,63.0,60.0],0.0004055414],
[[65.0,60.0,65.0,60.0],0.0002642287],
[[70.0,10.0,70.0,10.0],1.47288e-05],
[[70.0,30.0,70.0,30.0],1.112157e-05],
[[70.0,50.0,70.0,50.0],4.544448e-05],
[[70.0,60.0,70.0,60.0],0.0001247378],
[[71.0,70.0,71.0,70.0],0.0006332402],
[[73.0,70.0,73.0,70.0],0.0005897853],
[[75.0,70.0,75.0,70.0],0.0004431406],
[[80.0,20.0,80.0,20.0],1.080494e-05],
[[80.0,40.0,80.0,40.0],2.493425e-05],
[[80.0,60.0,80.0,60.0],7.678488e-05],
[[80.0,70.0,80.0,70.0],0.0002215401],
[[81.0,80.0,81.0,80.0],0.0008403952],
[[83.0,80.0,83.0,80.0],0.0008432141],
[[85.0,80.0,85.0,80.0],0.0006276755],
[[90.0,10.0,90.0,10.0],1.797113e-05],
[[90.0,30.0,90.0,30.0],2.124051e-05],
[[90.0,50.0,90.0,50.0],4.573814e-05],
[[90.0,70.0,90.0,70.0],0.000156106],
[[90.0,80.0,90.0,80.0],0.000412306],
[[91.0,90.0,91.0,90.0],0.001054157],
[[93.0,90.0,93.0,90.0],0.001090586],
[[95.0,90.0,95.0,90.0],0.0009303155],
[[100.0,20.0,100.0,20.0],1.997711e-05],
[[100.0,40.0,100.0,40.0],4.67513e-05],
[[100.0,60.0,100.0,60.0],8.288846e-05],
[[100.0,80.0,100.0,80.0],0.0002528219],
[[100.0,90.0,100.0,90.0],0.0005123258],
[[101.0,100.0,101.0,100.0],0.001357629],
[[103.0,100.0,103.0,100.0],0.001248452],
[[103.0,102.0,103.0,102.0],0.001370646],
[[105.0,100.0,105.0,100.0],0.00132126],
[[105.0,102.0,105.0,102.0],0.001271106],
[[107.0,102.0,107.0,102.0],0.001235511],
[[110.0,30.0,110.0,30.0],3.345816e-05],
[[110.0,50.0,110.0,50.0],8.925396e-05],
[[110.0,70.0,110.0,70.0],0.0001511608],
[[110.0,90.0,110.0,90.0],0.0003366361],
[[110.0,100.0,110.0,100.0],0.0007329399],
[[112.0,102.0,112.0,102.0],0.0008057866],
[[120.0,40.0,120.0,40.0],8.03832e-05],
[[120.0,60.0,120.0,60.0],8.627997e-05],
[[120.0,80.0,120.0,80.0],0.0001847852],
[[120.0,100.0,120.0,100.0],0.0004740082],
[[122.0,102.0,122.0,102.0],0.0005423098],
[[123.0,122.0,123.0,122.0],0.001819483],
[[125.0,122.0,125.0,122.0],0.001880876],
[[127.0,122.0,127.0,122.0],0.001795386],
[[130.0,50.0,130.0,50.0],0.0001161584],
[[130.0,70.0,130.0,70.0],0.0001303835],
[[130.0,90.0,130.0,90.0],0.0002359212],
[[132.0,122.0,132.0,122.0],0.001288621],
[[140.0,60.0,140.0,60.0],0.0001237301],
[[140.0,80.0,140.0,80.0],0.0001660315],
[[140.0,100.0,140.0,100.0],0.0003630668],
[[142.0,102.0,142.0,102.0],0.0003477623],
[[142.0,122.0,142.0,122.0],0.0008545917],
[[143.0,142.0,143.0,142.0],0.00247817],
[[145.0,142.0,145.0,142.0],0.002348734],
[[147.0,142.0,147.0,142.0],0.00236116],
[[150.0,70.0,150.0,70.0],0.0001898139],
[[150.0,90.0,150.0,90.0],0.0002279363],
[[152.0,142.0,152.0,142.0],0.001819916],
[[160.0,80.0,160.0,80.0],0.0002173344],
[[160.0,100.0,160.0,100.0],0.000293374],
[[162.0,102.0,162.0,102.0],0.0003866246],
[[162.0,122.0,162.0,122.0],0.0005999029],
[[162.0,142.0,162.0,142.0],0.001226878],
[[163.0,162.0,163.0,162.0],0.002989697],
[[165.0,162.0,165.0,162.0],0.002864279],
[[167.0,162.0,167.0,162.0],0.002916209],
[[170.0,90.0,170.0,90.0],0.0002949317],
[[172.0,162.0,172.0,162.0],0.002212807],
[[180.0,100.0,180.0,100.0],0.0002980748],
[[182.0,102.0,182.0,102.0],0.0003654861],
[[182.0,122.0,182.0,122.0],0.0005143547],
[[182.0,142.0,182.0,142.0],0.0007871844],
[[182.0,162.0,182.0,162.0],0.001614359],
[[183.0,182.0,183.0,182.0],0.003405663],
[[185.0,182.0,185.0,182.0],0.003399085],
[[187.0,182.0,187.0,182.0],0.003292927],
[[192.0,182.0,192.0,182.0],0.002798685],
[[202.0,122.0,202.0,122.0],0.0005037999],
[[202.0,142.0,202.0,142.0],0.0006417696],
[[202.0,162.0,202.0,162.0],0.001054826],
[[202.0,182.0,202.0,182.0],0.001998818],
[[203.0,202.0,203.0,202.0],0.003715895],
[[205.0,202.0,205.0,202.0],0.003772534],
[[207.0,202.0,207.0,202.0],0.003721992],
[[212.0,202.0,212.0,202.0],0.003207744],
[[222.0,142.0,222.0,142.0],0.0006593239],
[[222.0,162.0,222.0,162.0],0.0009279762],
[[222.0,182.0,222.0,182.0],0.001376874],
[[222.0,202.0,222.0,202.0],0.002420571],
[[223.0,222.0,223.0,222.0],0.004171769],
[[225.0,222.0,225.0,222.0],0.004219775],
[[227.0,222.0,227.0,222.0],0.00423821],
[[232.0,222.0,232.0,222.0],0.003793698],
[[242.0,162.0,242.0,162.0],0.0007986439],
[[242.0,182.0,242.0,182.0],0.001161426],
[[242.0,202.0,242.0,202.0],0.001628068],
[[242.0,222.0,242.0,222.0],0.003008104],
[[243.0,242.0,243.0,242.0],0.004858824],
[[245.0,242.0,245.0,242.0],0.00457872],
[[247.0,242.0,247.0,242.0],0.004527396],
[[252.0,242.0,252.0,242.0],0.004268701],
[[262.0,182.0,262.0,182.0],0.001015571],
[[262.0,202.0,262.0,202.0],0.001376574],
[[262.0,222.0,262.0,222.0],0.002027721],
[[262.0,242.0,262.0,242.0],0.003355487],
[[263.0,262.0,263.0,262.0],0.005072266],
[[265.0,262.0,265.0,262.0],0.0049875],
[[267.0,262.0,267.0,262.0],0.004872126],
[[272.0,262.0,272.0,262.0],0.00459345],
[[282.0,202.0,282.0,202.0],0.001209585],
[[282.0,222.0,282.0,222.0],0.001614901],
[[282.0,242.0,282.0,242.0],0.002272852],
[[282.0,262.0,282.0,262.0],0.003758235],
[[283.0,282.0,283.0,282.0],0.005497504],
[[285.0,282.0,285.0,282.0],0.005382371],
[[287.0,282.0,287.0,282.0],0.005365637],
[[292.0,282.0,292.0,282.0],0.00496213],
[[302.0,222.0,302.0,222.0],0.00143187],
[[302.0,242.0,302.0,242.0],0.001801285],
[[302.0,262.0,302.0,262.0],0.002568667],
[[302.0,282.0,302.0,282.0],0.004104442],
[[303.0,302.0,303.0,302.0],0.005742806],
[[305.0,302.0,305.0,302.0],0.005682773],
[[307.0,302.0,307.0,302.0],0.005529891],
[[312.0,302.0,312.0,302.0],0.005355239],
[[322.0,242.0,322.0,242.0],0.001572605],
[[322.0,262.0,322.0,262.0],0.002155556],
[[322.0,282.0,322.0,282.0],0.002856803],
[[322.0,302.0,322.0,302.0],0.004424637],
[[323.0,322.0,323.0,322.0],0.006141017],
[[325.0,322.0,325.0,322.0],0.006110711],
[[327.0,322.0,327.0,322.0],0.00614512],
[[332.0,322.0,332.0,322.0],0.005752123],
[[342.0,262.0,342.0,262.0],0.001869554],
[[342.0,282.0,342.0,282.0],0.002381185],
[[342.0,302.0,342.0,302.0],0.00309542],
[[342.0,322.0,342.0,322.0],0.004732168],
[[343.0,342.0,343.0,342.0],0.006442515],
[[345.0,342.0,345.0,342.0],0.006417809],
[[347.0,342.0,347.0,342.0],0.006219887],
[[352.0,342.0,352.0,342.0],0.00601024],
[[362.0,282.0,362.0,282.0],0.002075204],
[[362.0,302.0,362.0,302.0],0.0026748],
[[362.0,322.0,362.0,322.0],0.003443482],
[[362.0,342.0,362.0,342.0],0.005119787],
[[363.0,362.0,363.0,362.0],0.006802564],
[[365.0,362.0,365.0,362.0],0.006583789],
[[367.0,362.0,367.0,362.0],0.006581176],
[[372.0,362.0,372.0,362.0],0.006398313],
[[382.0,302.0,382.0,302.0],0.002332651],
[[382.0,322.0,382.0,322.0],0.002820578],
[[382.0,342.0,382.0,342.0],0.003754482],
[[382.0,362.0,382.0,362.0],0.005398729],
[[383.0,382.0,383.0,382.0],0.007163381],
[[385.0,382.0,385.0,382.0],0.006872219],
[[387.0,382.0,387.0,382.0],0.006854093],
[[392.0,382.0,392.0,382.0],0.006538316],
[[402.0,322.0,402.0,322.0],0.00245249],
[[402.0,342.0,402.0,342.0],0.003046229],
[[402.0,362.0,402.0,362.0],0.004054407],
[[402.0,382.0,402.0,382.0],0.005779886],
[[403.0,402.0,403.0,402.0],0.007205406],
[[405.0,402.0,405.0,402.0],0.007262369],
[[407.0,402.0,407.0,402.0],0.007222472],
[[412.0,402.0,412.0,402.0],0.00694017],
[[422.0,342.0,422.0,342.0],0.00261989],
[[422.0,362.0,422.0,362.0],0.003215168],
[[422.0,382.0,422.0,382.0],0.004185647],
[[422.0,402.0,422.0,402.0],0.006054106],
[[442.0,362.0,442.0,362.0],0.002878396],
[[442.0,382.0,442.0,382.0],0.003504205],
[[442.0,402.0,442.0,402.0],0.004522023],
[[462.0,382.0,462.0,382.0],0.002979913],
[[462.0,402.0,462.0,402.0],0.003660857],
[[482.0,402.0,482.0,402.0],0.003191601],
[[503.0,502.0,503.0,502.0],0.008537628],
[[505.0,502.0,505.0,502.0],0.008412085],
[[507.0,502.0,507.0,502.0],0.00846672],
[[512.0,502.0,512.0,502.0],0.008343899],
[[522.0,502.0,522.0,502.0],0.007362502],
[[542.0,502.0,542.0,502.0],0.00567796],
[[562.0,502.0,562.0,502.0],0.004545274],
[[582.0,502.0,582.0,502.0],0.003919547],
[[603.0,602.0,603.0,602.0],0.009466123],
[[605.0,602.0,605.0,602.0],0.00947628],
[[607.0,602.0,607.0,602.0],0.009519117],
[[612.0,602.0,612.0,602.0],0.00927542],
[[622.0,602.0,622.0,602.0],0.008461115],
[[642.0,602.0,642.0,602.0],0.006756099],
[[662.0,602.0,662.0,602.0],0.005420987],
[[682.0,602.0,682.0,602.0],0.004398848],
[[703.0,702.0,703.0,702.0],0.01033396],
[[705.0,702.0,705.0,702.0],0.01034754],
[[707.0,702.0,707.0,702.0],0.01009933],
[[712.0,702.0,712.0,702.0],0.009934121],
[[722.0,702.0,722.0,702.0],0.009214739],
[[742.0,702.0,742.0,702.0],0.007453844],
[[762.0,702.0,762.0,702.0],0.005950605],
[[782.0,702.0,782.0,702.0],0.00497698],
[[803.0,802.0,803.0,802.0],0.01088394],
[[805.0,802.0,805.0,802.0],0.01062562],
[[807.0,802.0,807.0,802.0],0.0105589],
[[812.0,802.0,812.0,802.0],0.01067132],
[[822.0,802.0,822.0,802.0],0.009888162],
[[842.0,802.0,842.0,802.0],0.007899224],
[[862.0,802.0,862.0,802.0],0.006391619],
[[882.0,802.0,882.0,802.0],0.00546902],
[[903.0,902.0,903.0,902.0],0.01127077],
[[905.0,902.0,905.0,902.0],0.01136063],
[[907.0,902.0,907.0,902.0],0.0110842],
[[912.0,902.0,912.0,902.0],0.01119921],
[[922.0,902.0,922.0,902.0],0.01040077],
[[942.0,902.0,942.0,902.0],0.008346359],
[[962.0,902.0,962.0,902.0],0.006841466],
[[982.0,902.0,982.0,902.0],0.005918788],
[[1003.0,1002.0,1003.0,1002.0],0.01172671],
[[1005.0,1002.0,1005.0,1002.0],0.01180317],
[[1007.0,1002.0,1007.0,1002.0],0.01154375],
[[1012.0,1002.0,1012.0,1002.0],0.01161697],
[[1022.0,1002.0,1022.0,1002.0],0.01069741],
[[1042.0,1002.0,1042.0,1002.0],0.008908283],
[[1062.0,1002.0,1062.0,1002.0],0.007231166],
[[1082.0,1002.0,1082.0,1002.0],0.006378529],
[[1103.0,1102.0,1103.0,1102.0],0.01209549],
[[1105.0,1102.0,1105.0,1102.0],0.01216929],
[[1107.0,1102.0,1107.0,1102.0],0.01177273],
[[1112.0,1102.0,1112.0,1102.0],0.01190977],
[[1122.0,1102.0,1122.0,1102.0],0.01136089],
[[1142.0,1102.0,1142.0,1102.0],0.009127721],
[[1162.0,1102.0,1162.0,1102.0],0.007887301],
[[1182.0,1102.0,1182.0,1102.0],0.006600304],
[[1203.0,1202.0,1203.0,1202.0],0.01215199],
[[1205.0,1202.0,1205.0,1202.0],0.01245665],
[[1207.0,1202.0,1207.0,1202.0],0.01204742],
[[1212.0,1202.0,1212.0,1202.0],0.01203522],
[[1222.0,1202.0,1222.0,1202.0],0.01150759],
[[1242.0,1202.0,1242.0,1202.0],0.009829423],
[[1262.0,1202.0,1262.0,1202.0],0.008030493],
[[1282.0,1202.0,1282.0,1202.0],0.006933549],
[[1303.0,1302.0,1303.0,1302.0],0.01262105],
[[1305.0,1302.0,1305.0,1302.0],0.01257249],
[[1307.0,1302.0,1307.0,1302.0],0.01252182],
[[1312.0,1302.0,1312.0,1302.0],0.0124765],
[[1322.0,1302.0,1322.0,1302.0],0.01203214],
[[1342.0,1302.0,1342.0,1302.0],0.009819376],
[[1362.0,1302.0,1362.0,1302.0],0.008308126],
[[1382.0,1302.0,1382.0,1302.0],0.007284534],
[[1403.0,1402.0,1403.0,1402.0],0.01298605],
[[1405.0,1402.0,1405.0,1402.0],0.01253102],
[[1407.0,1402.0,1407.0,1402.0],0.01286746],
[[1412.0,1402.0,1412.0,1402.0],0.01274915],
[[1422.0,1402.0,1422.0,1402.0],0.01219397],
[[1442.0,1402.0,1442.0,1402.0],0.01048745],
[[1462.0,1402.0,1462.0,1402.0],0.008968476],
[[1482.0,1402.0,1482.0,1402.0],0.007515703],
[[1503.0,1502.0,1503.0,1502.0],0.0133173],
[[1505.0,1502.0,1505.0,1502.0],0.01322348],
[[1507.0,1502.0,1507.0,1502.0],0.01336748],
[[1512.0,1502.0,1512.0,1502.0],0.01309249],
[[1522.0,1502.0,1522.0,1502.0],0.01230617],
[[1542.0,1502.0,1542.0,1502.0],0.0108139],
[[1562.0,1502.0,1562.0,1502.0],0.009193862],
[[1582.0,1502.0,1582.0,1502.0],0.007800256],
[[1603.0,1602.0,1603.0,1602.0],0.01317929],
[[1605.0,1602.0,1605.0,1602.0],0.01359958],
[[1607.0,1602.0,1607.0,1602.0],0.01327253],
[[1612.0,1602.0,1612.0,1602.0],0.01377624],
[[1622.0,1602.0,1622.0,1602.0],0.0127766],
[[1642.0,1602.0,1642.0,1602.0],0.01076988],
[[1662.0,1602.0,1662.0,1602.0],0.009447582],
[[1682.0,1602.0,1682.0,1602.0],0.008111561],
[[1703.0,1702.0,1703.0,1702.0],0.01361546],
[[1705.0,1702.0,1705.0,1702.0],0.01396729],
[[1707.0,1702.0,1707.0,1702.0],0.01376364],
[[1712.0,1702.0,1712.0,1702.0],0.01332768],
[[1722.0,1702.0,1722.0,1702.0],0.01308286],
[[1742.0,1702.0,1742.0,1702.0],0.01149294],
[[1762.0,1702.0,1762.0,1702.0],0.009179113],
[[1782.0,1702.0,1782.0,1702.0],0.008159693],
[[1803.0,1802.0,1803.0,1802.0],0.01344288],
[[1805.0,1802.0,1805.0,1802.0],0.01326082],
[[1807.0,1802.0,1807.0,1802.0],0.01383583],
[[1812.0,1802.0,1812.0,1802.0],0.01383442],
[[1822.0,1802.0,1822.0,1802.0],0.01284952],
[[1842.0,1802.0,1842.0,1802.0],0.01113542],
[[1862.0,1802.0,1862.0,1802.0],0.009753381],
[[1882.0,1802.0,1882.0,1802.0],0.00815417],
[[1903.0,1902.0,1903.0,1902.0],0.01372405],
[[1905.0,1902.0,1905.0,1902.0],0.01369377],
[[1907.0,1902.0,1907.0,1902.0],0.01360258],
[[1912.0,1902.0,1912.0,1902.0],0.01351579],
[[1922.0,1902.0,1922.0,1902.0],0.01305251],
[[1942.0,1902.0,1942.0,1902.0],0.01091189],
[[1962.0,1902.0,1962.0,1902.0],0.009532329],
[[1982.0,1902.0,1982.0,1902.0],0.008100236],
[[2003.0,2002.0,2003.0,2002.0],0.01370197],
[[2005.0,2002.0,2005.0,2002.0],0.01365237],
[[2007.0,2002.0,2007.0,2002.0],0.01352866],
[[2012.0,2002.0,2012.0,2002.0],0.01364549],
[[2022.0,2002.0,2022.0,2002.0],0.01306197],
[[2042.0,2002.0,2042.0,2002.0],0.01145214],
[[2062.0,2002.0,2062.0,2002.0],0.009567762],
[[2082.0,2002.0,2082.0,2002.0],0.008500163]]
