txName: TChiISR
constraint: {(PV > MET(1), MET(2))}
condition: None
conditionDescription: None
figureUrl: None
source: Recast by MA5
validated: True
axesMap: [{0: 'x', 1: 'y'}]
dataMap: {0: (1, 'mass', GeV), 1: (2, 'mass', GeV)}
finalState: ['MET', 'MET']
intermediateState: None
efficiencyMap: [[[1.0,10.0],5.709528e-07],
[[1.0,20.0],3.453585e-07],
[[1.0,30.0],7.193148e-07],
[[1.0,40.0],2.965753e-07],
[[1.0,50.0],4.996757e-07],
[[1.0,60.0],3.515839e-07],
[[5.0,10.0],4.213151e-07],
[[7.0,10.0],8.816942e-07],
[[9.0,10.0],3.444297e-07],
[[10.0,1.0],5.709528e-07],
[[10.0,5.0],4.213151e-07],
[[10.0,7.0],8.816942e-07],
[[10.0,9.0],3.444297e-07],
[[10.0,10.0],8.336326e-07],
[[12.0,62.0],1.623858e-06],
[[12.0,72.0],4.041085e-07],
[[12.0,82.0],1.996487e-06],
[[12.0,92.0],2.916155e-06],
[[12.0,102.0],4.288859e-06],
[[12.0,212.0],2.766538e-05],
[[12.0,312.0],4.192892e-05],
[[15.0,20.0],3.206609e-07],
[[17.0,20.0],8.90001e-07],
[[19.0,20.0],8.127215e-07],
[[20.0,1.0],3.453585e-07],
[[20.0,15.0],3.206609e-07],
[[20.0,17.0],8.90001e-07],
[[20.0,19.0],8.127215e-07],
[[20.0,20.0],2.203243e-06],
[[20.0,30.0],7.016971e-07],
[[20.0,40.0],1.073422e-06],
[[20.0,50.0],5.287496e-07],
[[20.0,60.0],5.696951e-07],
[[25.0,30.0],4.164213e-07],
[[27.0,30.0],3.436354e-07],
[[29.0,30.0],5.274e-07],
[[30.0,1.0],7.193148e-07],
[[30.0,20.0],7.016971e-07],
[[30.0,25.0],4.164213e-07],
[[30.0,27.0],3.436354e-07],
[[30.0,29.0],5.274e-07],
[[30.0,30.0],4.872229e-07],
[[30.0,40.0],3.326619e-07],
[[30.0,50.0],1.160407e-06],
[[30.0,60.0],7.71822e-07],
[[32.0,62.0],1.957304e-06],
[[32.0,72.0],1.18942e-05],
[[32.0,82.0],4.670837e-06],
[[32.0,92.0],6.084885e-06],
[[32.0,102.0],6.469846e-06],
[[32.0,112.0],8.682475e-06],
[[32.0,122.0],9.661141e-06],
[[32.0,232.0],3.05885e-05],
[[32.0,332.0],5.414924e-05],
[[35.0,40.0],4.527817e-07],
[[37.0,40.0],6.341377e-07],
[[39.0,40.0],3.202178e-07],
[[40.0,1.0],2.965753e-07],
[[40.0,20.0],1.073422e-06],
[[40.0,30.0],3.326619e-07],
[[40.0,35.0],4.527817e-07],
[[40.0,37.0],6.341377e-07],
[[40.0,39.0],3.202178e-07],
[[40.0,40.0],1.731607e-06],
[[40.0,50.0],1.291128e-06],
[[40.0,60.0],4.103811e-06],
[[45.0,50.0],1.888696e-06],
[[47.0,50.0],2.479961e-06],
[[49.0,50.0],3.637046e-06],
[[50.0,1.0],4.996757e-07],
[[50.0,20.0],5.287496e-07],
[[50.0,30.0],1.160407e-06],
[[50.0,40.0],1.291128e-06],
[[50.0,45.0],1.888696e-06],
[[50.0,47.0],2.479961e-06],
[[50.0,49.0],3.637046e-06],
[[50.0,50.0],3.30334e-06],
[[50.0,60.0],3.739734e-06],
[[52.0,62.0],4.979032e-06],
[[52.0,67.0],4.767674e-06],
[[52.0,72.0],5.12851e-06],
[[52.0,82.0],6.226274e-06],
[[52.0,92.0],9.022169e-06],
[[52.0,102.0],2.109552e-05],
[[52.0,112.0],1.128202e-05],
[[52.0,122.0],1.189316e-05],
[[52.0,132.0],1.444874e-05],
[[52.0,142.0],1.783786e-05],
[[52.0,252.0],3.857872e-05],
[[52.0,352.0],6.053921e-05],
[[55.0,60.0],5.113572e-06],
[[57.0,60.0],4.478246e-06],
[[59.0,60.0],6.071612e-06],
[[60.0,1.0],3.515839e-07],
[[60.0,20.0],5.696951e-07],
[[60.0,30.0],7.71822e-07],
[[60.0,40.0],4.103811e-06],
[[60.0,50.0],3.739734e-06],
[[60.0,55.0],5.113572e-06],
[[60.0,57.0],4.478246e-06],
[[60.0,59.0],6.071612e-06],
[[60.0,60.0],5.523791e-06],
[[62.0,12.0],1.623858e-06],
[[62.0,32.0],1.957304e-06],
[[62.0,52.0],4.979032e-06],
[[67.0,52.0],4.767674e-06],
[[72.0,12.0],4.041085e-07],
[[72.0,32.0],1.18942e-05],
[[72.0,52.0],5.12851e-06],
[[72.0,72.0],8.691291e-06],
[[72.0,75.0],8.968105e-06],
[[72.0,77.0],1.002863e-05],
[[72.0,82.0],1.08402e-05],
[[72.0,87.0],1.009944e-05],
[[72.0,92.0],1.204925e-05],
[[72.0,102.0],1.558227e-05],
[[72.0,112.0],1.527073e-05],
[[72.0,122.0],1.717369e-05],
[[72.0,132.0],1.597844e-05],
[[72.0,142.0],2.943104e-05],
[[72.0,152.0],2.319031e-05],
[[72.0,162.0],2.787691e-05],
[[72.0,272.0],4.555885e-05],
[[72.0,372.0],6.219052e-05],
[[75.0,72.0],8.968105e-06],
[[77.0,72.0],1.002863e-05],
[[82.0,12.0],1.996487e-06],
[[82.0,32.0],4.670837e-06],
[[82.0,52.0],6.226274e-06],
[[82.0,72.0],1.08402e-05],
[[87.0,72.0],1.009944e-05],
[[92.0,12.0],2.916155e-06],
[[92.0,32.0],6.084885e-06],
[[92.0,52.0],9.022169e-06],
[[92.0,72.0],1.204925e-05],
[[92.0,92.0],1.385591e-05],
[[92.0,95.0],1.640766e-05],
[[92.0,97.0],1.672498e-05],
[[92.0,102.0],1.671273e-05],
[[92.0,107.0],1.647186e-05],
[[92.0,112.0],2.026267e-05],
[[92.0,122.0],1.873342e-05],
[[92.0,132.0],2.582546e-05],
[[92.0,142.0],2.381381e-05],
[[92.0,152.0],2.551792e-05],
[[92.0,162.0],3.031122e-05],
[[92.0,172.0],3.263096e-05],
[[92.0,182.0],3.194639e-05],
[[92.0,292.0],4.94922e-05],
[[92.0,392.0],7.000575e-05],
[[95.0,92.0],1.640766e-05],
[[97.0,92.0],1.672498e-05],
[[102.0,12.0],4.288859e-06],
[[102.0,32.0],6.469846e-06],
[[102.0,52.0],2.109552e-05],
[[102.0,72.0],1.558227e-05],
[[102.0,92.0],1.671273e-05],
[[102.0,102.0],3.57575e-05],
[[102.0,105.0],2.008804e-05],
[[102.0,107.0],2.395843e-05],
[[102.0,112.0],2.245792e-05],
[[102.0,117.0],2.108852e-05],
[[102.0,122.0],2.27164e-05],
[[102.0,132.0],2.4833e-05],
[[102.0,142.0],3.123607e-05],
[[102.0,152.0],3.34005e-05],
[[102.0,162.0],3.289604e-05],
[[102.0,172.0],3.220656e-05],
[[102.0,182.0],3.297561e-05],
[[102.0,192.0],3.787799e-05],
[[102.0,302.0],6.547994e-05],
[[102.0,402.0],7.272715e-05],
[[105.0,102.0],2.008804e-05],
[[107.0,92.0],1.647186e-05],
[[107.0,102.0],2.395843e-05],
[[112.0,32.0],8.682475e-06],
[[112.0,52.0],1.128202e-05],
[[112.0,72.0],1.527073e-05],
[[112.0,92.0],2.026267e-05],
[[112.0,102.0],2.245792e-05],
[[117.0,102.0],2.108852e-05],
[[122.0,32.0],9.661141e-06],
[[122.0,52.0],1.189316e-05],
[[122.0,72.0],1.717369e-05],
[[122.0,92.0],1.873342e-05],
[[122.0,102.0],2.27164e-05],
[[132.0,52.0],1.444874e-05],
[[132.0,72.0],1.597844e-05],
[[132.0,92.0],2.582546e-05],
[[132.0,102.0],2.4833e-05],
[[142.0,52.0],1.783786e-05],
[[142.0,72.0],2.943104e-05],
[[142.0,92.0],2.381381e-05],
[[142.0,102.0],3.123607e-05],
[[152.0,72.0],2.319031e-05],
[[152.0,92.0],2.551792e-05],
[[152.0,102.0],3.34005e-05],
[[152.0,152.0],3.708902e-05],
[[152.0,155.0],4.636468e-05],
[[152.0,157.0],4.020562e-05],
[[152.0,162.0],4.307004e-05],
[[152.0,167.0],5.751388e-05],
[[152.0,172.0],3.747038e-05],
[[152.0,182.0],4.453118e-05],
[[152.0,192.0],4.502164e-05],
[[152.0,202.0],4.642257e-05],
[[152.0,212.0],5.440555e-05],
[[152.0,222.0],5.412339e-05],
[[152.0,232.0],6.060397e-05],
[[152.0,242.0],5.909941e-05],
[[152.0,352.0],7.195346e-05],
[[152.0,452.0],9.473176e-05],
[[155.0,152.0],4.636468e-05],
[[157.0,152.0],4.020562e-05],
[[162.0,72.0],2.787691e-05],
[[162.0,92.0],3.031122e-05],
[[162.0,102.0],3.289604e-05],
[[162.0,152.0],4.307004e-05],
[[167.0,152.0],5.751388e-05],
[[172.0,92.0],3.263096e-05],
[[172.0,102.0],3.220656e-05],
[[172.0,152.0],3.747038e-05],
[[182.0,92.0],3.194639e-05],
[[182.0,102.0],3.297561e-05],
[[182.0,152.0],4.453118e-05],
[[192.0,102.0],3.787799e-05],
[[192.0,152.0],4.502164e-05],
[[202.0,152.0],4.642257e-05],
[[202.0,202.0],5.549675e-05],
[[202.0,205.0],5.911965e-05],
[[202.0,207.0],6.805714e-05],
[[202.0,212.0],5.337507e-05],
[[202.0,217.0],7.013823e-05],
[[202.0,222.0],6.155973e-05],
[[202.0,232.0],6.429488e-05],
[[202.0,242.0],7.488342e-05],
[[202.0,252.0],7.409639e-05],
[[202.0,262.0],7.806669e-05],
[[202.0,272.0],6.824154e-05],
[[202.0,282.0],7.461308e-05],
[[202.0,402.0],9.374563e-05],
[[202.0,502.0],0.000111314],
[[205.0,202.0],5.911965e-05],
[[207.0,202.0],6.805714e-05],
[[212.0,12.0],2.766538e-05],
[[212.0,152.0],5.440555e-05],
[[212.0,202.0],5.337507e-05],
[[217.0,202.0],7.013823e-05],
[[222.0,152.0],5.412339e-05],
[[222.0,202.0],6.155973e-05],
[[232.0,32.0],3.05885e-05],
[[232.0,152.0],6.060397e-05],
[[232.0,202.0],6.429488e-05],
[[242.0,152.0],5.909941e-05],
[[242.0,202.0],7.488342e-05],
[[252.0,52.0],3.857872e-05],
[[252.0,202.0],7.409639e-05],
[[252.0,252.0],7.465211e-05],
[[252.0,255.0],8.064717e-05],
[[252.0,257.0],8.020246e-05],
[[252.0,262.0],7.890721e-05],
[[252.0,267.0],7.434583e-05],
[[252.0,272.0],8.927962e-05],
[[252.0,282.0],8.23459e-05],
[[252.0,292.0],9.724508e-05],
[[252.0,302.0],8.551142e-05],
[[252.0,312.0],8.321347e-05],
[[252.0,322.0],9.397239e-05],
[[252.0,332.0],9.755307e-05],
[[252.0,342.0],9.906196e-05],
[[252.0,452.0],0.0001082207],
[[252.0,552.0],0.0001200642],
[[255.0,252.0],8.064717e-05],
[[257.0,252.0],8.020246e-05],
[[262.0,202.0],7.806669e-05],
[[262.0,252.0],7.890721e-05],
[[267.0,252.0],7.434583e-05],
[[272.0,72.0],4.555885e-05],
[[272.0,202.0],6.824154e-05],
[[272.0,252.0],8.927962e-05],
[[282.0,202.0],7.461308e-05],
[[282.0,252.0],8.23459e-05],
[[292.0,92.0],4.94922e-05],
[[292.0,252.0],9.724508e-05],
[[302.0,102.0],6.547994e-05],
[[302.0,252.0],8.551142e-05],
[[302.0,302.0],9.878535e-05],
[[302.0,305.0],9.253225e-05],
[[302.0,307.0],0.000105718],
[[302.0,312.0],9.433154e-05],
[[302.0,317.0],9.593937e-05],
[[302.0,322.0],9.279224e-05],
[[302.0,332.0],9.933913e-05],
[[302.0,342.0],9.897707e-05],
[[302.0,352.0],0.000102758],
[[302.0,362.0],0.0001039252],
[[302.0,372.0],9.491402e-05],
[[302.0,382.0],0.0001045292],
[[302.0,392.0],0.0001098844],
[[302.0,502.0],0.000124877],
[[302.0,602.0],0.0001385651],
[[305.0,302.0],9.253225e-05],
[[307.0,302.0],0.000105718],
[[312.0,12.0],4.192892e-05],
[[312.0,252.0],8.321347e-05],
[[312.0,302.0],9.433154e-05],
[[317.0,302.0],9.593937e-05],
[[322.0,252.0],9.397239e-05],
[[322.0,302.0],9.279224e-05],
[[332.0,32.0],5.414924e-05],
[[332.0,252.0],9.755307e-05],
[[332.0,302.0],9.933913e-05],
[[342.0,252.0],9.906196e-05],
[[342.0,302.0],9.897707e-05],
[[352.0,52.0],6.053921e-05],
[[352.0,152.0],7.195346e-05],
[[352.0,302.0],0.000102758],
[[352.0,352.0],0.0001074981],
[[352.0,355.0],0.000111678],
[[352.0,357.0],0.0001089801],
[[352.0,362.0],0.0001116679],
[[352.0,367.0],0.0001177265],
[[352.0,372.0],0.0001158728],
[[352.0,382.0],0.0001362726],
[[352.0,392.0],0.0001281103],
[[352.0,402.0],0.0001169578],
[[352.0,412.0],0.0001156909],
[[352.0,422.0],0.0001177561],
[[352.0,432.0],0.0001267852],
[[352.0,442.0],0.0001286974],
[[352.0,552.0],0.000138854],
[[352.0,652.0],0.0001417532],
[[355.0,352.0],0.000111678],
[[357.0,352.0],0.0001089801],
[[362.0,302.0],0.0001039252],
[[362.0,352.0],0.0001116679],
[[367.0,352.0],0.0001177265],
[[372.0,72.0],6.219052e-05],
[[372.0,302.0],9.491402e-05],
[[372.0,352.0],0.0001158728],
[[382.0,302.0],0.0001045292],
[[382.0,352.0],0.0001362726],
[[392.0,92.0],7.000575e-05],
[[392.0,302.0],0.0001098844],
[[392.0,352.0],0.0001281103],
[[402.0,102.0],7.272715e-05],
[[402.0,202.0],9.374563e-05],
[[402.0,352.0],0.0001169578],
[[402.0,402.0],0.000135807],
[[402.0,405.0],0.0001263233],
[[402.0,407.0],0.000126003],
[[402.0,412.0],0.0001284409],
[[402.0,417.0],0.0001293272],
[[402.0,422.0],0.0001249533],
[[402.0,432.0],0.0001344931],
[[402.0,442.0],0.000126589],
[[402.0,452.0],0.0001212013],
[[402.0,462.0],0.0001274145],
[[402.0,472.0],0.0001277265],
[[402.0,482.0],0.0001299885],
[[402.0,492.0],0.000134164],
[[402.0,602.0],0.0001460283],
[[402.0,702.0],0.0001562871],
[[405.0,402.0],0.0001263233],
[[407.0,402.0],0.000126003],
[[412.0,352.0],0.0001156909],
[[412.0,402.0],0.0001284409],
[[417.0,402.0],0.0001293272],
[[422.0,352.0],0.0001177561],
[[422.0,402.0],0.0001249533],
[[432.0,352.0],0.0001267852],
[[432.0,402.0],0.0001344931],
[[442.0,352.0],0.0001286974],
[[442.0,402.0],0.000126589],
[[452.0,152.0],9.473176e-05],
[[452.0,252.0],0.0001082207],
[[452.0,402.0],0.0001212013],
[[462.0,402.0],0.0001274145],
[[472.0,402.0],0.0001277265],
[[482.0,402.0],0.0001299885],
[[492.0,402.0],0.000134164],
[[502.0,202.0],0.000111314],
[[502.0,302.0],0.000124877],
[[552.0,252.0],0.0001200642],
[[552.0,352.0],0.000138854],
[[602.0,302.0],0.0001385651],
[[602.0,402.0],0.0001460283],
[[602.0,602.0],0.0001661384],
[[602.0,605.0],0.0001699525],
[[602.0,607.0],0.0001652386],
[[602.0,612.0],0.0001782018],
[[602.0,617.0],0.0001797761],
[[602.0,622.0],0.0001721115],
[[602.0,632.0],0.0001708544],
[[602.0,642.0],0.0001693632],
[[602.0,652.0],0.0001651235],
[[602.0,662.0],0.0001772754],
[[602.0,672.0],0.0001763819],
[[602.0,682.0],0.0001807564],
[[602.0,692.0],0.0001786801],
[[602.0,802.0],0.0001855025],
[[602.0,902.0],0.0001865414],
[[605.0,602.0],0.0001699525],
[[607.0,602.0],0.0001652386],
[[612.0,602.0],0.0001782018],
[[617.0,602.0],0.0001797761],
[[622.0,602.0],0.0001721115],
[[632.0,602.0],0.0001708544],
[[642.0,602.0],0.0001693632],
[[652.0,352.0],0.0001417532],
[[652.0,602.0],0.0001651235],
[[662.0,602.0],0.0001772754],
[[672.0,602.0],0.0001763819],
[[682.0,602.0],0.0001807564],
[[692.0,602.0],0.0001786801],
[[702.0,402.0],0.0001562871],
[[802.0,602.0],0.0001855025],
[[802.0,802.0],0.0002062377],
[[802.0,805.0],0.000199168],
[[802.0,807.0],0.0002032397],
[[802.0,812.0],0.000210535],
[[802.0,817.0],0.0002011706],
[[802.0,822.0],0.0002024427],
[[802.0,832.0],0.0002070455],
[[802.0,842.0],0.0002074673],
[[802.0,852.0],0.000206684],
[[802.0,862.0],0.0002032634],
[[802.0,872.0],0.0002048403],
[[802.0,882.0],0.0002090551],
[[802.0,892.0],0.0002068459],
[[802.0,1002.0],0.0002107209],
[[802.0,1102.0],0.0002249492],
[[805.0,802.0],0.000199168],
[[807.0,802.0],0.0002032397],
[[812.0,802.0],0.000210535],
[[817.0,802.0],0.0002011706],
[[822.0,802.0],0.0002024427],
[[832.0,802.0],0.0002070455],
[[842.0,802.0],0.0002074673],
[[852.0,802.0],0.000206684],
[[862.0,802.0],0.0002032634],
[[872.0,802.0],0.0002048403],
[[882.0,802.0],0.0002090551],
[[892.0,802.0],0.0002068459],
[[902.0,602.0],0.0001865414],
[[1002.0,802.0],0.0002107209],
[[1002.0,1002.0],0.0002205388],
[[1002.0,1005.0],0.000225055],
[[1002.0,1007.0],0.0002231542],
[[1002.0,1012.0],0.0002195393],
[[1002.0,1017.0],0.0002186527],
[[1002.0,1022.0],0.0002235983],
[[1002.0,1032.0],0.0002157173],
[[1002.0,1042.0],0.0002165149],
[[1002.0,1052.0],0.0002318158],
[[1002.0,1062.0],0.0002150013],
[[1002.0,1072.0],0.0002243591],
[[1002.0,1082.0],0.0002217367],
[[1002.0,1092.0],0.0002261266],
[[1002.0,1202.0],0.0002281578],
[[1002.0,1302.0],0.000227619],
[[1005.0,1002.0],0.000225055],
[[1007.0,1002.0],0.0002231542],
[[1012.0,1002.0],0.0002195393],
[[1017.0,1002.0],0.0002186527],
[[1022.0,1002.0],0.0002235983],
[[1032.0,1002.0],0.0002157173],
[[1042.0,1002.0],0.0002165149],
[[1052.0,1002.0],0.0002318158],
[[1062.0,1002.0],0.0002150013],
[[1072.0,1002.0],0.0002243591],
[[1082.0,1002.0],0.0002217367],
[[1092.0,1002.0],0.0002261266],
[[1102.0,802.0],0.0002249492],
[[1202.0,1002.0],0.0002281578],
[[1202.0,1202.0],0.0002355352],
[[1202.0,1205.0],0.0002357462],
[[1202.0,1207.0],0.0002323466],
[[1202.0,1212.0],0.0002320134],
[[1202.0,1217.0],0.0002262112],
[[1202.0,1222.0],0.0002253252],
[[1202.0,1232.0],0.0002402324],
[[1202.0,1242.0],0.0002336106],
[[1202.0,1252.0],0.0002358367],
[[1202.0,1262.0],0.0002310223],
[[1202.0,1272.0],0.0002356583],
[[1202.0,1282.0],0.0002363695],
[[1202.0,1292.0],0.0002290174],
[[1202.0,1402.0],0.0002473614],
[[1202.0,1502.0],0.0002238219],
[[1205.0,1202.0],0.0002357462],
[[1207.0,1202.0],0.0002323466],
[[1212.0,1202.0],0.0002320134],
[[1217.0,1202.0],0.0002262112],
[[1222.0,1202.0],0.0002253252],
[[1232.0,1202.0],0.0002402324],
[[1242.0,1202.0],0.0002336106],
[[1252.0,1202.0],0.0002358367],
[[1262.0,1202.0],0.0002310223],
[[1272.0,1202.0],0.0002356583],
[[1282.0,1202.0],0.0002363695],
[[1292.0,1202.0],0.0002290174],
[[1302.0,1002.0],0.000227619],
[[1402.0,1202.0],0.0002473614],
[[1402.0,1402.0],0.0002476045],
[[1402.0,1405.0],0.0002300481],
[[1402.0,1407.0],0.0002312312],
[[1402.0,1412.0],0.0002406147],
[[1402.0,1417.0],0.0002406783],
[[1402.0,1422.0],0.0002468278],
[[1402.0,1432.0],0.0002389426],
[[1402.0,1442.0],0.0002501058],
[[1402.0,1452.0],0.0002384094],
[[1402.0,1462.0],0.000242531],
[[1402.0,1472.0],0.0002336271],
[[1402.0,1482.0],0.0002411969],
[[1402.0,1492.0],0.0002334729],
[[1402.0,1602.0],0.0002353045],
[[1402.0,1702.0],0.000241456],
[[1405.0,1402.0],0.0002300481],
[[1407.0,1402.0],0.0002312312],
[[1412.0,1402.0],0.0002406147],
[[1417.0,1402.0],0.0002406783],
[[1422.0,1402.0],0.0002468278],
[[1432.0,1402.0],0.0002389426],
[[1442.0,1402.0],0.0002501058],
[[1452.0,1402.0],0.0002384094],
[[1462.0,1402.0],0.000242531],
[[1472.0,1402.0],0.0002336271],
[[1482.0,1402.0],0.0002411969],
[[1492.0,1402.0],0.0002334729],
[[1502.0,1202.0],0.0002238219],
[[1602.0,1402.0],0.0002353045],
[[1602.0,1602.0],0.0002393774],
[[1602.0,1605.0],0.0002420433],
[[1602.0,1607.0],0.0002490653],
[[1602.0,1612.0],0.0002365699],
[[1602.0,1617.0],0.0002420266],
[[1602.0,1622.0],0.0002457136],
[[1602.0,1632.0],0.0002324847],
[[1602.0,1642.0],0.0002294063],
[[1602.0,1652.0],0.0002392554],
[[1602.0,1662.0],0.0002417734],
[[1602.0,1672.0],0.0002366524],
[[1602.0,1682.0],0.0002396581],
[[1602.0,1692.0],0.0002419495],
[[1602.0,1802.0],0.0002391947],
[[1602.0,1902.0],0.0002483024],
[[1605.0,1602.0],0.0002420433],
[[1607.0,1602.0],0.0002490653],
[[1612.0,1602.0],0.0002365699],
[[1617.0,1602.0],0.0002420266],
[[1622.0,1602.0],0.0002457136],
[[1632.0,1602.0],0.0002324847],
[[1642.0,1602.0],0.0002294063],
[[1652.0,1602.0],0.0002392554],
[[1662.0,1602.0],0.0002417734],
[[1672.0,1602.0],0.0002366524],
[[1682.0,1602.0],0.0002396581],
[[1692.0,1602.0],0.0002419495],
[[1702.0,1402.0],0.000241456],
[[1802.0,1602.0],0.0002391947],
[[1802.0,1802.0],0.0002476756],
[[1802.0,1805.0],0.0002440724],
[[1802.0,1807.0],0.0002470607],
[[1802.0,1812.0],0.0002451159],
[[1802.0,1817.0],0.0002336954],
[[1802.0,1822.0],0.000252113],
[[1802.0,1832.0],0.0002532703],
[[1802.0,1842.0],0.0002467413],
[[1802.0,1852.0],0.0002471112],
[[1802.0,1862.0],0.0002490056],
[[1802.0,1872.0],0.000242492],
[[1802.0,1882.0],0.0002347557],
[[1802.0,1892.0],0.0002312962],
[[1802.0,2002.0],0.0002314338],
[[1802.0,2102.0],0.0002444312],
[[1805.0,1802.0],0.0002440724],
[[1807.0,1802.0],0.0002470607],
[[1812.0,1802.0],0.0002451159],
[[1817.0,1802.0],0.0002336954],
[[1822.0,1802.0],0.000252113],
[[1832.0,1802.0],0.0002532703],
[[1842.0,1802.0],0.0002467413],
[[1852.0,1802.0],0.0002471112],
[[1862.0,1802.0],0.0002490056],
[[1872.0,1802.0],0.000242492],
[[1882.0,1802.0],0.0002347557],
[[1892.0,1802.0],0.0002312962],
[[1902.0,1602.0],0.0002483024],
[[2002.0,1802.0],0.0002314338],
[[2002.0,2002.0],0.0002170476],
[[2002.0,2005.0],0.0002495384],
[[2002.0,2007.0],0.000238047],
[[2002.0,2012.0],0.0002346398],
[[2002.0,2017.0],0.0002484029],
[[2002.0,2022.0],0.00023887],
[[2002.0,2032.0],0.0002284803],
[[2002.0,2042.0],0.0002320343],
[[2002.0,2052.0],0.0002393479],
[[2002.0,2062.0],0.0002527821],
[[2002.0,2072.0],0.0002383768],
[[2002.0,2082.0],0.0002560668],
[[2002.0,2092.0],0.0002541268],
[[2002.0,2202.0],0.0002417181],
[[2002.0,2302.0],0.0002432659],
[[2005.0,2002.0],0.0002495384],
[[2007.0,2002.0],0.000238047],
[[2012.0,2002.0],0.0002346398],
[[2017.0,2002.0],0.0002484029],
[[2022.0,2002.0],0.00023887],
[[2032.0,2002.0],0.0002284803],
[[2042.0,2002.0],0.0002320343],
[[2052.0,2002.0],0.0002393479],
[[2062.0,2002.0],0.0002527821],
[[2072.0,2002.0],0.0002383768],
[[2082.0,2002.0],0.0002560668],
[[2092.0,2002.0],0.0002541268],
[[2102.0,1802.0],0.0002444312],
[[2202.0,2002.0],0.0002417181],
[[2302.0,2002.0],0.0002432659]]
