txName: TRV1nunu
constraint: {(PV > Zprime(1)), (Zprime(1) > nu,nu)}
condition: None
conditionDescription: None
figureUrl: None
source: CMS
validated: N/A
axesMap: [{0: 'x'}]
dataMap: {0: (1, 'mass', GeV)}
finalState: ['MET', 'MET']
efficiencyMap: [[[50.0],2.082232e-07],
[[100.0],8.639842e-07],
[[150.0],4.196155e-06],
[[200.0],9.800882e-06],
[[250.0],1.787011e-05],
[[300.0],2.328622e-05],
[[350.0],3.640861e-05],
[[400.0],5.019766e-05],
[[450.0],7.427877e-05],
[[500.0],8.014126e-05],
[[550.0],0.0001098688],
[[600.0],0.0001224962],
[[650.0],0.0001474528],
[[700.0],0.0001660754],
[[750.0],0.0002276987],
[[800.0],0.00020431],
[[850.0],0.0002216625],
[[900.0],0.0002420695],
[[950.0],0.0002879343],
[[1000.0],0.0002591816],
[[1050.0],0.0003306272],
[[1100.0],0.0003222053],
[[1150.0],0.0003436213],
[[1200.0],0.0003784625],
[[1250.0],0.0004095486],
[[1300.0],0.0003857387],
[[1350.0],0.0003545185],
[[1400.0],0.0004072126],
[[1450.0],0.0004053022],
[[1500.0],0.0004295431],
[[1550.0],0.0004307755],
[[1600.0],0.0004711822],
[[1650.0],0.0004732213],
[[1700.0],0.0004608762],
[[1750.0],0.0005123536],
[[1800.0],0.0005087536],
[[1850.0],0.0004883072],
[[1900.0],0.0004890088],
[[1950.0],0.0005420286],
[[2000.0],0.000607885],
[[2250.0],0.0006198175],
[[2500.0],0.0006584085],
[[2750.0],0.0006315188],
[[3000.0],0.0006379016]]
