txName: TChiWWISRqq
constraint: {(PV > anyBSM(1), anyBSM(3)), (anyBSM(1) > q, q, MET(2)), (anyBSM(3) > q, q, MET(4))}
condition: None
conditionDescription: None
figureUrl: None
source: Recast by MA5
validated: True
axesMap: [{0: 'x', 1: 'y', 2: 'x', 3: 'y'}]
dataMap: {0: (1, 'mass', GeV), 1: (2, 'mass', GeV), 2: (3, 'mass', GeV), 3: (4, 'mass', GeV)}
finalState: ['MET', 'MET']
efficiencyMap: [[[11.0,10.0,11.0,10.0],0.0],
[[13.0,10.0,13.0,10.0],0.0],
[[15.0,10.0,15.0,10.0],0.0],
[[20.0,10.0,20.0,10.0],0.0],
[[21.0,20.0,21.0,20.0],9.222355e-08],
[[23.0,20.0,23.0,20.0],0.0],
[[25.0,20.0,25.0,20.0],0.0],
[[30.0,10.0,30.0,10.0],0.0],
[[30.0,20.0,30.0,20.0],0.0],
[[31.0,30.0,31.0,30.0],5.414575e-08],
[[33.0,30.0,33.0,30.0],8.151281e-09],
[[35.0,30.0,35.0,30.0],0.0],
[[40.0,20.0,40.0,20.0],0.0],
[[40.0,30.0,40.0,30.0],0.0],
[[41.0,40.0,41.0,40.0],1.606591e-07],
[[43.0,40.0,43.0,40.0],1.38944e-08],
[[45.0,40.0,45.0,40.0],6.582801e-08],
[[50.0,10.0,50.0,10.0],0.0],
[[50.0,30.0,50.0,30.0],0.0],
[[50.0,40.0,50.0,40.0],1.026438e-08],
[[51.0,50.0,51.0,50.0],4.595692e-07],
[[53.0,50.0,53.0,50.0],4.862624e-07],
[[55.0,50.0,55.0,50.0],6.037838e-08],
[[60.0,20.0,60.0,20.0],0.0],
[[60.0,40.0,60.0,40.0],3.880236e-09],
[[60.0,50.0,60.0,50.0],3.617166e-08],
[[61.0,60.0,61.0,60.0],1.726807e-06],
[[63.0,60.0,63.0,60.0],5.427571e-07],
[[65.0,60.0,65.0,60.0],3.125526e-06],
[[70.0,10.0,70.0,10.0],4.332647e-09],
[[70.0,30.0,70.0,30.0],5.679879e-09],
[[70.0,50.0,70.0,50.0],2.402327e-08],
[[70.0,60.0,70.0,60.0],5.507379e-08],
[[71.0,70.0,71.0,70.0],2.211939e-06],
[[73.0,70.0,73.0,70.0],8.369864e-07],
[[75.0,70.0,75.0,70.0],7.823078e-07],
[[80.0,20.0,80.0,20.0],0.0],
[[80.0,40.0,80.0,40.0],6.090843e-09],
[[80.0,60.0,80.0,60.0],5.328516e-08],
[[80.0,70.0,80.0,70.0],2.30085e-07],
[[81.0,80.0,81.0,80.0],2.856955e-06],
[[83.0,80.0,83.0,80.0],1.842798e-06],
[[85.0,80.0,85.0,80.0],8.691443e-07],
[[90.0,10.0,90.0,10.0],0.0],
[[90.0,30.0,90.0,30.0],4.304417e-09],
[[90.0,50.0,90.0,50.0],0.0],
[[90.0,70.0,90.0,70.0],1.557964e-07],
[[90.0,80.0,90.0,80.0],2.223592e-07],
[[91.0,90.0,91.0,90.0],4.046657e-06],
[[93.0,90.0,93.0,90.0],2.746416e-06],
[[95.0,90.0,95.0,90.0],1.784664e-06],
[[100.0,20.0,100.0,20.0],4.887934e-09],
[[100.0,40.0,100.0,40.0],3.749767e-08],
[[100.0,60.0,100.0,60.0],1.339022e-08],
[[100.0,80.0,100.0,80.0],1.315388e-07],
[[100.0,90.0,100.0,90.0],5.90432e-07],
[[101.0,100.0,101.0,100.0],4.692883e-06],
[[103.0,100.0,103.0,100.0],4.506975e-06],
[[103.0,102.0,103.0,102.0],5.045982e-06],
[[105.0,100.0,105.0,100.0],2.161498e-06],
[[105.0,102.0,105.0,102.0],4.157361e-06],
[[107.0,102.0,107.0,102.0],2.763465e-06],
[[110.0,30.0,110.0,30.0],4.533771e-08],
[[110.0,50.0,110.0,50.0],4.571221e-08],
[[110.0,70.0,110.0,70.0],1.815748e-07],
[[110.0,90.0,110.0,90.0],1.2234e-06],
[[110.0,100.0,110.0,100.0],8.841977e-07],
[[112.0,102.0,112.0,102.0],9.483816e-07],
[[120.0,40.0,120.0,40.0],4.087548e-08],
[[120.0,60.0,120.0,60.0],7.850604e-08],
[[120.0,80.0,120.0,80.0],2.021906e-07],
[[120.0,100.0,120.0,100.0],8.250767e-07],
[[122.0,102.0,122.0,102.0],5.186622e-07],
[[123.0,122.0,123.0,122.0],7.074913e-06],
[[125.0,122.0,125.0,122.0],9.676283e-06],
[[127.0,122.0,127.0,122.0],5.852501e-06],
[[130.0,50.0,130.0,50.0],6.12859e-08],
[[130.0,70.0,130.0,70.0],5.201169e-07],
[[130.0,90.0,130.0,90.0],2.722067e-07],
[[132.0,122.0,132.0,122.0],2.547001e-06],
[[140.0,60.0,140.0,60.0],6.662481e-08],
[[140.0,80.0,140.0,80.0],2.651692e-07],
[[140.0,100.0,140.0,100.0],2.987383e-07],
[[142.0,102.0,142.0,102.0],5.271702e-07],
[[142.0,122.0,142.0,122.0],1.243254e-06],
[[143.0,142.0,143.0,142.0],1.130082e-05],
[[145.0,142.0,145.0,142.0],1.144959e-05],
[[147.0,142.0,147.0,142.0],7.816653e-06],
[[150.0,70.0,150.0,70.0],8.746107e-08],
[[150.0,90.0,150.0,90.0],1.66705e-07],
[[152.0,142.0,152.0,142.0],4.590595e-06],
[[160.0,80.0,160.0,80.0],2.044579e-07],
[[160.0,100.0,160.0,100.0],4.877532e-07],
[[162.0,102.0,162.0,102.0],4.285353e-07],
[[162.0,122.0,162.0,122.0],5.387758e-07],
[[162.0,142.0,162.0,142.0],2.386801e-06],
[[163.0,162.0,163.0,162.0],2.332953e-05],
[[165.0,162.0,165.0,162.0],1.492158e-05],
[[167.0,162.0,167.0,162.0],1.087403e-05],
[[170.0,90.0,170.0,90.0],1.734561e-07],
[[172.0,162.0,172.0,162.0],6.258242e-06],
[[180.0,100.0,180.0,100.0],3.550527e-07],
[[182.0,102.0,182.0,102.0],5.094875e-07],
[[182.0,122.0,182.0,122.0],5.019161e-07],
[[182.0,142.0,182.0,142.0],1.434455e-06],
[[182.0,162.0,182.0,162.0],3.491323e-06],
[[183.0,182.0,183.0,182.0],1.918856e-05],
[[185.0,182.0,185.0,182.0],1.756088e-05],
[[187.0,182.0,187.0,182.0],1.551375e-05],
[[192.0,182.0,192.0,182.0],9.267096e-06],
[[202.0,122.0,202.0,122.0],8.846246e-07],
[[202.0,142.0,202.0,142.0],9.441987e-07],
[[202.0,162.0,202.0,162.0],1.726428e-06],
[[202.0,182.0,202.0,182.0],5.000163e-06],
[[203.0,202.0,203.0,202.0],3.074846e-05],
[[205.0,202.0,205.0,202.0],2.231084e-05],
[[207.0,202.0,207.0,202.0],2.047922e-05],
[[212.0,202.0,212.0,202.0],1.247978e-05],
[[222.0,142.0,222.0,142.0],9.770976e-07],
[[222.0,162.0,222.0,162.0],1.790403e-06],
[[222.0,182.0,222.0,182.0],2.946995e-06],
[[222.0,202.0,222.0,202.0],7.224071e-06],
[[223.0,222.0,223.0,222.0],3.71198e-05],
[[225.0,222.0,225.0,222.0],3.053796e-05],
[[227.0,222.0,227.0,222.0],2.667548e-05],
[[232.0,222.0,232.0,222.0],1.593959e-05],
[[242.0,162.0,242.0,162.0],2.099909e-06],
[[242.0,182.0,242.0,182.0],3.009993e-06],
[[242.0,202.0,242.0,202.0],9.308533e-06],
[[242.0,222.0,242.0,222.0],1.030041e-05],
[[243.0,242.0,243.0,242.0],3.812238e-05],
[[245.0,242.0,245.0,242.0],3.363609e-05],
[[247.0,242.0,247.0,242.0],4.041593e-05],
[[252.0,242.0,252.0,242.0],2.256592e-05],
[[262.0,182.0,262.0,182.0],3.005882e-06],
[[262.0,202.0,262.0,202.0],4.198568e-06],
[[262.0,222.0,262.0,222.0],6.317794e-06],
[[262.0,242.0,262.0,242.0],1.797575e-05],
[[263.0,262.0,263.0,262.0],4.252004e-05],
[[265.0,262.0,265.0,262.0],4.136902e-05],
[[267.0,262.0,267.0,262.0],4.052327e-05],
[[272.0,262.0,272.0,262.0],2.882936e-05],
[[282.0,202.0,282.0,202.0],3.127847e-06],
[[282.0,222.0,282.0,222.0],4.855324e-06],
[[282.0,242.0,282.0,242.0],9.139358e-06],
[[282.0,262.0,282.0,262.0],1.567895e-05],
[[283.0,282.0,283.0,282.0],4.428347e-05],
[[285.0,282.0,285.0,282.0],4.808375e-05],
[[287.0,282.0,287.0,282.0],4.364522e-05],
[[292.0,282.0,292.0,282.0],3.186174e-05],
[[302.0,222.0,302.0,222.0],5.180542e-06],
[[302.0,242.0,302.0,242.0],7.673123e-06],
[[302.0,262.0,302.0,262.0],1.251383e-05],
[[302.0,282.0,302.0,282.0],2.29084e-05],
[[303.0,302.0,303.0,302.0],5.137429e-05],
[[305.0,302.0,305.0,302.0],5.323649e-05],
[[307.0,302.0,307.0,302.0],4.93864e-05],
[[312.0,302.0,312.0,302.0],3.662666e-05],
[[322.0,242.0,322.0,242.0],5.854971e-06],
[[322.0,262.0,322.0,262.0],1.033961e-05],
[[322.0,282.0,322.0,282.0],1.333866e-05],
[[322.0,302.0,322.0,302.0],2.48277e-05],
[[323.0,322.0,323.0,322.0],6.30906e-05],
[[325.0,322.0,325.0,322.0],6.407572e-05],
[[327.0,322.0,327.0,322.0],5.508596e-05],
[[332.0,322.0,332.0,322.0],4.524336e-05],
[[342.0,262.0,342.0,262.0],1.080574e-05],
[[342.0,282.0,342.0,282.0],9.44987e-06],
[[342.0,302.0,342.0,302.0],1.603379e-05],
[[342.0,322.0,342.0,322.0],3.02055e-05],
[[343.0,342.0,343.0,342.0],5.781425e-05],
[[345.0,342.0,345.0,342.0],6.752201e-05],
[[347.0,342.0,347.0,342.0],5.950096e-05],
[[352.0,342.0,352.0,342.0],5.014691e-05],
[[362.0,282.0,362.0,282.0],1.19428e-05],
[[362.0,302.0,362.0,302.0],1.710252e-05],
[[362.0,322.0,362.0,322.0],1.833552e-05],
[[362.0,342.0,362.0,342.0],3.817557e-05],
[[363.0,362.0,363.0,362.0],7.156254e-05],
[[365.0,362.0,365.0,362.0],7.09046e-05],
[[367.0,362.0,367.0,362.0],6.995309e-05],
[[372.0,362.0,372.0,362.0],6.160227e-05],
[[382.0,302.0,382.0,302.0],1.489027e-05],
[[382.0,322.0,382.0,322.0],1.435233e-05],
[[382.0,342.0,382.0,342.0],2.236986e-05],
[[382.0,362.0,382.0,362.0],3.988013e-05],
[[383.0,382.0,383.0,382.0],9.153346e-05],
[[385.0,382.0,385.0,382.0],8.174935e-05],
[[387.0,382.0,387.0,382.0],6.865965e-05],
[[392.0,382.0,392.0,382.0],6.1827e-05],
[[402.0,322.0,402.0,322.0],1.564432e-05],
[[402.0,342.0,402.0,342.0],1.943224e-05],
[[402.0,362.0,402.0,362.0],2.659193e-05],
[[402.0,382.0,402.0,382.0],4.170288e-05],
[[403.0,402.0,403.0,402.0],9.131987e-05],
[[405.0,402.0,405.0,402.0],8.072058e-05],
[[407.0,402.0,407.0,402.0],7.491614e-05],
[[412.0,402.0,412.0,402.0],6.938677e-05],
[[422.0,342.0,422.0,342.0],1.683214e-05],
[[422.0,362.0,422.0,362.0],2.22898e-05],
[[422.0,382.0,422.0,382.0],3.18831e-05],
[[422.0,402.0,422.0,402.0],5.173981e-05],
[[442.0,362.0,442.0,362.0],2.262383e-05],
[[442.0,382.0,442.0,382.0],2.703495e-05],
[[442.0,402.0,442.0,402.0],3.635457e-05],
[[462.0,382.0,462.0,382.0],2.12016e-05],
[[462.0,402.0,462.0,402.0],3.118376e-05],
[[482.0,402.0,482.0,402.0],2.613887e-05],
[[503.0,502.0,503.0,502.0],0.0001079066],
[[505.0,502.0,505.0,502.0],0.0001109697],
[[507.0,502.0,507.0,502.0],0.0001061352],
[[512.0,502.0,512.0,502.0],9.500518e-05],
[[522.0,502.0,522.0,502.0],8.23346e-05],
[[542.0,502.0,542.0,502.0],5.911374e-05],
[[562.0,502.0,562.0,502.0],4.944537e-05],
[[582.0,502.0,582.0,502.0],4.171701e-05],
[[603.0,602.0,603.0,602.0],0.0001411619],
[[605.0,602.0,605.0,602.0],0.000144358],
[[607.0,602.0,607.0,602.0],0.0001290148],
[[612.0,602.0,612.0,602.0],0.0001283942],
[[622.0,602.0,622.0,602.0],0.0001001846],
[[642.0,602.0,642.0,602.0],7.503448e-05],
[[662.0,602.0,662.0,602.0],7.359793e-05],
[[682.0,602.0,682.0,602.0],5.964534e-05],
[[703.0,702.0,703.0,702.0],0.0001575382],
[[705.0,702.0,705.0,702.0],0.0001586839],
[[707.0,702.0,707.0,702.0],0.0001612682],
[[712.0,702.0,712.0,702.0],0.0001536659],
[[722.0,702.0,722.0,702.0],0.0001363818],
[[742.0,702.0,742.0,702.0],0.0001011259],
[[762.0,702.0,762.0,702.0],8.804029e-05],
[[782.0,702.0,782.0,702.0],7.363329e-05],
[[803.0,802.0,803.0,802.0],0.0001887353],
[[805.0,802.0,805.0,802.0],0.0001873417],
[[807.0,802.0,807.0,802.0],0.0001940171],
[[812.0,802.0,812.0,802.0],0.000184216],
[[822.0,802.0,822.0,802.0],0.0001473924],
[[842.0,802.0,842.0,802.0],0.0001237295],
[[862.0,802.0,862.0,802.0],9.739606e-05],
[[882.0,802.0,882.0,802.0],8.408748e-05],
[[903.0,902.0,903.0,902.0],0.0002003582],
[[905.0,902.0,905.0,902.0],0.0002074215],
[[907.0,902.0,907.0,902.0],0.0002013273],
[[912.0,902.0,912.0,902.0],0.0001925438],
[[922.0,902.0,922.0,902.0],0.0001821714],
[[942.0,902.0,942.0,902.0],0.000133752],
[[962.0,902.0,962.0,902.0],0.0001179445],
[[982.0,902.0,982.0,902.0],0.00010793],
[[1003.0,1002.0,1003.0,1002.0],0.0002165348],
[[1005.0,1002.0,1005.0,1002.0],0.0002113335],
[[1007.0,1002.0,1007.0,1002.0],0.0002147096],
[[1012.0,1002.0,1012.0,1002.0],0.0002194046],
[[1022.0,1002.0,1022.0,1002.0],0.0001912286],
[[1042.0,1002.0,1042.0,1002.0],0.0001475992],
[[1062.0,1002.0,1062.0,1002.0],0.0001289069],
[[1082.0,1002.0,1082.0,1002.0],0.0001184738],
[[1103.0,1102.0,1103.0,1102.0],0.0002209743],
[[1105.0,1102.0,1105.0,1102.0],0.0002349564],
[[1107.0,1102.0,1107.0,1102.0],0.0002314622],
[[1112.0,1102.0,1112.0,1102.0],0.0002175029],
[[1122.0,1102.0,1122.0,1102.0],0.0002024701],
[[1142.0,1102.0,1142.0,1102.0],0.0001638902],
[[1162.0,1102.0,1162.0,1102.0],0.0001369684],
[[1182.0,1102.0,1182.0,1102.0],0.0001274216],
[[1203.0,1202.0,1203.0,1202.0],0.0002422108],
[[1205.0,1202.0,1205.0,1202.0],0.0002485901],
[[1207.0,1202.0,1207.0,1202.0],0.0002433434],
[[1212.0,1202.0,1212.0,1202.0],0.0002380686],
[[1222.0,1202.0,1222.0,1202.0],0.0002134377],
[[1242.0,1202.0,1242.0,1202.0],0.0001720456],
[[1262.0,1202.0,1262.0,1202.0],0.0001476906],
[[1282.0,1202.0,1282.0,1202.0],0.0001359125],
[[1303.0,1302.0,1303.0,1302.0],0.0002471074],
[[1305.0,1302.0,1305.0,1302.0],0.0002463322],
[[1307.0,1302.0,1307.0,1302.0],0.0002472067],
[[1312.0,1302.0,1312.0,1302.0],0.0002464496],
[[1322.0,1302.0,1322.0,1302.0],0.0002257522],
[[1342.0,1302.0,1342.0,1302.0],0.000183579],
[[1362.0,1302.0,1362.0,1302.0],0.0001579277],
[[1382.0,1302.0,1382.0,1302.0],0.0001512082],
[[1403.0,1402.0,1403.0,1402.0],0.0002570904],
[[1405.0,1402.0,1405.0,1402.0],0.0002539685],
[[1407.0,1402.0,1407.0,1402.0],0.0002472009],
[[1412.0,1402.0,1412.0,1402.0],0.0002509368],
[[1422.0,1402.0,1422.0,1402.0],0.0002332583],
[[1442.0,1402.0,1442.0,1402.0],0.000190943],
[[1462.0,1402.0,1462.0,1402.0],0.0001639176],
[[1482.0,1402.0,1482.0,1402.0],0.000150651],
[[1503.0,1502.0,1503.0,1502.0],0.0002511836],
[[1505.0,1502.0,1505.0,1502.0],0.0002636565],
[[1507.0,1502.0,1507.0,1502.0],0.0002613009],
[[1512.0,1502.0,1512.0,1502.0],0.0002564362],
[[1522.0,1502.0,1522.0,1502.0],0.0002338954],
[[1542.0,1502.0,1542.0,1502.0],0.0002078343],
[[1562.0,1502.0,1562.0,1502.0],0.0001612377],
[[1582.0,1502.0,1582.0,1502.0],0.0001705102],
[[1603.0,1602.0,1603.0,1602.0],0.0002676311],
[[1605.0,1602.0,1605.0,1602.0],0.0002607064],
[[1607.0,1602.0,1607.0,1602.0],0.0002543041],
[[1612.0,1602.0,1612.0,1602.0],0.0002542778],
[[1622.0,1602.0,1622.0,1602.0],0.0002496473],
[[1642.0,1602.0,1642.0,1602.0],0.0002045181],
[[1662.0,1602.0,1662.0,1602.0],0.0001728368],
[[1682.0,1602.0,1682.0,1602.0],0.0001698311],
[[1703.0,1702.0,1703.0,1702.0],0.0002613255],
[[1705.0,1702.0,1705.0,1702.0],0.00027436],
[[1707.0,1702.0,1707.0,1702.0],0.000262209],
[[1712.0,1702.0,1712.0,1702.0],0.0002576353],
[[1722.0,1702.0,1722.0,1702.0],0.0002431089],
[[1742.0,1702.0,1742.0,1702.0],0.0002019056],
[[1762.0,1702.0,1762.0,1702.0],0.0001660091],
[[1782.0,1702.0,1782.0,1702.0],0.0001698686],
[[1803.0,1802.0,1803.0,1802.0],0.0002551825],
[[1805.0,1802.0,1805.0,1802.0],0.000261237],
[[1807.0,1802.0,1807.0,1802.0],0.0002669014],
[[1812.0,1802.0,1812.0,1802.0],0.0002659944],
[[1822.0,1802.0,1822.0,1802.0],0.0002546234],
[[1842.0,1802.0,1842.0,1802.0],0.0002007173],
[[1862.0,1802.0,1862.0,1802.0],0.0001894116],
[[1882.0,1802.0,1882.0,1802.0],0.0001571494],
[[1903.0,1902.0,1903.0,1902.0],0.000274836],
[[1905.0,1902.0,1905.0,1902.0],0.0002623694],
[[1907.0,1902.0,1907.0,1902.0],0.0002710756],
[[1912.0,1902.0,1912.0,1902.0],0.0002559398],
[[1922.0,1902.0,1922.0,1902.0],0.0002393935],
[[1942.0,1902.0,1942.0,1902.0],0.0002218891],
[[1962.0,1902.0,1962.0,1902.0],0.0001748037],
[[1982.0,1902.0,1982.0,1902.0],0.0001810683],
[[2003.0,2002.0,2003.0,2002.0],0.000268028],
[[2005.0,2002.0,2005.0,2002.0],0.0002664809],
[[2007.0,2002.0,2007.0,2002.0],0.0002668712],
[[2012.0,2002.0,2012.0,2002.0],0.0002704176],
[[2022.0,2002.0,2022.0,2002.0],0.0002482368],
[[2042.0,2002.0,2042.0,2002.0],0.0002048382],
[[2062.0,2002.0,2062.0,2002.0],0.0001884945],
[[2082.0,2002.0,2082.0,2002.0],0.0001749482]]
