txName: TRV1nunu
constraint: {(PV > Zprime(1)), (Zprime(1) > nu,nu)}
condition: None
conditionDescription: None
figureUrl: None
source: CMS
validated: N/A
axesMap: [{0: 'x'}]
dataMap: {0: (1, 'mass', GeV)}
finalState: ['MET', 'MET']
efficiencyMap: [[[50.0],1.808099e-08],
[[100.0],1.905968e-07],
[[150.0],9.018491e-07],
[[200.0],2.579973e-06],
[[250.0],2.976137e-06],
[[300.0],6.357178e-06],
[[350.0],8.543549e-06],
[[400.0],1.392988e-05],
[[450.0],2.140045e-05],
[[500.0],2.32874e-05],
[[550.0],3.034568e-05],
[[600.0],3.902925e-05],
[[650.0],4.785325e-05],
[[700.0],5.677383e-05],
[[750.0],6.206665e-05],
[[800.0],7.429338e-05],
[[850.0],8.849414e-05],
[[900.0],9.879784e-05],
[[950.0],9.97526e-05],
[[1000.0],0.0001219322],
[[1050.0],0.0001247909],
[[1100.0],0.0001439733],
[[1150.0],0.0001399364],
[[1200.0],0.0001517369],
[[1250.0],0.0001538508],
[[1300.0],0.0001789052],
[[1350.0],0.0001925085],
[[1400.0],0.0001990646],
[[1450.0],0.0002081351],
[[1500.0],0.0002143993],
[[1550.0],0.0002439329],
[[1600.0],0.0002238933],
[[1650.0],0.000239882],
[[1700.0],0.0002559156],
[[1750.0],0.0002625314],
[[1800.0],0.0002870454],
[[1850.0],0.0002725144],
[[1900.0],0.000250418],
[[1950.0],0.0002814528],
[[2000.0],0.0003306744],
[[2250.0],0.0003825916],
[[2500.0],0.000340327],
[[2750.0],0.0003955199],
[[3000.0],0.0003765527]]
