txName: TChiISR
constraint: {(PV > MET(1), MET(2))}
condition: None
conditionDescription: None
figureUrl: None
source: Recast by MA5
validated: True
axesMap: [{0: 'x', 1: 'y'}]
dataMap: {0: (1, 'mass', GeV), 1: (2, 'mass', GeV)}
finalState: ['MET', 'MET']
intermediateState: None
efficiencyMap: [[[1.0,10.0],1.573451e-07],
[[1.0,20.0],1.51863e-07],
[[1.0,30.0],6.466611e-08],
[[1.0,40.0],2.470906e-07],
[[1.0,50.0],1.659442e-07],
[[1.0,60.0],1.076002e-07],
[[5.0,10.0],1.044756e-07],
[[7.0,10.0],2.259363e-07],
[[9.0,10.0],4.290969e-07],
[[10.0,1.0],1.573451e-07],
[[10.0,5.0],1.044756e-07],
[[10.0,7.0],2.259363e-07],
[[10.0,9.0],4.290969e-07],
[[10.0,10.0],3.813665e-07],
[[12.0,62.0],2.116873e-07],
[[12.0,72.0],1.857185e-06],
[[12.0,82.0],8.021993e-07],
[[12.0,92.0],1.774818e-06],
[[12.0,102.0],2.774694e-06],
[[12.0,212.0],1.641918e-05],
[[12.0,312.0],3.170159e-05],
[[15.0,20.0],1.094689e-07],
[[17.0,20.0],3.071241e-07],
[[19.0,20.0],4.091145e-07],
[[20.0,1.0],1.51863e-07],
[[20.0,15.0],1.094689e-07],
[[20.0,17.0],3.071241e-07],
[[20.0,19.0],4.091145e-07],
[[20.0,20.0],4.088051e-07],
[[20.0,30.0],5.396477e-07],
[[20.0,40.0],1.905789e-07],
[[20.0,50.0],2.397192e-07],
[[20.0,60.0],4.602387e-07],
[[25.0,30.0],1.240814e-07],
[[27.0,30.0],8.657042e-07],
[[29.0,30.0],1.236439e-07],
[[30.0,1.0],6.466611e-08],
[[30.0,20.0],5.396477e-07],
[[30.0,25.0],1.240814e-07],
[[30.0,27.0],8.657042e-07],
[[30.0,29.0],1.236439e-07],
[[30.0,30.0],1.842415e-07],
[[30.0,40.0],2.171104e-07],
[[30.0,50.0],1.827917e-07],
[[30.0,60.0],5.032035e-07],
[[32.0,62.0],2.619106e-06],
[[32.0,72.0],1.245717e-06],
[[32.0,82.0],3.524948e-06],
[[32.0,92.0],6.508154e-06],
[[32.0,102.0],3.337024e-06],
[[32.0,112.0],3.595246e-06],
[[32.0,122.0],5.940332e-06],
[[32.0,232.0],1.993437e-05],
[[32.0,332.0],3.344434e-05],
[[35.0,40.0],2.877176e-07],
[[37.0,40.0],1.216631e-07],
[[39.0,40.0],1.740852e-07],
[[40.0,1.0],2.470906e-07],
[[40.0,20.0],1.905789e-07],
[[40.0,30.0],2.171104e-07],
[[40.0,35.0],2.877176e-07],
[[40.0,37.0],1.216631e-07],
[[40.0,39.0],1.740852e-07],
[[40.0,40.0],3.549706e-07],
[[40.0,50.0],8.679651e-07],
[[40.0,60.0],1.272609e-06],
[[45.0,50.0],1.144713e-06],
[[47.0,50.0],1.914078e-06],
[[49.0,50.0],1.299033e-06],
[[50.0,1.0],1.659442e-07],
[[50.0,20.0],2.397192e-07],
[[50.0,30.0],1.827917e-07],
[[50.0,40.0],8.679651e-07],
[[50.0,45.0],1.144713e-06],
[[50.0,47.0],1.914078e-06],
[[50.0,49.0],1.299033e-06],
[[50.0,50.0],8.930588e-07],
[[50.0,60.0],1.532029e-06],
[[52.0,62.0],1.91405e-06],
[[52.0,67.0],2.394358e-06],
[[52.0,72.0],3.255879e-06],
[[52.0,82.0],3.652139e-06],
[[52.0,92.0],5.290231e-06],
[[52.0,102.0],5.078648e-06],
[[52.0,112.0],7.157869e-06],
[[52.0,122.0],1.006504e-05],
[[52.0,132.0],7.682182e-06],
[[52.0,142.0],8.627456e-06],
[[52.0,252.0],2.248942e-05],
[[52.0,352.0],4.023011e-05],
[[55.0,60.0],3.18052e-06],
[[57.0,60.0],2.259783e-06],
[[59.0,60.0],2.638327e-06],
[[60.0,1.0],1.076002e-07],
[[60.0,20.0],4.602387e-07],
[[60.0,30.0],5.032035e-07],
[[60.0,40.0],1.272609e-06],
[[60.0,50.0],1.532029e-06],
[[60.0,55.0],3.18052e-06],
[[60.0,57.0],2.259783e-06],
[[60.0,59.0],2.638327e-06],
[[60.0,60.0],2.682957e-06],
[[62.0,12.0],2.116873e-07],
[[62.0,32.0],2.619106e-06],
[[62.0,52.0],1.91405e-06],
[[67.0,52.0],2.394358e-06],
[[72.0,12.0],1.857185e-06],
[[72.0,32.0],1.245717e-06],
[[72.0,52.0],3.255879e-06],
[[72.0,72.0],4.583989e-06],
[[72.0,75.0],4.464389e-06],
[[72.0,77.0],1.067981e-05],
[[72.0,82.0],5.833884e-06],
[[72.0,87.0],1.624997e-05],
[[72.0,92.0],9.764422e-06],
[[72.0,102.0],6.811567e-06],
[[72.0,112.0],7.874923e-06],
[[72.0,122.0],9.108702e-06],
[[72.0,132.0],9.025966e-06],
[[72.0,142.0],1.424125e-05],
[[72.0,152.0],1.447179e-05],
[[72.0,162.0],1.209404e-05],
[[72.0,272.0],3.082087e-05],
[[72.0,372.0],4.095047e-05],
[[75.0,72.0],4.464389e-06],
[[77.0,72.0],1.067981e-05],
[[82.0,12.0],8.021993e-07],
[[82.0,32.0],3.524948e-06],
[[82.0,52.0],3.652139e-06],
[[82.0,72.0],5.833884e-06],
[[87.0,72.0],1.624997e-05],
[[92.0,12.0],1.774818e-06],
[[92.0,32.0],6.508154e-06],
[[92.0,52.0],5.290231e-06],
[[92.0,72.0],9.764422e-06],
[[92.0,92.0],6.909072e-06],
[[92.0,95.0],7.877906e-06],
[[92.0,97.0],1.309075e-05],
[[92.0,102.0],8.637933e-06],
[[92.0,107.0],9.648238e-06],
[[92.0,112.0],9.410811e-06],
[[92.0,122.0],1.659106e-05],
[[92.0,132.0],1.294349e-05],
[[92.0,142.0],1.544124e-05],
[[92.0,152.0],1.439473e-05],
[[92.0,162.0],1.743462e-05],
[[92.0,172.0],1.533823e-05],
[[92.0,182.0],1.689277e-05],
[[92.0,292.0],3.345863e-05],
[[92.0,392.0],4.699692e-05],
[[95.0,92.0],7.877906e-06],
[[97.0,92.0],1.309075e-05],
[[102.0,12.0],2.774694e-06],
[[102.0,32.0],3.337024e-06],
[[102.0,52.0],5.078648e-06],
[[102.0,72.0],6.811567e-06],
[[102.0,92.0],8.637933e-06],
[[102.0,102.0],1.008809e-05],
[[102.0,105.0],1.100245e-05],
[[102.0,107.0],9.201034e-06],
[[102.0,112.0],1.016638e-05],
[[102.0,117.0],1.270578e-05],
[[102.0,122.0],1.401342e-05],
[[102.0,132.0],1.448276e-05],
[[102.0,142.0],1.52372e-05],
[[102.0,152.0],1.423495e-05],
[[102.0,162.0],1.747797e-05],
[[102.0,172.0],1.830025e-05],
[[102.0,182.0],2.698549e-05],
[[102.0,192.0],2.17769e-05],
[[102.0,302.0],4.989512e-05],
[[102.0,402.0],4.915756e-05],
[[105.0,102.0],1.100245e-05],
[[107.0,92.0],9.648238e-06],
[[107.0,102.0],9.201034e-06],
[[112.0,32.0],3.595246e-06],
[[112.0,52.0],7.157869e-06],
[[112.0,72.0],7.874923e-06],
[[112.0,92.0],9.410811e-06],
[[112.0,102.0],1.016638e-05],
[[117.0,102.0],1.270578e-05],
[[122.0,32.0],5.940332e-06],
[[122.0,52.0],1.006504e-05],
[[122.0,72.0],9.108702e-06],
[[122.0,92.0],1.659106e-05],
[[122.0,102.0],1.401342e-05],
[[132.0,52.0],7.682182e-06],
[[132.0,72.0],9.025966e-06],
[[132.0,92.0],1.294349e-05],
[[132.0,102.0],1.448276e-05],
[[142.0,52.0],8.627456e-06],
[[142.0,72.0],1.424125e-05],
[[142.0,92.0],1.544124e-05],
[[142.0,102.0],1.52372e-05],
[[152.0,72.0],1.447179e-05],
[[152.0,92.0],1.439473e-05],
[[152.0,102.0],1.423495e-05],
[[152.0,152.0],2.060626e-05],
[[152.0,155.0],2.415248e-05],
[[152.0,157.0],2.123162e-05],
[[152.0,162.0],2.030864e-05],
[[152.0,167.0],2.586919e-05],
[[152.0,172.0],2.937807e-05],
[[152.0,182.0],2.984577e-05],
[[152.0,192.0],2.802624e-05],
[[152.0,202.0],2.752178e-05],
[[152.0,212.0],3.587601e-05],
[[152.0,222.0],3.436686e-05],
[[152.0,232.0],3.005358e-05],
[[152.0,242.0],3.225277e-05],
[[152.0,352.0],4.717573e-05],
[[152.0,452.0],5.870918e-05],
[[155.0,152.0],2.415248e-05],
[[157.0,152.0],2.123162e-05],
[[162.0,72.0],1.209404e-05],
[[162.0,92.0],1.743462e-05],
[[162.0,102.0],1.747797e-05],
[[162.0,152.0],2.030864e-05],
[[167.0,152.0],2.586919e-05],
[[172.0,92.0],1.533823e-05],
[[172.0,102.0],1.830025e-05],
[[172.0,152.0],2.937807e-05],
[[182.0,92.0],1.689277e-05],
[[182.0,102.0],2.698549e-05],
[[182.0,152.0],2.984577e-05],
[[192.0,102.0],2.17769e-05],
[[192.0,152.0],2.802624e-05],
[[202.0,152.0],2.752178e-05],
[[202.0,202.0],3.607289e-05],
[[202.0,205.0],3.438334e-05],
[[202.0,207.0],3.766014e-05],
[[202.0,212.0],3.42298e-05],
[[202.0,217.0],3.921776e-05],
[[202.0,222.0],3.846382e-05],
[[202.0,232.0],3.485711e-05],
[[202.0,242.0],3.899122e-05],
[[202.0,252.0],4.348064e-05],
[[202.0,262.0],4.660723e-05],
[[202.0,272.0],4.356416e-05],
[[202.0,282.0],4.662102e-05],
[[202.0,402.0],6.1814e-05],
[[202.0,502.0],7.635512e-05],
[[205.0,202.0],3.438334e-05],
[[207.0,202.0],3.766014e-05],
[[212.0,12.0],1.641918e-05],
[[212.0,152.0],3.587601e-05],
[[212.0,202.0],3.42298e-05],
[[217.0,202.0],3.921776e-05],
[[222.0,152.0],3.436686e-05],
[[222.0,202.0],3.846382e-05],
[[232.0,32.0],1.993437e-05],
[[232.0,152.0],3.005358e-05],
[[232.0,202.0],3.485711e-05],
[[242.0,152.0],3.225277e-05],
[[242.0,202.0],3.899122e-05],
[[252.0,52.0],2.248942e-05],
[[252.0,202.0],4.348064e-05],
[[252.0,252.0],4.587489e-05],
[[252.0,255.0],4.949787e-05],
[[252.0,257.0],4.841012e-05],
[[252.0,262.0],5.804712e-05],
[[252.0,267.0],4.968329e-05],
[[252.0,272.0],5.627534e-05],
[[252.0,282.0],5.380814e-05],
[[252.0,292.0],5.280157e-05],
[[252.0,302.0],5.826493e-05],
[[252.0,312.0],5.690752e-05],
[[252.0,322.0],6.289803e-05],
[[252.0,332.0],6.579412e-05],
[[252.0,342.0],6.377915e-05],
[[252.0,452.0],7.834194e-05],
[[252.0,552.0],8.444875e-05],
[[255.0,252.0],4.949787e-05],
[[257.0,252.0],4.841012e-05],
[[262.0,202.0],4.660723e-05],
[[262.0,252.0],5.804712e-05],
[[267.0,252.0],4.968329e-05],
[[272.0,72.0],3.082087e-05],
[[272.0,202.0],4.356416e-05],
[[272.0,252.0],5.627534e-05],
[[282.0,202.0],4.662102e-05],
[[282.0,252.0],5.380814e-05],
[[292.0,92.0],3.345863e-05],
[[292.0,252.0],5.280157e-05],
[[302.0,102.0],4.989512e-05],
[[302.0,252.0],5.826493e-05],
[[302.0,302.0],6.515605e-05],
[[302.0,305.0],6.351243e-05],
[[302.0,307.0],6.347412e-05],
[[302.0,312.0],6.232711e-05],
[[302.0,317.0],6.635806e-05],
[[302.0,322.0],7.040518e-05],
[[302.0,332.0],7.130643e-05],
[[302.0,342.0],7.230997e-05],
[[302.0,352.0],7.060431e-05],
[[302.0,362.0],6.508788e-05],
[[302.0,372.0],7.386797e-05],
[[302.0,382.0],7.181696e-05],
[[302.0,392.0],7.614123e-05],
[[302.0,502.0],8.665222e-05],
[[302.0,602.0],9.916446e-05],
[[305.0,302.0],6.351243e-05],
[[307.0,302.0],6.347412e-05],
[[312.0,12.0],3.170159e-05],
[[312.0,252.0],5.690752e-05],
[[312.0,302.0],6.232711e-05],
[[317.0,302.0],6.635806e-05],
[[322.0,252.0],6.289803e-05],
[[322.0,302.0],7.040518e-05],
[[332.0,32.0],3.344434e-05],
[[332.0,252.0],6.579412e-05],
[[332.0,302.0],7.130643e-05],
[[342.0,252.0],6.377915e-05],
[[342.0,302.0],7.230997e-05],
[[352.0,52.0],4.023011e-05],
[[352.0,152.0],4.717573e-05],
[[352.0,302.0],7.060431e-05],
[[352.0,352.0],7.772649e-05],
[[352.0,355.0],7.424724e-05],
[[352.0,357.0],7.940098e-05],
[[352.0,362.0],7.229082e-05],
[[352.0,367.0],8.226754e-05],
[[352.0,372.0],8.60094e-05],
[[352.0,382.0],8.09366e-05],
[[352.0,392.0],9.062304e-05],
[[352.0,402.0],8.478726e-05],
[[352.0,412.0],8.055359e-05],
[[352.0,422.0],8.60403e-05],
[[352.0,432.0],8.258154e-05],
[[352.0,442.0],8.563225e-05],
[[352.0,552.0],0.0001023457],
[[352.0,652.0],0.0001117401],
[[355.0,352.0],7.424724e-05],
[[357.0,352.0],7.940098e-05],
[[362.0,302.0],6.508788e-05],
[[362.0,352.0],7.229082e-05],
[[367.0,352.0],8.226754e-05],
[[372.0,72.0],4.095047e-05],
[[372.0,302.0],7.386797e-05],
[[372.0,352.0],8.60094e-05],
[[382.0,302.0],7.181696e-05],
[[382.0,352.0],8.09366e-05],
[[392.0,92.0],4.699692e-05],
[[392.0,302.0],7.614123e-05],
[[392.0,352.0],9.062304e-05],
[[402.0,102.0],4.915756e-05],
[[402.0,202.0],6.1814e-05],
[[402.0,352.0],8.478726e-05],
[[402.0,402.0],9.30848e-05],
[[402.0,405.0],9.491712e-05],
[[402.0,407.0],9.806446e-05],
[[402.0,412.0],8.959739e-05],
[[402.0,417.0],9.996356e-05],
[[402.0,422.0],8.726568e-05],
[[402.0,432.0],9.061898e-05],
[[402.0,442.0],0.0001014385],
[[402.0,452.0],8.875599e-05],
[[402.0,462.0],0.0001053778],
[[402.0,472.0],9.876298e-05],
[[402.0,482.0],9.836668e-05],
[[402.0,492.0],9.858416e-05],
[[402.0,602.0],0.0001128735],
[[402.0,702.0],0.0001213486],
[[405.0,402.0],9.491712e-05],
[[407.0,402.0],9.806446e-05],
[[412.0,352.0],8.055359e-05],
[[412.0,402.0],8.959739e-05],
[[417.0,402.0],9.996356e-05],
[[422.0,352.0],8.60403e-05],
[[422.0,402.0],8.726568e-05],
[[432.0,352.0],8.258154e-05],
[[432.0,402.0],9.061898e-05],
[[442.0,352.0],8.563225e-05],
[[442.0,402.0],0.0001014385],
[[452.0,152.0],5.870918e-05],
[[452.0,252.0],7.834194e-05],
[[452.0,402.0],8.875599e-05],
[[462.0,402.0],0.0001053778],
[[472.0,402.0],9.876298e-05],
[[482.0,402.0],9.836668e-05],
[[492.0,402.0],9.858416e-05],
[[502.0,202.0],7.635512e-05],
[[502.0,302.0],8.665222e-05],
[[552.0,252.0],8.444875e-05],
[[552.0,352.0],0.0001023457],
[[602.0,302.0],9.916446e-05],
[[602.0,402.0],0.0001128735],
[[602.0,602.0],0.000122159],
[[602.0,605.0],0.0001343608],
[[602.0,607.0],0.000126854],
[[602.0,612.0],0.0001323294],
[[602.0,617.0],0.0001276206],
[[602.0,622.0],0.0001309655],
[[602.0,632.0],0.0001281915],
[[602.0,642.0],0.0001284699],
[[602.0,652.0],0.0001318207],
[[602.0,662.0],0.0001381223],
[[602.0,672.0],0.0001301212],
[[602.0,682.0],0.0001369317],
[[602.0,692.0],0.0001362928],
[[602.0,802.0],0.0001471948],
[[602.0,902.0],0.0001518728],
[[605.0,602.0],0.0001343608],
[[607.0,602.0],0.000126854],
[[612.0,602.0],0.0001323294],
[[617.0,602.0],0.0001276206],
[[622.0,602.0],0.0001309655],
[[632.0,602.0],0.0001281915],
[[642.0,602.0],0.0001284699],
[[652.0,352.0],0.0001117401],
[[652.0,602.0],0.0001318207],
[[662.0,602.0],0.0001381223],
[[672.0,602.0],0.0001301212],
[[682.0,602.0],0.0001369317],
[[692.0,602.0],0.0001362928],
[[702.0,402.0],0.0001213486],
[[802.0,602.0],0.0001471948],
[[802.0,802.0],0.0001537662],
[[802.0,805.0],0.0001586598],
[[802.0,807.0],0.0001490598],
[[802.0,812.0],0.0001626059],
[[802.0,817.0],0.0001535687],
[[802.0,822.0],0.0001630875],
[[802.0,832.0],0.000152887],
[[802.0,842.0],0.0001709222],
[[802.0,852.0],0.0001671107],
[[802.0,862.0],0.0001669859],
[[802.0,872.0],0.0001676758],
[[802.0,882.0],0.0001631918],
[[802.0,892.0],0.0001610573],
[[802.0,1002.0],0.0001654449],
[[802.0,1102.0],0.0001736798],
[[805.0,802.0],0.0001586598],
[[807.0,802.0],0.0001490598],
[[812.0,802.0],0.0001626059],
[[817.0,802.0],0.0001535687],
[[822.0,802.0],0.0001630875],
[[832.0,802.0],0.000152887],
[[842.0,802.0],0.0001709222],
[[852.0,802.0],0.0001671107],
[[862.0,802.0],0.0001669859],
[[872.0,802.0],0.0001676758],
[[882.0,802.0],0.0001631918],
[[892.0,802.0],0.0001610573],
[[902.0,602.0],0.0001518728],
[[1002.0,802.0],0.0001654449],
[[1002.0,1002.0],0.0001808832],
[[1002.0,1005.0],0.0001694571],
[[1002.0,1007.0],0.0001808154],
[[1002.0,1012.0],0.0001808135],
[[1002.0,1017.0],0.0001763547],
[[1002.0,1022.0],0.0001840608],
[[1002.0,1032.0],0.0001734869],
[[1002.0,1042.0],0.0001789155],
[[1002.0,1052.0],0.0001796376],
[[1002.0,1062.0],0.0001774635],
[[1002.0,1072.0],0.0001705099],
[[1002.0,1082.0],0.0001814224],
[[1002.0,1092.0],0.0001784218],
[[1002.0,1202.0],0.0001793145],
[[1002.0,1302.0],0.0001786459],
[[1005.0,1002.0],0.0001694571],
[[1007.0,1002.0],0.0001808154],
[[1012.0,1002.0],0.0001808135],
[[1017.0,1002.0],0.0001763547],
[[1022.0,1002.0],0.0001840608],
[[1032.0,1002.0],0.0001734869],
[[1042.0,1002.0],0.0001789155],
[[1052.0,1002.0],0.0001796376],
[[1062.0,1002.0],0.0001774635],
[[1072.0,1002.0],0.0001705099],
[[1082.0,1002.0],0.0001814224],
[[1092.0,1002.0],0.0001784218],
[[1102.0,802.0],0.0001736798],
[[1202.0,1002.0],0.0001793145],
[[1202.0,1202.0],0.0001922501],
[[1202.0,1205.0],0.0001935694],
[[1202.0,1207.0],0.0001855631],
[[1202.0,1212.0],0.0001983566],
[[1202.0,1217.0],0.000193224],
[[1202.0,1222.0],0.0001841668],
[[1202.0,1232.0],0.0001945513],
[[1202.0,1242.0],0.0001946374],
[[1202.0,1252.0],0.0001924455],
[[1202.0,1262.0],0.0001917581],
[[1202.0,1272.0],0.0001930825],
[[1202.0,1282.0],0.0001862674],
[[1202.0,1292.0],0.0001985269],
[[1202.0,1402.0],0.0001929421],
[[1202.0,1502.0],0.0001974183],
[[1205.0,1202.0],0.0001935694],
[[1207.0,1202.0],0.0001855631],
[[1212.0,1202.0],0.0001983566],
[[1217.0,1202.0],0.000193224],
[[1222.0,1202.0],0.0001841668],
[[1232.0,1202.0],0.0001945513],
[[1242.0,1202.0],0.0001946374],
[[1252.0,1202.0],0.0001924455],
[[1262.0,1202.0],0.0001917581],
[[1272.0,1202.0],0.0001930825],
[[1282.0,1202.0],0.0001862674],
[[1292.0,1202.0],0.0001985269],
[[1302.0,1002.0],0.0001786459],
[[1402.0,1202.0],0.0001929421],
[[1402.0,1402.0],0.0001866655],
[[1402.0,1405.0],0.0001941017],
[[1402.0,1407.0],0.000203634],
[[1402.0,1412.0],0.0001946373],
[[1402.0,1417.0],0.0002077088],
[[1402.0,1422.0],0.000201643],
[[1402.0,1432.0],0.0001946226],
[[1402.0,1442.0],0.0001998674],
[[1402.0,1452.0],0.000207077],
[[1402.0,1462.0],0.0002009673],
[[1402.0,1472.0],0.0001861899],
[[1402.0,1482.0],0.0001922287],
[[1402.0,1492.0],0.0002017054],
[[1402.0,1602.0],0.0002037873],
[[1402.0,1702.0],0.0001911837],
[[1405.0,1402.0],0.0001941017],
[[1407.0,1402.0],0.000203634],
[[1412.0,1402.0],0.0001946373],
[[1417.0,1402.0],0.0002077088],
[[1422.0,1402.0],0.000201643],
[[1432.0,1402.0],0.0001946226],
[[1442.0,1402.0],0.0001998674],
[[1452.0,1402.0],0.000207077],
[[1462.0,1402.0],0.0002009673],
[[1472.0,1402.0],0.0001861899],
[[1482.0,1402.0],0.0001922287],
[[1492.0,1402.0],0.0002017054],
[[1502.0,1202.0],0.0001974183],
[[1602.0,1402.0],0.0002037873],
[[1602.0,1602.0],0.0002029535],
[[1602.0,1605.0],0.0001933936],
[[1602.0,1607.0],0.0001948135],
[[1602.0,1612.0],0.000201331],
[[1602.0,1617.0],0.0001988195],
[[1602.0,1622.0],0.0001984457],
[[1602.0,1632.0],0.0001965241],
[[1602.0,1642.0],0.0002041084],
[[1602.0,1652.0],0.0002089898],
[[1602.0,1662.0],0.0001962171],
[[1602.0,1672.0],0.0002085698],
[[1602.0,1682.0],0.0001936976],
[[1602.0,1692.0],0.0002052343],
[[1602.0,1802.0],0.0002048546],
[[1602.0,1902.0],0.000196883],
[[1605.0,1602.0],0.0001933936],
[[1607.0,1602.0],0.0001948135],
[[1612.0,1602.0],0.000201331],
[[1617.0,1602.0],0.0001988195],
[[1622.0,1602.0],0.0001984457],
[[1632.0,1602.0],0.0001965241],
[[1642.0,1602.0],0.0002041084],
[[1652.0,1602.0],0.0002089898],
[[1662.0,1602.0],0.0001962171],
[[1672.0,1602.0],0.0002085698],
[[1682.0,1602.0],0.0001936976],
[[1692.0,1602.0],0.0002052343],
[[1702.0,1402.0],0.0001911837],
[[1802.0,1602.0],0.0002048546],
[[1802.0,1802.0],0.000198194],
[[1802.0,1805.0],0.0002073757],
[[1802.0,1807.0],0.0002032981],
[[1802.0,1812.0],0.0002088575],
[[1802.0,1817.0],0.0002076953],
[[1802.0,1822.0],0.0002016176],
[[1802.0,1832.0],0.0002115041],
[[1802.0,1842.0],0.0002054051],
[[1802.0,1852.0],0.0001984449],
[[1802.0,1862.0],0.0002082245],
[[1802.0,1872.0],0.0002050501],
[[1802.0,1882.0],0.0001968411],
[[1802.0,1892.0],0.0001999858],
[[1802.0,2002.0],0.0001945041],
[[1802.0,2102.0],0.0001995856],
[[1805.0,1802.0],0.0002073757],
[[1807.0,1802.0],0.0002032981],
[[1812.0,1802.0],0.0002088575],
[[1817.0,1802.0],0.0002076953],
[[1822.0,1802.0],0.0002016176],
[[1832.0,1802.0],0.0002115041],
[[1842.0,1802.0],0.0002054051],
[[1852.0,1802.0],0.0001984449],
[[1862.0,1802.0],0.0002082245],
[[1872.0,1802.0],0.0002050501],
[[1882.0,1802.0],0.0001968411],
[[1892.0,1802.0],0.0001999858],
[[1902.0,1602.0],0.000196883],
[[2002.0,1802.0],0.0001945041],
[[2002.0,2002.0],0.0002006838],
[[2002.0,2005.0],0.0001978473],
[[2002.0,2007.0],0.0002026861],
[[2002.0,2012.0],0.0002083899],
[[2002.0,2017.0],0.000198199],
[[2002.0,2022.0],0.0002008894],
[[2002.0,2032.0],0.0001961783],
[[2002.0,2042.0],0.0002027245],
[[2002.0,2052.0],0.0002058972],
[[2002.0,2062.0],0.000199507],
[[2002.0,2072.0],0.0001982991],
[[2002.0,2082.0],0.0001936742],
[[2002.0,2092.0],0.0002054422],
[[2002.0,2202.0],0.0001838551],
[[2002.0,2302.0],0.0001975851],
[[2005.0,2002.0],0.0001978473],
[[2007.0,2002.0],0.0002026861],
[[2012.0,2002.0],0.0002083899],
[[2017.0,2002.0],0.000198199],
[[2022.0,2002.0],0.0002008894],
[[2032.0,2002.0],0.0001961783],
[[2042.0,2002.0],0.0002027245],
[[2052.0,2002.0],0.0002058972],
[[2062.0,2002.0],0.000199507],
[[2072.0,2002.0],0.0001982991],
[[2082.0,2002.0],0.0001936742],
[[2092.0,2002.0],0.0002054422],
[[2102.0,1802.0],0.0001995856],
[[2202.0,2002.0],0.0001838551],
[[2302.0,2002.0],0.0001975851]]
