txName: TRV1nunu
constraint: {(PV > Zprime(1)), (Zprime(1) > nu,nu)}
condition: None
conditionDescription: None
figureUrl: None
source: CMS
validated: N/A
axesMap: [{0: 'x'}]
dataMap: {0: (1, 'mass', GeV)}
finalState: ['MET', 'MET']
efficiencyMap: [[[50.0],3.224096e-08],
[[100.0],5.164236e-07],
[[150.0],1.111752e-06],
[[200.0],2.761919e-06],
[[250.0],6.795731e-06],
[[300.0],1.039278e-05],
[[350.0],1.648089e-05],
[[400.0],2.084497e-05],
[[450.0],3.020676e-05],
[[500.0],3.624222e-05],
[[550.0],4.405482e-05],
[[600.0],5.670536e-05],
[[650.0],6.852438e-05],
[[700.0],8.864067e-05],
[[750.0],9.828291e-05],
[[800.0],9.814568e-05],
[[850.0],0.0001164829],
[[900.0],0.0001236603],
[[950.0],0.0001604508],
[[1000.0],0.0001380832],
[[1050.0],0.0001803954],
[[1100.0],0.0001877287],
[[1150.0],0.0001803266],
[[1200.0],0.0002131855],
[[1250.0],0.0002155916],
[[1300.0],0.0002368456],
[[1350.0],0.000240896],
[[1400.0],0.0002465524],
[[1450.0],0.0002659902],
[[1500.0],0.0003135249],
[[1550.0],0.0002876913],
[[1600.0],0.0002480673],
[[1650.0],0.0002738579],
[[1700.0],0.0002954164],
[[1750.0],0.0003145427],
[[1800.0],0.0003100959],
[[1850.0],0.0003054067],
[[1900.0],0.0003229124],
[[1950.0],0.0003183141],
[[2000.0],0.0003955071],
[[2250.0],0.0004231455],
[[2500.0],0.0004196922],
[[2750.0],0.0004089719],
[[3000.0],0.0004410117]]
