txName: TRPV5tjb
constraint: {(PV > anyBSM(1), anyBSM(3)), (anyBSM(1) > t,anyBSM(2)), (anyBSM(3) > t,anyBSM(4)), (anyBSM(2) > jet,b), (anyBSM(4) > jet,b)}
condition: None
conditionDescription: None
figureUrl: https://atlas.web.cern.ch/Atlas/GROUPS/PHYSICS/PAPERS/SUSY-2020-27/figaux_14b.png; https://atlas.web.cern.ch/Atlas/GROUPS/PHYSICS/PAPERS/SUSY-2020-27/figaux_14c.png; https://atlas.web.cern.ch/Atlas/GROUPS/PHYSICS/PAPERS/SUSY-2020-27/figaux_14d.png; https://atlas.web.cern.ch/Atlas/GROUPS/PHYSICS/PAPERS/SUSY-2020-27/figaux_14e.png; https://atlas.web.cern.ch/Atlas/GROUPS/PHYSICS/PAPERS/SUSY-2020-27/figaux_19b.png; https://atlas.web.cern.ch/Atlas/GROUPS/PHYSICS/PAPERS/SUSY-2020-27/figaux_19c.png; https://atlas.web.cern.ch/Atlas/GROUPS/PHYSICS/PAPERS/SUSY-2020-27/figaux_19d.png; https://atlas.web.cern.ch/Atlas/GROUPS/PHYSICS/PAPERS/SUSY-2020-27/figaux_19e.png
source: ATLAS
validated: True
axesMap: [{0: 'x', 1: 'y', 2: 'x', 3: 'y'}]
dataMap: {0: (1, 'mass', GeV), 1: (2, 'mass', GeV), 2: (3, 'mass', GeV), 3: (4, 'mass', GeV)}
finalState: ['MET', 'MET']
efficiencyMap: [[[1600.0,1000.0,1600.0,1000.0],0.007439571],
[[2200.0,800.0,2200.0,800.0],0.008513154],
[[2000.0,1800.0,2000.0,1800.0],0.004657003],
[[1800.0,1400.0,1800.0,1400.0],0.007663296],
[[1600.0,600.0,1600.0,600.0],0.007877172],
[[1000.0,800.0,1000.0,800.0],0.002856984],
[[2000.0,1400.0,2000.0,1400.0],0.008556164],
[[2200.0,400.0,2200.0,400.0],0.00807564],
[[800.0,400.0,800.0,400.0],0.001196317],
[[1800.0,1000.0,1800.0,1000.0],0.008841833],
[[1400.0,1200.0,1400.0,1200.0],0.005371515],
[[2200.0,1800.0,2200.0,1800.0],0.006932217],
[[2000.0,1000.0,2000.0,1000.0],0.008288281],
[[1000.0,400.0,1000.0,400.0],0.002606901],
[[1200.0,800.0,1200.0,800.0],0.00538822],
[[2200.0,1400.0,2200.0,1400.0],0.009043852],
[[1800.0,600.0,1800.0,600.0],0.008915839],
[[1400.0,800.0,1400.0,800.0],0.007056768],
[[2000.0,600.0,2000.0,600.0],0.008203432],
[[1200.0,400.0,1200.0,400.0],0.004592091],
[[2200.0,1000.0,2200.0,1000.0],0.009345523],
[[1400.0,400.0,1400.0,400.0],0.006380271],
[[1600.0,1200.0,1600.0,1200.0],0.007763795],
[[1800.0,1600.0,1800.0,1600.0],0.004592961],
[[2200.0,600.0,2200.0,600.0],0.0088453],
[[1600.0,800.0,1600.0,800.0],0.008736827],
[[2000.0,1600.0,2000.0,1600.0],0.007258799],
[[800.0,600.0,800.0,600.0],0.001301813],
[[1800.0,1200.0,1800.0,1200.0],0.008719402],
[[1000.0,600.0,1000.0,600.0],0.003118187],
[[2000.0,1200.0,2000.0,1200.0],0.009993011],
[[2200.0,2000.0,2200.0,2000.0],0.005410408],
[[1600.0,400.0,1600.0,400.0],0.007001306],
[[1800.0,800.0,1800.0,800.0],0.008718809],
[[1200.0,1000.0,1200.0,1000.0],0.004011226],
[[2200.0,1600.0,2200.0,1600.0],0.009804009],
[[2000.0,800.0,2000.0,800.0],0.009507342],
[[1400.0,1000.0,1400.0,1000.0],0.007023962],
[[1800.0,400.0,1800.0,400.0],0.008301846],
[[1600.0,1400.0,1600.0,1400.0],0.004437461],
[[1200.0,600.0,1200.0,600.0],0.004810342],
[[2200.0,1200.0,2200.0,1200.0],0.009621053],
[[2000.0,400.0,2000.0,400.0],0.006903982],
[[1400.0,600.0,1400.0,600.0],0.006749639],
[[600.0,400.0,600.0,400.0],0.0003238746]]
