txName: TChiWWISRqq
constraint: {(PV > anyBSM(1), anyBSM(3)), (anyBSM(1) > q, q, MET(2)), (anyBSM(3) > q, q, MET(4))}
condition: None
conditionDescription: None
figureUrl: None
source: Recast by MA5
validated: True
axesMap: [{0: 'x', 1: 'y', 2: 'x', 3: 'y'}]
dataMap: {0: (1, 'mass', GeV), 1: (2, 'mass', GeV), 2: (3, 'mass', GeV), 3: (4, 'mass', GeV)}
finalState: ['MET', 'MET']
intermediateState: None
efficiencyMap: [[[11.0,10.0,11.0,10.0],1.927554e-09],
[[13.0,10.0,13.0,10.0],1.531377e-09],
[[15.0,10.0,15.0,10.0],0.0],
[[20.0,10.0,20.0,10.0],0.0],
[[21.0,20.0,21.0,20.0],9.68282e-09],
[[23.0,20.0,23.0,20.0],3.296526e-09],
[[25.0,20.0,25.0,20.0],0.0],
[[30.0,10.0,30.0,10.0],0.0],
[[30.0,20.0,30.0,20.0],0.0],
[[31.0,30.0,31.0,30.0],1.794308e-08],
[[33.0,30.0,33.0,30.0],2.85003e-09],
[[35.0,30.0,35.0,30.0],2.859819e-08],
[[40.0,20.0,40.0,20.0],0.0],
[[40.0,30.0,40.0,30.0],0.0],
[[41.0,40.0,41.0,40.0],5.304457e-08],
[[43.0,40.0,43.0,40.0],5.925576e-09],
[[45.0,40.0,45.0,40.0],1.119307e-08],
[[50.0,10.0,50.0,10.0],0.0],
[[50.0,30.0,50.0,30.0],2.978848e-09],
[[50.0,40.0,50.0,40.0],9.13921e-09],
[[51.0,50.0,51.0,50.0],1.671012e-06],
[[53.0,50.0,53.0,50.0],1.819512e-07],
[[55.0,50.0,55.0,50.0],3.531895e-08],
[[60.0,20.0,60.0,20.0],0.0],
[[60.0,40.0,60.0,40.0],7.140272e-09],
[[60.0,50.0,60.0,50.0],3.681099e-08],
[[61.0,60.0,61.0,60.0],4.15199e-07],
[[63.0,60.0,63.0,60.0],2.714454e-07],
[[65.0,60.0,65.0,60.0],1.330518e-07],
[[70.0,10.0,70.0,10.0],0.0],
[[70.0,30.0,70.0,30.0],7.456039e-09],
[[70.0,50.0,70.0,50.0],1.168686e-08],
[[70.0,60.0,70.0,60.0],1.991038e-08],
[[71.0,70.0,71.0,70.0],8.565052e-07],
[[73.0,70.0,73.0,70.0],6.497822e-07],
[[75.0,70.0,75.0,70.0],3.374559e-07],
[[80.0,20.0,80.0,20.0],1.482686e-08],
[[80.0,40.0,80.0,40.0],8.128099e-09],
[[80.0,60.0,80.0,60.0],3.017717e-08],
[[80.0,70.0,80.0,70.0],1.112368e-07],
[[81.0,80.0,81.0,80.0],1.495759e-06],
[[83.0,80.0,83.0,80.0],8.46058e-07],
[[85.0,80.0,85.0,80.0],4.228322e-07],
[[90.0,10.0,90.0,10.0],0.0],
[[90.0,30.0,90.0,30.0],0.0],
[[90.0,50.0,90.0,50.0],1.284893e-08],
[[90.0,70.0,90.0,70.0],2.325496e-08],
[[90.0,80.0,90.0,80.0],2.56225e-07],
[[91.0,90.0,91.0,90.0],2.113666e-06],
[[93.0,90.0,93.0,90.0],1.262003e-06],
[[95.0,90.0,95.0,90.0],9.918272e-07],
[[100.0,20.0,100.0,20.0],2.002606e-08],
[[100.0,40.0,100.0,40.0],6.416589e-09],
[[100.0,60.0,100.0,60.0],9.023304e-09],
[[100.0,80.0,100.0,80.0],6.451872e-08],
[[100.0,90.0,100.0,90.0],3.394355e-07],
[[101.0,100.0,101.0,100.0],2.53117e-06],
[[103.0,100.0,103.0,100.0],1.93212e-06],
[[103.0,102.0,103.0,102.0],2.34038e-06],
[[105.0,100.0,105.0,100.0],1.758258e-06],
[[105.0,102.0,105.0,102.0],2.894164e-06],
[[107.0,102.0,107.0,102.0],1.266129e-06],
[[110.0,30.0,110.0,30.0],0.0],
[[110.0,50.0,110.0,50.0],1.214416e-08],
[[110.0,70.0,110.0,70.0],3.276397e-08],
[[110.0,90.0,110.0,90.0],1.849478e-07],
[[110.0,100.0,110.0,100.0],4.408413e-07],
[[112.0,102.0,112.0,102.0],4.023555e-07],
[[120.0,40.0,120.0,40.0],6.0405e-09],
[[120.0,60.0,120.0,60.0],0.0],
[[120.0,80.0,120.0,80.0],2.260193e-07],
[[120.0,100.0,120.0,100.0],1.907021e-07],
[[122.0,102.0,122.0,102.0],4.636841e-07],
[[123.0,122.0,123.0,122.0],4.560347e-06],
[[125.0,122.0,125.0,122.0],3.485253e-06],
[[127.0,122.0,127.0,122.0],2.287655e-06],
[[130.0,50.0,130.0,50.0],5.862967e-08],
[[130.0,70.0,130.0,70.0],2.8199e-08],
[[130.0,90.0,130.0,90.0],1.615581e-07],
[[132.0,122.0,132.0,122.0],1.231914e-06],
[[140.0,60.0,140.0,60.0],4.883515e-09],
[[140.0,80.0,140.0,80.0],8.049706e-08],
[[140.0,100.0,140.0,100.0],9.791969e-08],
[[142.0,102.0,142.0,102.0],2.397313e-07],
[[142.0,122.0,142.0,122.0],5.032662e-07],
[[143.0,142.0,143.0,142.0],6.019883e-06],
[[145.0,142.0,145.0,142.0],5.269109e-06],
[[147.0,142.0,147.0,142.0],3.825723e-06],
[[150.0,70.0,150.0,70.0],2.346619e-07],
[[150.0,90.0,150.0,90.0],1.358642e-07],
[[152.0,142.0,152.0,142.0],2.251995e-06],
[[160.0,80.0,160.0,80.0],1.093764e-07],
[[160.0,100.0,160.0,100.0],1.393645e-07],
[[162.0,102.0,162.0,102.0],2.460924e-07],
[[162.0,122.0,162.0,122.0],3.863451e-07],
[[162.0,142.0,162.0,142.0],9.167554e-07],
[[163.0,162.0,163.0,162.0],6.803241e-06],
[[165.0,162.0,165.0,162.0],7.245143e-06],
[[167.0,162.0,167.0,162.0],5.317737e-06],
[[170.0,90.0,170.0,90.0],8.189257e-08],
[[172.0,162.0,172.0,162.0],2.670041e-06],
[[180.0,100.0,180.0,100.0],2.035434e-07],
[[182.0,102.0,182.0,102.0],1.97208e-07],
[[182.0,122.0,182.0,122.0],5.38766e-07],
[[182.0,142.0,182.0,142.0],9.95797e-07],
[[182.0,162.0,182.0,162.0],2.095574e-06],
[[183.0,182.0,183.0,182.0],9.389655e-06],
[[185.0,182.0,185.0,182.0],9.056026e-06],
[[187.0,182.0,187.0,182.0],1.486575e-05],
[[192.0,182.0,192.0,182.0],4.281088e-06],
[[202.0,122.0,202.0,122.0],4.494708e-07],
[[202.0,142.0,202.0,142.0],6.501135e-07],
[[202.0,162.0,202.0,162.0],9.464095e-07],
[[202.0,182.0,202.0,182.0],2.165067e-06],
[[203.0,202.0,203.0,202.0],1.223757e-05],
[[205.0,202.0,205.0,202.0],1.853022e-05],
[[207.0,202.0,207.0,202.0],9.67354e-06],
[[212.0,202.0,212.0,202.0],5.459591e-06],
[[222.0,142.0,222.0,142.0],6.265105e-07],
[[222.0,162.0,222.0,162.0],6.415494e-06],
[[222.0,182.0,222.0,182.0],2.470744e-06],
[[222.0,202.0,222.0,202.0],3.577372e-06],
[[223.0,222.0,223.0,222.0],1.474662e-05],
[[225.0,222.0,225.0,222.0],1.66653e-05],
[[227.0,222.0,227.0,222.0],1.404255e-05],
[[232.0,222.0,232.0,222.0],9.920666e-06],
[[242.0,162.0,242.0,162.0],1.383617e-06],
[[242.0,182.0,242.0,182.0],4.921661e-06],
[[242.0,202.0,242.0,202.0],2.229336e-06],
[[242.0,222.0,242.0,222.0],5.938951e-06],
[[243.0,242.0,243.0,242.0],1.753674e-05],
[[245.0,242.0,245.0,242.0],1.735436e-05],
[[247.0,242.0,247.0,242.0],1.736884e-05],
[[252.0,242.0,252.0,242.0],1.064306e-05],
[[262.0,182.0,262.0,182.0],1.369245e-06],
[[262.0,202.0,262.0,202.0],2.1261e-06],
[[262.0,222.0,262.0,222.0],2.82669e-06],
[[262.0,242.0,262.0,242.0],1.191268e-05],
[[263.0,262.0,263.0,262.0],2.339561e-05],
[[265.0,262.0,265.0,262.0],1.835571e-05],
[[267.0,262.0,267.0,262.0],2.365278e-05],
[[272.0,262.0,272.0,262.0],1.266626e-05],
[[282.0,202.0,282.0,202.0],2.198145e-06],
[[282.0,222.0,282.0,222.0],2.950621e-06],
[[282.0,242.0,282.0,242.0],6.719142e-06],
[[282.0,262.0,282.0,262.0],1.215191e-05],
[[283.0,282.0,283.0,282.0],2.303214e-05],
[[285.0,282.0,285.0,282.0],2.081396e-05],
[[287.0,282.0,287.0,282.0],2.073635e-05],
[[292.0,282.0,292.0,282.0],1.616576e-05],
[[302.0,222.0,302.0,222.0],2.814453e-06],
[[302.0,242.0,302.0,242.0],3.208292e-06],
[[302.0,262.0,302.0,262.0],7.604632e-06],
[[302.0,282.0,302.0,282.0],1.049326e-05],
[[303.0,302.0,303.0,302.0],2.441109e-05],
[[305.0,302.0,305.0,302.0],2.360219e-05],
[[307.0,302.0,307.0,302.0],2.915933e-05],
[[312.0,302.0,312.0,302.0],1.76808e-05],
[[322.0,242.0,322.0,242.0],3.318493e-06],
[[322.0,262.0,322.0,262.0],4.332386e-06],
[[322.0,282.0,322.0,282.0],6.51672e-06],
[[322.0,302.0,322.0,302.0],1.340206e-05],
[[323.0,322.0,323.0,322.0],2.927556e-05],
[[325.0,322.0,325.0,322.0],3.13524e-05],
[[327.0,322.0,327.0,322.0],2.61316e-05],
[[332.0,322.0,332.0,322.0],2.258042e-05],
[[342.0,262.0,342.0,262.0],4.11255e-06],
[[342.0,282.0,342.0,282.0],5.461741e-06],
[[342.0,302.0,342.0,302.0],1.054066e-05],
[[342.0,322.0,342.0,322.0],1.469718e-05],
[[343.0,342.0,343.0,342.0],3.897244e-05],
[[345.0,342.0,345.0,342.0],3.038112e-05],
[[347.0,342.0,347.0,342.0],3.027915e-05],
[[352.0,342.0,352.0,342.0],2.204971e-05],
[[362.0,282.0,362.0,282.0],4.794877e-06],
[[362.0,302.0,362.0,302.0],6.694311e-06],
[[362.0,322.0,362.0,322.0],9.563005e-06],
[[362.0,342.0,362.0,342.0],1.647098e-05],
[[363.0,362.0,363.0,362.0],3.396827e-05],
[[365.0,362.0,365.0,362.0],3.406184e-05],
[[367.0,362.0,367.0,362.0],3.077929e-05],
[[372.0,362.0,372.0,362.0],3.191241e-05],
[[382.0,302.0,382.0,302.0],6.918175e-06],
[[382.0,322.0,382.0,322.0],9.236869e-06],
[[382.0,342.0,382.0,342.0],1.159148e-05],
[[382.0,362.0,382.0,362.0],1.781157e-05],
[[383.0,382.0,383.0,382.0],3.924246e-05],
[[385.0,382.0,385.0,382.0],4.014156e-05],
[[387.0,382.0,387.0,382.0],3.650661e-05],
[[392.0,382.0,392.0,382.0],3.367357e-05],
[[402.0,322.0,402.0,322.0],6.373529e-06],
[[402.0,342.0,402.0,342.0],1.080763e-05],
[[402.0,362.0,402.0,362.0],1.439476e-05],
[[402.0,382.0,402.0,382.0],2.140024e-05],
[[403.0,402.0,403.0,402.0],4.1412e-05],
[[405.0,402.0,405.0,402.0],3.928144e-05],
[[407.0,402.0,407.0,402.0],3.800967e-05],
[[412.0,402.0,412.0,402.0],3.763543e-05],
[[422.0,342.0,422.0,342.0],9.387832e-06],
[[422.0,362.0,422.0,362.0],1.180903e-05],
[[422.0,382.0,422.0,382.0],1.280674e-05],
[[422.0,402.0,422.0,402.0],2.4975e-05],
[[442.0,362.0,442.0,362.0],1.085121e-05],
[[442.0,382.0,442.0,382.0],1.184621e-05],
[[442.0,402.0,442.0,402.0],1.545924e-05],
[[462.0,382.0,462.0,382.0],1.013113e-05],
[[462.0,402.0,462.0,402.0],1.372973e-05],
[[482.0,402.0,482.0,402.0],1.266176e-05],
[[503.0,502.0,503.0,502.0],5.366771e-05],
[[505.0,502.0,505.0,502.0],5.796837e-05],
[[507.0,502.0,507.0,502.0],5.5804e-05],
[[512.0,502.0,512.0,502.0],5.327833e-05],
[[522.0,502.0,522.0,502.0],3.883526e-05],
[[542.0,502.0,542.0,502.0],3.078887e-05],
[[562.0,502.0,562.0,502.0],2.24296e-05],
[[582.0,502.0,582.0,502.0],2.217768e-05],
[[603.0,602.0,603.0,602.0],6.807368e-05],
[[605.0,602.0,605.0,602.0],6.817216e-05],
[[607.0,602.0,607.0,602.0],6.937381e-05],
[[612.0,602.0,612.0,602.0],6.154989e-05],
[[622.0,602.0,622.0,602.0],5.484637e-05],
[[642.0,602.0,642.0,602.0],3.6755e-05],
[[662.0,602.0,662.0,602.0],3.496537e-05],
[[682.0,602.0,682.0,602.0],2.8694e-05],
[[703.0,702.0,703.0,702.0],7.859651e-05],
[[705.0,702.0,705.0,702.0],7.966049e-05],
[[707.0,702.0,707.0,702.0],8.317822e-05],
[[712.0,702.0,712.0,702.0],7.503056e-05],
[[722.0,702.0,722.0,702.0],7.028081e-05],
[[742.0,702.0,742.0,702.0],4.328186e-05],
[[762.0,702.0,762.0,702.0],4.26956e-05],
[[782.0,702.0,782.0,702.0],3.500075e-05],
[[803.0,802.0,803.0,802.0],9.268019e-05],
[[805.0,802.0,805.0,802.0],9.454503e-05],
[[807.0,802.0,807.0,802.0],8.736435e-05],
[[812.0,802.0,812.0,802.0],8.451279e-05],
[[822.0,802.0,822.0,802.0],7.29161e-05],
[[842.0,802.0,842.0,802.0],5.662134e-05],
[[862.0,802.0,862.0,802.0],4.502832e-05],
[[882.0,802.0,882.0,802.0],4.135129e-05],
[[903.0,902.0,903.0,902.0],9.89278e-05],
[[905.0,902.0,905.0,902.0],0.0001034249],
[[907.0,902.0,907.0,902.0],0.000102675],
[[912.0,902.0,912.0,902.0],9.649831e-05],
[[922.0,902.0,922.0,902.0],8.689811e-05],
[[942.0,902.0,942.0,902.0],6.830673e-05],
[[962.0,902.0,962.0,902.0],5.249241e-05],
[[982.0,902.0,982.0,902.0],5.194177e-05],
[[1003.0,1002.0,1003.0,1002.0],0.0001063291],
[[1005.0,1002.0,1005.0,1002.0],0.000104275],
[[1007.0,1002.0,1007.0,1002.0],0.0001016716],
[[1012.0,1002.0,1012.0,1002.0],0.0001117811],
[[1022.0,1002.0,1022.0,1002.0],9.516621e-05],
[[1042.0,1002.0,1042.0,1002.0],7.48229e-05],
[[1062.0,1002.0,1062.0,1002.0],6.244499e-05],
[[1082.0,1002.0,1082.0,1002.0],5.646747e-05],
[[1103.0,1102.0,1103.0,1102.0],0.000111191],
[[1105.0,1102.0,1105.0,1102.0],0.000111694],
[[1107.0,1102.0,1107.0,1102.0],0.0001167621],
[[1112.0,1102.0,1112.0,1102.0],0.0001110508],
[[1122.0,1102.0,1122.0,1102.0],9.849553e-05],
[[1142.0,1102.0,1142.0,1102.0],7.931954e-05],
[[1162.0,1102.0,1162.0,1102.0],6.709333e-05],
[[1182.0,1102.0,1182.0,1102.0],6.722996e-05],
[[1203.0,1202.0,1203.0,1202.0],0.0001169543],
[[1205.0,1202.0,1205.0,1202.0],0.000114783],
[[1207.0,1202.0,1207.0,1202.0],0.0001209859],
[[1212.0,1202.0,1212.0,1202.0],0.0001157577],
[[1222.0,1202.0,1222.0,1202.0],0.0001031319],
[[1242.0,1202.0,1242.0,1202.0],8.841766e-05],
[[1262.0,1202.0,1262.0,1202.0],7.28866e-05],
[[1282.0,1202.0,1282.0,1202.0],7.162875e-05],
[[1303.0,1302.0,1303.0,1302.0],0.0001238948],
[[1305.0,1302.0,1305.0,1302.0],0.0001139513],
[[1307.0,1302.0,1307.0,1302.0],0.0001277151],
[[1312.0,1302.0,1312.0,1302.0],0.0001210557],
[[1322.0,1302.0,1322.0,1302.0],0.0001151108],
[[1342.0,1302.0,1342.0,1302.0],9.02399e-05],
[[1362.0,1302.0,1362.0,1302.0],7.94725e-05],
[[1382.0,1302.0,1382.0,1302.0],7.491347e-05],
[[1403.0,1402.0,1403.0,1402.0],0.0001201939],
[[1405.0,1402.0,1405.0,1402.0],0.0001337317],
[[1407.0,1402.0,1407.0,1402.0],0.0001224107],
[[1412.0,1402.0,1412.0,1402.0],0.0001231567],
[[1422.0,1402.0,1422.0,1402.0],0.0001119987],
[[1442.0,1402.0,1442.0,1402.0],9.499995e-05],
[[1462.0,1402.0,1462.0,1402.0],7.873839e-05],
[[1482.0,1402.0,1482.0,1402.0],7.564492e-05],
[[1503.0,1502.0,1503.0,1502.0],0.0001301381],
[[1505.0,1502.0,1505.0,1502.0],0.0001269459],
[[1507.0,1502.0,1507.0,1502.0],0.0001249664],
[[1512.0,1502.0,1512.0,1502.0],0.000126434],
[[1522.0,1502.0,1522.0,1502.0],0.0001137798],
[[1542.0,1502.0,1542.0,1502.0],9.705554e-05],
[[1562.0,1502.0,1562.0,1502.0],8.295901e-05],
[[1582.0,1502.0,1582.0,1502.0],7.816645e-05],
[[1603.0,1602.0,1603.0,1602.0],0.0001268034],
[[1605.0,1602.0,1605.0,1602.0],0.000130092],
[[1607.0,1602.0,1607.0,1602.0],0.0001285547],
[[1612.0,1602.0,1612.0,1602.0],0.0001260598],
[[1622.0,1602.0,1622.0,1602.0],0.000120555],
[[1642.0,1602.0,1642.0,1602.0],9.724827e-05],
[[1662.0,1602.0,1662.0,1602.0],8.475591e-05],
[[1682.0,1602.0,1682.0,1602.0],8.965976e-05],
[[1703.0,1702.0,1703.0,1702.0],0.0001306058],
[[1705.0,1702.0,1705.0,1702.0],0.0001217605],
[[1707.0,1702.0,1707.0,1702.0],0.0001239354],
[[1712.0,1702.0,1712.0,1702.0],0.0001277345],
[[1722.0,1702.0,1722.0,1702.0],0.0001156298],
[[1742.0,1702.0,1742.0,1702.0],0.0001019549],
[[1762.0,1702.0,1762.0,1702.0],8.844624e-05],
[[1782.0,1702.0,1782.0,1702.0],8.057812e-05],
[[1803.0,1802.0,1803.0,1802.0],0.0001316074],
[[1805.0,1802.0,1805.0,1802.0],0.0001346081],
[[1807.0,1802.0,1807.0,1802.0],0.0001308466],
[[1812.0,1802.0,1812.0,1802.0],0.0001321738],
[[1822.0,1802.0,1822.0,1802.0],0.0001208324],
[[1842.0,1802.0,1842.0,1802.0],0.0001060555],
[[1862.0,1802.0,1862.0,1802.0],9.204898e-05],
[[1882.0,1802.0,1882.0,1802.0],8.19533e-05],
[[1903.0,1902.0,1903.0,1902.0],0.0001236421],
[[1905.0,1902.0,1905.0,1902.0],0.000123544],
[[1907.0,1902.0,1907.0,1902.0],0.0001307842],
[[1912.0,1902.0,1912.0,1902.0],0.0001323687],
[[1922.0,1902.0,1922.0,1902.0],0.0001204868],
[[1942.0,1902.0,1942.0,1902.0],9.81922e-05],
[[1962.0,1902.0,1962.0,1902.0],9.034968e-05],
[[1982.0,1902.0,1982.0,1902.0],8.063251e-05],
[[2003.0,2002.0,2003.0,2002.0],0.0001321012],
[[2005.0,2002.0,2005.0,2002.0],0.0001322808],
[[2007.0,2002.0,2007.0,2002.0],0.0001307512],
[[2012.0,2002.0,2012.0,2002.0],0.0001325114],
[[2022.0,2002.0,2022.0,2002.0],0.0001309948],
[[2042.0,2002.0,2042.0,2002.0],0.0001009513],
[[2062.0,2002.0,2062.0,2002.0],9.385166e-05],
[[2082.0,2002.0,2082.0,2002.0],8.795777e-05]]
