txName: TChiISR
constraint: {(PV > MET(1), MET(2))}
condition: None
conditionDescription: None
figureUrl: None
source: Recast by MA5
validated: True
axesMap: [{0: 'x', 1: 'y'}]
dataMap: {0: (1, 'mass', GeV), 1: (2, 'mass', GeV)}
finalState: ['MET', 'MET']
efficiencyMap: [[[1.0,10.0],4.515281e-08],
[[1.0,20.0],4.156125e-08],
[[1.0,30.0],5.001793e-07],
[[1.0,40.0],4.341058e-08],
[[1.0,50.0],2.017488e-07],
[[1.0,60.0],2.713984e-07],
[[5.0,10.0],7.114113e-08],
[[7.0,10.0],1.027899e-07],
[[9.0,10.0],3.691811e-08],
[[10.0,1.0],4.515281e-08],
[[10.0,5.0],7.114113e-08],
[[10.0,7.0],1.027899e-07],
[[10.0,9.0],3.691811e-08],
[[10.0,10.0],2.608093e-06],
[[12.0,62.0],1.102169e-07],
[[12.0,72.0],6.444858e-08],
[[12.0,82.0],7.517832e-07],
[[12.0,92.0],6.626548e-07],
[[12.0,102.0],1.014733e-06],
[[12.0,212.0],6.185922e-06],
[[12.0,312.0],1.325433e-05],
[[15.0,20.0],6.025879e-08],
[[17.0,20.0],3.616993e-08],
[[19.0,20.0],7.655991e-07],
[[20.0,1.0],4.156125e-08],
[[20.0,15.0],6.025879e-08],
[[20.0,17.0],3.616993e-08],
[[20.0,19.0],7.655991e-07],
[[20.0,20.0],4.372026e-08],
[[20.0,30.0],9.565152e-08],
[[20.0,40.0],5.807117e-07],
[[20.0,50.0],4.801278e-08],
[[20.0,60.0],2.007027e-07],
[[25.0,30.0],9.477595e-08],
[[27.0,30.0],5.311473e-08],
[[29.0,30.0],4.282941e-08],
[[30.0,1.0],5.001793e-07],
[[30.0,20.0],9.565152e-08],
[[30.0,25.0],9.477595e-08],
[[30.0,27.0],5.311473e-08],
[[30.0,29.0],4.282941e-08],
[[30.0,30.0],1.939279e-07],
[[30.0,40.0],4.106215e-08],
[[30.0,50.0],1.312111e-07],
[[30.0,60.0],2.81111e-07],
[[32.0,62.0],3.638744e-07],
[[32.0,72.0],7.774837e-07],
[[32.0,82.0],9.855736e-07],
[[32.0,92.0],1.07994e-06],
[[32.0,102.0],1.276877e-06],
[[32.0,112.0],1.961846e-06],
[[32.0,122.0],1.990346e-06],
[[32.0,232.0],1.003424e-05],
[[32.0,332.0],1.899086e-05],
[[35.0,40.0],2.156827e-07],
[[37.0,40.0],4.091619e-08],
[[39.0,40.0],1.420239e-07],
[[40.0,1.0],4.341058e-08],
[[40.0,20.0],5.807117e-07],
[[40.0,30.0],4.106215e-08],
[[40.0,35.0],2.156827e-07],
[[40.0,37.0],4.091619e-08],
[[40.0,39.0],1.420239e-07],
[[40.0,40.0],4.499943e-07],
[[40.0,50.0],2.12507e-07],
[[40.0,60.0],7.271281e-07],
[[45.0,50.0],2.900333e-07],
[[47.0,50.0],4.96307e-07],
[[49.0,50.0],7.019205e-07],
[[50.0,1.0],2.017488e-07],
[[50.0,20.0],4.801278e-08],
[[50.0,30.0],1.312111e-07],
[[50.0,40.0],2.12507e-07],
[[50.0,45.0],2.900333e-07],
[[50.0,47.0],4.96307e-07],
[[50.0,49.0],7.019205e-07],
[[50.0,50.0],4.497902e-07],
[[50.0,60.0],9.035901e-07],
[[52.0,62.0],1.114635e-06],
[[52.0,67.0],1.466548e-06],
[[52.0,72.0],1.852988e-06],
[[52.0,82.0],2.04578e-06],
[[52.0,92.0],4.307669e-06],
[[52.0,102.0],2.425286e-06],
[[52.0,112.0],3.621012e-06],
[[52.0,122.0],3.077632e-06],
[[52.0,132.0],6.162569e-06],
[[52.0,142.0],4.25934e-06],
[[52.0,252.0],1.326495e-05],
[[52.0,352.0],2.038055e-05],
[[55.0,60.0],9.9439e-07],
[[57.0,60.0],1.166345e-06],
[[59.0,60.0],1.05142e-06],
[[60.0,1.0],2.713984e-07],
[[60.0,20.0],2.007027e-07],
[[60.0,30.0],2.81111e-07],
[[60.0,40.0],7.271281e-07],
[[60.0,50.0],9.035901e-07],
[[60.0,55.0],9.9439e-07],
[[60.0,57.0],1.166345e-06],
[[60.0,59.0],1.05142e-06],
[[60.0,60.0],1.26457e-06],
[[62.0,12.0],1.102169e-07],
[[62.0,32.0],3.638744e-07],
[[62.0,52.0],1.114635e-06],
[[67.0,52.0],1.466548e-06],
[[72.0,12.0],6.444858e-08],
[[72.0,32.0],7.774837e-07],
[[72.0,52.0],1.852988e-06],
[[72.0,72.0],2.334515e-06],
[[72.0,75.0],1.984235e-06],
[[72.0,77.0],2.926833e-06],
[[72.0,82.0],2.357408e-06],
[[72.0,87.0],2.414673e-06],
[[72.0,92.0],3.138768e-06],
[[72.0,102.0],4.678397e-06],
[[72.0,112.0],4.290531e-06],
[[72.0,122.0],4.086566e-06],
[[72.0,132.0],4.963593e-06],
[[72.0,142.0],4.443496e-06],
[[72.0,152.0],6.280924e-06],
[[72.0,162.0],7.788038e-06],
[[72.0,272.0],1.365939e-05],
[[72.0,372.0],2.59886e-05],
[[75.0,72.0],1.984235e-06],
[[77.0,72.0],2.926833e-06],
[[82.0,12.0],7.517832e-07],
[[82.0,32.0],9.855736e-07],
[[82.0,52.0],2.04578e-06],
[[82.0,72.0],2.357408e-06],
[[87.0,72.0],2.414673e-06],
[[92.0,12.0],6.626548e-07],
[[92.0,32.0],1.07994e-06],
[[92.0,52.0],4.307669e-06],
[[92.0,72.0],3.138768e-06],
[[92.0,92.0],3.614207e-06],
[[92.0,95.0],4.078812e-06],
[[92.0,97.0],3.889319e-06],
[[92.0,102.0],3.722415e-06],
[[92.0,107.0],4.66275e-06],
[[92.0,112.0],5.35371e-06],
[[92.0,122.0],6.916517e-06],
[[92.0,132.0],5.870249e-06],
[[92.0,142.0],7.760011e-06],
[[92.0,152.0],1.35794e-05],
[[92.0,162.0],7.994297e-06],
[[92.0,172.0],9.298075e-06],
[[92.0,182.0],1.493818e-05],
[[92.0,292.0],1.883172e-05],
[[92.0,392.0],2.43627e-05],
[[95.0,92.0],4.078812e-06],
[[97.0,92.0],3.889319e-06],
[[102.0,12.0],1.014733e-06],
[[102.0,32.0],1.276877e-06],
[[102.0,52.0],2.425286e-06],
[[102.0,72.0],4.678397e-06],
[[102.0,92.0],3.722415e-06],
[[102.0,102.0],5.314022e-06],
[[102.0,105.0],5.039321e-06],
[[102.0,107.0],4.601146e-06],
[[102.0,112.0],6.480182e-06],
[[102.0,117.0],6.16415e-06],
[[102.0,122.0],6.770535e-06],
[[102.0,132.0],5.889825e-06],
[[102.0,142.0],8.160281e-06],
[[102.0,152.0],1.45002e-05],
[[102.0,162.0],1.15278e-05],
[[102.0,172.0],8.856339e-06],
[[102.0,182.0],8.627228e-06],
[[102.0,192.0],9.979718e-06],
[[102.0,302.0],1.876756e-05],
[[102.0,402.0],3.017669e-05],
[[105.0,102.0],5.039321e-06],
[[107.0,92.0],4.66275e-06],
[[107.0,102.0],4.601146e-06],
[[112.0,32.0],1.961846e-06],
[[112.0,52.0],3.621012e-06],
[[112.0,72.0],4.290531e-06],
[[112.0,92.0],5.35371e-06],
[[112.0,102.0],6.480182e-06],
[[117.0,102.0],6.16415e-06],
[[122.0,32.0],1.990346e-06],
[[122.0,52.0],3.077632e-06],
[[122.0,72.0],4.086566e-06],
[[122.0,92.0],6.916517e-06],
[[122.0,102.0],6.770535e-06],
[[132.0,52.0],6.162569e-06],
[[132.0,72.0],4.963593e-06],
[[132.0,92.0],5.870249e-06],
[[132.0,102.0],5.889825e-06],
[[142.0,52.0],4.25934e-06],
[[142.0,72.0],4.443496e-06],
[[142.0,92.0],7.760011e-06],
[[142.0,102.0],8.160281e-06],
[[152.0,72.0],6.280924e-06],
[[152.0,92.0],1.35794e-05],
[[152.0,102.0],1.45002e-05],
[[152.0,152.0],1.518399e-05],
[[152.0,155.0],1.005655e-05],
[[152.0,157.0],1.17861e-05],
[[152.0,162.0],1.18331e-05],
[[152.0,167.0],1.203601e-05],
[[152.0,172.0],2.133017e-05],
[[152.0,182.0],1.471053e-05],
[[152.0,192.0],1.805273e-05],
[[152.0,202.0],1.584999e-05],
[[152.0,212.0],1.545696e-05],
[[152.0,222.0],1.833559e-05],
[[152.0,232.0],1.901156e-05],
[[152.0,242.0],2.152904e-05],
[[152.0,352.0],3.137801e-05],
[[152.0,452.0],3.71996e-05],
[[155.0,152.0],1.005655e-05],
[[157.0,152.0],1.17861e-05],
[[162.0,72.0],7.788038e-06],
[[162.0,92.0],7.994297e-06],
[[162.0,102.0],1.15278e-05],
[[162.0,152.0],1.18331e-05],
[[167.0,152.0],1.203601e-05],
[[172.0,92.0],9.298075e-06],
[[172.0,102.0],8.856339e-06],
[[172.0,152.0],2.133017e-05],
[[182.0,92.0],1.493818e-05],
[[182.0,102.0],8.627228e-06],
[[182.0,152.0],1.471053e-05],
[[192.0,102.0],9.979718e-06],
[[192.0,152.0],1.805273e-05],
[[202.0,152.0],1.584999e-05],
[[202.0,202.0],2.303402e-05],
[[202.0,205.0],1.971316e-05],
[[202.0,207.0],1.898865e-05],
[[202.0,212.0],1.803208e-05],
[[202.0,217.0],1.905918e-05],
[[202.0,222.0],2.056096e-05],
[[202.0,232.0],1.978542e-05],
[[202.0,242.0],2.167156e-05],
[[202.0,252.0],2.346687e-05],
[[202.0,262.0],3.085533e-05],
[[202.0,272.0],2.431957e-05],
[[202.0,282.0],2.922629e-05],
[[202.0,402.0],3.403561e-05],
[[202.0,502.0],4.724788e-05],
[[205.0,202.0],1.971316e-05],
[[207.0,202.0],1.898865e-05],
[[212.0,12.0],6.185922e-06],
[[212.0,152.0],1.545696e-05],
[[212.0,202.0],1.803208e-05],
[[217.0,202.0],1.905918e-05],
[[222.0,152.0],1.833559e-05],
[[222.0,202.0],2.056096e-05],
[[232.0,32.0],1.003424e-05],
[[232.0,152.0],1.901156e-05],
[[232.0,202.0],1.978542e-05],
[[242.0,152.0],2.152904e-05],
[[242.0,202.0],2.167156e-05],
[[252.0,52.0],1.326495e-05],
[[252.0,202.0],2.346687e-05],
[[252.0,252.0],2.664354e-05],
[[252.0,255.0],2.886059e-05],
[[252.0,257.0],2.967279e-05],
[[252.0,262.0],3.272485e-05],
[[252.0,267.0],2.712859e-05],
[[252.0,272.0],2.732191e-05],
[[252.0,282.0],2.90169e-05],
[[252.0,292.0],3.041293e-05],
[[252.0,302.0],3.031149e-05],
[[252.0,312.0],2.878141e-05],
[[252.0,322.0],3.737546e-05],
[[252.0,332.0],3.974382e-05],
[[252.0,342.0],3.303449e-05],
[[252.0,452.0],4.698725e-05],
[[252.0,552.0],5.079605e-05],
[[255.0,252.0],2.886059e-05],
[[257.0,252.0],2.967279e-05],
[[262.0,202.0],3.085533e-05],
[[262.0,252.0],3.272485e-05],
[[267.0,252.0],2.712859e-05],
[[272.0,72.0],1.365939e-05],
[[272.0,202.0],2.431957e-05],
[[272.0,252.0],2.732191e-05],
[[282.0,202.0],2.922629e-05],
[[282.0,252.0],2.90169e-05],
[[292.0,92.0],1.883172e-05],
[[292.0,252.0],3.041293e-05],
[[302.0,102.0],1.876756e-05],
[[302.0,252.0],3.031149e-05],
[[302.0,302.0],3.772908e-05],
[[302.0,305.0],3.855495e-05],
[[302.0,307.0],3.556037e-05],
[[302.0,312.0],3.802361e-05],
[[302.0,317.0],3.758465e-05],
[[302.0,322.0],3.855521e-05],
[[302.0,332.0],4.074295e-05],
[[302.0,342.0],4.42734e-05],
[[302.0,352.0],4.055797e-05],
[[302.0,362.0],4.470649e-05],
[[302.0,372.0],4.428978e-05],
[[302.0,382.0],4.301288e-05],
[[302.0,392.0],4.237637e-05],
[[302.0,502.0],4.923653e-05],
[[302.0,602.0],5.721349e-05],
[[305.0,302.0],3.855495e-05],
[[307.0,302.0],3.556037e-05],
[[312.0,12.0],1.325433e-05],
[[312.0,252.0],2.878141e-05],
[[312.0,302.0],3.802361e-05],
[[317.0,302.0],3.758465e-05],
[[322.0,252.0],3.737546e-05],
[[322.0,302.0],3.855521e-05],
[[332.0,32.0],1.899086e-05],
[[332.0,252.0],3.974382e-05],
[[332.0,302.0],4.074295e-05],
[[342.0,252.0],3.303449e-05],
[[342.0,302.0],4.42734e-05],
[[352.0,52.0],2.038055e-05],
[[352.0,152.0],3.137801e-05],
[[352.0,302.0],4.055797e-05],
[[352.0,352.0],4.638547e-05],
[[352.0,355.0],4.186555e-05],
[[352.0,357.0],4.566296e-05],
[[352.0,362.0],4.763997e-05],
[[352.0,367.0],4.106421e-05],
[[352.0,372.0],5.362725e-05],
[[352.0,382.0],4.157459e-05],
[[352.0,392.0],4.793004e-05],
[[352.0,402.0],4.911678e-05],
[[352.0,412.0],5.211468e-05],
[[352.0,422.0],5.148322e-05],
[[352.0,432.0],4.995223e-05],
[[352.0,442.0],5.586588e-05],
[[352.0,552.0],6.161361e-05],
[[352.0,652.0],7.271904e-05],
[[355.0,352.0],4.186555e-05],
[[357.0,352.0],4.566296e-05],
[[362.0,302.0],4.470649e-05],
[[362.0,352.0],4.763997e-05],
[[367.0,352.0],4.106421e-05],
[[372.0,72.0],2.59886e-05],
[[372.0,302.0],4.428978e-05],
[[372.0,352.0],5.362725e-05],
[[382.0,302.0],4.301288e-05],
[[382.0,352.0],4.157459e-05],
[[392.0,92.0],2.43627e-05],
[[392.0,302.0],4.237637e-05],
[[392.0,352.0],4.793004e-05],
[[402.0,102.0],3.017669e-05],
[[402.0,202.0],3.403561e-05],
[[402.0,352.0],4.911678e-05],
[[402.0,402.0],4.933875e-05],
[[402.0,405.0],5.347543e-05],
[[402.0,407.0],5.354174e-05],
[[402.0,412.0],5.608091e-05],
[[402.0,417.0],5.026763e-05],
[[402.0,422.0],5.114564e-05],
[[402.0,432.0],5.119046e-05],
[[402.0,442.0],5.425559e-05],
[[402.0,452.0],5.642623e-05],
[[402.0,462.0],5.54293e-05],
[[402.0,472.0],5.719025e-05],
[[402.0,482.0],5.812511e-05],
[[402.0,492.0],6.145986e-05],
[[402.0,602.0],6.586429e-05],
[[402.0,702.0],7.006938e-05],
[[405.0,402.0],5.347543e-05],
[[407.0,402.0],5.354174e-05],
[[412.0,352.0],5.211468e-05],
[[412.0,402.0],5.608091e-05],
[[417.0,402.0],5.026763e-05],
[[422.0,352.0],5.148322e-05],
[[422.0,402.0],5.114564e-05],
[[432.0,352.0],4.995223e-05],
[[432.0,402.0],5.119046e-05],
[[442.0,352.0],5.586588e-05],
[[442.0,402.0],5.425559e-05],
[[452.0,152.0],3.71996e-05],
[[452.0,252.0],4.698725e-05],
[[452.0,402.0],5.642623e-05],
[[462.0,402.0],5.54293e-05],
[[472.0,402.0],5.719025e-05],
[[482.0,402.0],5.812511e-05],
[[492.0,402.0],6.145986e-05],
[[502.0,202.0],4.724788e-05],
[[502.0,302.0],4.923653e-05],
[[552.0,252.0],5.079605e-05],
[[552.0,352.0],6.161361e-05],
[[602.0,302.0],5.721349e-05],
[[602.0,402.0],6.586429e-05],
[[602.0,602.0],8.849913e-05],
[[602.0,605.0],8.591745e-05],
[[602.0,607.0],8.063931e-05],
[[602.0,612.0],7.890686e-05],
[[602.0,617.0],8.189543e-05],
[[602.0,622.0],8.195866e-05],
[[602.0,632.0],8.680011e-05],
[[602.0,642.0],8.797301e-05],
[[602.0,652.0],8.234569e-05],
[[602.0,662.0],8.352632e-05],
[[602.0,672.0],8.801265e-05],
[[602.0,682.0],8.018869e-05],
[[602.0,692.0],8.702586e-05],
[[602.0,802.0],8.681269e-05],
[[602.0,902.0],9.410566e-05],
[[605.0,602.0],8.591745e-05],
[[607.0,602.0],8.063931e-05],
[[612.0,602.0],7.890686e-05],
[[617.0,602.0],8.189543e-05],
[[622.0,602.0],8.195866e-05],
[[632.0,602.0],8.680011e-05],
[[642.0,602.0],8.797301e-05],
[[652.0,352.0],7.271904e-05],
[[652.0,602.0],8.234569e-05],
[[662.0,602.0],8.352632e-05],
[[672.0,602.0],8.801265e-05],
[[682.0,602.0],8.018869e-05],
[[692.0,602.0],8.702586e-05],
[[702.0,402.0],7.006938e-05],
[[802.0,602.0],8.681269e-05],
[[802.0,802.0],0.0001023152],
[[802.0,805.0],9.699121e-05],
[[802.0,807.0],9.759651e-05],
[[802.0,812.0],9.9986e-05],
[[802.0,817.0],0.000107138],
[[802.0,822.0],9.911894e-05],
[[802.0,832.0],0.0001026418],
[[802.0,842.0],0.0001089464],
[[802.0,852.0],9.915189e-05],
[[802.0,862.0],0.0001003468],
[[802.0,872.0],9.977697e-05],
[[802.0,882.0],0.0001011513],
[[802.0,892.0],0.0001049143],
[[802.0,1002.0],0.0001086621],
[[802.0,1102.0],0.0001101357],
[[805.0,802.0],9.699121e-05],
[[807.0,802.0],9.759651e-05],
[[812.0,802.0],9.9986e-05],
[[817.0,802.0],0.000107138],
[[822.0,802.0],9.911894e-05],
[[832.0,802.0],0.0001026418],
[[842.0,802.0],0.0001089464],
[[852.0,802.0],9.915189e-05],
[[862.0,802.0],0.0001003468],
[[872.0,802.0],9.977697e-05],
[[882.0,802.0],0.0001011513],
[[892.0,802.0],0.0001049143],
[[902.0,602.0],9.410566e-05],
[[1002.0,802.0],0.0001086621],
[[1002.0,1002.0],0.0001140934],
[[1002.0,1005.0],0.0001138686],
[[1002.0,1007.0],0.0001153137],
[[1002.0,1012.0],0.0001152197],
[[1002.0,1017.0],0.0001116468],
[[1002.0,1022.0],0.000119799],
[[1002.0,1032.0],0.0001153084],
[[1002.0,1042.0],0.000112227],
[[1002.0,1052.0],0.0001139056],
[[1002.0,1062.0],0.0001152055],
[[1002.0,1072.0],0.0001191136],
[[1002.0,1082.0],0.0001202896],
[[1002.0,1092.0],0.0001141628],
[[1002.0,1202.0],0.0001157728],
[[1002.0,1302.0],0.0001167295],
[[1005.0,1002.0],0.0001138686],
[[1007.0,1002.0],0.0001153137],
[[1012.0,1002.0],0.0001152197],
[[1017.0,1002.0],0.0001116468],
[[1022.0,1002.0],0.000119799],
[[1032.0,1002.0],0.0001153084],
[[1042.0,1002.0],0.000112227],
[[1052.0,1002.0],0.0001139056],
[[1062.0,1002.0],0.0001152055],
[[1072.0,1002.0],0.0001191136],
[[1082.0,1002.0],0.0001202896],
[[1092.0,1002.0],0.0001141628],
[[1102.0,802.0],0.0001101357],
[[1202.0,1002.0],0.0001157728],
[[1202.0,1202.0],0.0001206625],
[[1202.0,1205.0],0.0001189465],
[[1202.0,1207.0],0.0001204242],
[[1202.0,1212.0],0.0001227169],
[[1202.0,1217.0],0.0001298062],
[[1202.0,1222.0],0.0001176991],
[[1202.0,1232.0],0.0001180939],
[[1202.0,1242.0],0.0001261523],
[[1202.0,1252.0],0.0001243415],
[[1202.0,1262.0],0.0001158745],
[[1202.0,1272.0],0.0001191764],
[[1202.0,1282.0],0.0001230698],
[[1202.0,1292.0],0.0001255287],
[[1202.0,1402.0],0.0001250901],
[[1202.0,1502.0],0.0001268327],
[[1205.0,1202.0],0.0001189465],
[[1207.0,1202.0],0.0001204242],
[[1212.0,1202.0],0.0001227169],
[[1217.0,1202.0],0.0001298062],
[[1222.0,1202.0],0.0001176991],
[[1232.0,1202.0],0.0001180939],
[[1242.0,1202.0],0.0001261523],
[[1252.0,1202.0],0.0001243415],
[[1262.0,1202.0],0.0001158745],
[[1272.0,1202.0],0.0001191764],
[[1282.0,1202.0],0.0001230698],
[[1292.0,1202.0],0.0001255287],
[[1302.0,1002.0],0.0001167295],
[[1402.0,1202.0],0.0001250901],
[[1402.0,1402.0],0.0001234937],
[[1402.0,1405.0],0.0001309042],
[[1402.0,1407.0],0.0001258517],
[[1402.0,1412.0],0.0001300571],
[[1402.0,1417.0],0.0001241069],
[[1402.0,1422.0],0.000129969],
[[1402.0,1432.0],0.0001308464],
[[1402.0,1442.0],0.0001274976],
[[1402.0,1452.0],0.0001301172],
[[1402.0,1462.0],0.0001344603],
[[1402.0,1472.0],0.0001279843],
[[1402.0,1482.0],0.0001304132],
[[1402.0,1492.0],0.000130763],
[[1402.0,1602.0],0.0001303079],
[[1402.0,1702.0],0.0001236432],
[[1405.0,1402.0],0.0001309042],
[[1407.0,1402.0],0.0001258517],
[[1412.0,1402.0],0.0001300571],
[[1417.0,1402.0],0.0001241069],
[[1422.0,1402.0],0.000129969],
[[1432.0,1402.0],0.0001308464],
[[1442.0,1402.0],0.0001274976],
[[1452.0,1402.0],0.0001301172],
[[1462.0,1402.0],0.0001344603],
[[1472.0,1402.0],0.0001279843],
[[1482.0,1402.0],0.0001304132],
[[1492.0,1402.0],0.000130763],
[[1502.0,1202.0],0.0001268327],
[[1602.0,1402.0],0.0001303079],
[[1602.0,1602.0],0.000133666],
[[1602.0,1605.0],0.0001288576],
[[1602.0,1607.0],0.000127963],
[[1602.0,1612.0],0.000128013],
[[1602.0,1617.0],0.000129612],
[[1602.0,1622.0],0.0001291341],
[[1602.0,1632.0],0.0001292807],
[[1602.0,1642.0],0.0001263156],
[[1602.0,1652.0],0.0001357304],
[[1602.0,1662.0],0.0001345407],
[[1602.0,1672.0],0.0001248938],
[[1602.0,1682.0],0.0001358306],
[[1602.0,1692.0],0.0001323513],
[[1602.0,1802.0],0.00013037],
[[1602.0,1902.0],0.0001318137],
[[1605.0,1602.0],0.0001288576],
[[1607.0,1602.0],0.000127963],
[[1612.0,1602.0],0.000128013],
[[1617.0,1602.0],0.000129612],
[[1622.0,1602.0],0.0001291341],
[[1632.0,1602.0],0.0001292807],
[[1642.0,1602.0],0.0001263156],
[[1652.0,1602.0],0.0001357304],
[[1662.0,1602.0],0.0001345407],
[[1672.0,1602.0],0.0001248938],
[[1682.0,1602.0],0.0001358306],
[[1692.0,1602.0],0.0001323513],
[[1702.0,1402.0],0.0001236432],
[[1802.0,1602.0],0.00013037],
[[1802.0,1802.0],0.0001341524],
[[1802.0,1805.0],0.0001269394],
[[1802.0,1807.0],0.0001326917],
[[1802.0,1812.0],0.0001371395],
[[1802.0,1817.0],0.0001312114],
[[1802.0,1822.0],0.000133397],
[[1802.0,1832.0],0.0001286281],
[[1802.0,1842.0],0.0001312416],
[[1802.0,1852.0],0.0001304656],
[[1802.0,1862.0],0.0001270756],
[[1802.0,1872.0],0.0001292637],
[[1802.0,1882.0],0.0001279196],
[[1802.0,1892.0],0.0001292741],
[[1802.0,2002.0],0.000133174],
[[1802.0,2102.0],0.0001303749],
[[1805.0,1802.0],0.0001269394],
[[1807.0,1802.0],0.0001326917],
[[1812.0,1802.0],0.0001371395],
[[1817.0,1802.0],0.0001312114],
[[1822.0,1802.0],0.000133397],
[[1832.0,1802.0],0.0001286281],
[[1842.0,1802.0],0.0001312416],
[[1852.0,1802.0],0.0001304656],
[[1862.0,1802.0],0.0001270756],
[[1872.0,1802.0],0.0001292637],
[[1882.0,1802.0],0.0001279196],
[[1892.0,1802.0],0.0001292741],
[[1902.0,1602.0],0.0001318137],
[[2002.0,1802.0],0.000133174],
[[2002.0,2002.0],0.0001246674],
[[2002.0,2005.0],0.0001405651],
[[2002.0,2007.0],0.0001279533],
[[2002.0,2012.0],0.0001236193],
[[2002.0,2017.0],0.0001275646],
[[2002.0,2022.0],0.00013274],
[[2002.0,2032.0],0.0001282746],
[[2002.0,2042.0],0.0001280089],
[[2002.0,2052.0],0.0001328359],
[[2002.0,2062.0],0.000126645],
[[2002.0,2072.0],0.0001207121],
[[2002.0,2082.0],0.0001274265],
[[2002.0,2092.0],0.0001245965],
[[2002.0,2202.0],0.0001347558],
[[2002.0,2302.0],0.0001275072],
[[2005.0,2002.0],0.0001405651],
[[2007.0,2002.0],0.0001279533],
[[2012.0,2002.0],0.0001236193],
[[2017.0,2002.0],0.0001275646],
[[2022.0,2002.0],0.00013274],
[[2032.0,2002.0],0.0001282746],
[[2042.0,2002.0],0.0001280089],
[[2052.0,2002.0],0.0001328359],
[[2062.0,2002.0],0.000126645],
[[2072.0,2002.0],0.0001207121],
[[2082.0,2002.0],0.0001274265],
[[2092.0,2002.0],0.0001245965],
[[2102.0,1802.0],0.0001303749],
[[2202.0,2002.0],0.0001347558],
[[2302.0,2002.0],0.0001275072]]
