txName: TRV1nunu
constraint: {(PV > Zprime(1)), (Zprime(1) > nu,nu)}
condition: None
conditionDescription: None
figureUrl: None
source: CMS
validated: N/A
axesMap: [{0: 'x'}]
dataMap: {0: (1, 'mass', GeV)}
finalState: ['MET', 'MET']
efficiencyMap: [[[50.0],7.414232e-09],
[[100.0],9.884361e-08],
[[150.0],4.704888e-07],
[[200.0],1.051452e-06],
[[250.0],2.081943e-06],
[[300.0],4.241512e-06],
[[350.0],7.498353e-06],
[[400.0],1.048363e-05],
[[450.0],1.420909e-05],
[[500.0],1.777663e-05],
[[550.0],2.185993e-05],
[[600.0],2.830551e-05],
[[650.0],3.410391e-05],
[[700.0],3.761869e-05],
[[750.0],4.616375e-05],
[[800.0],5.127007e-05],
[[850.0],5.342534e-05],
[[900.0],6.860314e-05],
[[950.0],6.688104e-05],
[[1000.0],9.246927e-05],
[[1050.0],8.607948e-05],
[[1100.0],9.780399e-05],
[[1150.0],0.0001049323],
[[1200.0],0.0001223693],
[[1250.0],0.000123806],
[[1300.0],0.0001233722],
[[1350.0],0.0001390241],
[[1400.0],0.0001417328],
[[1450.0],0.0001402073],
[[1500.0],0.0001499128],
[[1550.0],0.0001667661],
[[1600.0],0.0001812132],
[[1650.0],0.0001732758],
[[1700.0],0.0001689032],
[[1750.0],0.0001712254],
[[1800.0],0.0001602357],
[[1850.0],0.0001954014],
[[1900.0],0.0001865583],
[[1950.0],0.0001819218],
[[2000.0],0.0002272186],
[[2250.0],0.0002544974],
[[2500.0],0.0002809332],
[[2750.0],0.0002728368],
[[3000.0],0.0002729522]]
