txName: TChiZISRll
constraint: {(PV > anyBSM(1), MET(3)), (anyBSM(1) > l+,l-,MET(2))}
condition: None
conditionDescription: None
figureUrl: None
source: Recast by MA5
validated: True
axesMap: [{0: 'x', 1: 'y', 2: 'y'}]
dataMap: {0: (1, 'mass', GeV), 1: (2, 'mass', GeV), 2: (3, 'mass', GeV)}
finalState: ['MET', 'MET']
efficiencyMap: [[[10.0,1.0,1.0],3.433437e-07],
[[10.0,5.0,5.0],1.062395e-06],
[[10.0,7.0,7.0],1.539147e-06],
[[10.0,9.0,9.0],2.680459e-06],
[[20.0,1.0,1.0],2.655597e-07],
[[20.0,15.0,15.0],7.484161e-07],
[[20.0,17.0,17.0],3.245659e-06],
[[20.0,19.0,19.0],2.714146e-06],
[[30.0,1.0,1.0],1.459289e-07],
[[30.0,20.0,20.0],4.02317e-07],
[[30.0,25.0,25.0],1.156439e-06],
[[30.0,27.0,27.0],1.738458e-06],
[[30.0,29.0,29.0],3.242511e-06],
[[40.0,1.0,1.0],6.743531e-08],
[[40.0,20.0,20.0],2.264195e-07],
[[40.0,30.0,30.0],4.907919e-07],
[[40.0,35.0,35.0],2.600555e-06],
[[40.0,37.0,37.0],3.631047e-06],
[[40.0,39.0,39.0],6.243986e-06],
[[50.0,1.0,1.0],2.516996e-08],
[[50.0,20.0,20.0],1.298803e-07],
[[50.0,30.0,30.0],2.144637e-06],
[[50.0,40.0,40.0],1.501985e-06],
[[50.0,45.0,45.0],6.351694e-06],
[[50.0,47.0,47.0],1.023199e-05],
[[50.0,49.0,49.0],2.680111e-05],
[[60.0,1.0,1.0],1.221857e-08],
[[60.0,20.0,20.0],2.769316e-07],
[[60.0,30.0,30.0],4.255323e-07],
[[60.0,40.0,40.0],2.364577e-06],
[[60.0,50.0,50.0],8.133097e-06],
[[60.0,55.0,55.0],1.908872e-05],
[[60.0,57.0,57.0],3.153921e-05],
[[60.0,59.0,59.0],3.704731e-05],
[[61.0,52.0,52.0],7.314365e-06],
[[62.0,2.0,2.0],3.974706e-08],
[[62.0,12.0,12.0],2.883795e-08],
[[62.0,22.0,22.0],6.820012e-08],
[[62.0,32.0,32.0],9.273107e-07],
[[62.0,42.0,42.0],2.314021e-06],
[[63.0,62.0,62.0],3.288042e-05],
[[65.0,62.0,62.0],2.333874e-05],
[[67.0,62.0,62.0],1.951075e-05],
[[69.0,62.0,62.0],1.557738e-05],
[[72.0,2.0,2.0],1.124134e-07],
[[72.0,12.0,12.0],9.511952e-08],
[[72.0,22.0,22.0],6.041789e-07],
[[72.0,32.0,32.0],1.273963e-06],
[[72.0,42.0,42.0],3.057022e-06],
[[72.0,52.0,52.0],6.016122e-06],
[[73.0,72.0,72.0],5.042745e-05],
[[75.0,72.0,72.0],3.699791e-05],
[[77.0,72.0,72.0],3.086931e-05],
[[79.0,72.0,72.0],2.591847e-05],
[[82.0,2.0,2.0],6.220105e-08],
[[82.0,12.0,12.0],6.708147e-07],
[[82.0,22.0,22.0],1.770293e-06],
[[82.0,32.0,32.0],1.492594e-06],
[[82.0,42.0,42.0],2.75649e-06],
[[82.0,52.0,52.0],5.947939e-06],
[[82.0,62.0,62.0],1.00348e-05],
[[83.0,82.0,82.0],6.394115e-05],
[[85.0,82.0,82.0],5.450247e-05],
[[87.0,82.0,82.0],4.47301e-05],
[[89.0,82.0,82.0],3.581838e-05],
[[91.0,82.0,82.0],3.187659e-05],
[[92.0,12.0,12.0],8.284013e-07],
[[92.0,22.0,22.0],2.422983e-06],
[[92.0,32.0,32.0],2.895465e-06],
[[92.0,42.0,42.0],3.895519e-06],
[[92.0,52.0,52.0],5.584856e-06],
[[92.0,62.0,62.0],8.058145e-06],
[[92.0,72.0,72.0],1.491255e-05],
[[93.0,92.0,92.0],8.473242e-05],
[[97.0,92.0,92.0],5.800875e-05],
[[99.0,92.0,92.0],4.428575e-05],
[[102.0,22.0,22.0],4.014437e-06],
[[102.0,32.0,32.0],2.326998e-06],
[[102.0,42.0,42.0],3.531029e-06],
[[102.0,52.0,52.0],4.657331e-06],
[[102.0,62.0,62.0],8.80092e-06],
[[102.0,72.0,72.0],1.187109e-05],
[[102.0,82.0,82.0],1.782476e-05],
[[103.0,102.0,102.0],0.0001074053],
[[107.0,102.0,102.0],7.33054e-05],
[[109.0,102.0,102.0],6.246602e-05],
[[112.0,32.0,32.0],4.66623e-06],
[[112.0,42.0,42.0],3.644553e-06],
[[112.0,52.0,52.0],6.251657e-06],
[[112.0,62.0,62.0],9.356164e-06],
[[112.0,72.0,72.0],1.140837e-05],
[[112.0,82.0,82.0],1.267597e-05],
[[112.0,92.0,92.0],2.337389e-05],
[[122.0,42.0,42.0],5.990961e-06],
[[122.0,52.0,52.0],5.536737e-06],
[[122.0,62.0,62.0],7.91856e-06],
[[122.0,72.0,72.0],1.24726e-05],
[[122.0,82.0,82.0],1.212236e-05],
[[122.0,92.0,92.0],2.111121e-05],
[[122.0,102.0,102.0],3.567174e-05],
[[123.0,122.0,122.0],0.0001522809],
[[127.0,122.0,122.0],0.000101041],
[[129.0,122.0,122.0],9.049872e-05],
[[132.0,52.0,52.0],1.073982e-05],
[[132.0,62.0,62.0],8.490413e-06],
[[132.0,72.0,72.0],9.757174e-06],
[[132.0,82.0,82.0],1.581609e-05],
[[132.0,92.0,92.0],1.954768e-05],
[[132.0,102.0,102.0],2.205693e-05],
[[142.0,62.0,62.0],1.507022e-05],
[[142.0,72.0,72.0],9.139673e-06],
[[142.0,82.0,82.0],1.582982e-05],
[[142.0,92.0,92.0],1.632533e-05],
[[142.0,102.0,102.0],2.006099e-05],
[[142.0,122.0,122.0],4.194182e-05],
[[143.0,142.0,142.0],0.0001934451],
[[147.0,142.0,142.0],0.0001461227],
[[149.0,142.0,142.0],0.0001229874],
[[151.0,142.0,142.0],0.000104267],
[[152.0,72.0,72.0],2.497299e-05],
[[152.0,82.0,82.0],1.619726e-05],
[[152.0,92.0,92.0],1.830125e-05],
[[152.0,102.0,102.0],1.870502e-05],
[[152.0,122.0,122.0],2.92289e-05],
[[162.0,82.0,82.0],1.547716e-05],
[[162.0,92.0,92.0],1.393437e-05],
[[162.0,102.0,102.0],1.532895e-05],
[[162.0,122.0,122.0],2.959448e-05],
[[162.0,142.0,142.0],5.706574e-05],
[[163.0,162.0,162.0],0.0002046016],
[[167.0,162.0,162.0],0.0001737659],
[[169.0,162.0,162.0],0.0001472191],
[[171.0,162.0,162.0],0.0001252974],
[[172.0,92.0,92.0],1.574117e-05],
[[172.0,102.0,102.0],1.933974e-05],
[[172.0,122.0,122.0],2.353893e-05],
[[172.0,142.0,142.0],4.035853e-05],
[[182.0,102.0,102.0],1.510649e-05],
[[182.0,122.0,122.0],1.997045e-05],
[[182.0,142.0,142.0],3.515387e-05],
[[182.0,162.0,162.0],7.742109e-05],
[[183.0,182.0,182.0],0.000236619],
[[187.0,182.0,182.0],0.0002087391],
[[189.0,182.0,182.0],0.0001785245],
[[191.0,182.0,182.0],0.0001489538],
[[192.0,122.0,122.0],1.885662e-05],
[[192.0,142.0,142.0],3.226468e-05],
[[192.0,162.0,162.0],4.449746e-05],
[[202.0,122.0,122.0],1.93993e-05],
[[202.0,142.0,142.0],2.453092e-05],
[[202.0,162.0,162.0],5.899502e-05],
[[202.0,182.0,182.0],9.125188e-05],
[[203.0,202.0,202.0],0.0003067269],
[[207.0,202.0,202.0],0.0002424706],
[[209.0,202.0,202.0],0.0002248499],
[[211.0,202.0,202.0],0.0001798594],
[[212.0,142.0,142.0],2.757394e-05],
[[212.0,162.0,162.0],3.483035e-05],
[[212.0,182.0,182.0],6.012924e-05],
[[222.0,142.0,142.0],3.369844e-05],
[[222.0,162.0,162.0],3.177742e-05],
[[222.0,182.0,182.0],7.344256e-05],
[[222.0,202.0,202.0],0.0001001882],
[[223.0,222.0,222.0],0.0003278409],
[[227.0,222.0,222.0],0.0002791622],
[[229.0,222.0,222.0],0.0002482056],
[[231.0,222.0,222.0],0.0002124209],
[[232.0,162.0,162.0],3.333735e-05],
[[232.0,182.0,182.0],4.764227e-05],
[[232.0,202.0,202.0],7.815854e-05],
[[242.0,162.0,162.0],2.849931e-05],
[[242.0,182.0,182.0],4.241937e-05],
[[242.0,202.0,202.0],5.779077e-05],
[[242.0,222.0,222.0],0.0001115066],
[[243.0,242.0,242.0],0.0003569669],
[[247.0,242.0,242.0],0.0002985694],
[[249.0,242.0,242.0],0.0002713931],
[[251.0,242.0,242.0],0.0002384676],
[[252.0,182.0,182.0],3.545906e-05],
[[252.0,202.0,202.0],4.505703e-05],
[[252.0,222.0,222.0],7.799893e-05],
[[262.0,182.0,182.0],3.778089e-05],
[[262.0,202.0,202.0],5.060141e-05],
[[262.0,222.0,222.0],7.530041e-05],
[[262.0,242.0,242.0],0.0001314524],
[[263.0,262.0,262.0],0.0003672946],
[[267.0,262.0,262.0],0.0003374474],
[[269.0,262.0,262.0],0.0002905191],
[[272.0,202.0,202.0],3.70283e-05],
[[272.0,222.0,222.0],6.941448e-05],
[[272.0,242.0,242.0],8.935059e-05],
[[282.0,202.0,202.0],5.460809e-05],
[[282.0,222.0,222.0],5.379607e-05],
[[282.0,242.0,242.0],9.099162e-05],
[[282.0,262.0,262.0],0.0001335219],
[[283.0,282.0,282.0],0.0004068717],
[[287.0,282.0,282.0],0.0003433902],
[[289.0,282.0,282.0],0.0003157482],
[[292.0,222.0,222.0],5.184768e-05],
[[292.0,242.0,242.0],5.331177e-05],
[[292.0,262.0,262.0],0.0001023044],
[[302.0,222.0,222.0],6.673251e-05],
[[302.0,242.0,242.0],6.363027e-05],
[[302.0,262.0,262.0],7.897708e-05],
[[302.0,282.0,282.0],0.000159806],
[[303.0,302.0,302.0],0.0004179411],
[[307.0,302.0,302.0],0.0004207138],
[[309.0,302.0,302.0],0.000333748],
[[312.0,242.0,242.0],4.987008e-05],
[[312.0,262.0,262.0],6.619898e-05],
[[312.0,282.0,282.0],0.0001140678],
[[322.0,242.0,242.0],5.157092e-05],
[[322.0,262.0,262.0],5.67211e-05],
[[322.0,282.0,282.0],7.88792e-05],
[[322.0,302.0,302.0],0.0001694552],
[[323.0,322.0,322.0],0.000441161],
[[327.0,322.0,322.0],0.0004351633],
[[329.0,322.0,322.0],0.0003688201],
[[332.0,262.0,262.0],5.356135e-05],
[[332.0,282.0,282.0],7.649769e-05],
[[332.0,302.0,302.0],0.0001114072],
[[342.0,262.0,262.0],5.45261e-05],
[[342.0,282.0,282.0],5.254501e-05],
[[342.0,302.0,302.0],9.00905e-05],
[[342.0,322.0,322.0],0.0002040957],
[[343.0,342.0,342.0],0.000523479],
[[347.0,342.0,342.0],0.0004533926],
[[349.0,342.0,342.0],0.0003971457],
[[352.0,282.0,282.0],4.969605e-05],
[[352.0,302.0,302.0],7.310615e-05],
[[352.0,322.0,322.0],0.0001213827],
[[362.0,282.0,282.0],5.141052e-05],
[[362.0,302.0,302.0],6.247568e-05],
[[362.0,322.0,322.0],9.725974e-05],
[[362.0,342.0,342.0],0.000215037],
[[363.0,362.0,362.0],0.0005064077],
[[367.0,362.0,362.0],0.0004682094],
[[369.0,362.0,362.0],0.0004297871],
[[372.0,302.0,302.0],6.081018e-05],
[[372.0,342.0,342.0],0.0001284444],
[[382.0,302.0,302.0],5.380013e-05],
[[382.0,322.0,322.0],7.732427e-05],
[[382.0,362.0,362.0],0.0002029395],
[[383.0,382.0,382.0],0.0005186175],
[[387.0,382.0,382.0],0.0005053933],
[[389.0,382.0,382.0],0.0004592407],
[[391.0,382.0,382.0],0.000420631],
[[392.0,322.0,322.0],7.093676e-05],
[[392.0,342.0,342.0],9.659722e-05],
[[392.0,362.0,362.0],0.0001356654],
[[402.0,322.0,322.0],6.849148e-05],
[[402.0,342.0,342.0],6.758196e-05],
[[402.0,362.0,362.0],0.0001132062],
[[402.0,382.0,382.0],0.0002310252],
[[403.0,402.0,402.0],0.0005461645],
[[412.0,342.0,342.0],7.617877e-05],
[[412.0,362.0,362.0],8.340318e-05],
[[412.0,382.0,382.0],0.0001567756],
[[413.0,402.0,402.0],0.0003741897],
[[417.0,402.0,402.0],0.0002969446],
[[422.0,342.0,342.0],7.261189e-05],
[[422.0,362.0,362.0],8.730887e-05],
[[422.0,382.0,382.0],0.0001228012],
[[422.0,402.0,402.0],0.0002373152],
[[432.0,362.0,362.0],6.786539e-05],
[[432.0,382.0,382.0],8.637989e-05],
[[432.0,402.0,402.0],0.0001512106],
[[442.0,362.0,362.0],7.419e-05],
[[442.0,382.0,382.0],8.02542e-05],
[[452.0,382.0,382.0],5.806672e-05],
[[452.0,402.0,402.0],0.0001109974],
[[462.0,382.0,382.0],8.251274e-05],
[[462.0,402.0,402.0],8.372345e-05],
[[482.0,402.0,402.0],7.128582e-05],
[[503.0,502.0,502.0],0.0006717816],
[[513.0,502.0,502.0],0.000480325],
[[517.0,502.0,502.0],0.0003850851],
[[522.0,502.0,502.0],0.0002877252],
[[532.0,502.0,502.0],0.0001839729],
[[552.0,502.0,502.0],0.0001257513],
[[582.0,502.0,502.0],7.773553e-05],
[[603.0,602.0,602.0],0.0007009805],
[[613.0,602.0,602.0],0.0005350373],
[[617.0,602.0,602.0],0.0004393526],
[[622.0,602.0,602.0],0.0003224889],
[[632.0,602.0,602.0],0.0002060688],
[[652.0,602.0,602.0],0.0001400385],
[[682.0,602.0,602.0],9.344895e-05],
[[703.0,702.0,702.0],0.0007623179],
[[713.0,702.0,702.0],0.0005834084],
[[717.0,702.0,702.0],0.0004658478],
[[722.0,702.0,702.0],0.0003396717],
[[732.0,702.0,702.0],0.0002148354],
[[752.0,702.0,702.0],0.0001292002],
[[782.0,702.0,702.0],0.0001022971],
[[803.0,802.0,802.0],0.0007804339],
[[813.0,802.0,802.0],0.0006266795],
[[817.0,802.0,802.0],0.0004982538],
[[822.0,802.0,802.0],0.0003699829],
[[832.0,802.0,802.0],0.0002315244],
[[852.0,802.0,802.0],0.0001534538],
[[882.0,802.0,802.0],0.0001020974],
[[903.0,902.0,902.0],0.0008252461],
[[913.0,902.0,902.0],0.0006413231],
[[917.0,902.0,902.0],0.0004893826],
[[922.0,902.0,902.0],0.0004038766],
[[932.0,902.0,902.0],0.0002654383],
[[952.0,902.0,902.0],0.0001583438],
[[982.0,902.0,902.0],0.0001032711],
[[1003.0,1002.0,1002.0],0.0008205647],
[[1013.0,1002.0,1002.0],0.0006671084],
[[1017.0,1002.0,1002.0],0.0005498678],
[[1022.0,1002.0,1002.0],0.0004289582],
[[1032.0,1002.0,1002.0],0.0002640996],
[[1052.0,1002.0,1002.0],0.0001696001],
[[1082.0,1002.0,1002.0],9.752361e-05],
[[1103.0,1102.0,1102.0],0.0008932585],
[[1113.0,1102.0,1102.0],0.0006917892],
[[1117.0,1102.0,1102.0],0.0005449069],
[[1122.0,1102.0,1102.0],0.0004335679],
[[1132.0,1102.0,1102.0],0.0002836621],
[[1152.0,1102.0,1102.0],0.0001540534],
[[1182.0,1102.0,1102.0],9.83285e-05],
[[1203.0,1202.0,1202.0],0.0008680042],
[[1213.0,1202.0,1202.0],0.0007341475],
[[1217.0,1202.0,1202.0],0.0005601315],
[[1222.0,1202.0,1202.0],0.000446765],
[[1232.0,1202.0,1202.0],0.0002540002],
[[1252.0,1202.0,1202.0],0.0001827875],
[[1282.0,1202.0,1202.0],0.0001286105],
[[1303.0,1302.0,1302.0],0.0008695241],
[[1313.0,1302.0,1302.0],0.0007477147],
[[1317.0,1302.0,1302.0],0.0006199453],
[[1322.0,1302.0,1302.0],0.0004260676],
[[1332.0,1302.0,1302.0],0.0002875735],
[[1352.0,1302.0,1302.0],0.0001603514],
[[1382.0,1302.0,1302.0],0.0001134025],
[[1403.0,1402.0,1402.0],0.0009143559],
[[1413.0,1402.0,1402.0],0.0007304055],
[[1417.0,1402.0,1402.0],0.0006043063],
[[1422.0,1402.0,1402.0],0.0004463015],
[[1432.0,1402.0,1402.0],0.0002889206],
[[1452.0,1402.0,1402.0],0.0001679106],
[[1482.0,1402.0,1402.0],8.956075e-05],
[[1503.0,1502.0,1502.0],0.0008850297],
[[1513.0,1502.0,1502.0],0.0007536557],
[[1517.0,1502.0,1502.0],0.0005822266],
[[1522.0,1502.0,1502.0],0.0004627749],
[[1532.0,1502.0,1502.0],0.000260388],
[[1552.0,1502.0,1502.0],0.0001811997],
[[1582.0,1502.0,1502.0],0.0001307518],
[[1603.0,1602.0,1602.0],0.0008733941],
[[1613.0,1602.0,1602.0],0.000717731],
[[1617.0,1602.0,1602.0],0.000604505],
[[1622.0,1602.0,1602.0],0.0004754624],
[[1632.0,1602.0,1602.0],0.000294139],
[[1652.0,1602.0,1602.0],0.0001808851],
[[1682.0,1602.0,1602.0],0.0001042481],
[[1703.0,1702.0,1702.0],0.0009369478],
[[1713.0,1702.0,1702.0],0.0008005624],
[[1717.0,1702.0,1702.0],0.000627916],
[[1722.0,1702.0,1702.0],0.0004853105],
[[1732.0,1702.0,1702.0],0.0002761116],
[[1752.0,1702.0,1702.0],0.0001684868],
[[1782.0,1702.0,1702.0],0.0001072851],
[[1803.0,1802.0,1802.0],0.0009010292],
[[1813.0,1802.0,1802.0],0.0007985916],
[[1817.0,1802.0,1802.0],0.0005932508],
[[1822.0,1802.0,1802.0],0.0004955369],
[[1832.0,1802.0,1802.0],0.000319845],
[[1852.0,1802.0,1802.0],0.0001806127],
[[1872.0,1802.0,1802.0],0.0001213125],
[[1882.0,1802.0,1802.0],0.0001176574],
[[1903.0,1902.0,1902.0],0.0009739558],
[[1913.0,1902.0,1902.0],0.0007457234],
[[1917.0,1902.0,1902.0],0.0006754618],
[[1922.0,1902.0,1902.0],0.0004368864],
[[1942.0,1902.0,1902.0],0.0001930607],
[[1952.0,1902.0,1902.0],0.0001699463],
[[1982.0,1902.0,1902.0],0.0001313169],
[[2003.0,2002.0,2002.0],0.0008701831],
[[2013.0,2002.0,2002.0],0.0008380669],
[[2017.0,2002.0,2002.0],0.00063529],
[[2022.0,2002.0,2002.0],0.0004729014],
[[2032.0,2002.0,2002.0],0.0003337459],
[[2042.0,2002.0,2002.0],0.0001811449],
[[2052.0,2002.0,2002.0],0.000150734],
[[2072.0,2002.0,2002.0],0.0001224706],
[[2082.0,2002.0,2002.0],0.0001048306]]
