txName: TChiISR
constraint: {(PV > MET(1), MET(2))}
condition: None
conditionDescription: None
figureUrl: None
source: Recast by MA5
validated: True
axesMap: [{0: 'x', 1: 'y'}]
dataMap: {0: (1, 'mass', GeV), 1: (2, 'mass', GeV)}
finalState: ['MET', 'MET']
intermediateState: None
efficiencyMap: [[[1.0,10.0],1.000881e-05],
[[1.0,20.0],1.249586e-05],
[[1.0,30.0],1.070877e-05],
[[1.0,40.0],1.200703e-05],
[[1.0,50.0],1.193991e-05],
[[1.0,60.0],1.098661e-05],
[[5.0,10.0],8.691204e-06],
[[7.0,10.0],1.208482e-05],
[[9.0,10.0],1.482238e-05],
[[10.0,1.0],1.000881e-05],
[[10.0,5.0],8.691204e-06],
[[10.0,7.0],1.208482e-05],
[[10.0,9.0],1.482238e-05],
[[10.0,10.0],9.795367e-06],
[[12.0,62.0],1.112153e-05],
[[12.0,72.0],1.493512e-05],
[[12.0,82.0],4.282962e-05],
[[12.0,92.0],6.29436e-05],
[[12.0,102.0],7.261006e-05],
[[12.0,212.0],0.0002354211],
[[12.0,312.0],0.0003099448],
[[15.0,20.0],1.158354e-05],
[[17.0,20.0],1.140267e-05],
[[19.0,20.0],1.036535e-05],
[[20.0,1.0],1.249586e-05],
[[20.0,15.0],1.158354e-05],
[[20.0,17.0],1.140267e-05],
[[20.0,19.0],1.036535e-05],
[[20.0,20.0],1.045614e-05],
[[20.0,30.0],1.096826e-05],
[[20.0,40.0],1.147818e-05],
[[20.0,50.0],1.094744e-05],
[[20.0,60.0],1.163277e-05],
[[25.0,30.0],1.226551e-05],
[[27.0,30.0],1.451525e-05],
[[29.0,30.0],1.34722e-05],
[[30.0,1.0],1.070877e-05],
[[30.0,20.0],1.096826e-05],
[[30.0,25.0],1.226551e-05],
[[30.0,27.0],1.451525e-05],
[[30.0,29.0],1.34722e-05],
[[30.0,30.0],1.394208e-05],
[[30.0,40.0],1.144186e-05],
[[30.0,50.0],1.243603e-05],
[[30.0,60.0],2.402823e-05],
[[32.0,62.0],3.212105e-05],
[[32.0,72.0],5.930037e-05],
[[32.0,82.0],6.562189e-05],
[[32.0,92.0],8.491099e-05],
[[32.0,102.0],9.186481e-05],
[[32.0,112.0],0.0001191112],
[[32.0,122.0],0.000122422],
[[32.0,232.0],0.0002520599],
[[32.0,332.0],0.0003329509],
[[35.0,40.0],1.196651e-05],
[[37.0,40.0],1.341903e-05],
[[39.0,40.0],1.206582e-05],
[[40.0,1.0],1.200703e-05],
[[40.0,20.0],1.147818e-05],
[[40.0,30.0],1.144186e-05],
[[40.0,35.0],1.196651e-05],
[[40.0,37.0],1.341903e-05],
[[40.0,39.0],1.206582e-05],
[[40.0,40.0],1.298559e-05],
[[40.0,50.0],2.157768e-05],
[[40.0,60.0],4.445606e-05],
[[45.0,50.0],3.552258e-05],
[[47.0,50.0],4.088328e-05],
[[49.0,50.0],4.057719e-05],
[[50.0,1.0],1.193991e-05],
[[50.0,20.0],1.094744e-05],
[[50.0,30.0],1.243603e-05],
[[50.0,40.0],2.157768e-05],
[[50.0,45.0],3.552258e-05],
[[50.0,47.0],4.088328e-05],
[[50.0,49.0],4.057719e-05],
[[50.0,50.0],4.396456e-05],
[[50.0,60.0],5.837966e-05],
[[52.0,62.0],7.078652e-05],
[[52.0,67.0],7.926777e-05],
[[52.0,72.0],8.34759e-05],
[[52.0,82.0],9.283114e-05],
[[52.0,92.0],0.0001081396],
[[52.0,102.0],0.000136929],
[[52.0,112.0],0.0001369211],
[[52.0,122.0],0.0001404187],
[[52.0,132.0],0.0001599514],
[[52.0,142.0],0.0001876232],
[[52.0,252.0],0.0002891126],
[[52.0,352.0],0.0003860545],
[[55.0,60.0],6.664166e-05],
[[57.0,60.0],6.796365e-05],
[[59.0,60.0],7.365269e-05],
[[60.0,1.0],1.098661e-05],
[[60.0,20.0],1.163277e-05],
[[60.0,30.0],2.402823e-05],
[[60.0,40.0],4.445606e-05],
[[60.0,50.0],5.837966e-05],
[[60.0,55.0],6.664166e-05],
[[60.0,57.0],6.796365e-05],
[[60.0,59.0],7.365269e-05],
[[60.0,60.0],7.468383e-05],
[[62.0,12.0],1.112153e-05],
[[62.0,32.0],3.212105e-05],
[[62.0,52.0],7.078652e-05],
[[67.0,52.0],7.926777e-05],
[[72.0,12.0],1.493512e-05],
[[72.0,32.0],5.930037e-05],
[[72.0,52.0],8.34759e-05],
[[72.0,72.0],0.0001096693],
[[72.0,75.0],0.0001131854],
[[72.0,77.0],0.0001222222],
[[72.0,82.0],0.0001632163],
[[72.0,87.0],0.0001270408],
[[72.0,92.0],0.0001379613],
[[72.0,102.0],0.0001586091],
[[72.0,112.0],0.0001804175],
[[72.0,122.0],0.0001841426],
[[72.0,132.0],0.0001995642],
[[72.0,142.0],0.0001942834],
[[72.0,152.0],0.0002244725],
[[72.0,162.0],0.0002279312],
[[72.0,272.0],0.0003561612],
[[72.0,372.0],0.0003843744],
[[75.0,72.0],0.0001131854],
[[77.0,72.0],0.0001222222],
[[82.0,12.0],4.282962e-05],
[[82.0,32.0],6.562189e-05],
[[82.0,52.0],9.283114e-05],
[[82.0,72.0],0.0001632163],
[[87.0,72.0],0.0001270408],
[[92.0,12.0],6.29436e-05],
[[92.0,32.0],8.491099e-05],
[[92.0,52.0],0.0001081396],
[[92.0,72.0],0.0001379613],
[[92.0,92.0],0.0001619251],
[[92.0,95.0],0.0001908296],
[[92.0,97.0],0.0001708367],
[[92.0,102.0],0.000170597],
[[92.0,107.0],0.0001942501],
[[92.0,112.0],0.0001710269],
[[92.0,122.0],0.0002246724],
[[92.0,132.0],0.0002254418],
[[92.0,142.0],0.0002255504],
[[92.0,152.0],0.0002515461],
[[92.0,162.0],0.0002690617],
[[92.0,172.0],0.0002513884],
[[92.0,182.0],0.0002701734],
[[92.0,292.0],0.0003593927],
[[92.0,392.0],0.0004097105],
[[95.0,92.0],0.0001908296],
[[97.0,92.0],0.0001708367],
[[102.0,12.0],7.261006e-05],
[[102.0,32.0],9.186481e-05],
[[102.0,52.0],0.000136929],
[[102.0,72.0],0.0001586091],
[[102.0,92.0],0.000170597],
[[102.0,102.0],0.0001755295],
[[102.0,105.0],0.0001960029],
[[102.0,107.0],0.0002129123],
[[102.0,112.0],0.0002033183],
[[102.0,117.0],0.0002219949],
[[102.0,122.0],0.0001968816],
[[102.0,132.0],0.0002075629],
[[102.0,142.0],0.0002274482],
[[102.0,152.0],0.0002597473],
[[102.0,162.0],0.0002475647],
[[102.0,172.0],0.0002701055],
[[102.0,182.0],0.0002790584],
[[102.0,192.0],0.0002772498],
[[102.0,302.0],0.0003553463],
[[102.0,402.0],0.0004173561],
[[105.0,102.0],0.0001960029],
[[107.0,92.0],0.0001942501],
[[107.0,102.0],0.0002129123],
[[112.0,32.0],0.0001191112],
[[112.0,52.0],0.0001369211],
[[112.0,72.0],0.0001804175],
[[112.0,92.0],0.0001710269],
[[112.0,102.0],0.0002033183],
[[117.0,102.0],0.0002219949],
[[122.0,32.0],0.000122422],
[[122.0,52.0],0.0001404187],
[[122.0,72.0],0.0001841426],
[[122.0,92.0],0.0002246724],
[[122.0,102.0],0.0001968816],
[[132.0,52.0],0.0001599514],
[[132.0,72.0],0.0001995642],
[[132.0,92.0],0.0002254418],
[[132.0,102.0],0.0002075629],
[[142.0,52.0],0.0001876232],
[[142.0,72.0],0.0001942834],
[[142.0,92.0],0.0002255504],
[[142.0,102.0],0.0002274482],
[[152.0,72.0],0.0002244725],
[[152.0,92.0],0.0002515461],
[[152.0,102.0],0.0002597473],
[[152.0,152.0],0.00031346],
[[152.0,155.0],0.000314677],
[[152.0,157.0],0.0002981183],
[[152.0,162.0],0.0003199863],
[[152.0,167.0],0.0003100521],
[[152.0,172.0],0.0002936159],
[[152.0,182.0],0.000322268],
[[152.0,192.0],0.0003500166],
[[152.0,202.0],0.000349263],
[[152.0,212.0],0.0003666591],
[[152.0,222.0],0.0003663987],
[[152.0,232.0],0.0003535461],
[[152.0,242.0],0.0003779464],
[[152.0,352.0],0.0004227738],
[[152.0,452.0],0.0004943594],
[[155.0,152.0],0.000314677],
[[157.0,152.0],0.0002981183],
[[162.0,72.0],0.0002279312],
[[162.0,92.0],0.0002690617],
[[162.0,102.0],0.0002475647],
[[162.0,152.0],0.0003199863],
[[167.0,152.0],0.0003100521],
[[172.0,92.0],0.0002513884],
[[172.0,102.0],0.0002701055],
[[172.0,152.0],0.0002936159],
[[182.0,92.0],0.0002701734],
[[182.0,102.0],0.0002790584],
[[182.0,152.0],0.000322268],
[[192.0,102.0],0.0002772498],
[[192.0,152.0],0.0003500166],
[[202.0,152.0],0.000349263],
[[202.0,202.0],0.0003805917],
[[202.0,205.0],0.0003878909],
[[202.0,207.0],0.0003972679],
[[202.0,212.0],0.0004039909],
[[202.0,217.0],0.000417687],
[[202.0,222.0],0.0003686588],
[[202.0,232.0],0.0003929368],
[[202.0,242.0],0.0004057753],
[[202.0,252.0],0.0004275099],
[[202.0,262.0],0.0003989516],
[[202.0,272.0],0.0004491906],
[[202.0,282.0],0.0004227268],
[[202.0,402.0],0.0004680776],
[[202.0,502.0],0.0005379323],
[[205.0,202.0],0.0003878909],
[[207.0,202.0],0.0003972679],
[[212.0,12.0],0.0002354211],
[[212.0,152.0],0.0003666591],
[[212.0,202.0],0.0004039909],
[[217.0,202.0],0.000417687],
[[222.0,152.0],0.0003663987],
[[222.0,202.0],0.0003686588],
[[232.0,32.0],0.0002520599],
[[232.0,152.0],0.0003535461],
[[232.0,202.0],0.0003929368],
[[242.0,152.0],0.0003779464],
[[242.0,202.0],0.0004057753],
[[252.0,52.0],0.0002891126],
[[252.0,202.0],0.0004275099],
[[252.0,252.0],0.0004452043],
[[252.0,255.0],0.0004539523],
[[252.0,257.0],0.000436595],
[[252.0,262.0],0.0004659501],
[[252.0,267.0],0.0004586837],
[[252.0,272.0],0.0004555174],
[[252.0,282.0],0.0004474988],
[[252.0,292.0],0.00045254],
[[252.0,302.0],0.0004522135],
[[252.0,312.0],0.0004678779],
[[252.0,322.0],0.0004895265],
[[252.0,332.0],0.0004838541],
[[252.0,342.0],0.0004906328],
[[252.0,452.0],0.0005203346],
[[252.0,552.0],0.0005725445],
[[255.0,252.0],0.0004539523],
[[257.0,252.0],0.000436595],
[[262.0,202.0],0.0003989516],
[[262.0,252.0],0.0004659501],
[[267.0,252.0],0.0004586837],
[[272.0,72.0],0.0003561612],
[[272.0,202.0],0.0004491906],
[[272.0,252.0],0.0004555174],
[[282.0,202.0],0.0004227268],
[[282.0,252.0],0.0004474988],
[[292.0,92.0],0.0003593927],
[[292.0,252.0],0.00045254],
[[302.0,102.0],0.0003553463],
[[302.0,252.0],0.0004522135],
[[302.0,302.0],0.0004943364],
[[302.0,305.0],0.0005355991],
[[302.0,307.0],0.0005372667],
[[302.0,312.0],0.0005424117],
[[302.0,317.0],0.0004837579],
[[302.0,322.0],0.0005382333],
[[302.0,332.0],0.0005253619],
[[302.0,342.0],0.0005459617],
[[302.0,352.0],0.0005345554],
[[302.0,362.0],0.0005225092],
[[302.0,372.0],0.0005368277],
[[302.0,382.0],0.0005266537],
[[302.0,392.0],0.0005303565],
[[302.0,502.0],0.0005669135],
[[302.0,602.0],0.000596053],
[[305.0,302.0],0.0005355991],
[[307.0,302.0],0.0005372667],
[[312.0,12.0],0.0003099448],
[[312.0,252.0],0.0004678779],
[[312.0,302.0],0.0005424117],
[[317.0,302.0],0.0004837579],
[[322.0,252.0],0.0004895265],
[[322.0,302.0],0.0005382333],
[[332.0,32.0],0.0003329509],
[[332.0,252.0],0.0004838541],
[[332.0,302.0],0.0005253619],
[[342.0,252.0],0.0004906328],
[[342.0,302.0],0.0005459617],
[[352.0,52.0],0.0003860545],
[[352.0,152.0],0.0004227738],
[[352.0,302.0],0.0005345554],
[[352.0,352.0],0.0005434038],
[[352.0,355.0],0.0005365991],
[[352.0,357.0],0.0005521865],
[[352.0,362.0],0.0005586833],
[[352.0,367.0],0.0005646698],
[[352.0,372.0],0.0005639866],
[[352.0,382.0],0.0005628622],
[[352.0,392.0],0.0005845785],
[[352.0,402.0],0.0005903064],
[[352.0,412.0],0.0005687604],
[[352.0,422.0],0.0005561614],
[[352.0,432.0],0.0005890068],
[[352.0,442.0],0.0005462632],
[[352.0,552.0],0.0005965184],
[[352.0,652.0],0.0006370828],
[[355.0,352.0],0.0005365991],
[[357.0,352.0],0.0005521865],
[[362.0,302.0],0.0005225092],
[[362.0,352.0],0.0005586833],
[[367.0,352.0],0.0005646698],
[[372.0,72.0],0.0003843744],
[[372.0,302.0],0.0005368277],
[[372.0,352.0],0.0005639866],
[[382.0,302.0],0.0005266537],
[[382.0,352.0],0.0005628622],
[[392.0,92.0],0.0004097105],
[[392.0,302.0],0.0005303565],
[[392.0,352.0],0.0005845785],
[[402.0,102.0],0.0004173561],
[[402.0,202.0],0.0004680776],
[[402.0,352.0],0.0005903064],
[[402.0,402.0],0.0006232506],
[[402.0,405.0],0.0005924785],
[[402.0,407.0],0.0006073737],
[[402.0,412.0],0.0005997357],
[[402.0,417.0],0.0005964159],
[[402.0,422.0],0.0005707597],
[[402.0,432.0],0.0005936453],
[[402.0,442.0],0.0005623007],
[[402.0,452.0],0.0006159338],
[[402.0,462.0],0.0005923864],
[[402.0,472.0],0.0006278766],
[[402.0,482.0],0.0006097869],
[[402.0,492.0],0.0006085861],
[[402.0,602.0],0.0006486115],
[[402.0,702.0],0.0006268052],
[[405.0,402.0],0.0005924785],
[[407.0,402.0],0.0006073737],
[[412.0,352.0],0.0005687604],
[[412.0,402.0],0.0005997357],
[[417.0,402.0],0.0005964159],
[[422.0,352.0],0.0005561614],
[[422.0,402.0],0.0005707597],
[[432.0,352.0],0.0005890068],
[[432.0,402.0],0.0005936453],
[[442.0,352.0],0.0005462632],
[[442.0,402.0],0.0005623007],
[[452.0,152.0],0.0004943594],
[[452.0,252.0],0.0005203346],
[[452.0,402.0],0.0006159338],
[[462.0,402.0],0.0005923864],
[[472.0,402.0],0.0006278766],
[[482.0,402.0],0.0006097869],
[[492.0,402.0],0.0006085861],
[[502.0,202.0],0.0005379323],
[[502.0,302.0],0.0005669135],
[[552.0,252.0],0.0005725445],
[[552.0,352.0],0.0005965184],
[[602.0,302.0],0.000596053],
[[602.0,402.0],0.0006486115],
[[602.0,602.0],0.0006775663],
[[602.0,605.0],0.0006687591],
[[602.0,607.0],0.0006949026],
[[602.0,612.0],0.0006673087],
[[602.0,617.0],0.0007033902],
[[602.0,622.0],0.0006975309],
[[602.0,632.0],0.0007099844],
[[602.0,642.0],0.0006983479],
[[602.0,652.0],0.0007083527],
[[602.0,662.0],0.0006830109],
[[602.0,672.0],0.0006962128],
[[602.0,682.0],0.000734883],
[[602.0,692.0],0.0007060866],
[[602.0,802.0],0.0007131344],
[[602.0,902.0],0.0007114533],
[[605.0,602.0],0.0006687591],
[[607.0,602.0],0.0006949026],
[[612.0,602.0],0.0006673087],
[[617.0,602.0],0.0007033902],
[[622.0,602.0],0.0006975309],
[[632.0,602.0],0.0007099844],
[[642.0,602.0],0.0006983479],
[[652.0,352.0],0.0006370828],
[[652.0,602.0],0.0007083527],
[[662.0,602.0],0.0006830109],
[[672.0,602.0],0.0006962128],
[[682.0,602.0],0.000734883],
[[692.0,602.0],0.0007060866],
[[702.0,402.0],0.0006268052],
[[802.0,602.0],0.0007131344],
[[802.0,802.0],0.000765063],
[[802.0,805.0],0.000743165],
[[802.0,807.0],0.0007557424],
[[802.0,812.0],0.000751424],
[[802.0,817.0],0.0007492359],
[[802.0,822.0],0.0007428124],
[[802.0,832.0],0.0007309019],
[[802.0,842.0],0.0007422069],
[[802.0,852.0],0.0007507582],
[[802.0,862.0],0.000765015],
[[802.0,872.0],0.0007694025],
[[802.0,882.0],0.0007647612],
[[802.0,892.0],0.0007915803],
[[802.0,1002.0],0.0007682776],
[[802.0,1102.0],0.0007762524],
[[805.0,802.0],0.000743165],
[[807.0,802.0],0.0007557424],
[[812.0,802.0],0.000751424],
[[817.0,802.0],0.0007492359],
[[822.0,802.0],0.0007428124],
[[832.0,802.0],0.0007309019],
[[842.0,802.0],0.0007422069],
[[852.0,802.0],0.0007507582],
[[862.0,802.0],0.000765015],
[[872.0,802.0],0.0007694025],
[[882.0,802.0],0.0007647612],
[[892.0,802.0],0.0007915803],
[[902.0,602.0],0.0007114533],
[[1002.0,802.0],0.0007682776],
[[1002.0,1002.0],0.0008255379],
[[1002.0,1005.0],0.0007672876],
[[1002.0,1007.0],0.0007894539],
[[1002.0,1012.0],0.0008357931],
[[1002.0,1017.0],0.0007740267],
[[1002.0,1022.0],0.0007794229],
[[1002.0,1032.0],0.0007986852],
[[1002.0,1042.0],0.0007811244],
[[1002.0,1052.0],0.0008108383],
[[1002.0,1062.0],0.0007666463],
[[1002.0,1072.0],0.0007966079],
[[1002.0,1082.0],0.0007669009],
[[1002.0,1092.0],0.0008379707],
[[1002.0,1202.0],0.0008405979],
[[1002.0,1302.0],0.0008987583],
[[1005.0,1002.0],0.0007672876],
[[1007.0,1002.0],0.0007894539],
[[1012.0,1002.0],0.0008357931],
[[1017.0,1002.0],0.0007740267],
[[1022.0,1002.0],0.0007794229],
[[1032.0,1002.0],0.0007986852],
[[1042.0,1002.0],0.0007811244],
[[1052.0,1002.0],0.0008108383],
[[1062.0,1002.0],0.0007666463],
[[1072.0,1002.0],0.0007966079],
[[1082.0,1002.0],0.0007669009],
[[1092.0,1002.0],0.0008379707],
[[1102.0,802.0],0.0007762524],
[[1202.0,1002.0],0.0008405979],
[[1202.0,1202.0],0.0008756432],
[[1202.0,1205.0],0.0008718991],
[[1202.0,1207.0],0.0008335809],
[[1202.0,1212.0],0.0008434526],
[[1202.0,1217.0],0.000838626],
[[1202.0,1222.0],0.0008984591],
[[1202.0,1232.0],0.0008711402],
[[1202.0,1242.0],0.0008664213],
[[1202.0,1252.0],0.000860995],
[[1202.0,1262.0],0.0008421411],
[[1202.0,1272.0],0.0008107233],
[[1202.0,1282.0],0.0009080473],
[[1202.0,1292.0],0.0008672853],
[[1202.0,1402.0],0.0008522282],
[[1202.0,1502.0],0.0008508268],
[[1205.0,1202.0],0.0008718991],
[[1207.0,1202.0],0.0008335809],
[[1212.0,1202.0],0.0008434526],
[[1217.0,1202.0],0.000838626],
[[1222.0,1202.0],0.0008984591],
[[1232.0,1202.0],0.0008711402],
[[1242.0,1202.0],0.0008664213],
[[1252.0,1202.0],0.000860995],
[[1262.0,1202.0],0.0008421411],
[[1272.0,1202.0],0.0008107233],
[[1282.0,1202.0],0.0009080473],
[[1292.0,1202.0],0.0008672853],
[[1302.0,1002.0],0.0008987583],
[[1402.0,1202.0],0.0008522282],
[[1402.0,1402.0],0.000850823],
[[1402.0,1405.0],0.0009069576],
[[1402.0,1407.0],0.0008845669],
[[1402.0,1412.0],0.0008717429],
[[1402.0,1417.0],0.0008893863],
[[1402.0,1422.0],0.0008864537],
[[1402.0,1432.0],0.0008989399],
[[1402.0,1442.0],0.0008998572],
[[1402.0,1452.0],0.0008649019],
[[1402.0,1462.0],0.0009120009],
[[1402.0,1472.0],0.0009167611],
[[1402.0,1482.0],0.0009018064],
[[1402.0,1492.0],0.0008798356],
[[1402.0,1602.0],0.0009047773],
[[1402.0,1702.0],0.0008566632],
[[1405.0,1402.0],0.0009069576],
[[1407.0,1402.0],0.0008845669],
[[1412.0,1402.0],0.0008717429],
[[1417.0,1402.0],0.0008893863],
[[1422.0,1402.0],0.0008864537],
[[1432.0,1402.0],0.0008989399],
[[1442.0,1402.0],0.0008998572],
[[1452.0,1402.0],0.0008649019],
[[1462.0,1402.0],0.0009120009],
[[1472.0,1402.0],0.0009167611],
[[1482.0,1402.0],0.0009018064],
[[1492.0,1402.0],0.0008798356],
[[1502.0,1202.0],0.0008508268],
[[1602.0,1402.0],0.0009047773],
[[1602.0,1602.0],0.0009415794],
[[1602.0,1605.0],0.0008585676],
[[1602.0,1607.0],0.0009087091],
[[1602.0,1612.0],0.000908869],
[[1602.0,1617.0],0.000898326],
[[1602.0,1622.0],0.0009203497],
[[1602.0,1632.0],0.0008952891],
[[1602.0,1642.0],0.000909411],
[[1602.0,1652.0],0.0009131307],
[[1602.0,1662.0],0.0008519824],
[[1602.0,1672.0],0.0009239251],
[[1602.0,1682.0],0.0008757928],
[[1602.0,1692.0],0.0008828504],
[[1602.0,1802.0],0.0008903051],
[[1602.0,1902.0],0.0008613197],
[[1605.0,1602.0],0.0008585676],
[[1607.0,1602.0],0.0009087091],
[[1612.0,1602.0],0.000908869],
[[1617.0,1602.0],0.000898326],
[[1622.0,1602.0],0.0009203497],
[[1632.0,1602.0],0.0008952891],
[[1642.0,1602.0],0.000909411],
[[1652.0,1602.0],0.0009131307],
[[1662.0,1602.0],0.0008519824],
[[1672.0,1602.0],0.0009239251],
[[1682.0,1602.0],0.0008757928],
[[1692.0,1602.0],0.0008828504],
[[1702.0,1402.0],0.0008566632],
[[1802.0,1602.0],0.0008903051],
[[1802.0,1802.0],0.0008530283],
[[1802.0,1805.0],0.0008599124],
[[1802.0,1807.0],0.0008666396],
[[1802.0,1812.0],0.0009299172],
[[1802.0,1817.0],0.0008360895],
[[1802.0,1822.0],0.0009136024],
[[1802.0,1832.0],0.0008901932],
[[1802.0,1842.0],0.0008923465],
[[1802.0,1852.0],0.0008716664],
[[1802.0,1862.0],0.00089602],
[[1802.0,1872.0],0.0008710871],
[[1802.0,1882.0],0.0009057124],
[[1802.0,1892.0],0.0009108003],
[[1802.0,2002.0],0.0008904183],
[[1802.0,2102.0],0.0008660613],
[[1805.0,1802.0],0.0008599124],
[[1807.0,1802.0],0.0008666396],
[[1812.0,1802.0],0.0009299172],
[[1817.0,1802.0],0.0008360895],
[[1822.0,1802.0],0.0009136024],
[[1832.0,1802.0],0.0008901932],
[[1842.0,1802.0],0.0008923465],
[[1852.0,1802.0],0.0008716664],
[[1862.0,1802.0],0.00089602],
[[1872.0,1802.0],0.0008710871],
[[1882.0,1802.0],0.0009057124],
[[1892.0,1802.0],0.0009108003],
[[1902.0,1602.0],0.0008613197],
[[2002.0,1802.0],0.0008904183],
[[2002.0,2002.0],0.0008533019],
[[2002.0,2005.0],0.0008680388],
[[2002.0,2007.0],0.0008797712],
[[2002.0,2012.0],0.0008737719],
[[2002.0,2017.0],0.0009096957],
[[2002.0,2022.0],0.0009027018],
[[2002.0,2032.0],0.0008757832],
[[2002.0,2042.0],0.0008278344],
[[2002.0,2052.0],0.0009222948],
[[2002.0,2062.0],0.0008597184],
[[2002.0,2072.0],0.0008986266],
[[2002.0,2082.0],0.0008632877],
[[2002.0,2092.0],0.0009157907],
[[2002.0,2202.0],0.0008960691],
[[2002.0,2302.0],0.0009521653],
[[2005.0,2002.0],0.0008680388],
[[2007.0,2002.0],0.0008797712],
[[2012.0,2002.0],0.0008737719],
[[2017.0,2002.0],0.0009096957],
[[2022.0,2002.0],0.0009027018],
[[2032.0,2002.0],0.0008757832],
[[2042.0,2002.0],0.0008278344],
[[2052.0,2002.0],0.0009222948],
[[2062.0,2002.0],0.0008597184],
[[2072.0,2002.0],0.0008986266],
[[2082.0,2002.0],0.0008632877],
[[2092.0,2002.0],0.0009157907],
[[2102.0,1802.0],0.0008660613],
[[2202.0,2002.0],0.0008960691],
[[2302.0,2002.0],0.0009521653]]
