txName: TChiWWISRqq
constraint: {(PV > anyBSM(1), anyBSM(3)), (anyBSM(1) > q, q, MET(2)), (anyBSM(3) > q, q, MET(4))}
condition: None
conditionDescription: None
figureUrl: None
source: Recast by MA5
validated: True
axesMap: [{0: 'x', 1: 'y', 2: 'x', 3: 'y'}]
dataMap: {0: (1, 'mass', GeV), 1: (2, 'mass', GeV), 2: (3, 'mass', GeV), 3: (4, 'mass', GeV)}
finalState: ['MET', 'MET']
intermediateState: None
efficiencyMap: [[[11.0,10.0,11.0,10.0],5.032781e-06],
[[13.0,10.0,13.0,10.0],7.087063e-07],
[[15.0,10.0,15.0,10.0],3.401368e-07],
[[20.0,10.0,20.0,10.0],7.420518e-08],
[[21.0,20.0,21.0,20.0],7.993878e-06],
[[23.0,20.0,23.0,20.0],5.075504e-06],
[[25.0,20.0,25.0,20.0],9.375525e-07],
[[30.0,10.0,30.0,10.0],2.174708e-08],
[[30.0,20.0,30.0,20.0],4.064384e-07],
[[31.0,30.0,31.0,30.0],1.204343e-05],
[[33.0,30.0,33.0,30.0],3.780614e-06],
[[35.0,30.0,35.0,30.0],2.077603e-06],
[[40.0,20.0,40.0,20.0],1.5024e-07],
[[40.0,30.0,40.0,30.0],1.199115e-06],
[[41.0,40.0,41.0,40.0],1.073891e-05],
[[43.0,40.0,43.0,40.0],9.926471e-06],
[[45.0,40.0,45.0,40.0],3.653017e-06],
[[50.0,10.0,50.0,10.0],5.222268e-07],
[[50.0,30.0,50.0,30.0],1.046037e-06],
[[50.0,40.0,50.0,40.0],3.921669e-06],
[[51.0,50.0,51.0,50.0],2.711534e-05],
[[53.0,50.0,53.0,50.0],2.37775e-05],
[[55.0,50.0,55.0,50.0],2.228838e-05],
[[60.0,20.0,60.0,20.0],9.762222e-07],
[[60.0,40.0,60.0,40.0],5.057792e-06],
[[60.0,50.0,60.0,50.0],1.331269e-05],
[[61.0,60.0,61.0,60.0],5.333823e-05],
[[63.0,60.0,63.0,60.0],4.640409e-05],
[[65.0,60.0,65.0,60.0],3.900654e-05],
[[70.0,10.0,70.0,10.0],1.446794e-06],
[[70.0,30.0,70.0,30.0],2.998103e-06],
[[70.0,50.0,70.0,50.0],8.219047e-06],
[[70.0,60.0,70.0,60.0],2.505611e-05],
[[71.0,70.0,71.0,70.0],7.279265e-05],
[[73.0,70.0,73.0,70.0],6.801901e-05],
[[75.0,70.0,75.0,70.0],5.678055e-05],
[[80.0,20.0,80.0,20.0],2.514242e-06],
[[80.0,40.0,80.0,40.0],4.370241e-06],
[[80.0,60.0,80.0,60.0],1.697136e-05],
[[80.0,70.0,80.0,70.0],4.284381e-05],
[[81.0,80.0,81.0,80.0],8.71281e-05],
[[83.0,80.0,83.0,80.0],8.646257e-05],
[[85.0,80.0,85.0,80.0],7.576889e-05],
[[90.0,10.0,90.0,10.0],4.127957e-06],
[[90.0,30.0,90.0,30.0],4.663404e-06],
[[90.0,50.0,90.0,50.0],8.202158e-06],
[[90.0,70.0,90.0,70.0],2.741932e-05],
[[90.0,80.0,90.0,80.0],5.634726e-05],
[[91.0,90.0,91.0,90.0],0.0001059228],
[[93.0,90.0,93.0,90.0],0.0001077253],
[[95.0,90.0,95.0,90.0],9.859589e-05],
[[100.0,20.0,100.0,20.0],1.464921e-05],
[[100.0,40.0,100.0,40.0],9.64846e-06],
[[100.0,60.0,100.0,60.0],1.50472e-05],
[[100.0,80.0,100.0,80.0],3.718006e-05],
[[100.0,90.0,100.0,90.0],6.725351e-05],
[[101.0,100.0,101.0,100.0],0.0001376724],
[[103.0,100.0,103.0,100.0],0.0001219539],
[[103.0,102.0,103.0,102.0],0.0001357679],
[[105.0,100.0,105.0,100.0],0.0001260907],
[[105.0,102.0,105.0,102.0],0.0001525417],
[[107.0,102.0,107.0,102.0],0.000130156],
[[110.0,30.0,110.0,30.0],1.772257e-05],
[[110.0,50.0,110.0,50.0],1.309325e-05],
[[110.0,70.0,110.0,70.0],2.259789e-05],
[[110.0,90.0,110.0,90.0],5.375333e-05],
[[110.0,100.0,110.0,100.0],9.60637e-05],
[[112.0,102.0,112.0,102.0],0.0001066951],
[[120.0,40.0,120.0,40.0],2.00653e-05],
[[120.0,60.0,120.0,60.0],2.456036e-05],
[[120.0,80.0,120.0,80.0],3.043645e-05],
[[120.0,100.0,120.0,100.0],5.983899e-05],
[[122.0,102.0,122.0,102.0],7.76164e-05],
[[123.0,122.0,123.0,122.0],0.0001774238],
[[125.0,122.0,125.0,122.0],0.0001726311],
[[127.0,122.0,127.0,122.0],0.0001766233],
[[130.0,50.0,130.0,50.0],2.446441e-05],
[[130.0,70.0,130.0,70.0],2.968626e-05],
[[130.0,90.0,130.0,90.0],3.730562e-05],
[[132.0,122.0,132.0,122.0],0.0001333749],
[[140.0,60.0,140.0,60.0],3.264845e-05],
[[140.0,80.0,140.0,80.0],3.979499e-05],
[[140.0,100.0,140.0,100.0],6.217309e-05],
[[142.0,102.0,142.0,102.0],6.849174e-05],
[[142.0,122.0,142.0,122.0],9.661999e-05],
[[143.0,142.0,143.0,142.0],0.0002068585],
[[145.0,142.0,145.0,142.0],0.0002366381],
[[147.0,142.0,147.0,142.0],0.0002136863],
[[150.0,70.0,150.0,70.0],4.254189e-05],
[[150.0,90.0,150.0,90.0],5.316487e-05],
[[152.0,142.0,152.0,142.0],0.0001679011],
[[160.0,80.0,160.0,80.0],5.239485e-05],
[[160.0,100.0,160.0,100.0],5.448873e-05],
[[162.0,102.0,162.0,102.0],6.646203e-05],
[[162.0,122.0,162.0,122.0],7.677788e-05],
[[162.0,142.0,162.0,142.0],0.0001279515],
[[163.0,162.0,163.0,162.0],0.0002494969],
[[165.0,162.0,165.0,162.0],0.0002379804],
[[167.0,162.0,167.0,162.0],0.000253735],
[[170.0,90.0,170.0,90.0],5.730489e-05],
[[172.0,162.0,172.0,162.0],0.0002134805],
[[180.0,100.0,180.0,100.0],6.121703e-05],
[[182.0,102.0,182.0,102.0],7.190174e-05],
[[182.0,122.0,182.0,122.0],9.558114e-05],
[[182.0,142.0,182.0,142.0],0.0001196995],
[[182.0,162.0,182.0,162.0],0.0001742904],
[[183.0,182.0,183.0,182.0],0.0002939811],
[[185.0,182.0,185.0,182.0],0.0002788627],
[[187.0,182.0,187.0,182.0],0.0003013593],
[[192.0,182.0,192.0,182.0],0.0002426547],
[[202.0,122.0,202.0,122.0],9.785474e-05],
[[202.0,142.0,202.0,142.0],0.0001195399],
[[202.0,162.0,202.0,162.0],0.0001344128],
[[202.0,182.0,202.0,182.0],0.0002322256],
[[203.0,202.0,203.0,202.0],0.0003530739],
[[205.0,202.0,205.0,202.0],0.0003117018],
[[207.0,202.0,207.0,202.0],0.0002956725],
[[212.0,202.0,212.0,202.0],0.0002959349],
[[222.0,142.0,222.0,142.0],0.0001152464],
[[222.0,162.0,222.0,162.0],0.000133065],
[[222.0,182.0,222.0,182.0],0.0001586327],
[[222.0,202.0,222.0,202.0],0.0002322677],
[[223.0,222.0,223.0,222.0],0.0003867541],
[[225.0,222.0,225.0,222.0],0.0003486354],
[[227.0,222.0,227.0,222.0],0.0003540038],
[[232.0,222.0,232.0,222.0],0.0003111826],
[[242.0,162.0,242.0,162.0],0.0001465059],
[[242.0,182.0,242.0,182.0],0.0001607413],
[[242.0,202.0,242.0,202.0],0.0001881311],
[[242.0,222.0,242.0,222.0],0.0002715973],
[[243.0,242.0,243.0,242.0],0.0003684396],
[[245.0,242.0,245.0,242.0],0.0003791451],
[[247.0,242.0,247.0,242.0],0.0003908412],
[[252.0,242.0,252.0,242.0],0.0003392514],
[[262.0,182.0,262.0,182.0],0.0001769173],
[[262.0,202.0,262.0,202.0],0.0001635581],
[[262.0,222.0,262.0,222.0],0.0002032831],
[[262.0,242.0,262.0,242.0],0.0002920789],
[[263.0,262.0,263.0,262.0],0.0003962159],
[[265.0,262.0,265.0,262.0],0.0003906542],
[[267.0,262.0,267.0,262.0],0.0004041724],
[[272.0,262.0,272.0,262.0],0.0003664828],
[[282.0,202.0,282.0,202.0],0.0002177906],
[[282.0,222.0,282.0,222.0],0.0001962823],
[[282.0,242.0,282.0,242.0],0.0002302698],
[[282.0,262.0,282.0,262.0],0.0002847566],
[[283.0,282.0,283.0,282.0],0.0004054355],
[[285.0,282.0,285.0,282.0],0.0004138146],
[[287.0,282.0,287.0,282.0],0.0004027856],
[[292.0,282.0,292.0,282.0],0.000387152],
[[302.0,222.0,302.0,222.0],0.0002155637],
[[302.0,242.0,302.0,242.0],0.0002243031],
[[302.0,262.0,302.0,262.0],0.0002394465],
[[302.0,282.0,302.0,282.0],0.0003399638],
[[303.0,302.0,303.0,302.0],0.0004272891],
[[305.0,302.0,305.0,302.0],0.0004379128],
[[307.0,302.0,307.0,302.0],0.0004257953],
[[312.0,302.0,312.0,302.0],0.0004205843],
[[322.0,242.0,322.0,242.0],0.0002579566],
[[322.0,262.0,322.0,262.0],0.0002496871],
[[322.0,282.0,322.0,282.0],0.0002953834],
[[322.0,302.0,322.0,302.0],0.0003715219],
[[323.0,322.0,323.0,322.0],0.0004521638],
[[325.0,322.0,325.0,322.0],0.0004635669],
[[327.0,322.0,327.0,322.0],0.0004590323],
[[332.0,322.0,332.0,322.0],0.0004485576],
[[342.0,262.0,342.0,262.0],0.0002565217],
[[342.0,282.0,342.0,282.0],0.0002495007],
[[342.0,302.0,342.0,302.0],0.0002915622],
[[342.0,322.0,342.0,322.0],0.0003839313],
[[343.0,342.0,343.0,342.0],0.0004810692],
[[345.0,342.0,345.0,342.0],0.0004730051],
[[347.0,342.0,347.0,342.0],0.0004874693],
[[352.0,342.0,352.0,342.0],0.000456145],
[[362.0,282.0,362.0,282.0],0.0002870834],
[[362.0,302.0,362.0,302.0],0.0002826406],
[[362.0,322.0,362.0,322.0],0.0003208987],
[[362.0,342.0,362.0,342.0],0.0004113039],
[[363.0,362.0,363.0,362.0],0.0005162775],
[[365.0,362.0,365.0,362.0],0.0005191875],
[[367.0,362.0,367.0,362.0],0.0004975013],
[[372.0,362.0,372.0,362.0],0.000493718],
[[382.0,302.0,382.0,302.0],0.0002863042],
[[382.0,322.0,382.0,322.0],0.0003105624],
[[382.0,342.0,382.0,342.0],0.0003414353],
[[382.0,362.0,382.0,362.0],0.0004319167],
[[383.0,382.0,383.0,382.0],0.0005248014],
[[385.0,382.0,385.0,382.0],0.0005172055],
[[387.0,382.0,387.0,382.0],0.000518225],
[[392.0,382.0,392.0,382.0],0.0004940734],
[[402.0,322.0,402.0,322.0],0.000321302],
[[402.0,342.0,402.0,342.0],0.0003222757],
[[402.0,362.0,402.0,362.0],0.0003663187],
[[402.0,382.0,402.0,382.0],0.00043442],
[[403.0,402.0,403.0,402.0],0.0005416908],
[[405.0,402.0,405.0,402.0],0.0005367432],
[[407.0,402.0,407.0,402.0],0.0005353791],
[[412.0,402.0,412.0,402.0],0.000525594],
[[422.0,342.0,422.0,342.0],0.0003292688],
[[422.0,362.0,422.0,362.0],0.0003293806],
[[422.0,382.0,422.0,382.0],0.0003981433],
[[422.0,402.0,422.0,402.0],0.0004549012],
[[442.0,362.0,442.0,362.0],0.0003586173],
[[442.0,382.0,442.0,382.0],0.0003532192],
[[442.0,402.0,442.0,402.0],0.0004032642],
[[462.0,382.0,462.0,382.0],0.0003765712],
[[462.0,402.0,462.0,402.0],0.0003902402],
[[482.0,402.0,482.0,402.0],0.0003975828],
[[503.0,502.0,503.0,502.0],0.0005998234],
[[505.0,502.0,505.0,502.0],0.0005810792],
[[507.0,502.0,507.0,502.0],0.0005851847],
[[512.0,502.0,512.0,502.0],0.0005831211],
[[522.0,502.0,522.0,502.0],0.0005314048],
[[542.0,502.0,542.0,502.0],0.0004579796],
[[562.0,502.0,562.0,502.0],0.0004384987],
[[582.0,502.0,582.0,502.0],0.0004752877],
[[603.0,602.0,603.0,602.0],0.0006500332],
[[605.0,602.0,605.0,602.0],0.0006430162],
[[607.0,602.0,607.0,602.0],0.0006388155],
[[612.0,602.0,612.0,602.0],0.0006262225],
[[622.0,602.0,622.0,602.0],0.0005561834],
[[642.0,602.0,642.0,602.0],0.000536468],
[[662.0,602.0,662.0,602.0],0.0004790844],
[[682.0,602.0,682.0,602.0],0.0004993406],
[[703.0,702.0,703.0,702.0],0.0006717169],
[[705.0,702.0,705.0,702.0],0.0006659872],
[[707.0,702.0,707.0,702.0],0.0006381572],
[[712.0,702.0,712.0,702.0],0.0006932382],
[[722.0,702.0,722.0,702.0],0.0006096687],
[[742.0,702.0,742.0,702.0],0.0005745252],
[[762.0,702.0,762.0,702.0],0.0004927494],
[[782.0,702.0,782.0,702.0],0.000548199],
[[803.0,802.0,803.0,802.0],0.0006999109],
[[805.0,802.0,805.0,802.0],0.0007061922],
[[807.0,802.0,807.0,802.0],0.0007033218],
[[812.0,802.0,812.0,802.0],0.0006812257],
[[822.0,802.0,822.0,802.0],0.0006971194],
[[842.0,802.0,842.0,802.0],0.0006408915],
[[862.0,802.0,862.0,802.0],0.0005423094],
[[882.0,802.0,882.0,802.0],0.0005358523],
[[903.0,902.0,903.0,902.0],0.0007313114],
[[905.0,902.0,905.0,902.0],0.0007735346],
[[907.0,902.0,907.0,902.0],0.0007407112],
[[912.0,902.0,912.0,902.0],0.0007156847],
[[922.0,902.0,922.0,902.0],0.0007004168],
[[942.0,902.0,942.0,902.0],0.0006045412],
[[962.0,902.0,962.0,902.0],0.0005935327],
[[982.0,902.0,982.0,902.0],0.0005858801],
[[1003.0,1002.0,1003.0,1002.0],0.000749722],
[[1005.0,1002.0,1005.0,1002.0],0.0007733407],
[[1007.0,1002.0,1007.0,1002.0],0.0007545951],
[[1012.0,1002.0,1012.0,1002.0],0.0007841858],
[[1022.0,1002.0,1022.0,1002.0],0.0007141236],
[[1042.0,1002.0,1042.0,1002.0],0.0006165864],
[[1062.0,1002.0,1062.0,1002.0],0.000640551],
[[1082.0,1002.0,1082.0,1002.0],0.0006505169],
[[1103.0,1102.0,1103.0,1102.0],0.000781222],
[[1105.0,1102.0,1105.0,1102.0],0.0007859878],
[[1107.0,1102.0,1107.0,1102.0],0.0007628522],
[[1112.0,1102.0,1112.0,1102.0],0.0007722381],
[[1122.0,1102.0,1122.0,1102.0],0.0007541374],
[[1142.0,1102.0,1142.0,1102.0],0.0006688726],
[[1162.0,1102.0,1162.0,1102.0],0.0006687381],
[[1182.0,1102.0,1182.0,1102.0],0.0006556132],
[[1203.0,1202.0,1203.0,1202.0],0.0008147526],
[[1205.0,1202.0,1205.0,1202.0],0.0008196316],
[[1207.0,1202.0,1207.0,1202.0],0.0008288216],
[[1212.0,1202.0,1212.0,1202.0],0.0008197173],
[[1222.0,1202.0,1222.0,1202.0],0.0007828436],
[[1242.0,1202.0,1242.0,1202.0],0.0007160307],
[[1262.0,1202.0,1262.0,1202.0],0.0006366233],
[[1282.0,1202.0,1282.0,1202.0],0.0007089665],
[[1303.0,1302.0,1303.0,1302.0],0.0008782659],
[[1305.0,1302.0,1305.0,1302.0],0.0008170457],
[[1307.0,1302.0,1307.0,1302.0],0.0008363007],
[[1312.0,1302.0,1312.0,1302.0],0.0008482219],
[[1322.0,1302.0,1322.0,1302.0],0.0008020038],
[[1342.0,1302.0,1342.0,1302.0],0.0007360807],
[[1362.0,1302.0,1362.0,1302.0],0.00071875],
[[1382.0,1302.0,1382.0,1302.0],0.0007358023],
[[1403.0,1402.0,1403.0,1402.0],0.0008868335],
[[1405.0,1402.0,1405.0,1402.0],0.0008787195],
[[1407.0,1402.0,1407.0,1402.0],0.0008840158],
[[1412.0,1402.0,1412.0,1402.0],0.0008362311],
[[1422.0,1402.0,1422.0,1402.0],0.0008118865],
[[1442.0,1402.0,1442.0,1402.0],0.000774208],
[[1462.0,1402.0,1462.0,1402.0],0.0007402223],
[[1482.0,1402.0,1482.0,1402.0],0.0006967354],
[[1503.0,1502.0,1503.0,1502.0],0.0009037149],
[[1505.0,1502.0,1505.0,1502.0],0.000902341],
[[1507.0,1502.0,1507.0,1502.0],0.0009159833],
[[1512.0,1502.0,1512.0,1502.0],0.0009122265],
[[1522.0,1502.0,1522.0,1502.0],0.0008786974],
[[1542.0,1502.0,1542.0,1502.0],0.0007629015],
[[1562.0,1502.0,1562.0,1502.0],0.0007267784],
[[1582.0,1502.0,1582.0,1502.0],0.000712751],
[[1603.0,1602.0,1603.0,1602.0],0.0008754431],
[[1605.0,1602.0,1605.0,1602.0],0.0008667217],
[[1607.0,1602.0,1607.0,1602.0],0.000901032],
[[1612.0,1602.0,1612.0,1602.0],0.0008786341],
[[1622.0,1602.0,1622.0,1602.0],0.0008519549],
[[1642.0,1602.0,1642.0,1602.0],0.0007296886],
[[1662.0,1602.0,1662.0,1602.0],0.000749831],
[[1682.0,1602.0,1682.0,1602.0],0.0007701428],
[[1703.0,1702.0,1703.0,1702.0],0.0008787916],
[[1705.0,1702.0,1705.0,1702.0],0.0008805701],
[[1707.0,1702.0,1707.0,1702.0],0.0009053383],
[[1712.0,1702.0,1712.0,1702.0],0.0008456122],
[[1722.0,1702.0,1722.0,1702.0],0.0008740911],
[[1742.0,1702.0,1742.0,1702.0],0.0008003497],
[[1762.0,1702.0,1762.0,1702.0],0.000761948],
[[1782.0,1702.0,1782.0,1702.0],0.0007646334],
[[1803.0,1802.0,1803.0,1802.0],0.0008749431],
[[1805.0,1802.0,1805.0,1802.0],0.0008983739],
[[1807.0,1802.0,1807.0,1802.0],0.0008526653],
[[1812.0,1802.0,1812.0,1802.0],0.0008326426],
[[1822.0,1802.0,1822.0,1802.0],0.0008545933],
[[1842.0,1802.0,1842.0,1802.0],0.0007526877],
[[1862.0,1802.0,1862.0,1802.0],0.0007440717],
[[1882.0,1802.0,1882.0,1802.0],0.0007343428],
[[1903.0,1902.0,1903.0,1902.0],0.0009396652],
[[1905.0,1902.0,1905.0,1902.0],0.0009165478],
[[1907.0,1902.0,1907.0,1902.0],0.0008773647],
[[1912.0,1902.0,1912.0,1902.0],0.0008498709],
[[1922.0,1902.0,1922.0,1902.0],0.0008659888],
[[1942.0,1902.0,1942.0,1902.0],0.000772272],
[[1962.0,1902.0,1962.0,1902.0],0.000732832],
[[1982.0,1902.0,1982.0,1902.0],0.0007287351],
[[2003.0,2002.0,2003.0,2002.0],0.0009091222],
[[2005.0,2002.0,2005.0,2002.0],0.0008923173],
[[2007.0,2002.0,2007.0,2002.0],0.0008637153],
[[2012.0,2002.0,2012.0,2002.0],0.0008945806],
[[2022.0,2002.0,2022.0,2002.0],0.0008200092],
[[2042.0,2002.0,2042.0,2002.0],0.0008143807],
[[2062.0,2002.0,2062.0,2002.0],0.0007348766],
[[2082.0,2002.0,2082.0,2002.0],0.0007697464]]
