txName: TRV1nunu
constraint: {(PV > Zprime(1)), (Zprime(1) > nu,nu)}
condition: None
conditionDescription: None
figureUrl: None
source: CMS
validated: N/A
axesMap: [{0: 'x'}]
dataMap: {0: (1, 'mass', GeV)}
finalState: ['MET', 'MET']
efficiencyMap: [[[50.0],5.259232e-06],
[[100.0],3.651267e-05],
[[150.0],8.948312e-05],
[[200.0],0.0001794106],
[[250.0],0.0003196721],
[[300.0],0.0004214155],
[[350.0],0.0005252952],
[[400.0],0.0006773912],
[[450.0],0.0009035632],
[[500.0],0.0009638698],
[[550.0],0.001066927],
[[600.0],0.001138964],
[[650.0],0.001230456],
[[700.0],0.001344605],
[[750.0],0.001435772],
[[800.0],0.001367398],
[[850.0],0.001480935],
[[900.0],0.001676946],
[[950.0],0.001544282],
[[1000.0],0.001722613],
[[1050.0],0.00175938],
[[1100.0],0.0018646],
[[1150.0],0.001785067],
[[1200.0],0.001918401],
[[1250.0],0.001864427],
[[1300.0],0.001980137],
[[1350.0],0.00193695],
[[1400.0],0.001968966],
[[1450.0],0.002033855],
[[1500.0],0.002277465],
[[1550.0],0.002123156],
[[1600.0],0.002069937],
[[1650.0],0.002269156],
[[1700.0],0.002104405],
[[1750.0],0.00220233],
[[1800.0],0.002239731],
[[1850.0],0.002415708],
[[1900.0],0.002218349],
[[1950.0],0.002255032],
[[2000.0],0.002355903],
[[2250.0],0.002665472],
[[2500.0],0.002603512],
[[2750.0],0.002720312],
[[3000.0],0.003093083]]
