txName: TChiISR
constraint: {(PV > MET(1), MET(2))}
condition: None
conditionDescription: None
figureUrl: None
source: Recast by MA5
validated: True
axesMap: [{0: 'x', 1: 'y'}]
dataMap: {0: (1, 'mass', GeV), 1: (2, 'mass', GeV)}
finalState: ['MET', 'MET']
efficiencyMap: [[[1.0,10.0],1.521306e-06],
[[1.0,20.0],7.498072e-07],
[[1.0,30.0],1.356013e-06],
[[1.0,40.0],1.666899e-06],
[[1.0,50.0],1.401622e-06],
[[1.0,60.0],2.104437e-06],
[[5.0,10.0],8.585826e-07],
[[7.0,10.0],2.13706e-06],
[[9.0,10.0],9.00679e-07],
[[10.0,1.0],1.521306e-06],
[[10.0,5.0],8.585826e-07],
[[10.0,7.0],2.13706e-06],
[[10.0,9.0],9.00679e-07],
[[10.0,10.0],1.058744e-06],
[[12.0,62.0],1.082269e-06],
[[12.0,72.0],1.708154e-06],
[[12.0,82.0],4.683144e-06],
[[12.0,92.0],8.48298e-06],
[[12.0,102.0],1.545114e-05],
[[12.0,212.0],5.774419e-05],
[[12.0,312.0],0.000118156],
[[15.0,20.0],1.13775e-06],
[[17.0,20.0],8.89239e-07],
[[19.0,20.0],1.161794e-06],
[[20.0,1.0],7.498072e-07],
[[20.0,15.0],1.13775e-06],
[[20.0,17.0],8.89239e-07],
[[20.0,19.0],1.161794e-06],
[[20.0,20.0],1.201298e-06],
[[20.0,30.0],1.371157e-06],
[[20.0,40.0],1.102365e-06],
[[20.0,50.0],2.195599e-06],
[[20.0,60.0],1.407686e-06],
[[25.0,30.0],7.014907e-07],
[[27.0,30.0],1.314097e-06],
[[29.0,30.0],2.416236e-06],
[[30.0,1.0],1.356013e-06],
[[30.0,20.0],1.371157e-06],
[[30.0,25.0],7.014907e-07],
[[30.0,27.0],1.314097e-06],
[[30.0,29.0],2.416236e-06],
[[30.0,30.0],8.268267e-07],
[[30.0,40.0],2.063597e-06],
[[30.0,50.0],1.135003e-06],
[[30.0,60.0],3.245419e-06],
[[32.0,62.0],5.202309e-06],
[[32.0,72.0],9.172684e-06],
[[32.0,82.0],9.352044e-06],
[[32.0,92.0],1.329975e-05],
[[32.0,102.0],1.741901e-05],
[[32.0,112.0],1.882111e-05],
[[32.0,122.0],2.176558e-05],
[[32.0,232.0],6.941352e-05],
[[32.0,332.0],0.0001248374],
[[35.0,40.0],1.039795e-06],
[[37.0,40.0],1.041028e-06],
[[39.0,40.0],1.750608e-06],
[[40.0,1.0],1.666899e-06],
[[40.0,20.0],1.102365e-06],
[[40.0,30.0],2.063597e-06],
[[40.0,35.0],1.039795e-06],
[[40.0,37.0],1.041028e-06],
[[40.0,39.0],1.750608e-06],
[[40.0,40.0],4.904584e-06],
[[40.0,50.0],3.345842e-06],
[[40.0,60.0],7.03107e-06],
[[45.0,50.0],4.447276e-06],
[[47.0,50.0],5.305559e-06],
[[49.0,50.0],5.289856e-06],
[[50.0,1.0],1.401622e-06],
[[50.0,20.0],2.195599e-06],
[[50.0,30.0],1.135003e-06],
[[50.0,40.0],3.345842e-06],
[[50.0,45.0],4.447276e-06],
[[50.0,47.0],5.305559e-06],
[[50.0,49.0],5.289856e-06],
[[50.0,50.0],6.296828e-06],
[[50.0,60.0],9.915648e-06],
[[52.0,62.0],1.527719e-05],
[[52.0,67.0],1.293004e-05],
[[52.0,72.0],1.449739e-05],
[[52.0,82.0],1.46225e-05],
[[52.0,92.0],2.441465e-05],
[[52.0,102.0],2.154014e-05],
[[52.0,112.0],3.045692e-05],
[[52.0,122.0],4.050758e-05],
[[52.0,132.0],3.655625e-05],
[[52.0,142.0],3.501691e-05],
[[52.0,252.0],9.750451e-05],
[[52.0,352.0],0.0001530185],
[[55.0,60.0],9.964284e-06],
[[57.0,60.0],1.099204e-05],
[[59.0,60.0],1.245487e-05],
[[60.0,1.0],2.104437e-06],
[[60.0,20.0],1.407686e-06],
[[60.0,30.0],3.245419e-06],
[[60.0,40.0],7.03107e-06],
[[60.0,50.0],9.915648e-06],
[[60.0,55.0],9.964284e-06],
[[60.0,57.0],1.099204e-05],
[[60.0,59.0],1.245487e-05],
[[60.0,60.0],1.109253e-05],
[[62.0,12.0],1.082269e-06],
[[62.0,32.0],5.202309e-06],
[[62.0,52.0],1.527719e-05],
[[67.0,52.0],1.293004e-05],
[[72.0,12.0],1.708154e-06],
[[72.0,32.0],9.172684e-06],
[[72.0,52.0],1.449739e-05],
[[72.0,72.0],1.981966e-05],
[[72.0,75.0],2.110318e-05],
[[72.0,77.0],2.112829e-05],
[[72.0,82.0],2.839095e-05],
[[72.0,87.0],2.487684e-05],
[[72.0,92.0],2.621079e-05],
[[72.0,102.0],3.482031e-05],
[[72.0,112.0],3.267047e-05],
[[72.0,122.0],3.543507e-05],
[[72.0,132.0],4.291349e-05],
[[72.0,142.0],4.875956e-05],
[[72.0,152.0],5.20419e-05],
[[72.0,162.0],5.616174e-05],
[[72.0,272.0],0.0001063633],
[[72.0,372.0],0.0001694499],
[[75.0,72.0],2.110318e-05],
[[77.0,72.0],2.112829e-05],
[[82.0,12.0],4.683144e-06],
[[82.0,32.0],9.352044e-06],
[[82.0,52.0],1.46225e-05],
[[82.0,72.0],2.839095e-05],
[[87.0,72.0],2.487684e-05],
[[92.0,12.0],8.48298e-06],
[[92.0,32.0],1.329975e-05],
[[92.0,52.0],2.441465e-05],
[[92.0,72.0],2.621079e-05],
[[92.0,92.0],6.363678e-05],
[[92.0,95.0],3.511876e-05],
[[92.0,97.0],4.180332e-05],
[[92.0,102.0],4.029695e-05],
[[92.0,107.0],4.294957e-05],
[[92.0,112.0],4.736694e-05],
[[92.0,122.0],5.044893e-05],
[[92.0,132.0],5.244743e-05],
[[92.0,142.0],6.738037e-05],
[[92.0,152.0],5.392328e-05],
[[92.0,162.0],6.224648e-05],
[[92.0,172.0],7.592073e-05],
[[92.0,182.0],8.035007e-05],
[[92.0,292.0],0.0001308006],
[[92.0,392.0],0.000183566],
[[95.0,92.0],3.511876e-05],
[[97.0,92.0],4.180332e-05],
[[102.0,12.0],1.545114e-05],
[[102.0,32.0],1.741901e-05],
[[102.0,52.0],2.154014e-05],
[[102.0,72.0],3.482031e-05],
[[102.0,92.0],4.029695e-05],
[[102.0,102.0],5.759338e-05],
[[102.0,105.0],4.522708e-05],
[[102.0,107.0],4.237065e-05],
[[102.0,112.0],6.190476e-05],
[[102.0,117.0],5.353254e-05],
[[102.0,122.0],5.423008e-05],
[[102.0,132.0],5.859256e-05],
[[102.0,142.0],6.056672e-05],
[[102.0,152.0],7.153235e-05],
[[102.0,162.0],8.799806e-05],
[[102.0,172.0],8.672755e-05],
[[102.0,182.0],8.322901e-05],
[[102.0,192.0],8.08253e-05],
[[102.0,302.0],0.0001417896],
[[102.0,402.0],0.0001998968],
[[105.0,102.0],4.522708e-05],
[[107.0,92.0],4.294957e-05],
[[107.0,102.0],4.237065e-05],
[[112.0,32.0],1.882111e-05],
[[112.0,52.0],3.045692e-05],
[[112.0,72.0],3.267047e-05],
[[112.0,92.0],4.736694e-05],
[[112.0,102.0],6.190476e-05],
[[117.0,102.0],5.353254e-05],
[[122.0,32.0],2.176558e-05],
[[122.0,52.0],4.050758e-05],
[[122.0,72.0],3.543507e-05],
[[122.0,92.0],5.044893e-05],
[[122.0,102.0],5.423008e-05],
[[132.0,52.0],3.655625e-05],
[[132.0,72.0],4.291349e-05],
[[132.0,92.0],5.244743e-05],
[[132.0,102.0],5.859256e-05],
[[142.0,52.0],3.501691e-05],
[[142.0,72.0],4.875956e-05],
[[142.0,92.0],6.738037e-05],
[[142.0,102.0],6.056672e-05],
[[152.0,72.0],5.20419e-05],
[[152.0,92.0],5.392328e-05],
[[152.0,102.0],7.153235e-05],
[[152.0,152.0],8.361625e-05],
[[152.0,155.0],9.209427e-05],
[[152.0,157.0],0.0001062349],
[[152.0,162.0],0.0001036021],
[[152.0,167.0],9.378019e-05],
[[152.0,172.0],0.0001119773],
[[152.0,182.0],0.0001124623],
[[152.0,192.0],0.0001130331],
[[152.0,202.0],0.0001106289],
[[152.0,212.0],0.0001214709],
[[152.0,222.0],0.0001272865],
[[152.0,232.0],0.0001364196],
[[152.0,242.0],0.0001224646],
[[152.0,352.0],0.00019497],
[[152.0,452.0],0.0002503726],
[[155.0,152.0],9.209427e-05],
[[157.0,152.0],0.0001062349],
[[162.0,72.0],5.616174e-05],
[[162.0,92.0],6.224648e-05],
[[162.0,102.0],8.799806e-05],
[[162.0,152.0],0.0001036021],
[[167.0,152.0],9.378019e-05],
[[172.0,92.0],7.592073e-05],
[[172.0,102.0],8.672755e-05],
[[172.0,152.0],0.0001119773],
[[182.0,92.0],8.035007e-05],
[[182.0,102.0],8.322901e-05],
[[182.0,152.0],0.0001124623],
[[192.0,102.0],8.08253e-05],
[[192.0,152.0],0.0001130331],
[[202.0,152.0],0.0001106289],
[[202.0,202.0],0.0001339277],
[[202.0,205.0],0.0001425825],
[[202.0,207.0],0.0001514152],
[[202.0,212.0],0.0001622276],
[[202.0,217.0],0.0001687376],
[[202.0,222.0],0.0001630169],
[[202.0,232.0],0.0001641886],
[[202.0,242.0],0.0001628409],
[[202.0,252.0],0.0001689859],
[[202.0,262.0],0.0001629597],
[[202.0,272.0],0.0001869208],
[[202.0,282.0],0.000196044],
[[202.0,402.0],0.0002413914],
[[202.0,502.0],0.0002845021],
[[205.0,202.0],0.0001425825],
[[207.0,202.0],0.0001514152],
[[212.0,12.0],5.774419e-05],
[[212.0,152.0],0.0001214709],
[[212.0,202.0],0.0001622276],
[[217.0,202.0],0.0001687376],
[[222.0,152.0],0.0001272865],
[[222.0,202.0],0.0001630169],
[[232.0,32.0],6.941352e-05],
[[232.0,152.0],0.0001364196],
[[232.0,202.0],0.0001641886],
[[242.0,152.0],0.0001224646],
[[242.0,202.0],0.0001628409],
[[252.0,52.0],9.750451e-05],
[[252.0,202.0],0.0001689859],
[[252.0,252.0],0.0001862405],
[[252.0,255.0],0.0001892915],
[[252.0,257.0],0.0002157968],
[[252.0,262.0],0.000214308],
[[252.0,267.0],0.000217736],
[[252.0,272.0],0.000193888],
[[252.0,282.0],0.000202416],
[[252.0,292.0],0.0002124321],
[[252.0,302.0],0.0001976299],
[[252.0,312.0],0.0002310114],
[[252.0,322.0],0.0002169852],
[[252.0,332.0],0.0002169032],
[[252.0,342.0],0.0002322765],
[[252.0,452.0],0.0002828984],
[[252.0,552.0],0.0003013763],
[[255.0,252.0],0.0001892915],
[[257.0,252.0],0.0002157968],
[[262.0,202.0],0.0001629597],
[[262.0,252.0],0.000214308],
[[267.0,252.0],0.000217736],
[[272.0,72.0],0.0001063633],
[[272.0,202.0],0.0001869208],
[[272.0,252.0],0.000193888],
[[282.0,202.0],0.000196044],
[[282.0,252.0],0.000202416],
[[292.0,92.0],0.0001308006],
[[292.0,252.0],0.0002124321],
[[302.0,102.0],0.0001417896],
[[302.0,252.0],0.0001976299],
[[302.0,302.0],0.0002555225],
[[302.0,305.0],0.0002456324],
[[302.0,307.0],0.0002301204],
[[302.0,312.0],0.0002286711],
[[302.0,317.0],0.0002465333],
[[302.0,322.0],0.0002554846],
[[302.0,332.0],0.0002601309],
[[302.0,342.0],0.000266528],
[[302.0,352.0],0.0002475315],
[[302.0,362.0],0.0002594763],
[[302.0,372.0],0.0002611126],
[[302.0,382.0],0.0002829852],
[[302.0,392.0],0.0002797085],
[[302.0,502.0],0.0003194973],
[[302.0,602.0],0.0003593396],
[[305.0,302.0],0.0002456324],
[[307.0,302.0],0.0002301204],
[[312.0,12.0],0.000118156],
[[312.0,252.0],0.0002310114],
[[312.0,302.0],0.0002286711],
[[317.0,302.0],0.0002465333],
[[322.0,252.0],0.0002169852],
[[322.0,302.0],0.0002554846],
[[332.0,32.0],0.0001248374],
[[332.0,252.0],0.0002169032],
[[332.0,302.0],0.0002601309],
[[342.0,252.0],0.0002322765],
[[342.0,302.0],0.000266528],
[[352.0,52.0],0.0001530185],
[[352.0,152.0],0.00019497],
[[352.0,302.0],0.0002475315],
[[352.0,352.0],0.0002751641],
[[352.0,355.0],0.0002543438],
[[352.0,357.0],0.0002955668],
[[352.0,362.0],0.0002952308],
[[352.0,367.0],0.0002945931],
[[352.0,372.0],0.0002931674],
[[352.0,382.0],0.0002971969],
[[352.0,392.0],0.000284814],
[[352.0,402.0],0.0002807625],
[[352.0,412.0],0.0002910109],
[[352.0,422.0],0.0002908033],
[[352.0,432.0],0.000299614],
[[352.0,442.0],0.0002972296],
[[352.0,552.0],0.0003390405],
[[352.0,652.0],0.0003609312],
[[355.0,352.0],0.0002543438],
[[357.0,352.0],0.0002955668],
[[362.0,302.0],0.0002594763],
[[362.0,352.0],0.0002952308],
[[367.0,352.0],0.0002945931],
[[372.0,72.0],0.0001694499],
[[372.0,302.0],0.0002611126],
[[372.0,352.0],0.0002931674],
[[382.0,302.0],0.0002829852],
[[382.0,352.0],0.0002971969],
[[392.0,92.0],0.000183566],
[[392.0,302.0],0.0002797085],
[[392.0,352.0],0.000284814],
[[402.0,102.0],0.0001998968],
[[402.0,202.0],0.0002413914],
[[402.0,352.0],0.0002807625],
[[402.0,402.0],0.000313997],
[[402.0,405.0],0.0003226558],
[[402.0,407.0],0.0003233844],
[[402.0,412.0],0.0003170477],
[[402.0,417.0],0.000323179],
[[402.0,422.0],0.0003215252],
[[402.0,432.0],0.0003597241],
[[402.0,442.0],0.0003277442],
[[402.0,452.0],0.0003426701],
[[402.0,462.0],0.0003415758],
[[402.0,472.0],0.0003458582],
[[402.0,482.0],0.0003592225],
[[402.0,492.0],0.0003491559],
[[402.0,602.0],0.000386077],
[[402.0,702.0],0.0004094558],
[[405.0,402.0],0.0003226558],
[[407.0,402.0],0.0003233844],
[[412.0,352.0],0.0002910109],
[[412.0,402.0],0.0003170477],
[[417.0,402.0],0.000323179],
[[422.0,352.0],0.0002908033],
[[422.0,402.0],0.0003215252],
[[432.0,352.0],0.000299614],
[[432.0,402.0],0.0003597241],
[[442.0,352.0],0.0002972296],
[[442.0,402.0],0.0003277442],
[[452.0,152.0],0.0002503726],
[[452.0,252.0],0.0002828984],
[[452.0,402.0],0.0003426701],
[[462.0,402.0],0.0003415758],
[[472.0,402.0],0.0003458582],
[[482.0,402.0],0.0003592225],
[[492.0,402.0],0.0003491559],
[[502.0,202.0],0.0002845021],
[[502.0,302.0],0.0003194973],
[[552.0,252.0],0.0003013763],
[[552.0,352.0],0.0003390405],
[[602.0,302.0],0.0003593396],
[[602.0,402.0],0.000386077],
[[602.0,602.0],0.0004506844],
[[602.0,605.0],0.0004450089],
[[602.0,607.0],0.0004555185],
[[602.0,612.0],0.0004521826],
[[602.0,617.0],0.0004370467],
[[602.0,622.0],0.0004716933],
[[602.0,632.0],0.0004524591],
[[602.0,642.0],0.0004461352],
[[602.0,652.0],0.000457299],
[[602.0,662.0],0.0004494697],
[[602.0,672.0],0.0004522873],
[[602.0,682.0],0.0004513831],
[[602.0,692.0],0.0004637593],
[[602.0,802.0],0.0004715171],
[[602.0,902.0],0.0005008118],
[[605.0,602.0],0.0004450089],
[[607.0,602.0],0.0004555185],
[[612.0,602.0],0.0004521826],
[[617.0,602.0],0.0004370467],
[[622.0,602.0],0.0004716933],
[[632.0,602.0],0.0004524591],
[[642.0,602.0],0.0004461352],
[[652.0,352.0],0.0003609312],
[[652.0,602.0],0.000457299],
[[662.0,602.0],0.0004494697],
[[672.0,602.0],0.0004522873],
[[682.0,602.0],0.0004513831],
[[692.0,602.0],0.0004637593],
[[702.0,402.0],0.0004094558],
[[802.0,602.0],0.0004715171],
[[802.0,802.0],0.0005239588],
[[802.0,805.0],0.0005447831],
[[802.0,807.0],0.0005227727],
[[802.0,812.0],0.0005417154],
[[802.0,817.0],0.0005465517],
[[802.0,822.0],0.0005325301],
[[802.0,832.0],0.0005654922],
[[802.0,842.0],0.0005412339],
[[802.0,852.0],0.0005269295],
[[802.0,862.0],0.0005440719],
[[802.0,872.0],0.0005467126],
[[802.0,882.0],0.0005487136],
[[802.0,892.0],0.0005444334],
[[802.0,1002.0],0.000564864],
[[802.0,1102.0],0.0005577522],
[[805.0,802.0],0.0005447831],
[[807.0,802.0],0.0005227727],
[[812.0,802.0],0.0005417154],
[[817.0,802.0],0.0005465517],
[[822.0,802.0],0.0005325301],
[[832.0,802.0],0.0005654922],
[[842.0,802.0],0.0005412339],
[[852.0,802.0],0.0005269295],
[[862.0,802.0],0.0005440719],
[[872.0,802.0],0.0005467126],
[[882.0,802.0],0.0005487136],
[[892.0,802.0],0.0005444334],
[[902.0,602.0],0.0005008118],
[[1002.0,802.0],0.000564864],
[[1002.0,1002.0],0.0005818138],
[[1002.0,1005.0],0.0005950735],
[[1002.0,1007.0],0.0006129774],
[[1002.0,1012.0],0.0005957623],
[[1002.0,1017.0],0.0005918013],
[[1002.0,1022.0],0.0005824672],
[[1002.0,1032.0],0.0005906004],
[[1002.0,1042.0],0.0005975296],
[[1002.0,1052.0],0.0006075554],
[[1002.0,1062.0],0.0006128851],
[[1002.0,1072.0],0.0005723254],
[[1002.0,1082.0],0.0005853142],
[[1002.0,1092.0],0.0006066004],
[[1002.0,1202.0],0.0006121794],
[[1002.0,1302.0],0.000588219],
[[1005.0,1002.0],0.0005950735],
[[1007.0,1002.0],0.0006129774],
[[1012.0,1002.0],0.0005957623],
[[1017.0,1002.0],0.0005918013],
[[1022.0,1002.0],0.0005824672],
[[1032.0,1002.0],0.0005906004],
[[1042.0,1002.0],0.0005975296],
[[1052.0,1002.0],0.0006075554],
[[1062.0,1002.0],0.0006128851],
[[1072.0,1002.0],0.0005723254],
[[1082.0,1002.0],0.0005853142],
[[1092.0,1002.0],0.0006066004],
[[1102.0,802.0],0.0005577522],
[[1202.0,1002.0],0.0006121794],
[[1202.0,1202.0],0.0006226646],
[[1202.0,1205.0],0.0006576475],
[[1202.0,1207.0],0.0006393097],
[[1202.0,1212.0],0.0006153912],
[[1202.0,1217.0],0.0006140654],
[[1202.0,1222.0],0.0006229651],
[[1202.0,1232.0],0.0006223773],
[[1202.0,1242.0],0.0006409527],
[[1202.0,1252.0],0.0006210159],
[[1202.0,1262.0],0.0006241903],
[[1202.0,1272.0],0.000631263],
[[1202.0,1282.0],0.0006181146],
[[1202.0,1292.0],0.0006185583],
[[1202.0,1402.0],0.0006100316],
[[1202.0,1502.0],0.0006183398],
[[1205.0,1202.0],0.0006576475],
[[1207.0,1202.0],0.0006393097],
[[1212.0,1202.0],0.0006153912],
[[1217.0,1202.0],0.0006140654],
[[1222.0,1202.0],0.0006229651],
[[1232.0,1202.0],0.0006223773],
[[1242.0,1202.0],0.0006409527],
[[1252.0,1202.0],0.0006210159],
[[1262.0,1202.0],0.0006241903],
[[1272.0,1202.0],0.000631263],
[[1282.0,1202.0],0.0006181146],
[[1292.0,1202.0],0.0006185583],
[[1302.0,1002.0],0.000588219],
[[1402.0,1202.0],0.0006100316],
[[1402.0,1402.0],0.0006455293],
[[1402.0,1405.0],0.0006581243],
[[1402.0,1407.0],0.0006497526],
[[1402.0,1412.0],0.0006450181],
[[1402.0,1417.0],0.0006536924],
[[1402.0,1422.0],0.0006293031],
[[1402.0,1432.0],0.0006174855],
[[1402.0,1442.0],0.0006491271],
[[1402.0,1452.0],0.0006631948],
[[1402.0,1462.0],0.0006614096],
[[1402.0,1472.0],0.0006446776],
[[1402.0,1482.0],0.0006502578],
[[1402.0,1492.0],0.0006256338],
[[1402.0,1602.0],0.0006344501],
[[1402.0,1702.0],0.0006390164],
[[1405.0,1402.0],0.0006581243],
[[1407.0,1402.0],0.0006497526],
[[1412.0,1402.0],0.0006450181],
[[1417.0,1402.0],0.0006536924],
[[1422.0,1402.0],0.0006293031],
[[1432.0,1402.0],0.0006174855],
[[1442.0,1402.0],0.0006491271],
[[1452.0,1402.0],0.0006631948],
[[1462.0,1402.0],0.0006614096],
[[1472.0,1402.0],0.0006446776],
[[1482.0,1402.0],0.0006502578],
[[1492.0,1402.0],0.0006256338],
[[1502.0,1202.0],0.0006183398],
[[1602.0,1402.0],0.0006344501],
[[1602.0,1602.0],0.0006335313],
[[1602.0,1605.0],0.0006360384],
[[1602.0,1607.0],0.0006719632],
[[1602.0,1612.0],0.0006616239],
[[1602.0,1617.0],0.0006427351],
[[1602.0,1622.0],0.0006685856],
[[1602.0,1632.0],0.0006517971],
[[1602.0,1642.0],0.0006482196],
[[1602.0,1652.0],0.0006570227],
[[1602.0,1662.0],0.000649708],
[[1602.0,1672.0],0.0006525039],
[[1602.0,1682.0],0.0006693366],
[[1602.0,1692.0],0.0006439943],
[[1602.0,1802.0],0.0006675936],
[[1602.0,1902.0],0.0006592972],
[[1605.0,1602.0],0.0006360384],
[[1607.0,1602.0],0.0006719632],
[[1612.0,1602.0],0.0006616239],
[[1617.0,1602.0],0.0006427351],
[[1622.0,1602.0],0.0006685856],
[[1632.0,1602.0],0.0006517971],
[[1642.0,1602.0],0.0006482196],
[[1652.0,1602.0],0.0006570227],
[[1662.0,1602.0],0.000649708],
[[1672.0,1602.0],0.0006525039],
[[1682.0,1602.0],0.0006693366],
[[1692.0,1602.0],0.0006439943],
[[1702.0,1402.0],0.0006390164],
[[1802.0,1602.0],0.0006675936],
[[1802.0,1802.0],0.0006570868],
[[1802.0,1805.0],0.0006434817],
[[1802.0,1807.0],0.000654091],
[[1802.0,1812.0],0.0006570196],
[[1802.0,1817.0],0.0006296587],
[[1802.0,1822.0],0.0006631101],
[[1802.0,1832.0],0.0006828605],
[[1802.0,1842.0],0.0006375923],
[[1802.0,1852.0],0.0006929382],
[[1802.0,1862.0],0.0006431681],
[[1802.0,1872.0],0.0006418582],
[[1802.0,1882.0],0.0006769503],
[[1802.0,1892.0],0.0006412578],
[[1802.0,2002.0],0.0006310398],
[[1802.0,2102.0],0.0006593555],
[[1805.0,1802.0],0.0006434817],
[[1807.0,1802.0],0.000654091],
[[1812.0,1802.0],0.0006570196],
[[1817.0,1802.0],0.0006296587],
[[1822.0,1802.0],0.0006631101],
[[1832.0,1802.0],0.0006828605],
[[1842.0,1802.0],0.0006375923],
[[1852.0,1802.0],0.0006929382],
[[1862.0,1802.0],0.0006431681],
[[1872.0,1802.0],0.0006418582],
[[1882.0,1802.0],0.0006769503],
[[1892.0,1802.0],0.0006412578],
[[1902.0,1602.0],0.0006592972],
[[2002.0,1802.0],0.0006310398],
[[2002.0,2002.0],0.0006536362],
[[2002.0,2005.0],0.0006554527],
[[2002.0,2007.0],0.0006262364],
[[2002.0,2012.0],0.0006562571],
[[2002.0,2017.0],0.000647851],
[[2002.0,2022.0],0.0006687219],
[[2002.0,2032.0],0.000641253],
[[2002.0,2042.0],0.0006600128],
[[2002.0,2052.0],0.0006173624],
[[2002.0,2062.0],0.0006442223],
[[2002.0,2072.0],0.0006367681],
[[2002.0,2082.0],0.00063979],
[[2002.0,2092.0],0.000678728],
[[2002.0,2202.0],0.0006396757],
[[2002.0,2302.0],0.0006659995],
[[2005.0,2002.0],0.0006554527],
[[2007.0,2002.0],0.0006262364],
[[2012.0,2002.0],0.0006562571],
[[2017.0,2002.0],0.000647851],
[[2022.0,2002.0],0.0006687219],
[[2032.0,2002.0],0.000641253],
[[2042.0,2002.0],0.0006600128],
[[2052.0,2002.0],0.0006173624],
[[2062.0,2002.0],0.0006442223],
[[2072.0,2002.0],0.0006367681],
[[2082.0,2002.0],0.00063979],
[[2092.0,2002.0],0.000678728],
[[2102.0,1802.0],0.0006593555],
[[2202.0,2002.0],0.0006396757],
[[2302.0,2002.0],0.0006659995]]
