txName: TChiWWISRqq
constraint: {(PV > anyBSM(1), anyBSM(3)), (anyBSM(1) > q, q, MET(2)), (anyBSM(3) > q, q, MET(4))}
condition: None
conditionDescription: None
figureUrl: None
source: Recast by MA5
validated: True
axesMap: [{0: 'x', 1: 'y', 2: 'x', 3: 'y'}]
dataMap: {0: (1, 'mass', GeV), 1: (2, 'mass', GeV), 2: (3, 'mass', GeV), 3: (4, 'mass', GeV)}
finalState: ['MET', 'MET']
efficiencyMap: [[[11.0,10.0,11.0,10.0],8.103074e-08],
[[13.0,10.0,13.0,10.0],6.697443e-09],
[[15.0,10.0,15.0,10.0],0.0],
[[20.0,10.0,20.0,10.0],0.0],
[[21.0,20.0,21.0,20.0],4.406877e-07],
[[23.0,20.0,23.0,20.0],4.424853e-08],
[[25.0,20.0,25.0,20.0],1.057496e-08],
[[30.0,10.0,30.0,10.0],0.0],
[[30.0,20.0,30.0,20.0],0.0],
[[31.0,30.0,31.0,30.0],1.036971e-06],
[[33.0,30.0,33.0,30.0],1.224818e-07],
[[35.0,30.0,35.0,30.0],1.34477e-08],
[[40.0,20.0,40.0,20.0],0.0],
[[40.0,30.0,40.0,30.0],4.913802e-09],
[[41.0,40.0,41.0,40.0],8.780287e-07],
[[43.0,40.0,43.0,40.0],1.258179e-07],
[[45.0,40.0,45.0,40.0],4.763091e-08],
[[50.0,10.0,50.0,10.0],7.39972e-09],
[[50.0,30.0,50.0,30.0],2.392812e-08],
[[50.0,40.0,50.0,40.0],6.326542e-08],
[[51.0,50.0,51.0,50.0],3.422899e-06],
[[53.0,50.0,53.0,50.0],5.589589e-06],
[[55.0,50.0,55.0,50.0],1.471055e-06],
[[60.0,20.0,60.0,20.0],5.591199e-09],
[[60.0,40.0,60.0,40.0],1.290985e-07],
[[60.0,50.0,60.0,50.0],5.119138e-07],
[[61.0,60.0,61.0,60.0],7.407182e-06],
[[63.0,60.0,63.0,60.0],4.106821e-06],
[[65.0,60.0,65.0,60.0],2.135205e-06],
[[70.0,10.0,70.0,10.0],3.28096e-08],
[[70.0,30.0,70.0,30.0],6.842407e-08],
[[70.0,50.0,70.0,50.0],3.673811e-07],
[[70.0,60.0,70.0,60.0],1.19708e-06],
[[71.0,70.0,71.0,70.0],9.387333e-06],
[[73.0,70.0,73.0,70.0],1.086914e-05],
[[75.0,70.0,75.0,70.0],3.841389e-06],
[[80.0,20.0,80.0,20.0],9.82751e-08],
[[80.0,40.0,80.0,40.0],1.175076e-07],
[[80.0,60.0,80.0,60.0],5.837889e-07],
[[80.0,70.0,80.0,70.0],2.078975e-06],
[[81.0,80.0,81.0,80.0],1.58699e-05],
[[83.0,80.0,83.0,80.0],1.179515e-05],
[[85.0,80.0,85.0,80.0],6.852853e-06],
[[90.0,10.0,90.0,10.0],2.208657e-07],
[[90.0,30.0,90.0,30.0],7.228631e-08],
[[90.0,50.0,90.0,50.0],5.569799e-07],
[[90.0,70.0,90.0,70.0],9.055737e-07],
[[90.0,80.0,90.0,80.0],2.583693e-06],
[[91.0,90.0,91.0,90.0],1.856024e-05],
[[93.0,90.0,93.0,90.0],2.0095e-05],
[[95.0,90.0,95.0,90.0],1.298373e-05],
[[100.0,20.0,100.0,20.0],1.800083e-07],
[[100.0,40.0,100.0,40.0],2.587076e-07],
[[100.0,60.0,100.0,60.0],3.079856e-07],
[[100.0,80.0,100.0,80.0],1.792134e-06],
[[100.0,90.0,100.0,90.0],4.844439e-06],
[[101.0,100.0,101.0,100.0],2.643264e-05],
[[103.0,100.0,103.0,100.0],2.014204e-05],
[[103.0,102.0,103.0,102.0],2.424727e-05],
[[105.0,100.0,105.0,100.0],1.730726e-05],
[[105.0,102.0,105.0,102.0],2.371794e-05],
[[107.0,102.0,107.0,102.0],1.584075e-05],
[[110.0,30.0,110.0,30.0],2.102707e-07],
[[110.0,50.0,110.0,50.0],3.37673e-07],
[[110.0,70.0,110.0,70.0],1.064933e-06],
[[110.0,90.0,110.0,90.0],2.791733e-06],
[[110.0,100.0,110.0,100.0],6.596657e-06],
[[112.0,102.0,112.0,102.0],8.849545e-06],
[[120.0,40.0,120.0,40.0],5.378626e-07],
[[120.0,60.0,120.0,60.0],6.380794e-07],
[[120.0,80.0,120.0,80.0],2.228279e-06],
[[120.0,100.0,120.0,100.0],4.283658e-06],
[[122.0,102.0,122.0,102.0],5.028999e-06],
[[123.0,122.0,123.0,122.0],3.783137e-05],
[[125.0,122.0,125.0,122.0],3.872155e-05],
[[127.0,122.0,127.0,122.0],2.979161e-05],
[[130.0,50.0,130.0,50.0],8.078075e-07],
[[130.0,70.0,130.0,70.0],1.215582e-06],
[[130.0,90.0,130.0,90.0],1.732819e-06],
[[132.0,122.0,132.0,122.0],2.236822e-05],
[[140.0,60.0,140.0,60.0],9.857926e-07],
[[140.0,80.0,140.0,80.0],1.328301e-06],
[[140.0,100.0,140.0,100.0],3.904326e-06],
[[142.0,102.0,142.0,102.0],2.839754e-06],
[[142.0,122.0,142.0,122.0],7.76412e-06],
[[143.0,142.0,143.0,142.0],5.114199e-05],
[[145.0,142.0,145.0,142.0],4.79466e-05],
[[147.0,142.0,147.0,142.0],4.02205e-05],
[[150.0,70.0,150.0,70.0],1.691022e-06],
[[150.0,90.0,150.0,90.0],2.504545e-06],
[[152.0,142.0,152.0,142.0],2.66803e-05],
[[160.0,80.0,160.0,80.0],2.191552e-06],
[[160.0,100.0,160.0,100.0],2.922576e-06],
[[162.0,102.0,162.0,102.0],3.139293e-06],
[[162.0,122.0,162.0,122.0],4.634984e-06],
[[162.0,142.0,162.0,142.0],1.454989e-05],
[[163.0,162.0,163.0,162.0],6.209274e-05],
[[165.0,162.0,165.0,162.0],6.133823e-05],
[[167.0,162.0,167.0,162.0],5.661002e-05],
[[170.0,90.0,170.0,90.0],3.471956e-06],
[[172.0,162.0,172.0,162.0],3.705906e-05],
[[180.0,100.0,180.0,100.0],3.33964e-06],
[[182.0,102.0,182.0,102.0],3.091069e-06],
[[182.0,122.0,182.0,122.0],5.340903e-06],
[[182.0,142.0,182.0,142.0],9.277008e-06],
[[182.0,162.0,182.0,162.0],2.390804e-05],
[[183.0,182.0,183.0,182.0],8.448931e-05],
[[185.0,182.0,185.0,182.0],8.283841e-05],
[[187.0,182.0,187.0,182.0],7.88513e-05],
[[192.0,182.0,192.0,182.0],5.191928e-05],
[[202.0,122.0,202.0,122.0],5.654246e-06],
[[202.0,142.0,202.0,142.0],9.919742e-06],
[[202.0,162.0,202.0,162.0],1.462514e-05],
[[202.0,182.0,202.0,182.0],3.116369e-05],
[[203.0,202.0,203.0,202.0],0.0001093755],
[[205.0,202.0,205.0,202.0],0.0001026629],
[[207.0,202.0,207.0,202.0],9.213394e-05],
[[212.0,202.0,212.0,202.0],6.537659e-05],
[[222.0,142.0,222.0,142.0],1.232566e-05],
[[222.0,162.0,222.0,162.0],1.181963e-05],
[[222.0,182.0,222.0,182.0],2.669576e-05],
[[222.0,202.0,222.0,202.0],5.235089e-05],
[[223.0,222.0,223.0,222.0],0.0001213845],
[[225.0,222.0,225.0,222.0],0.000109141],
[[227.0,222.0,227.0,222.0],0.0001043622],
[[232.0,222.0,232.0,222.0],8.719096e-05],
[[242.0,162.0,242.0,162.0],1.648421e-05],
[[242.0,182.0,242.0,182.0],2.148523e-05],
[[242.0,202.0,242.0,202.0],3.706311e-05],
[[242.0,222.0,242.0,222.0],5.956914e-05],
[[243.0,242.0,243.0,242.0],0.0001288125],
[[245.0,242.0,245.0,242.0],0.0001359873],
[[247.0,242.0,247.0,242.0],0.0001264151],
[[252.0,242.0,252.0,242.0],9.851122e-05],
[[262.0,182.0,262.0,182.0],1.929631e-05],
[[262.0,202.0,262.0,202.0],2.238349e-05],
[[262.0,222.0,262.0,222.0],3.324893e-05],
[[262.0,242.0,262.0,242.0],6.802089e-05],
[[263.0,262.0,263.0,262.0],0.0001435411],
[[265.0,262.0,265.0,262.0],0.0001425532],
[[267.0,262.0,267.0,262.0],0.0001444097],
[[272.0,262.0,272.0,262.0],0.0001139793],
[[282.0,202.0,282.0,202.0],2.302384e-05],
[[282.0,222.0,282.0,222.0],3.487444e-05],
[[282.0,242.0,282.0,242.0],5.094189e-05],
[[282.0,262.0,282.0,262.0],8.82643e-05],
[[283.0,282.0,283.0,282.0],0.0001699204],
[[285.0,282.0,285.0,282.0],0.0001643091],
[[287.0,282.0,287.0,282.0],0.0001702852],
[[292.0,282.0,292.0,282.0],0.0001308998],
[[302.0,222.0,302.0,222.0],3.295223e-05],
[[302.0,242.0,302.0,242.0],3.702892e-05],
[[302.0,262.0,302.0,262.0],5.789227e-05],
[[302.0,282.0,302.0,282.0],8.846168e-05],
[[303.0,302.0,303.0,302.0],0.0001769659],
[[305.0,302.0,305.0,302.0],0.0001903376],
[[307.0,302.0,307.0,302.0],0.0001920344],
[[312.0,302.0,312.0,302.0],0.0001527149],
[[322.0,242.0,322.0,242.0],4.536271e-05],
[[322.0,262.0,322.0,262.0],5.29982e-05],
[[322.0,282.0,322.0,282.0],6.378599e-05],
[[322.0,302.0,322.0,302.0],0.00011905],
[[323.0,322.0,323.0,322.0],0.0002063358],
[[325.0,322.0,325.0,322.0],0.0002011477],
[[327.0,322.0,327.0,322.0],0.0002011559],
[[332.0,322.0,332.0,322.0],0.0001769421],
[[342.0,262.0,342.0,262.0],4.714626e-05],
[[342.0,282.0,342.0,282.0],5.765984e-05],
[[342.0,302.0,342.0,302.0],7.344597e-05],
[[342.0,322.0,342.0,322.0],0.0001285195],
[[343.0,342.0,343.0,342.0],0.000233566],
[[345.0,342.0,345.0,342.0],0.0002087541],
[[347.0,342.0,347.0,342.0],0.0001982768],
[[352.0,342.0,352.0,342.0],0.0002020101],
[[362.0,282.0,362.0,282.0],5.450975e-05],
[[362.0,302.0,362.0,302.0],6.618154e-05],
[[362.0,322.0,362.0,322.0],8.972336e-05],
[[362.0,342.0,362.0,342.0],0.0001636004],
[[363.0,362.0,363.0,362.0],0.0002402273],
[[365.0,362.0,365.0,362.0],0.0002444619],
[[367.0,362.0,367.0,362.0],0.0002301385],
[[372.0,362.0,372.0,362.0],0.0001958903],
[[382.0,302.0,382.0,302.0],6.092152e-05],
[[382.0,322.0,382.0,322.0],7.73428e-05],
[[382.0,342.0,382.0,342.0],0.0001010446],
[[382.0,362.0,382.0,362.0],0.0001553928],
[[383.0,382.0,383.0,382.0],0.0002604543],
[[385.0,382.0,385.0,382.0],0.0002551914],
[[387.0,382.0,387.0,382.0],0.0002545086],
[[392.0,382.0,392.0,382.0],0.0002192706],
[[402.0,322.0,402.0,322.0],7.944561e-05],
[[402.0,342.0,402.0,342.0],8.539522e-05],
[[402.0,362.0,402.0,362.0],0.0001155201],
[[402.0,382.0,402.0,382.0],0.0001675291],
[[403.0,402.0,403.0,402.0],0.0002537577],
[[405.0,402.0,405.0,402.0],0.0002657871],
[[407.0,402.0,407.0,402.0],0.0002579111],
[[412.0,402.0,412.0,402.0],0.0002375655],
[[422.0,342.0,422.0,342.0],7.958421e-05],
[[422.0,362.0,422.0,362.0],9.536489e-05],
[[422.0,382.0,422.0,382.0],0.0001314225],
[[422.0,402.0,422.0,402.0],0.0001893576],
[[442.0,362.0,442.0,362.0],9.007006e-05],
[[442.0,382.0,442.0,382.0],0.0001086117],
[[442.0,402.0,442.0,402.0],0.000136148],
[[462.0,382.0,462.0,382.0],9.717026e-05],
[[462.0,402.0,462.0,402.0],0.0001163183],
[[482.0,402.0,482.0,402.0],0.0001075239],
[[503.0,502.0,503.0,502.0],0.0003384294],
[[505.0,502.0,505.0,502.0],0.0003316601],
[[507.0,502.0,507.0,502.0],0.0003169852],
[[512.0,502.0,512.0,502.0],0.0003139878],
[[522.0,502.0,522.0,502.0],0.0002639768],
[[542.0,502.0,542.0,502.0],0.0001844932],
[[562.0,502.0,562.0,502.0],0.0001679771],
[[582.0,502.0,582.0,502.0],0.000160664],
[[603.0,602.0,603.0,602.0],0.0003837061],
[[605.0,602.0,605.0,602.0],0.0003707629],
[[607.0,602.0,607.0,602.0],0.0003859592],
[[612.0,602.0,612.0,602.0],0.000375394],
[[622.0,602.0,622.0,602.0],0.0003231372],
[[642.0,602.0,642.0,602.0],0.0002553833],
[[662.0,602.0,662.0,602.0],0.0002136789],
[[682.0,602.0,682.0,602.0],0.0002113822],
[[703.0,702.0,703.0,702.0],0.0004479946],
[[705.0,702.0,705.0,702.0],0.0004503866],
[[707.0,702.0,707.0,702.0],0.0004226522],
[[712.0,702.0,712.0,702.0],0.0004444654],
[[722.0,702.0,722.0,702.0],0.0003841653],
[[742.0,702.0,742.0,702.0],0.0003097068],
[[762.0,702.0,762.0,702.0],0.0002714832],
[[782.0,702.0,782.0,702.0],0.0002619965],
[[803.0,802.0,803.0,802.0],0.0004885915],
[[805.0,802.0,805.0,802.0],0.0004952746],
[[807.0,802.0,807.0,802.0],0.0004927161],
[[812.0,802.0,812.0,802.0],0.0004786939],
[[822.0,802.0,822.0,802.0],0.0004505895],
[[842.0,802.0,842.0,802.0],0.0003327014],
[[862.0,802.0,862.0,802.0],0.0002910684],
[[882.0,802.0,882.0,802.0],0.0002930634],
[[903.0,902.0,903.0,902.0],0.0004997262],
[[905.0,902.0,905.0,902.0],0.0005419757],
[[907.0,902.0,907.0,902.0],0.0005193509],
[[912.0,902.0,912.0,902.0],0.0005199875],
[[922.0,902.0,922.0,902.0],0.0004777223],
[[942.0,902.0,942.0,902.0],0.0003797445],
[[962.0,902.0,962.0,902.0],0.0003298438],
[[982.0,902.0,982.0,902.0],0.0003196951],
[[1003.0,1002.0,1003.0,1002.0],0.0005545614],
[[1005.0,1002.0,1005.0,1002.0],0.0005570672],
[[1007.0,1002.0,1007.0,1002.0],0.0005693529],
[[1012.0,1002.0,1012.0,1002.0],0.0005506661],
[[1022.0,1002.0,1022.0,1002.0],0.000518593],
[[1042.0,1002.0,1042.0,1002.0],0.000416852],
[[1062.0,1002.0,1062.0,1002.0],0.0003659434],
[[1082.0,1002.0,1082.0,1002.0],0.0003460548],
[[1103.0,1102.0,1103.0,1102.0],0.0005851949],
[[1105.0,1102.0,1105.0,1102.0],0.0005790063],
[[1107.0,1102.0,1107.0,1102.0],0.0005791757],
[[1112.0,1102.0,1112.0,1102.0],0.0005660003],
[[1122.0,1102.0,1122.0,1102.0],0.000538971],
[[1142.0,1102.0,1142.0,1102.0],0.0004419581],
[[1162.0,1102.0,1162.0,1102.0],0.0003854518],
[[1182.0,1102.0,1182.0,1102.0],0.0003725941],
[[1203.0,1202.0,1203.0,1202.0],0.0006017],
[[1205.0,1202.0,1205.0,1202.0],0.0005874987],
[[1207.0,1202.0,1207.0,1202.0],0.0006133814],
[[1212.0,1202.0,1212.0,1202.0],0.0005738394],
[[1222.0,1202.0,1222.0,1202.0],0.0005620501],
[[1242.0,1202.0,1242.0,1202.0],0.0004491452],
[[1262.0,1202.0,1262.0,1202.0],0.0004185209],
[[1282.0,1202.0,1282.0,1202.0],0.0003986646],
[[1303.0,1302.0,1303.0,1302.0],0.0006055404],
[[1305.0,1302.0,1305.0,1302.0],0.0006209844],
[[1307.0,1302.0,1307.0,1302.0],0.0006346743],
[[1312.0,1302.0,1312.0,1302.0],0.0006174547],
[[1322.0,1302.0,1322.0,1302.0],0.0005778461],
[[1342.0,1302.0,1342.0,1302.0],0.000478968],
[[1362.0,1302.0,1362.0,1302.0],0.0004208983],
[[1382.0,1302.0,1382.0,1302.0],0.0003904749],
[[1403.0,1402.0,1403.0,1402.0],0.0006404304],
[[1405.0,1402.0,1405.0,1402.0],0.0006153073],
[[1407.0,1402.0,1407.0,1402.0],0.0006033952],
[[1412.0,1402.0,1412.0,1402.0],0.0006251319],
[[1422.0,1402.0,1422.0,1402.0],0.0005689982],
[[1442.0,1402.0,1442.0,1402.0],0.0004807258],
[[1462.0,1402.0,1462.0,1402.0],0.0004419659],
[[1482.0,1402.0,1482.0,1402.0],0.0004074103],
[[1503.0,1502.0,1503.0,1502.0],0.0006416826],
[[1505.0,1502.0,1505.0,1502.0],0.0006135142],
[[1507.0,1502.0,1507.0,1502.0],0.0006324257],
[[1512.0,1502.0,1512.0,1502.0],0.0006266561],
[[1522.0,1502.0,1522.0,1502.0],0.0006231443],
[[1542.0,1502.0,1542.0,1502.0],0.0005125058],
[[1562.0,1502.0,1562.0,1502.0],0.0004372613],
[[1582.0,1502.0,1582.0,1502.0],0.0004474132],
[[1603.0,1602.0,1603.0,1602.0],0.0006512291],
[[1605.0,1602.0,1605.0,1602.0],0.0006595227],
[[1607.0,1602.0,1607.0,1602.0],0.0006220238],
[[1612.0,1602.0,1612.0,1602.0],0.0006284793],
[[1622.0,1602.0,1622.0,1602.0],0.0006056057],
[[1642.0,1602.0,1642.0,1602.0],0.0004982108],
[[1662.0,1602.0,1662.0,1602.0],0.0004785763],
[[1682.0,1602.0,1682.0,1602.0],0.0004313814],
[[1703.0,1702.0,1703.0,1702.0],0.0006474345],
[[1705.0,1702.0,1705.0,1702.0],0.0006683433],
[[1707.0,1702.0,1707.0,1702.0],0.0006398418],
[[1712.0,1702.0,1712.0,1702.0],0.000620353],
[[1722.0,1702.0,1722.0,1702.0],0.0006091906],
[[1742.0,1702.0,1742.0,1702.0],0.0005223036],
[[1762.0,1702.0,1762.0,1702.0],0.000455299],
[[1782.0,1702.0,1782.0,1702.0],0.000438566],
[[1803.0,1802.0,1803.0,1802.0],0.0006367861],
[[1805.0,1802.0,1805.0,1802.0],0.000641511],
[[1807.0,1802.0,1807.0,1802.0],0.0006308303],
[[1812.0,1802.0,1812.0,1802.0],0.0006293348],
[[1822.0,1802.0,1822.0,1802.0],0.0006186004],
[[1842.0,1802.0,1842.0,1802.0],0.0004902738],
[[1862.0,1802.0,1862.0,1802.0],0.0004438872],
[[1882.0,1802.0,1882.0,1802.0],0.0004392856],
[[1903.0,1902.0,1903.0,1902.0],0.0006577073],
[[1905.0,1902.0,1905.0,1902.0],0.0006415022],
[[1907.0,1902.0,1907.0,1902.0],0.0006213371],
[[1912.0,1902.0,1912.0,1902.0],0.0006506285],
[[1922.0,1902.0,1922.0,1902.0],0.0006154257],
[[1942.0,1902.0,1942.0,1902.0],0.0005243024],
[[1962.0,1902.0,1962.0,1902.0],0.0005112235],
[[1982.0,1902.0,1982.0,1902.0],0.0004403819],
[[2003.0,2002.0,2003.0,2002.0],0.0006355848],
[[2005.0,2002.0,2005.0,2002.0],0.0006372814],
[[2007.0,2002.0,2007.0,2002.0],0.000629308],
[[2012.0,2002.0,2012.0,2002.0],0.0006082168],
[[2022.0,2002.0,2022.0,2002.0],0.0006487635],
[[2042.0,2002.0,2042.0,2002.0],0.000534449],
[[2062.0,2002.0,2062.0,2002.0],0.0004735919],
[[2082.0,2002.0,2082.0,2002.0],0.0004495863]]
