dataId: SR_2017_8
dataType: efficiencyMap
observedN: 6487
expectedBG: 6407.873535
bgError: 133.23100513769307
upperLimit: 2.756*fb
expectedUpperLimit: 2.614*fb
