txName: TChiWWISRqq
constraint: {(PV > anyBSM(1), anyBSM(3)), (anyBSM(1) > q, q, MET(2)), (anyBSM(3) > q, q, MET(4))}
condition: None
conditionDescription: None
figureUrl: None
source: Recast by MA5
validated: True
axesMap: [{0: 'x', 1: 'y', 2: 'x', 3: 'y'}]
dataMap: {0: (1, 'mass', GeV), 1: (2, 'mass', GeV), 2: (3, 'mass', GeV), 3: (4, 'mass', GeV)}
finalState: ['MET', 'MET']
efficiencyMap: [[[11.0,10.0,11.0,10.0],2.732008e-07],
[[13.0,10.0,13.0,10.0],2.664117e-08],
[[15.0,10.0,15.0,10.0],3.213372e-08],
[[20.0,10.0,20.0,10.0],0.0],
[[21.0,20.0,21.0,20.0],7.638642e-07],
[[23.0,20.0,23.0,20.0],7.241779e-08],
[[25.0,20.0,25.0,20.0],9.26502e-08],
[[30.0,10.0,30.0,10.0],4.990077e-09],
[[30.0,20.0,30.0,20.0],5.402361e-09],
[[31.0,30.0,31.0,30.0],1.193962e-06],
[[33.0,30.0,33.0,30.0],8.055938e-07],
[[35.0,30.0,35.0,30.0],6.162401e-08],
[[40.0,20.0,40.0,20.0],0.0],
[[40.0,30.0,40.0,30.0],2.419854e-08],
[[41.0,40.0,41.0,40.0],1.602248e-06],
[[43.0,40.0,43.0,40.0],7.518796e-07],
[[45.0,40.0,45.0,40.0],1.994434e-07],
[[50.0,10.0,50.0,10.0],0.0],
[[50.0,30.0,50.0,30.0],5.940863e-08],
[[50.0,40.0,50.0,40.0],7.119798e-07],
[[51.0,50.0,51.0,50.0],4.765445e-06],
[[53.0,50.0,53.0,50.0],4.388074e-06],
[[55.0,50.0,55.0,50.0],1.881901e-06],
[[60.0,20.0,60.0,20.0],9.106012e-08],
[[60.0,40.0,60.0,40.0],2.979004e-07],
[[60.0,50.0,60.0,50.0],8.974488e-07],
[[61.0,60.0,61.0,60.0],9.572445e-06],
[[63.0,60.0,63.0,60.0],1.864863e-05],
[[65.0,60.0,65.0,60.0],3.46593e-06],
[[70.0,10.0,70.0,10.0],4.16767e-08],
[[70.0,30.0,70.0,30.0],2.864467e-07],
[[70.0,50.0,70.0,50.0],4.666067e-07],
[[70.0,60.0,70.0,60.0],5.572904e-06],
[[71.0,70.0,71.0,70.0],1.560838e-05],
[[73.0,70.0,73.0,70.0],1.080445e-05],
[[75.0,70.0,75.0,70.0],6.568316e-06],
[[80.0,20.0,80.0,20.0],6.569861e-08],
[[80.0,40.0,80.0,40.0],2.146713e-07],
[[80.0,60.0,80.0,60.0],1.243109e-06],
[[80.0,70.0,80.0,70.0],4.101606e-06],
[[81.0,80.0,81.0,80.0],1.766047e-05],
[[83.0,80.0,83.0,80.0],1.50151e-05],
[[85.0,80.0,85.0,80.0],1.119897e-05],
[[90.0,10.0,90.0,10.0],2.143158e-07],
[[90.0,30.0,90.0,30.0],1.939988e-07],
[[90.0,50.0,90.0,50.0],4.693505e-07],
[[90.0,70.0,90.0,70.0],1.957057e-06],
[[90.0,80.0,90.0,80.0],5.766723e-06],
[[91.0,90.0,91.0,90.0],2.586016e-05],
[[93.0,90.0,93.0,90.0],2.110485e-05],
[[95.0,90.0,95.0,90.0],1.529675e-05],
[[100.0,20.0,100.0,20.0],3.640542e-07],
[[100.0,40.0,100.0,40.0],4.71919e-07],
[[100.0,60.0,100.0,60.0],1.387204e-06],
[[100.0,80.0,100.0,80.0],2.680878e-06],
[[100.0,90.0,100.0,90.0],8.28875e-06],
[[101.0,100.0,101.0,100.0],2.902805e-05],
[[103.0,100.0,103.0,100.0],2.837912e-05],
[[103.0,102.0,103.0,102.0],2.860694e-05],
[[105.0,100.0,105.0,100.0],2.094031e-05],
[[105.0,102.0,105.0,102.0],7.425872e-05],
[[107.0,102.0,107.0,102.0],2.512882e-05],
[[110.0,30.0,110.0,30.0],5.98346e-07],
[[110.0,50.0,110.0,50.0],8.389169e-07],
[[110.0,70.0,110.0,70.0],2.427621e-06],
[[110.0,90.0,110.0,90.0],5.479013e-06],
[[110.0,100.0,110.0,100.0],1.107768e-05],
[[112.0,102.0,112.0,102.0],1.22679e-05],
[[120.0,40.0,120.0,40.0],3.635613e-07],
[[120.0,60.0,120.0,60.0],2.531037e-06],
[[120.0,80.0,120.0,80.0],2.944013e-06],
[[120.0,100.0,120.0,100.0],6.549143e-06],
[[122.0,102.0,122.0,102.0],6.947945e-06],
[[123.0,122.0,123.0,122.0],4.819879e-05],
[[125.0,122.0,125.0,122.0],3.85458e-05],
[[127.0,122.0,127.0,122.0],3.434993e-05],
[[130.0,50.0,130.0,50.0],1.239857e-06],
[[130.0,70.0,130.0,70.0],2.14755e-06],
[[130.0,90.0,130.0,90.0],3.890204e-06],
[[132.0,122.0,132.0,122.0],2.288139e-05],
[[140.0,60.0,140.0,60.0],2.25354e-06],
[[140.0,80.0,140.0,80.0],1.133732e-05],
[[140.0,100.0,140.0,100.0],1.010867e-05],
[[142.0,102.0,142.0,102.0],6.074227e-06],
[[142.0,122.0,142.0,122.0],1.256596e-05],
[[143.0,142.0,143.0,142.0],5.387961e-05],
[[145.0,142.0,145.0,142.0],5.404214e-05],
[[147.0,142.0,147.0,142.0],4.927369e-05],
[[150.0,70.0,150.0,70.0],4.059955e-06],
[[150.0,90.0,150.0,90.0],6.379181e-06],
[[152.0,142.0,152.0,142.0],3.22734e-05],
[[160.0,80.0,160.0,80.0],3.556013e-06],
[[160.0,100.0,160.0,100.0],5.964034e-06],
[[162.0,102.0,162.0,102.0],6.034256e-06],
[[162.0,122.0,162.0,122.0],9.449333e-06],
[[162.0,142.0,162.0,142.0],2.312785e-05],
[[163.0,162.0,163.0,162.0],7.524e-05],
[[165.0,162.0,165.0,162.0],7.621963e-05],
[[167.0,162.0,167.0,162.0],6.448565e-05],
[[170.0,90.0,170.0,90.0],7.564838e-06],
[[172.0,162.0,172.0,162.0],4.223425e-05],
[[180.0,100.0,180.0,100.0],5.923469e-06],
[[182.0,102.0,182.0,102.0],5.900887e-06],
[[182.0,122.0,182.0,122.0],8.150121e-06],
[[182.0,142.0,182.0,142.0],1.713856e-05],
[[182.0,162.0,182.0,162.0],3.382139e-05],
[[183.0,182.0,183.0,182.0],8.659666e-05],
[[185.0,182.0,185.0,182.0],8.655349e-05],
[[187.0,182.0,187.0,182.0],8.016913e-05],
[[192.0,182.0,192.0,182.0],6.34177e-05],
[[202.0,122.0,202.0,122.0],8.780261e-06],
[[202.0,142.0,202.0,142.0],1.593132e-05],
[[202.0,162.0,202.0,162.0],2.312282e-05],
[[202.0,182.0,202.0,182.0],4.034242e-05],
[[203.0,202.0,203.0,202.0],9.360141e-05],
[[205.0,202.0,205.0,202.0],0.0001104897],
[[207.0,202.0,207.0,202.0],9.752925e-05],
[[212.0,202.0,212.0,202.0],8.091684e-05],
[[222.0,142.0,222.0,142.0],1.54907e-05],
[[222.0,162.0,222.0,162.0],2.080573e-05],
[[222.0,182.0,222.0,182.0],3.620688e-05],
[[222.0,202.0,222.0,202.0],6.034667e-05],
[[223.0,222.0,223.0,222.0],0.0001144787],
[[225.0,222.0,225.0,222.0],0.0001125025],
[[227.0,222.0,227.0,222.0],0.0001110438],
[[232.0,222.0,232.0,222.0],9.956315e-05],
[[242.0,162.0,242.0,162.0],2.039899e-05],
[[242.0,182.0,242.0,182.0],2.769895e-05],
[[242.0,202.0,242.0,202.0],3.672547e-05],
[[242.0,222.0,242.0,222.0],6.953726e-05],
[[243.0,242.0,243.0,242.0],0.0001250818],
[[245.0,242.0,245.0,242.0],0.0001366133],
[[247.0,242.0,247.0,242.0],0.0001229902],
[[252.0,242.0,252.0,242.0],0.0001018899],
[[262.0,182.0,262.0,182.0],2.884854e-05],
[[262.0,202.0,262.0,202.0],3.923549e-05],
[[262.0,222.0,262.0,222.0],5.397597e-05],
[[262.0,242.0,262.0,242.0],7.74016e-05],
[[263.0,262.0,263.0,262.0],0.0001475623],
[[265.0,262.0,265.0,262.0],0.0001456989],
[[267.0,262.0,267.0,262.0],0.0001461975],
[[272.0,262.0,272.0,262.0],0.0001179266],
[[282.0,202.0,282.0,202.0],3.659169e-05],
[[282.0,222.0,282.0,222.0],3.94768e-05],
[[282.0,242.0,282.0,242.0],6.078953e-05],
[[282.0,262.0,282.0,262.0],9.263197e-05],
[[283.0,282.0,283.0,282.0],0.0001674265],
[[285.0,282.0,285.0,282.0],0.0001520545],
[[287.0,282.0,287.0,282.0],0.0001634974],
[[292.0,282.0,292.0,282.0],0.0001431247],
[[302.0,222.0,302.0,222.0],3.85273e-05],
[[302.0,242.0,302.0,242.0],4.578504e-05],
[[302.0,262.0,302.0,262.0],7.074074e-05],
[[302.0,282.0,302.0,282.0],0.0001001634],
[[303.0,302.0,303.0,302.0],0.0001693341],
[[305.0,302.0,305.0,302.0],0.0001662996],
[[307.0,302.0,307.0,302.0],0.0001636173],
[[312.0,302.0,312.0,302.0],0.0001679225],
[[322.0,242.0,322.0,242.0],5.637359e-05],
[[322.0,262.0,322.0,262.0],5.77519e-05],
[[322.0,282.0,322.0,282.0],8.146327e-05],
[[322.0,302.0,322.0,302.0],0.0001302517],
[[323.0,322.0,323.0,322.0],0.0001904009],
[[325.0,322.0,325.0,322.0],0.0001692675],
[[327.0,322.0,327.0,322.0],0.0001807755],
[[332.0,322.0,332.0,322.0],0.0001685748],
[[342.0,262.0,342.0,262.0],6.141564e-05],
[[342.0,282.0,342.0,282.0],6.52012e-05],
[[342.0,302.0,342.0,302.0],8.65171e-05],
[[342.0,322.0,342.0,322.0],0.0001274937],
[[343.0,342.0,343.0,342.0],0.0001982183],
[[345.0,342.0,345.0,342.0],0.0001897134],
[[347.0,342.0,347.0,342.0],0.0001890392],
[[352.0,342.0,352.0,342.0],0.0002007761],
[[362.0,282.0,362.0,282.0],6.610424e-05],
[[362.0,302.0,362.0,302.0],8.170555e-05],
[[362.0,322.0,362.0,322.0],9.460468e-05],
[[362.0,342.0,362.0,342.0],0.0001466736],
[[363.0,362.0,363.0,362.0],0.0001964484],
[[365.0,362.0,365.0,362.0],0.0001917828],
[[367.0,362.0,367.0,362.0],0.0001995943],
[[372.0,362.0,372.0,362.0],0.0001870956],
[[382.0,302.0,382.0,302.0],7.839723e-05],
[[382.0,322.0,382.0,322.0],7.997969e-05],
[[382.0,342.0,382.0,342.0],9.955189e-05],
[[382.0,362.0,382.0,362.0],0.000152042],
[[383.0,382.0,383.0,382.0],0.0002136142],
[[385.0,382.0,385.0,382.0],0.0002129611],
[[387.0,382.0,387.0,382.0],0.0002088429],
[[392.0,382.0,392.0,382.0],0.0002038482],
[[402.0,322.0,402.0,322.0],8.074471e-05],
[[402.0,342.0,402.0,342.0],9.541064e-05],
[[402.0,362.0,402.0,362.0],0.000111163],
[[402.0,382.0,402.0,382.0],0.0001601466],
[[403.0,402.0,403.0,402.0],0.0002232905],
[[405.0,402.0,405.0,402.0],0.0002187685],
[[407.0,402.0,407.0,402.0],0.0002234716],
[[412.0,402.0,412.0,402.0],0.0002137138],
[[422.0,342.0,422.0,342.0],0.0001003534],
[[422.0,362.0,422.0,362.0],0.000102235],
[[422.0,382.0,422.0,382.0],0.0001171029],
[[422.0,402.0,422.0,402.0],0.0001825365],
[[442.0,362.0,442.0,362.0],9.404404e-05],
[[442.0,382.0,442.0,382.0],0.0001032639],
[[442.0,402.0,442.0,402.0],0.0001431495],
[[462.0,382.0,462.0,382.0],0.000105431],
[[462.0,402.0,462.0,402.0],0.0001133338],
[[482.0,402.0,482.0,402.0],0.0001178031],
[[503.0,502.0,503.0,502.0],0.0002759388],
[[505.0,502.0,505.0,502.0],0.0002763869],
[[507.0,502.0,507.0,502.0],0.0002733887],
[[512.0,502.0,512.0,502.0],0.0002468399],
[[522.0,502.0,522.0,502.0],0.0002432488],
[[542.0,502.0,542.0,502.0],0.0001838718],
[[562.0,502.0,562.0,502.0],0.0001647892],
[[582.0,502.0,582.0,502.0],0.0001487508],
[[603.0,602.0,603.0,602.0],0.0003254765],
[[605.0,602.0,605.0,602.0],0.0003224286],
[[607.0,602.0,607.0,602.0],0.0003191692],
[[612.0,602.0,612.0,602.0],0.0003029144],
[[622.0,602.0,622.0,602.0],0.0002924656],
[[642.0,602.0,642.0,602.0],0.0002254294],
[[662.0,602.0,662.0,602.0],0.0001933903],
[[682.0,602.0,682.0,602.0],0.0001809771],
[[703.0,702.0,703.0,702.0],0.0003532629],
[[705.0,702.0,705.0,702.0],0.000343283],
[[707.0,702.0,707.0,702.0],0.0003354904],
[[712.0,702.0,712.0,702.0],0.0003571417],
[[722.0,702.0,722.0,702.0],0.0002981113],
[[742.0,702.0,742.0,702.0],0.0002605471],
[[762.0,702.0,762.0,702.0],0.0002363104],
[[782.0,702.0,782.0,702.0],0.0002153778],
[[803.0,802.0,803.0,802.0],0.0003717261],
[[805.0,802.0,805.0,802.0],0.0003727914],
[[807.0,802.0,807.0,802.0],0.000362044],
[[812.0,802.0,812.0,802.0],0.000363424],
[[822.0,802.0,822.0,802.0],0.0003378858],
[[842.0,802.0,842.0,802.0],0.0002785045],
[[862.0,802.0,862.0,802.0],0.0002594255],
[[882.0,802.0,882.0,802.0],0.0002404478],
[[903.0,902.0,903.0,902.0],0.0003928516],
[[905.0,902.0,905.0,902.0],0.0003925268],
[[907.0,902.0,907.0,902.0],0.0003875008],
[[912.0,902.0,912.0,902.0],0.0003623679],
[[922.0,902.0,922.0,902.0],0.0003539407],
[[942.0,902.0,942.0,902.0],0.0003050469],
[[962.0,902.0,962.0,902.0],0.0002721767],
[[982.0,902.0,982.0,902.0],0.0002535884],
[[1003.0,1002.0,1003.0,1002.0],0.0004143552],
[[1005.0,1002.0,1005.0,1002.0],0.0004240806],
[[1007.0,1002.0,1007.0,1002.0],0.0004237997],
[[1012.0,1002.0,1012.0,1002.0],0.0004075826],
[[1022.0,1002.0,1022.0,1002.0],0.0003720265],
[[1042.0,1002.0,1042.0,1002.0],0.000314937],
[[1062.0,1002.0,1062.0,1002.0],0.0002892414],
[[1082.0,1002.0,1082.0,1002.0],0.0002869229],
[[1103.0,1102.0,1103.0,1102.0],0.0004438256],
[[1105.0,1102.0,1105.0,1102.0],0.0004190287],
[[1107.0,1102.0,1107.0,1102.0],0.0004325743],
[[1112.0,1102.0,1112.0,1102.0],0.0004242565],
[[1122.0,1102.0,1122.0,1102.0],0.0003978672],
[[1142.0,1102.0,1142.0,1102.0],0.0003312068],
[[1162.0,1102.0,1162.0,1102.0],0.0003019131],
[[1182.0,1102.0,1182.0,1102.0],0.0003034866],
[[1203.0,1202.0,1203.0,1202.0],0.0004409757],
[[1205.0,1202.0,1205.0,1202.0],0.0004374137],
[[1207.0,1202.0,1207.0,1202.0],0.0004387015],
[[1212.0,1202.0,1212.0,1202.0],0.0004254321],
[[1222.0,1202.0,1222.0,1202.0],0.0004335481],
[[1242.0,1202.0,1242.0,1202.0],0.000339199],
[[1262.0,1202.0,1262.0,1202.0],0.0003169524],
[[1282.0,1202.0,1282.0,1202.0],0.0002926],
[[1303.0,1302.0,1303.0,1302.0],0.0004672067],
[[1305.0,1302.0,1305.0,1302.0],0.0004462485],
[[1307.0,1302.0,1307.0,1302.0],0.000448431],
[[1312.0,1302.0,1312.0,1302.0],0.000439389],
[[1322.0,1302.0,1322.0,1302.0],0.0003951714],
[[1342.0,1302.0,1342.0,1302.0],0.000368918],
[[1362.0,1302.0,1362.0,1302.0],0.0003260215],
[[1382.0,1302.0,1382.0,1302.0],0.0003151942],
[[1403.0,1402.0,1403.0,1402.0],0.0004571768],
[[1405.0,1402.0,1405.0,1402.0],0.000451455],
[[1407.0,1402.0,1407.0,1402.0],0.0004277016],
[[1412.0,1402.0,1412.0,1402.0],0.0004715672],
[[1422.0,1402.0,1422.0,1402.0],0.0004229772],
[[1442.0,1402.0,1442.0,1402.0],0.0003572847],
[[1462.0,1402.0,1462.0,1402.0],0.000317654],
[[1482.0,1402.0,1482.0,1402.0],0.0003208451],
[[1503.0,1502.0,1503.0,1502.0],0.0004458865],
[[1505.0,1502.0,1505.0,1502.0],0.0004691449],
[[1507.0,1502.0,1507.0,1502.0],0.0004492121],
[[1512.0,1502.0,1512.0,1502.0],0.0004264632],
[[1522.0,1502.0,1522.0,1502.0],0.0004362556],
[[1542.0,1502.0,1542.0,1502.0],0.0003712695],
[[1562.0,1502.0,1562.0,1502.0],0.0003415274],
[[1582.0,1502.0,1582.0,1502.0],0.000335445],
[[1603.0,1602.0,1603.0,1602.0],0.0004518479],
[[1605.0,1602.0,1605.0,1602.0],0.0004498709],
[[1607.0,1602.0,1607.0,1602.0],0.0004644747],
[[1612.0,1602.0,1612.0,1602.0],0.0004660596],
[[1622.0,1602.0,1622.0,1602.0],0.000458257],
[[1642.0,1602.0,1642.0,1602.0],0.0003662356],
[[1662.0,1602.0,1662.0,1602.0],0.0003438804],
[[1682.0,1602.0,1682.0,1602.0],0.0003417363],
[[1703.0,1702.0,1703.0,1702.0],0.0004439691],
[[1705.0,1702.0,1705.0,1702.0],0.0004827097],
[[1707.0,1702.0,1707.0,1702.0],0.0004643336],
[[1712.0,1702.0,1712.0,1702.0],0.0004516098],
[[1722.0,1702.0,1722.0,1702.0],0.0004325091],
[[1742.0,1702.0,1742.0,1702.0],0.0003838842],
[[1762.0,1702.0,1762.0,1702.0],0.0003668671],
[[1782.0,1702.0,1782.0,1702.0],0.0003580188],
[[1803.0,1802.0,1803.0,1802.0],0.0004581845],
[[1805.0,1802.0,1805.0,1802.0],0.0004181121],
[[1807.0,1802.0,1807.0,1802.0],0.0004612186],
[[1812.0,1802.0,1812.0,1802.0],0.000475885],
[[1822.0,1802.0,1822.0,1802.0],0.0004471553],
[[1842.0,1802.0,1842.0,1802.0],0.0003926448],
[[1862.0,1802.0,1862.0,1802.0],0.0003486225],
[[1882.0,1802.0,1882.0,1802.0],0.0003593997],
[[1903.0,1902.0,1903.0,1902.0],0.0004888715],
[[1905.0,1902.0,1905.0,1902.0],0.0004788472],
[[1907.0,1902.0,1907.0,1902.0],0.0004734034],
[[1912.0,1902.0,1912.0,1902.0],0.0004512233],
[[1922.0,1902.0,1922.0,1902.0],0.0004278339],
[[1942.0,1902.0,1942.0,1902.0],0.0003836921],
[[1962.0,1902.0,1962.0,1902.0],0.0003606977],
[[1982.0,1902.0,1982.0,1902.0],0.0003476276],
[[2003.0,2002.0,2003.0,2002.0],0.0005023175],
[[2005.0,2002.0,2005.0,2002.0],0.0004718045],
[[2007.0,2002.0,2007.0,2002.0],0.0004682245],
[[2012.0,2002.0,2012.0,2002.0],0.0004818207],
[[2022.0,2002.0,2022.0,2002.0],0.0004119996],
[[2042.0,2002.0,2042.0,2002.0],0.0004186558],
[[2062.0,2002.0,2062.0,2002.0],0.0003833498],
[[2082.0,2002.0,2082.0,2002.0],0.0003422484]]
