txName: TChiWWISRqq
constraint: {(PV > anyBSM(1), anyBSM(3)), (anyBSM(1) > q, q, MET(2)), (anyBSM(3) > q, q, MET(4))}
condition: None
conditionDescription: None
figureUrl: None
source: Recast by MA5
validated: True
axesMap: [{0: 'x', 1: 'y', 2: 'x', 3: 'y'}]
dataMap: {0: (1, 'mass', GeV), 1: (2, 'mass', GeV), 2: (3, 'mass', GeV), 3: (4, 'mass', GeV)}
finalState: ['MET', 'MET']
efficiencyMap: [[[11.0,10.0,11.0,10.0],1.028044e-08],
[[13.0,10.0,13.0,10.0],0.0],
[[15.0,10.0,15.0,10.0],0.0],
[[20.0,10.0,20.0,10.0],0.0],
[[21.0,20.0,21.0,20.0],4.178681e-09],
[[23.0,20.0,23.0,20.0],1.376186e-09],
[[25.0,20.0,25.0,20.0],1.266068e-08],
[[30.0,10.0,30.0,10.0],0.0],
[[30.0,20.0,30.0,20.0],0.0],
[[31.0,30.0,31.0,30.0],8.281532e-08],
[[33.0,30.0,33.0,30.0],5.188103e-09],
[[35.0,30.0,35.0,30.0],2.033756e-09],
[[40.0,20.0,40.0,20.0],0.0],
[[40.0,30.0,40.0,30.0],0.0],
[[41.0,40.0,41.0,40.0],1.829938e-08],
[[43.0,40.0,43.0,40.0],1.673146e-09],
[[45.0,40.0,45.0,40.0],8.174245e-09],
[[50.0,10.0,50.0,10.0],0.0],
[[50.0,30.0,50.0,30.0],5.005671e-09],
[[50.0,40.0,50.0,40.0],5.571804e-09],
[[51.0,50.0,51.0,50.0],9.754372e-08],
[[53.0,50.0,53.0,50.0],7.16746e-08],
[[55.0,50.0,55.0,50.0],2.671161e-08],
[[60.0,20.0,60.0,20.0],2.231749e-09],
[[60.0,40.0,60.0,40.0],5.001757e-09],
[[60.0,50.0,60.0,50.0],6.418448e-09],
[[61.0,60.0,61.0,60.0],3.575468e-07],
[[63.0,60.0,63.0,60.0],1.031141e-07],
[[65.0,60.0,65.0,60.0],6.855108e-08],
[[70.0,10.0,70.0,10.0],0.0],
[[70.0,30.0,70.0,30.0],3.135892e-09],
[[70.0,50.0,70.0,50.0],1.980376e-09],
[[70.0,60.0,70.0,60.0],3.664307e-08],
[[71.0,70.0,71.0,70.0],1.075429e-05],
[[73.0,70.0,73.0,70.0],2.249335e-07],
[[75.0,70.0,75.0,70.0],9.315256e-08],
[[80.0,20.0,80.0,20.0],0.0],
[[80.0,40.0,80.0,40.0],0.0],
[[80.0,60.0,80.0,60.0],1.686283e-08],
[[80.0,70.0,80.0,70.0],6.162824e-08],
[[81.0,80.0,81.0,80.0],7.373289e-07],
[[83.0,80.0,83.0,80.0],3.560197e-07],
[[85.0,80.0,85.0,80.0],2.957247e-07],
[[90.0,10.0,90.0,10.0],3.427539e-09],
[[90.0,30.0,90.0,30.0],0.0],
[[90.0,50.0,90.0,50.0],2.396519e-08],
[[90.0,70.0,90.0,70.0],8.592239e-09],
[[90.0,80.0,90.0,80.0],2.157146e-07],
[[91.0,90.0,91.0,90.0],1.05248e-06],
[[93.0,90.0,93.0,90.0],6.603916e-07],
[[95.0,90.0,95.0,90.0],9.656896e-07],
[[100.0,20.0,100.0,20.0],0.0],
[[100.0,40.0,100.0,40.0],2.287983e-09],
[[100.0,60.0,100.0,60.0],1.280513e-08],
[[100.0,80.0,100.0,80.0],6.597177e-08],
[[100.0,90.0,100.0,90.0],1.638077e-07],
[[101.0,100.0,101.0,100.0],1.332054e-06],
[[103.0,100.0,103.0,100.0],1.208828e-06],
[[103.0,102.0,103.0,102.0],1.575922e-06],
[[105.0,100.0,105.0,100.0],8.414912e-07],
[[105.0,102.0,105.0,102.0],1.276484e-06],
[[107.0,102.0,107.0,102.0],7.659023e-07],
[[110.0,30.0,110.0,30.0],4.848925e-09],
[[110.0,50.0,110.0,50.0],1.173917e-08],
[[110.0,70.0,110.0,70.0],1.215364e-08],
[[110.0,90.0,110.0,90.0],2.936682e-07],
[[110.0,100.0,110.0,100.0],2.914709e-07],
[[112.0,102.0,112.0,102.0],2.691382e-07],
[[120.0,40.0,120.0,40.0],1.406658e-08],
[[120.0,60.0,120.0,60.0],1.513271e-08],
[[120.0,80.0,120.0,80.0],2.777304e-08],
[[120.0,100.0,120.0,100.0],1.632199e-07],
[[122.0,102.0,122.0,102.0],1.41784e-07],
[[123.0,122.0,123.0,122.0],2.634397e-06],
[[125.0,122.0,125.0,122.0],1.961885e-06],
[[127.0,122.0,127.0,122.0],1.02379e-06],
[[130.0,50.0,130.0,50.0],5.180715e-09],
[[130.0,70.0,130.0,70.0],3.129251e-08],
[[130.0,90.0,130.0,90.0],2.573181e-08],
[[132.0,122.0,132.0,122.0],6.074012e-07],
[[140.0,60.0,140.0,60.0],1.68483e-08],
[[140.0,80.0,140.0,80.0],2.763326e-08],
[[140.0,100.0,140.0,100.0],6.247785e-08],
[[142.0,102.0,142.0,102.0],7.133093e-08],
[[142.0,122.0,142.0,122.0],3.067629e-07],
[[143.0,142.0,143.0,142.0],3.790748e-06],
[[145.0,142.0,145.0,142.0],3.611433e-06],
[[147.0,142.0,147.0,142.0],1.141908e-05],
[[150.0,70.0,150.0,70.0],2.261513e-08],
[[150.0,90.0,150.0,90.0],4.273904e-08],
[[152.0,142.0,152.0,142.0],1.139087e-06],
[[160.0,80.0,160.0,80.0],7.026988e-08],
[[160.0,100.0,160.0,100.0],7.930595e-08],
[[162.0,102.0,162.0,102.0],1.47583e-07],
[[162.0,122.0,162.0,122.0],2.162372e-07],
[[162.0,142.0,162.0,142.0],4.661434e-07],
[[163.0,162.0,163.0,162.0],4.808342e-06],
[[165.0,162.0,165.0,162.0],4.133354e-06],
[[167.0,162.0,167.0,162.0],3.814853e-06],
[[170.0,90.0,170.0,90.0],7.538249e-08],
[[172.0,162.0,172.0,162.0],2.315879e-06],
[[180.0,100.0,180.0,100.0],1.102391e-07],
[[182.0,102.0,182.0,102.0],1.458856e-07],
[[182.0,122.0,182.0,122.0],1.983811e-07],
[[182.0,142.0,182.0,142.0],4.609639e-07],
[[182.0,162.0,182.0,162.0],1.075302e-06],
[[183.0,182.0,183.0,182.0],9.114348e-06],
[[185.0,182.0,185.0,182.0],6.170082e-06],
[[187.0,182.0,187.0,182.0],4.970347e-06],
[[192.0,182.0,192.0,182.0],3.5478e-06],
[[202.0,122.0,202.0,122.0],1.497093e-07],
[[202.0,142.0,202.0,142.0],4.230194e-07],
[[202.0,162.0,202.0,162.0],4.040221e-07],
[[202.0,182.0,202.0,182.0],1.823221e-06],
[[203.0,202.0,203.0,202.0],8.554356e-06],
[[205.0,202.0,205.0,202.0],8.482049e-06],
[[207.0,202.0,207.0,202.0],7.180939e-06],
[[212.0,202.0,212.0,202.0],3.932408e-06],
[[222.0,142.0,222.0,142.0],3.022088e-07],
[[222.0,162.0,222.0,162.0],5.241427e-07],
[[222.0,182.0,222.0,182.0],1.085334e-06],
[[222.0,202.0,222.0,202.0],1.971396e-06],
[[223.0,222.0,223.0,222.0],1.015351e-05],
[[225.0,222.0,225.0,222.0],1.018975e-05],
[[227.0,222.0,227.0,222.0],9.893432e-06],
[[232.0,222.0,232.0,222.0],5.940309e-06],
[[242.0,162.0,242.0,162.0],5.400504e-07],
[[242.0,182.0,242.0,182.0],8.342723e-07],
[[242.0,202.0,242.0,202.0],1.551141e-06],
[[242.0,222.0,242.0,222.0],4.00435e-06],
[[243.0,242.0,243.0,242.0],1.282873e-05],
[[245.0,242.0,245.0,242.0],1.054052e-05],
[[247.0,242.0,247.0,242.0],1.054226e-05],
[[252.0,242.0,252.0,242.0],6.455502e-06],
[[262.0,182.0,262.0,182.0],8.598672e-07],
[[262.0,202.0,262.0,202.0],1.075747e-06],
[[262.0,222.0,262.0,222.0],1.89973e-06],
[[262.0,242.0,262.0,242.0],3.676982e-06],
[[263.0,262.0,263.0,262.0],1.331294e-05],
[[265.0,262.0,265.0,262.0],1.354754e-05],
[[267.0,262.0,267.0,262.0],1.21447e-05],
[[272.0,262.0,272.0,262.0],8.642875e-06],
[[282.0,202.0,282.0,202.0],1.350012e-06],
[[282.0,222.0,282.0,222.0],2.430721e-06],
[[282.0,242.0,282.0,242.0],2.436782e-06],
[[282.0,262.0,282.0,262.0],5.342348e-06],
[[283.0,282.0,283.0,282.0],1.652365e-05],
[[285.0,282.0,285.0,282.0],1.883615e-05],
[[287.0,282.0,287.0,282.0],1.394455e-05],
[[292.0,282.0,292.0,282.0],1.323677e-05],
[[302.0,222.0,302.0,222.0],1.870228e-06],
[[302.0,242.0,302.0,242.0],2.013518e-06],
[[302.0,262.0,302.0,262.0],2.973076e-06],
[[302.0,282.0,302.0,282.0],7.874415e-06],
[[303.0,302.0,303.0,302.0],1.845798e-05],
[[305.0,302.0,305.0,302.0],1.670469e-05],
[[307.0,302.0,307.0,302.0],1.716249e-05],
[[312.0,302.0,312.0,302.0],1.199333e-05],
[[322.0,242.0,322.0,242.0],3.183723e-06],
[[322.0,262.0,322.0,262.0],2.902957e-06],
[[322.0,282.0,322.0,282.0],4.268997e-06],
[[322.0,302.0,322.0,302.0],8.529049e-06],
[[323.0,322.0,323.0,322.0],1.9316e-05],
[[325.0,322.0,325.0,322.0],1.969805e-05],
[[327.0,322.0,327.0,322.0],2.020622e-05],
[[332.0,322.0,332.0,322.0],1.54529e-05],
[[342.0,262.0,342.0,262.0],2.743209e-06],
[[342.0,282.0,342.0,282.0],3.244145e-06],
[[342.0,302.0,342.0,302.0],4.823166e-06],
[[342.0,322.0,342.0,322.0],1.004489e-05],
[[343.0,342.0,343.0,342.0],2.395603e-05],
[[345.0,342.0,345.0,342.0],2.1328e-05],
[[347.0,342.0,347.0,342.0],2.060046e-05],
[[352.0,342.0,352.0,342.0],1.942224e-05],
[[362.0,282.0,362.0,282.0],4.55511e-06],
[[362.0,302.0,362.0,302.0],4.213796e-06],
[[362.0,322.0,362.0,322.0],8.701573e-06],
[[362.0,342.0,362.0,342.0],1.155363e-05],
[[363.0,362.0,363.0,362.0],2.630066e-05],
[[365.0,362.0,365.0,362.0],2.265833e-05],
[[367.0,362.0,367.0,362.0],2.263875e-05],
[[372.0,362.0,372.0,362.0],1.842234e-05],
[[382.0,302.0,382.0,302.0],3.885853e-06],
[[382.0,322.0,382.0,322.0],5.454971e-06],
[[382.0,342.0,382.0,342.0],7.207766e-06],
[[382.0,362.0,382.0,362.0],1.267911e-05],
[[383.0,382.0,383.0,382.0],2.553265e-05],
[[385.0,382.0,385.0,382.0],2.454627e-05],
[[387.0,382.0,387.0,382.0],2.698027e-05],
[[392.0,382.0,392.0,382.0],2.126214e-05],
[[402.0,322.0,402.0,322.0],4.126404e-06],
[[402.0,342.0,402.0,342.0],4.964548e-06],
[[402.0,362.0,402.0,362.0],7.574471e-06],
[[402.0,382.0,402.0,382.0],1.499798e-05],
[[403.0,402.0,403.0,402.0],2.833342e-05],
[[405.0,402.0,405.0,402.0],2.930405e-05],
[[407.0,402.0,407.0,402.0],2.678318e-05],
[[412.0,402.0,412.0,402.0],2.400622e-05],
[[422.0,342.0,422.0,342.0],6.650068e-06],
[[422.0,362.0,422.0,362.0],6.910504e-06],
[[422.0,382.0,422.0,382.0],9.419972e-06],
[[422.0,402.0,422.0,402.0],1.728846e-05],
[[442.0,362.0,442.0,362.0],8.994271e-06],
[[442.0,382.0,442.0,382.0],9.084055e-06],
[[442.0,402.0,442.0,402.0],1.206041e-05],
[[462.0,382.0,462.0,382.0],7.224454e-06],
[[462.0,402.0,462.0,402.0],8.460023e-06],
[[482.0,402.0,482.0,402.0],8.336601e-06],
[[503.0,502.0,503.0,502.0],4.096335e-05],
[[505.0,502.0,505.0,502.0],3.513984e-05],
[[507.0,502.0,507.0,502.0],3.743297e-05],
[[512.0,502.0,512.0,502.0],3.499513e-05],
[[522.0,502.0,522.0,502.0],2.592636e-05],
[[542.0,502.0,542.0,502.0],1.976432e-05],
[[562.0,502.0,562.0,502.0],1.893174e-05],
[[582.0,502.0,582.0,502.0],1.472799e-05],
[[603.0,602.0,603.0,602.0],4.59462e-05],
[[605.0,602.0,605.0,602.0],4.691814e-05],
[[607.0,602.0,607.0,602.0],4.656861e-05],
[[612.0,602.0,612.0,602.0],4.156013e-05],
[[622.0,602.0,622.0,602.0],3.326818e-05],
[[642.0,602.0,642.0,602.0],2.608938e-05],
[[662.0,602.0,662.0,602.0],2.233388e-05],
[[682.0,602.0,682.0,602.0],2.513536e-05],
[[703.0,702.0,703.0,702.0],5.868724e-05],
[[705.0,702.0,705.0,702.0],6.103795e-05],
[[707.0,702.0,707.0,702.0],5.551412e-05],
[[712.0,702.0,712.0,702.0],5.342211e-05],
[[722.0,702.0,722.0,702.0],4.576567e-05],
[[742.0,702.0,742.0,702.0],3.419211e-05],
[[762.0,702.0,762.0,702.0],2.790722e-05],
[[782.0,702.0,782.0,702.0],2.920195e-05],
[[803.0,802.0,803.0,802.0],6.552124e-05],
[[805.0,802.0,805.0,802.0],6.623125e-05],
[[807.0,802.0,807.0,802.0],6.352304e-05],
[[812.0,802.0,812.0,802.0],6.187066e-05],
[[822.0,802.0,822.0,802.0],5.338371e-05],
[[842.0,802.0,842.0,802.0],4.127923e-05],
[[862.0,802.0,862.0,802.0],3.464133e-05],
[[882.0,802.0,882.0,802.0],3.300577e-05],
[[903.0,902.0,903.0,902.0],6.706902e-05],
[[905.0,902.0,905.0,902.0],7.303676e-05],
[[907.0,902.0,907.0,902.0],6.98279e-05],
[[912.0,902.0,912.0,902.0],6.872396e-05],
[[922.0,902.0,922.0,902.0],6.300191e-05],
[[942.0,902.0,942.0,902.0],4.358675e-05],
[[962.0,902.0,962.0,902.0],4.082237e-05],
[[982.0,902.0,982.0,902.0],3.56947e-05],
[[1003.0,1002.0,1003.0,1002.0],7.668396e-05],
[[1005.0,1002.0,1005.0,1002.0],7.660472e-05],
[[1007.0,1002.0,1007.0,1002.0],7.724214e-05],
[[1012.0,1002.0,1012.0,1002.0],7.620506e-05],
[[1022.0,1002.0,1022.0,1002.0],6.29363e-05],
[[1042.0,1002.0,1042.0,1002.0],5.151214e-05],
[[1062.0,1002.0,1062.0,1002.0],4.476427e-05],
[[1082.0,1002.0,1082.0,1002.0],3.952935e-05],
[[1103.0,1102.0,1103.0,1102.0],7.885529e-05],
[[1105.0,1102.0,1105.0,1102.0],8.115526e-05],
[[1107.0,1102.0,1107.0,1102.0],8.056787e-05],
[[1112.0,1102.0,1112.0,1102.0],8.383168e-05],
[[1122.0,1102.0,1122.0,1102.0],7.280652e-05],
[[1142.0,1102.0,1142.0,1102.0],5.427563e-05],
[[1162.0,1102.0,1162.0,1102.0],4.603271e-05],
[[1182.0,1102.0,1182.0,1102.0],4.479327e-05],
[[1203.0,1202.0,1203.0,1202.0],8.265549e-05],
[[1205.0,1202.0,1205.0,1202.0],7.970569e-05],
[[1207.0,1202.0,1207.0,1202.0],8.820755e-05],
[[1212.0,1202.0,1212.0,1202.0],8.289773e-05],
[[1222.0,1202.0,1222.0,1202.0],7.561067e-05],
[[1242.0,1202.0,1242.0,1202.0],6.043424e-05],
[[1262.0,1202.0,1262.0,1202.0],5.110189e-05],
[[1282.0,1202.0,1282.0,1202.0],4.892922e-05],
[[1303.0,1302.0,1303.0,1302.0],8.522143e-05],
[[1305.0,1302.0,1305.0,1302.0],8.95975e-05],
[[1307.0,1302.0,1307.0,1302.0],9.031266e-05],
[[1312.0,1302.0,1312.0,1302.0],8.757399e-05],
[[1322.0,1302.0,1322.0,1302.0],7.836451e-05],
[[1342.0,1302.0,1342.0,1302.0],6.497981e-05],
[[1362.0,1302.0,1362.0,1302.0],6.066514e-05],
[[1382.0,1302.0,1382.0,1302.0],5.446638e-05],
[[1403.0,1402.0,1403.0,1402.0],9.075062e-05],
[[1405.0,1402.0,1405.0,1402.0],8.947361e-05],
[[1407.0,1402.0,1407.0,1402.0],9.023635e-05],
[[1412.0,1402.0,1412.0,1402.0],8.262262e-05],
[[1422.0,1402.0,1422.0,1402.0],8.155548e-05],
[[1442.0,1402.0,1442.0,1402.0],6.98015e-05],
[[1462.0,1402.0,1462.0,1402.0],6.32069e-05],
[[1482.0,1402.0,1482.0,1402.0],5.53519e-05],
[[1503.0,1502.0,1503.0,1502.0],8.762743e-05],
[[1505.0,1502.0,1505.0,1502.0],9.345628e-05],
[[1507.0,1502.0,1507.0,1502.0],8.58216e-05],
[[1512.0,1502.0,1512.0,1502.0],8.975179e-05],
[[1522.0,1502.0,1522.0,1502.0],8.53037e-05],
[[1542.0,1502.0,1542.0,1502.0],6.972271e-05],
[[1562.0,1502.0,1562.0,1502.0],6.051632e-05],
[[1582.0,1502.0,1582.0,1502.0],5.863298e-05],
[[1603.0,1602.0,1603.0,1602.0],9.225613e-05],
[[1605.0,1602.0,1605.0,1602.0],9.229679e-05],
[[1607.0,1602.0,1607.0,1602.0],9.510898e-05],
[[1612.0,1602.0,1612.0,1602.0],9.251659e-05],
[[1622.0,1602.0,1622.0,1602.0],8.92627e-05],
[[1642.0,1602.0,1642.0,1602.0],6.849146e-05],
[[1662.0,1602.0,1662.0,1602.0],5.973193e-05],
[[1682.0,1602.0,1682.0,1602.0],5.895508e-05],
[[1703.0,1702.0,1703.0,1702.0],9.071579e-05],
[[1705.0,1702.0,1705.0,1702.0],9.264767e-05],
[[1707.0,1702.0,1707.0,1702.0],9.299831e-05],
[[1712.0,1702.0,1712.0,1702.0],9.675084e-05],
[[1722.0,1702.0,1722.0,1702.0],8.503999e-05],
[[1742.0,1702.0,1742.0,1702.0],6.999238e-05],
[[1762.0,1702.0,1762.0,1702.0],6.539915e-05],
[[1782.0,1702.0,1782.0,1702.0],6.063526e-05],
[[1803.0,1802.0,1803.0,1802.0],9.332876e-05],
[[1805.0,1802.0,1805.0,1802.0],9.394396e-05],
[[1807.0,1802.0,1807.0,1802.0],9.747203e-05],
[[1812.0,1802.0,1812.0,1802.0],9.610309e-05],
[[1822.0,1802.0,1822.0,1802.0],8.786297e-05],
[[1842.0,1802.0,1842.0,1802.0],7.416495e-05],
[[1862.0,1802.0,1862.0,1802.0],6.391618e-05],
[[1882.0,1802.0,1882.0,1802.0],5.890562e-05],
[[1903.0,1902.0,1903.0,1902.0],9.467135e-05],
[[1905.0,1902.0,1905.0,1902.0],9.430517e-05],
[[1907.0,1902.0,1907.0,1902.0],9.287268e-05],
[[1912.0,1902.0,1912.0,1902.0],9.465826e-05],
[[1922.0,1902.0,1922.0,1902.0],8.795372e-05],
[[1942.0,1902.0,1942.0,1902.0],7.139489e-05],
[[1962.0,1902.0,1962.0,1902.0],6.594251e-05],
[[1982.0,1902.0,1982.0,1902.0],5.839862e-05],
[[2003.0,2002.0,2003.0,2002.0],9.393421e-05],
[[2005.0,2002.0,2005.0,2002.0],9.057062e-05],
[[2007.0,2002.0,2007.0,2002.0],0.0001003783],
[[2012.0,2002.0,2012.0,2002.0],9.477286e-05],
[[2022.0,2002.0,2022.0,2002.0],9.039155e-05],
[[2042.0,2002.0,2042.0,2002.0],7.170842e-05],
[[2062.0,2002.0,2062.0,2002.0],6.513013e-05],
[[2082.0,2002.0,2082.0,2002.0],6.139159e-05]]
