txName: TChiISR
constraint: {(PV > MET(1), MET(2))}
condition: None
conditionDescription: None
figureUrl: None
source: Recast by MA5
validated: True
axesMap: [{0: 'x', 1: 'y'}]
dataMap: {0: (1, 'mass', GeV), 1: (2, 'mass', GeV)}
finalState: ['MET', 'MET']
intermediateState: None
efficiencyMap: [[[1.0,10.0],9.006098e-08],
[[1.0,20.0],2.414867e-08],
[[1.0,30.0],5.87839e-07],
[[1.0,40.0],2.847723e-08],
[[1.0,50.0],4.844122e-08],
[[1.0,60.0],8.876592e-08],
[[5.0,10.0],3.332009e-08],
[[7.0,10.0],3.150953e-08],
[[9.0,10.0],3.306359e-08],
[[10.0,1.0],9.006098e-08],
[[10.0,5.0],3.332009e-08],
[[10.0,7.0],3.150953e-08],
[[10.0,9.0],3.306359e-08],
[[10.0,10.0],3.208017e-07],
[[12.0,62.0],6.528091e-08],
[[12.0,72.0],4.555272e-08],
[[12.0,82.0],1.866171e-07],
[[12.0,92.0],3.39023e-07],
[[12.0,102.0],8.479047e-07],
[[12.0,212.0],5.115756e-06],
[[12.0,312.0],9.609541e-06],
[[15.0,20.0],7.101113e-08],
[[17.0,20.0],2.868429e-08],
[[19.0,20.0],4.718191e-08],
[[20.0,1.0],2.414867e-08],
[[20.0,15.0],7.101113e-08],
[[20.0,17.0],2.868429e-08],
[[20.0,19.0],4.718191e-08],
[[20.0,20.0],4.146278e-08],
[[20.0,30.0],4.235189e-08],
[[20.0,40.0],2.864511e-07],
[[20.0,50.0],9.305236e-08],
[[20.0,60.0],8.564767e-08],
[[25.0,30.0],6.285814e-08],
[[27.0,30.0],8.232365e-08],
[[29.0,30.0],6.636328e-08],
[[30.0,1.0],5.87839e-07],
[[30.0,20.0],4.235189e-08],
[[30.0,25.0],6.285814e-08],
[[30.0,27.0],8.232365e-08],
[[30.0,29.0],6.636328e-08],
[[30.0,30.0],5.65884e-08],
[[30.0,40.0],3.565983e-08],
[[30.0,50.0],4.552146e-08],
[[30.0,60.0],2.526542e-07],
[[32.0,62.0],3.636542e-07],
[[32.0,72.0],3.424697e-07],
[[32.0,82.0],5.407191e-07],
[[32.0,92.0],7.90666e-07],
[[32.0,102.0],1.205773e-06],
[[32.0,112.0],1.444943e-06],
[[32.0,122.0],1.393251e-06],
[[32.0,232.0],5.079778e-06],
[[32.0,332.0],9.899866e-06],
[[35.0,40.0],4.433534e-08],
[[37.0,40.0],2.589912e-08],
[[39.0,40.0],4.232897e-07],
[[40.0,1.0],2.847723e-08],
[[40.0,20.0],2.864511e-07],
[[40.0,30.0],3.565983e-08],
[[40.0,35.0],4.433534e-08],
[[40.0,37.0],2.589912e-08],
[[40.0,39.0],4.232897e-07],
[[40.0,40.0],2.358555e-07],
[[40.0,50.0],9.109892e-08],
[[40.0,60.0],3.154743e-07],
[[45.0,50.0],2.862268e-07],
[[47.0,50.0],3.05905e-07],
[[49.0,50.0],5.246877e-07],
[[50.0,1.0],4.844122e-08],
[[50.0,20.0],9.305236e-08],
[[50.0,30.0],4.552146e-08],
[[50.0,40.0],9.109892e-08],
[[50.0,45.0],2.862268e-07],
[[50.0,47.0],3.05905e-07],
[[50.0,49.0],5.246877e-07],
[[50.0,50.0],3.59679e-07],
[[50.0,60.0],4.918133e-07],
[[52.0,62.0],6.076792e-07],
[[52.0,67.0],6.009776e-07],
[[52.0,72.0],7.991052e-07],
[[52.0,82.0],1.29381e-06],
[[52.0,92.0],1.644051e-06],
[[52.0,102.0],1.233827e-06],
[[52.0,112.0],1.746176e-06],
[[52.0,122.0],2.606767e-06],
[[52.0,132.0],2.481532e-06],
[[52.0,142.0],2.938583e-06],
[[52.0,252.0],8.206144e-06],
[[52.0,352.0],1.633774e-05],
[[55.0,60.0],8.733956e-07],
[[57.0,60.0],2.480479e-06],
[[59.0,60.0],7.173096e-07],
[[60.0,1.0],8.876592e-08],
[[60.0,20.0],8.564767e-08],
[[60.0,30.0],2.526542e-07],
[[60.0,40.0],3.154743e-07],
[[60.0,50.0],4.918133e-07],
[[60.0,55.0],8.733956e-07],
[[60.0,57.0],2.480479e-06],
[[60.0,59.0],7.173096e-07],
[[60.0,60.0],8.440003e-07],
[[62.0,12.0],6.528091e-08],
[[62.0,32.0],3.636542e-07],
[[62.0,52.0],6.076792e-07],
[[67.0,52.0],6.009776e-07],
[[72.0,12.0],4.555272e-08],
[[72.0,32.0],3.424697e-07],
[[72.0,52.0],7.991052e-07],
[[72.0,72.0],1.486477e-06],
[[72.0,75.0],2.090035e-06],
[[72.0,77.0],1.388641e-06],
[[72.0,82.0],1.483492e-06],
[[72.0,87.0],1.488806e-06],
[[72.0,92.0],2.3519e-06],
[[72.0,102.0],1.924923e-06],
[[72.0,112.0],3.311743e-06],
[[72.0,122.0],3.33425e-06],
[[72.0,132.0],2.741908e-06],
[[72.0,142.0],4.807401e-06],
[[72.0,152.0],5.89748e-06],
[[72.0,162.0],4.652233e-06],
[[72.0,272.0],1.289261e-05],
[[72.0,372.0],1.651407e-05],
[[75.0,72.0],2.090035e-06],
[[77.0,72.0],1.388641e-06],
[[82.0,12.0],1.866171e-07],
[[82.0,32.0],5.407191e-07],
[[82.0,52.0],1.29381e-06],
[[82.0,72.0],1.483492e-06],
[[87.0,72.0],1.488806e-06],
[[92.0,12.0],3.39023e-07],
[[92.0,32.0],7.90666e-07],
[[92.0,52.0],1.644051e-06],
[[92.0,72.0],2.3519e-06],
[[92.0,92.0],1.87488e-06],
[[92.0,95.0],2.398898e-06],
[[92.0,97.0],3.211075e-06],
[[92.0,102.0],4.580636e-06],
[[92.0,107.0],3.19883e-06],
[[92.0,112.0],3.435774e-06],
[[92.0,122.0],5.54736e-06],
[[92.0,132.0],3.572309e-06],
[[92.0,142.0],7.585338e-06],
[[92.0,152.0],5.450077e-06],
[[92.0,162.0],6.215954e-06],
[[92.0,172.0],1.027296e-05],
[[92.0,182.0],5.358178e-06],
[[92.0,292.0],1.19432e-05],
[[92.0,392.0],1.562709e-05],
[[95.0,92.0],2.398898e-06],
[[97.0,92.0],3.211075e-06],
[[102.0,12.0],8.479047e-07],
[[102.0,32.0],1.205773e-06],
[[102.0,52.0],1.233827e-06],
[[102.0,72.0],1.924923e-06],
[[102.0,92.0],4.580636e-06],
[[102.0,102.0],3.112364e-06],
[[102.0,105.0],1.185786e-05],
[[102.0,107.0],3.16566e-06],
[[102.0,112.0],4.936181e-06],
[[102.0,117.0],6.14495e-06],
[[102.0,122.0],4.141698e-06],
[[102.0,132.0],5.34721e-06],
[[102.0,142.0],5.158508e-06],
[[102.0,152.0],4.530185e-06],
[[102.0,162.0],9.317161e-06],
[[102.0,172.0],6.122748e-06],
[[102.0,182.0],6.254718e-06],
[[102.0,192.0],6.411398e-06],
[[102.0,302.0],1.682773e-05],
[[102.0,402.0],1.843441e-05],
[[105.0,102.0],1.185786e-05],
[[107.0,92.0],3.19883e-06],
[[107.0,102.0],3.16566e-06],
[[112.0,32.0],1.444943e-06],
[[112.0,52.0],1.746176e-06],
[[112.0,72.0],3.311743e-06],
[[112.0,92.0],3.435774e-06],
[[112.0,102.0],4.936181e-06],
[[117.0,102.0],6.14495e-06],
[[122.0,32.0],1.393251e-06],
[[122.0,52.0],2.606767e-06],
[[122.0,72.0],3.33425e-06],
[[122.0,92.0],5.54736e-06],
[[122.0,102.0],4.141698e-06],
[[132.0,52.0],2.481532e-06],
[[132.0,72.0],2.741908e-06],
[[132.0,92.0],3.572309e-06],
[[132.0,102.0],5.34721e-06],
[[142.0,52.0],2.938583e-06],
[[142.0,72.0],4.807401e-06],
[[142.0,92.0],7.585338e-06],
[[142.0,102.0],5.158508e-06],
[[152.0,72.0],5.89748e-06],
[[152.0,92.0],5.450077e-06],
[[152.0,102.0],4.530185e-06],
[[152.0,152.0],6.568873e-06],
[[152.0,155.0],7.169419e-06],
[[152.0,157.0],6.899955e-06],
[[152.0,162.0],9.574112e-06],
[[152.0,167.0],7.655235e-06],
[[152.0,172.0],7.383126e-06],
[[152.0,182.0],1.037185e-05],
[[152.0,192.0],1.128925e-05],
[[152.0,202.0],9.73231e-06],
[[152.0,212.0],1.467298e-05],
[[152.0,222.0],1.129597e-05],
[[152.0,232.0],1.104098e-05],
[[152.0,242.0],1.42545e-05],
[[152.0,352.0],1.805691e-05],
[[152.0,452.0],2.823769e-05],
[[155.0,152.0],7.169419e-06],
[[157.0,152.0],6.899955e-06],
[[162.0,72.0],4.652233e-06],
[[162.0,92.0],6.215954e-06],
[[162.0,102.0],9.317161e-06],
[[162.0,152.0],9.574112e-06],
[[167.0,152.0],7.655235e-06],
[[172.0,92.0],1.027296e-05],
[[172.0,102.0],6.122748e-06],
[[172.0,152.0],7.383126e-06],
[[182.0,92.0],5.358178e-06],
[[182.0,102.0],6.254718e-06],
[[182.0,152.0],1.037185e-05],
[[192.0,102.0],6.411398e-06],
[[192.0,152.0],1.128925e-05],
[[202.0,152.0],9.73231e-06],
[[202.0,202.0],1.523432e-05],
[[202.0,205.0],1.573456e-05],
[[202.0,207.0],1.412631e-05],
[[202.0,212.0],1.346884e-05],
[[202.0,217.0],1.501579e-05],
[[202.0,222.0],1.67636e-05],
[[202.0,232.0],1.432245e-05],
[[202.0,242.0],1.359499e-05],
[[202.0,252.0],1.554415e-05],
[[202.0,262.0],2.039159e-05],
[[202.0,272.0],1.920865e-05],
[[202.0,282.0],2.019266e-05],
[[202.0,402.0],2.914496e-05],
[[202.0,502.0],3.185124e-05],
[[205.0,202.0],1.573456e-05],
[[207.0,202.0],1.412631e-05],
[[212.0,12.0],5.115756e-06],
[[212.0,152.0],1.467298e-05],
[[212.0,202.0],1.346884e-05],
[[217.0,202.0],1.501579e-05],
[[222.0,152.0],1.129597e-05],
[[222.0,202.0],1.67636e-05],
[[232.0,32.0],5.079778e-06],
[[232.0,152.0],1.104098e-05],
[[232.0,202.0],1.432245e-05],
[[242.0,152.0],1.42545e-05],
[[242.0,202.0],1.359499e-05],
[[252.0,52.0],8.206144e-06],
[[252.0,202.0],1.554415e-05],
[[252.0,252.0],1.916221e-05],
[[252.0,255.0],2.131207e-05],
[[252.0,257.0],1.80004e-05],
[[252.0,262.0],2.33414e-05],
[[252.0,267.0],2.339601e-05],
[[252.0,272.0],1.900313e-05],
[[252.0,282.0],2.434805e-05],
[[252.0,292.0],2.158282e-05],
[[252.0,302.0],2.248711e-05],
[[252.0,312.0],2.393667e-05],
[[252.0,322.0],2.876105e-05],
[[252.0,332.0],2.670824e-05],
[[252.0,342.0],2.222886e-05],
[[252.0,452.0],2.963702e-05],
[[252.0,552.0],3.453456e-05],
[[255.0,252.0],2.131207e-05],
[[257.0,252.0],1.80004e-05],
[[262.0,202.0],2.039159e-05],
[[262.0,252.0],2.33414e-05],
[[267.0,252.0],2.339601e-05],
[[272.0,72.0],1.289261e-05],
[[272.0,202.0],1.920865e-05],
[[272.0,252.0],1.900313e-05],
[[282.0,202.0],2.019266e-05],
[[282.0,252.0],2.434805e-05],
[[292.0,92.0],1.19432e-05],
[[292.0,252.0],2.158282e-05],
[[302.0,102.0],1.682773e-05],
[[302.0,252.0],2.248711e-05],
[[302.0,302.0],2.346195e-05],
[[302.0,305.0],2.525777e-05],
[[302.0,307.0],2.474539e-05],
[[302.0,312.0],2.646333e-05],
[[302.0,317.0],2.52201e-05],
[[302.0,322.0],2.411134e-05],
[[302.0,332.0],2.698567e-05],
[[302.0,342.0],2.735433e-05],
[[302.0,352.0],2.854825e-05],
[[302.0,362.0],2.947967e-05],
[[302.0,372.0],3.159449e-05],
[[302.0,382.0],3.289767e-05],
[[302.0,392.0],3.25026e-05],
[[302.0,502.0],3.72296e-05],
[[302.0,602.0],4.035717e-05],
[[305.0,302.0],2.525777e-05],
[[307.0,302.0],2.474539e-05],
[[312.0,12.0],9.609541e-06],
[[312.0,252.0],2.393667e-05],
[[312.0,302.0],2.646333e-05],
[[317.0,302.0],2.52201e-05],
[[322.0,252.0],2.876105e-05],
[[322.0,302.0],2.411134e-05],
[[332.0,32.0],9.899866e-06],
[[332.0,252.0],2.670824e-05],
[[332.0,302.0],2.698567e-05],
[[342.0,252.0],2.222886e-05],
[[342.0,302.0],2.735433e-05],
[[352.0,52.0],1.633774e-05],
[[352.0,152.0],1.805691e-05],
[[352.0,302.0],2.854825e-05],
[[352.0,352.0],3.105002e-05],
[[352.0,355.0],3.461787e-05],
[[352.0,357.0],2.894409e-05],
[[352.0,362.0],3.181127e-05],
[[352.0,367.0],3.167125e-05],
[[352.0,372.0],3.823482e-05],
[[352.0,382.0],3.519575e-05],
[[352.0,392.0],2.947598e-05],
[[352.0,402.0],3.734093e-05],
[[352.0,412.0],3.874848e-05],
[[352.0,422.0],3.591481e-05],
[[352.0,432.0],3.709135e-05],
[[352.0,442.0],3.59491e-05],
[[352.0,552.0],4.614093e-05],
[[352.0,652.0],4.57027e-05],
[[355.0,352.0],3.461787e-05],
[[357.0,352.0],2.894409e-05],
[[362.0,302.0],2.947967e-05],
[[362.0,352.0],3.181127e-05],
[[367.0,352.0],3.167125e-05],
[[372.0,72.0],1.651407e-05],
[[372.0,302.0],3.159449e-05],
[[372.0,352.0],3.823482e-05],
[[382.0,302.0],3.289767e-05],
[[382.0,352.0],3.519575e-05],
[[392.0,92.0],1.562709e-05],
[[392.0,302.0],3.25026e-05],
[[392.0,352.0],2.947598e-05],
[[402.0,102.0],1.843441e-05],
[[402.0,202.0],2.914496e-05],
[[402.0,352.0],3.734093e-05],
[[402.0,402.0],3.466348e-05],
[[402.0,405.0],3.94687e-05],
[[402.0,407.0],4.280679e-05],
[[402.0,412.0],4.208457e-05],
[[402.0,417.0],4.472193e-05],
[[402.0,422.0],3.872661e-05],
[[402.0,432.0],3.899881e-05],
[[402.0,442.0],3.869627e-05],
[[402.0,452.0],3.778239e-05],
[[402.0,462.0],4.3251e-05],
[[402.0,472.0],4.67044e-05],
[[402.0,482.0],4.062865e-05],
[[402.0,492.0],4.391673e-05],
[[402.0,602.0],4.417743e-05],
[[402.0,702.0],4.837374e-05],
[[405.0,402.0],3.94687e-05],
[[407.0,402.0],4.280679e-05],
[[412.0,352.0],3.874848e-05],
[[412.0,402.0],4.208457e-05],
[[417.0,402.0],4.472193e-05],
[[422.0,352.0],3.591481e-05],
[[422.0,402.0],3.872661e-05],
[[432.0,352.0],3.709135e-05],
[[432.0,402.0],3.899881e-05],
[[442.0,352.0],3.59491e-05],
[[442.0,402.0],3.869627e-05],
[[452.0,152.0],2.823769e-05],
[[452.0,252.0],2.963702e-05],
[[452.0,402.0],3.778239e-05],
[[462.0,402.0],4.3251e-05],
[[472.0,402.0],4.67044e-05],
[[482.0,402.0],4.062865e-05],
[[492.0,402.0],4.391673e-05],
[[502.0,202.0],3.185124e-05],
[[502.0,302.0],3.72296e-05],
[[552.0,252.0],3.453456e-05],
[[552.0,352.0],4.614093e-05],
[[602.0,302.0],4.035717e-05],
[[602.0,402.0],4.417743e-05],
[[602.0,602.0],5.776647e-05],
[[602.0,605.0],5.459617e-05],
[[602.0,607.0],5.161436e-05],
[[602.0,612.0],5.726841e-05],
[[602.0,617.0],5.716632e-05],
[[602.0,622.0],5.76298e-05],
[[602.0,632.0],6.241959e-05],
[[602.0,642.0],6.168643e-05],
[[602.0,652.0],5.886831e-05],
[[602.0,662.0],6.170497e-05],
[[602.0,672.0],5.995381e-05],
[[602.0,682.0],6.470938e-05],
[[602.0,692.0],5.908598e-05],
[[602.0,802.0],6.366778e-05],
[[602.0,902.0],6.865418e-05],
[[605.0,602.0],5.459617e-05],
[[607.0,602.0],5.161436e-05],
[[612.0,602.0],5.726841e-05],
[[617.0,602.0],5.716632e-05],
[[622.0,602.0],5.76298e-05],
[[632.0,602.0],6.241959e-05],
[[642.0,602.0],6.168643e-05],
[[652.0,352.0],4.57027e-05],
[[652.0,602.0],5.886831e-05],
[[662.0,602.0],6.170497e-05],
[[672.0,602.0],5.995381e-05],
[[682.0,602.0],6.470938e-05],
[[692.0,602.0],5.908598e-05],
[[702.0,402.0],4.837374e-05],
[[802.0,602.0],6.366778e-05],
[[802.0,802.0],7.499985e-05],
[[802.0,805.0],6.937929e-05],
[[802.0,807.0],6.872173e-05],
[[802.0,812.0],6.791582e-05],
[[802.0,817.0],7.586653e-05],
[[802.0,822.0],7.727434e-05],
[[802.0,832.0],7.23115e-05],
[[802.0,842.0],7.581045e-05],
[[802.0,852.0],7.41814e-05],
[[802.0,862.0],7.080127e-05],
[[802.0,872.0],7.132299e-05],
[[802.0,882.0],7.376773e-05],
[[802.0,892.0],8.27746e-05],
[[802.0,1002.0],7.605308e-05],
[[802.0,1102.0],7.778546e-05],
[[805.0,802.0],6.937929e-05],
[[807.0,802.0],6.872173e-05],
[[812.0,802.0],6.791582e-05],
[[817.0,802.0],7.586653e-05],
[[822.0,802.0],7.727434e-05],
[[832.0,802.0],7.23115e-05],
[[842.0,802.0],7.581045e-05],
[[852.0,802.0],7.41814e-05],
[[862.0,802.0],7.080127e-05],
[[872.0,802.0],7.132299e-05],
[[882.0,802.0],7.376773e-05],
[[892.0,802.0],8.27746e-05],
[[902.0,602.0],6.865418e-05],
[[1002.0,802.0],7.605308e-05],
[[1002.0,1002.0],7.762557e-05],
[[1002.0,1005.0],8.234659e-05],
[[1002.0,1007.0],8.155808e-05],
[[1002.0,1012.0],8.557869e-05],
[[1002.0,1017.0],8.648809e-05],
[[1002.0,1022.0],8.591553e-05],
[[1002.0,1032.0],8.251489e-05],
[[1002.0,1042.0],8.321203e-05],
[[1002.0,1052.0],8.043347e-05],
[[1002.0,1062.0],8.348772e-05],
[[1002.0,1072.0],8.347581e-05],
[[1002.0,1082.0],8.569937e-05],
[[1002.0,1092.0],8.420097e-05],
[[1002.0,1202.0],8.97895e-05],
[[1002.0,1302.0],8.492998e-05],
[[1005.0,1002.0],8.234659e-05],
[[1007.0,1002.0],8.155808e-05],
[[1012.0,1002.0],8.557869e-05],
[[1017.0,1002.0],8.648809e-05],
[[1022.0,1002.0],8.591553e-05],
[[1032.0,1002.0],8.251489e-05],
[[1042.0,1002.0],8.321203e-05],
[[1052.0,1002.0],8.043347e-05],
[[1062.0,1002.0],8.348772e-05],
[[1072.0,1002.0],8.347581e-05],
[[1082.0,1002.0],8.569937e-05],
[[1092.0,1002.0],8.420097e-05],
[[1102.0,802.0],7.778546e-05],
[[1202.0,1002.0],8.97895e-05],
[[1202.0,1202.0],8.912598e-05],
[[1202.0,1205.0],8.614781e-05],
[[1202.0,1207.0],9.445351e-05],
[[1202.0,1212.0],9.002759e-05],
[[1202.0,1217.0],9.151654e-05],
[[1202.0,1222.0],9.142293e-05],
[[1202.0,1232.0],9.025998e-05],
[[1202.0,1242.0],8.93818e-05],
[[1202.0,1252.0],9.086822e-05],
[[1202.0,1262.0],9.150023e-05],
[[1202.0,1272.0],8.263853e-05],
[[1202.0,1282.0],9.01041e-05],
[[1202.0,1292.0],9.025829e-05],
[[1202.0,1402.0],8.935278e-05],
[[1202.0,1502.0],9.083635e-05],
[[1205.0,1202.0],8.614781e-05],
[[1207.0,1202.0],9.445351e-05],
[[1212.0,1202.0],9.002759e-05],
[[1217.0,1202.0],9.151654e-05],
[[1222.0,1202.0],9.142293e-05],
[[1232.0,1202.0],9.025998e-05],
[[1242.0,1202.0],8.93818e-05],
[[1252.0,1202.0],9.086822e-05],
[[1262.0,1202.0],9.150023e-05],
[[1272.0,1202.0],8.263853e-05],
[[1282.0,1202.0],9.01041e-05],
[[1292.0,1202.0],9.025829e-05],
[[1302.0,1002.0],8.492998e-05],
[[1402.0,1202.0],8.935278e-05],
[[1402.0,1402.0],9.626903e-05],
[[1402.0,1405.0],9.461976e-05],
[[1402.0,1407.0],9.65561e-05],
[[1402.0,1412.0],9.672233e-05],
[[1402.0,1417.0],8.774108e-05],
[[1402.0,1422.0],9.37035e-05],
[[1402.0,1432.0],9.583093e-05],
[[1402.0,1442.0],9.540459e-05],
[[1402.0,1452.0],9.233771e-05],
[[1402.0,1462.0],9.562298e-05],
[[1402.0,1472.0],9.295927e-05],
[[1402.0,1482.0],9.285513e-05],
[[1402.0,1492.0],9.250618e-05],
[[1402.0,1602.0],9.396721e-05],
[[1402.0,1702.0],9.397869e-05],
[[1405.0,1402.0],9.461976e-05],
[[1407.0,1402.0],9.65561e-05],
[[1412.0,1402.0],9.672233e-05],
[[1417.0,1402.0],8.774108e-05],
[[1422.0,1402.0],9.37035e-05],
[[1432.0,1402.0],9.583093e-05],
[[1442.0,1402.0],9.540459e-05],
[[1452.0,1402.0],9.233771e-05],
[[1462.0,1402.0],9.562298e-05],
[[1472.0,1402.0],9.295927e-05],
[[1482.0,1402.0],9.285513e-05],
[[1492.0,1402.0],9.250618e-05],
[[1502.0,1202.0],9.083635e-05],
[[1602.0,1402.0],9.396721e-05],
[[1602.0,1602.0],9.431207e-05],
[[1602.0,1605.0],9.537149e-05],
[[1602.0,1607.0],9.354824e-05],
[[1602.0,1612.0],9.452938e-05],
[[1602.0,1617.0],9.530724e-05],
[[1602.0,1622.0],9.622489e-05],
[[1602.0,1632.0],9.558199e-05],
[[1602.0,1642.0],9.476315e-05],
[[1602.0,1652.0],9.369099e-05],
[[1602.0,1662.0],9.726217e-05],
[[1602.0,1672.0],9.168941e-05],
[[1602.0,1682.0],9.564485e-05],
[[1602.0,1692.0],9.409345e-05],
[[1602.0,1802.0],9.192123e-05],
[[1602.0,1902.0],9.48502e-05],
[[1605.0,1602.0],9.537149e-05],
[[1607.0,1602.0],9.354824e-05],
[[1612.0,1602.0],9.452938e-05],
[[1617.0,1602.0],9.530724e-05],
[[1622.0,1602.0],9.622489e-05],
[[1632.0,1602.0],9.558199e-05],
[[1642.0,1602.0],9.476315e-05],
[[1652.0,1602.0],9.369099e-05],
[[1662.0,1602.0],9.726217e-05],
[[1672.0,1602.0],9.168941e-05],
[[1682.0,1602.0],9.564485e-05],
[[1692.0,1602.0],9.409345e-05],
[[1702.0,1402.0],9.397869e-05],
[[1802.0,1602.0],9.192123e-05],
[[1802.0,1802.0],9.376067e-05],
[[1802.0,1805.0],9.313642e-05],
[[1802.0,1807.0],9.735002e-05],
[[1802.0,1812.0],9.698386e-05],
[[1802.0,1817.0],9.427243e-05],
[[1802.0,1822.0],9.154115e-05],
[[1802.0,1832.0],9.692434e-05],
[[1802.0,1842.0],9.711879e-05],
[[1802.0,1852.0],9.730182e-05],
[[1802.0,1862.0],9.242617e-05],
[[1802.0,1872.0],9.639206e-05],
[[1802.0,1882.0],9.666257e-05],
[[1802.0,1892.0],9.386006e-05],
[[1802.0,2002.0],9.679865e-05],
[[1802.0,2102.0],9.39122e-05],
[[1805.0,1802.0],9.313642e-05],
[[1807.0,1802.0],9.735002e-05],
[[1812.0,1802.0],9.698386e-05],
[[1817.0,1802.0],9.427243e-05],
[[1822.0,1802.0],9.154115e-05],
[[1832.0,1802.0],9.692434e-05],
[[1842.0,1802.0],9.711879e-05],
[[1852.0,1802.0],9.730182e-05],
[[1862.0,1802.0],9.242617e-05],
[[1872.0,1802.0],9.639206e-05],
[[1882.0,1802.0],9.666257e-05],
[[1892.0,1802.0],9.386006e-05],
[[1902.0,1602.0],9.48502e-05],
[[2002.0,1802.0],9.679865e-05],
[[2002.0,2002.0],9.712906e-05],
[[2002.0,2005.0],9.098315e-05],
[[2002.0,2007.0],9.546493e-05],
[[2002.0,2012.0],9.164882e-05],
[[2002.0,2017.0],9.465256e-05],
[[2002.0,2022.0],9.742452e-05],
[[2002.0,2032.0],9.40227e-05],
[[2002.0,2042.0],9.705034e-05],
[[2002.0,2052.0],9.739961e-05],
[[2002.0,2062.0],9.621377e-05],
[[2002.0,2072.0],9.919524e-05],
[[2002.0,2082.0],9.678225e-05],
[[2002.0,2092.0],9.708712e-05],
[[2002.0,2202.0],9.341453e-05],
[[2002.0,2302.0],9.238206e-05],
[[2005.0,2002.0],9.098315e-05],
[[2007.0,2002.0],9.546493e-05],
[[2012.0,2002.0],9.164882e-05],
[[2017.0,2002.0],9.465256e-05],
[[2022.0,2002.0],9.742452e-05],
[[2032.0,2002.0],9.40227e-05],
[[2042.0,2002.0],9.705034e-05],
[[2052.0,2002.0],9.739961e-05],
[[2062.0,2002.0],9.621377e-05],
[[2072.0,2002.0],9.919524e-05],
[[2082.0,2002.0],9.678225e-05],
[[2092.0,2002.0],9.708712e-05],
[[2102.0,1802.0],9.39122e-05],
[[2202.0,2002.0],9.341453e-05],
[[2302.0,2002.0],9.238206e-05]]
