txName: TChiWWISRqq
constraint: {(PV > anyBSM(1), anyBSM(3)), (anyBSM(1) > q, q, MET(2)), (anyBSM(3) > q, q, MET(4))}
condition: None
conditionDescription: None
figureUrl: None
source: Recast by MA5
validated: True
axesMap: [{0: 'x', 1: 'y', 2: 'x', 3: 'y'}]
dataMap: {0: (1, 'mass', GeV), 1: (2, 'mass', GeV), 2: (3, 'mass', GeV), 3: (4, 'mass', GeV)}
finalState: ['MET', 'MET']
intermediateState: None
efficiencyMap: [[[11.0,10.0,11.0,10.0],2.535305e-07],
[[13.0,10.0,13.0,10.0],1.689393e-08],
[[15.0,10.0,15.0,10.0],0.0],
[[20.0,10.0,20.0,10.0],2.728089e-09],
[[21.0,20.0,21.0,20.0],5.502659e-07],
[[23.0,20.0,23.0,20.0],1.685004e-07],
[[25.0,20.0,25.0,20.0],4.192413e-09],
[[30.0,10.0,30.0,10.0],0.0],
[[30.0,20.0,30.0,20.0],7.259518e-09],
[[31.0,30.0,31.0,30.0],8.4583e-07],
[[33.0,30.0,33.0,30.0],1.140983e-07],
[[35.0,30.0,35.0,30.0],7.387721e-08],
[[40.0,20.0,40.0,20.0],0.0],
[[40.0,30.0,40.0,30.0],1.34233e-08],
[[41.0,40.0,41.0,40.0],8.128374e-07],
[[43.0,40.0,43.0,40.0],1.551286e-07],
[[45.0,40.0,45.0,40.0],4.635608e-08],
[[50.0,10.0,50.0,10.0],8.789907e-09],
[[50.0,30.0,50.0,30.0],2.369296e-08],
[[50.0,40.0,50.0,40.0],1.174386e-07],
[[51.0,50.0,51.0,50.0],2.862189e-06],
[[53.0,50.0,53.0,50.0],1.32045e-06],
[[55.0,50.0,55.0,50.0],8.619853e-07],
[[60.0,20.0,60.0,20.0],1.054717e-07],
[[60.0,40.0,60.0,40.0],8.082505e-08],
[[60.0,50.0,60.0,50.0],8.202493e-07],
[[61.0,60.0,61.0,60.0],8.100385e-06],
[[63.0,60.0,63.0,60.0],3.657567e-06],
[[65.0,60.0,65.0,60.0],3.861515e-06],
[[70.0,10.0,70.0,10.0],1.708794e-08],
[[70.0,30.0,70.0,30.0],1.210847e-07],
[[70.0,50.0,70.0,50.0],3.388542e-07],
[[70.0,60.0,70.0,60.0],8.322221e-07],
[[71.0,70.0,71.0,70.0],9.357752e-06],
[[73.0,70.0,73.0,70.0],5.723555e-06],
[[75.0,70.0,75.0,70.0],5.041549e-06],
[[80.0,20.0,80.0,20.0],5.095307e-08],
[[80.0,40.0,80.0,40.0],1.845645e-07],
[[80.0,60.0,80.0,60.0],7.672756e-07],
[[80.0,70.0,80.0,70.0],2.385316e-06],
[[81.0,80.0,81.0,80.0],1.166852e-05],
[[83.0,80.0,83.0,80.0],1.070061e-05],
[[85.0,80.0,85.0,80.0],7.325688e-06],
[[90.0,10.0,90.0,10.0],1.429221e-07],
[[90.0,30.0,90.0,30.0],1.738419e-07],
[[90.0,50.0,90.0,50.0],2.618033e-07],
[[90.0,70.0,90.0,70.0],1.361085e-06],
[[90.0,80.0,90.0,80.0],2.729186e-06],
[[91.0,90.0,91.0,90.0],1.518169e-05],
[[93.0,90.0,93.0,90.0],1.47695e-05],
[[95.0,90.0,95.0,90.0],1.163295e-05],
[[100.0,20.0,100.0,20.0],2.24376e-07],
[[100.0,40.0,100.0,40.0],2.001311e-07],
[[100.0,60.0,100.0,60.0],4.390573e-07],
[[100.0,80.0,100.0,80.0],1.882881e-06],
[[100.0,90.0,100.0,90.0],5.426303e-06],
[[101.0,100.0,101.0,100.0],2.040011e-05],
[[103.0,100.0,103.0,100.0],1.671524e-05],
[[103.0,102.0,103.0,102.0],1.965764e-05],
[[105.0,100.0,105.0,100.0],1.659933e-05],
[[105.0,102.0,105.0,102.0],1.981207e-05],
[[107.0,102.0,107.0,102.0],1.433689e-05],
[[110.0,30.0,110.0,30.0],1.353071e-07],
[[110.0,50.0,110.0,50.0],1.032629e-06],
[[110.0,70.0,110.0,70.0],9.333173e-07],
[[110.0,90.0,110.0,90.0],2.493149e-06],
[[110.0,100.0,110.0,100.0],7.202921e-06],
[[112.0,102.0,112.0,102.0],7.339725e-06],
[[120.0,40.0,120.0,40.0],5.232738e-07],
[[120.0,60.0,120.0,60.0],7.044131e-07],
[[120.0,80.0,120.0,80.0],1.694039e-06],
[[120.0,100.0,120.0,100.0],3.991494e-06],
[[122.0,102.0,122.0,102.0],4.786331e-06],
[[123.0,122.0,123.0,122.0],2.743142e-05],
[[125.0,122.0,125.0,122.0],2.896741e-05],
[[127.0,122.0,127.0,122.0],2.310607e-05],
[[130.0,50.0,130.0,50.0],1.006278e-06],
[[130.0,70.0,130.0,70.0],1.209449e-06],
[[130.0,90.0,130.0,90.0],1.793679e-06],
[[132.0,122.0,132.0,122.0],1.459367e-05],
[[140.0,60.0,140.0,60.0],1.026277e-06],
[[140.0,80.0,140.0,80.0],2.274106e-06],
[[140.0,100.0,140.0,100.0],3.133151e-06],
[[142.0,102.0,142.0,102.0],3.439511e-06],
[[142.0,122.0,142.0,122.0],1.078998e-05],
[[143.0,142.0,143.0,142.0],3.979732e-05],
[[145.0,142.0,145.0,142.0],4.107235e-05],
[[147.0,142.0,147.0,142.0],3.615451e-05],
[[150.0,70.0,150.0,70.0],1.493837e-06],
[[150.0,90.0,150.0,90.0],2.371729e-06],
[[152.0,142.0,152.0,142.0],2.211357e-05],
[[160.0,80.0,160.0,80.0],2.31519e-06],
[[160.0,100.0,160.0,100.0],4.108644e-06],
[[162.0,102.0,162.0,102.0],4.580607e-06],
[[162.0,122.0,162.0,122.0],8.172798e-06],
[[162.0,142.0,162.0,142.0],1.304884e-05],
[[163.0,162.0,163.0,162.0],4.863163e-05],
[[165.0,162.0,165.0,162.0],4.518544e-05],
[[167.0,162.0,167.0,162.0],4.867753e-05],
[[170.0,90.0,170.0,90.0],2.884097e-06],
[[172.0,162.0,172.0,162.0],3.179865e-05],
[[180.0,100.0,180.0,100.0],5.243468e-06],
[[182.0,102.0,182.0,102.0],4.533296e-06],
[[182.0,122.0,182.0,122.0],6.182855e-06],
[[182.0,142.0,182.0,142.0],9.496503e-06],
[[182.0,162.0,182.0,162.0],1.734808e-05],
[[183.0,182.0,183.0,182.0],5.862724e-05],
[[185.0,182.0,185.0,182.0],5.544866e-05],
[[187.0,182.0,187.0,182.0],5.740322e-05],
[[192.0,182.0,192.0,182.0],3.953531e-05],
[[202.0,122.0,202.0,122.0],6.183595e-06],
[[202.0,142.0,202.0,142.0],8.759503e-06],
[[202.0,162.0,202.0,162.0],1.801066e-05],
[[202.0,182.0,202.0,182.0],2.840781e-05],
[[203.0,202.0,203.0,202.0],8.28182e-05],
[[205.0,202.0,205.0,202.0],7.51509e-05],
[[207.0,202.0,207.0,202.0],7.020887e-05],
[[212.0,202.0,212.0,202.0],5.596476e-05],
[[222.0,142.0,222.0,142.0],7.579172e-06],
[[222.0,162.0,222.0,162.0],1.34383e-05],
[[222.0,182.0,222.0,182.0],1.944894e-05],
[[222.0,202.0,222.0,202.0],3.525722e-05],
[[223.0,222.0,223.0,222.0],8.800294e-05],
[[225.0,222.0,225.0,222.0],8.097341e-05],
[[227.0,222.0,227.0,222.0],7.886966e-05],
[[232.0,222.0,232.0,222.0],6.408342e-05],
[[242.0,162.0,242.0,162.0],1.22488e-05],
[[242.0,182.0,242.0,182.0],1.856345e-05],
[[242.0,202.0,242.0,202.0],2.72629e-05],
[[242.0,222.0,242.0,222.0],4.784397e-05],
[[243.0,242.0,243.0,242.0],0.0001050593],
[[245.0,242.0,245.0,242.0],9.959012e-05],
[[247.0,242.0,247.0,242.0],0.0001000856],
[[252.0,242.0,252.0,242.0],8.496705e-05],
[[262.0,182.0,262.0,182.0],1.628889e-05],
[[262.0,202.0,262.0,202.0],2.46437e-05],
[[262.0,222.0,262.0,222.0],2.960258e-05],
[[262.0,242.0,262.0,242.0],6.436697e-05],
[[263.0,262.0,263.0,262.0],0.0001102793],
[[265.0,262.0,265.0,262.0],0.0001102339],
[[267.0,262.0,267.0,262.0],0.000112421],
[[272.0,262.0,272.0,262.0],9.591251e-05],
[[282.0,202.0,282.0,202.0],2.589588e-05],
[[282.0,222.0,282.0,222.0],2.872257e-05],
[[282.0,242.0,282.0,242.0],4.339444e-05],
[[282.0,262.0,282.0,262.0],7.051859e-05],
[[283.0,282.0,283.0,282.0],0.0001067288],
[[285.0,282.0,285.0,282.0],0.0001195662],
[[287.0,282.0,287.0,282.0],0.0001100052],
[[292.0,282.0,292.0,282.0],9.832066e-05],
[[302.0,222.0,302.0,222.0],3.241268e-05],
[[302.0,242.0,302.0,242.0],3.336528e-05],
[[302.0,262.0,302.0,262.0],4.720086e-05],
[[302.0,282.0,302.0,282.0],7.451731e-05],
[[303.0,302.0,303.0,302.0],0.000124942],
[[305.0,302.0,305.0,302.0],0.0001244968],
[[307.0,302.0,307.0,302.0],0.0001306038],
[[312.0,302.0,312.0,302.0],0.0001058095],
[[322.0,242.0,322.0,242.0],3.477036e-05],
[[322.0,262.0,322.0,262.0],4.049673e-05],
[[322.0,282.0,322.0,282.0],5.366064e-05],
[[322.0,302.0,322.0,302.0],8.666324e-05],
[[323.0,322.0,323.0,322.0],0.0001406129],
[[325.0,322.0,325.0,322.0],0.0001338297],
[[327.0,322.0,327.0,322.0],0.0001201782],
[[332.0,322.0,332.0,322.0],0.0001198383],
[[342.0,262.0,342.0,262.0],3.989341e-05],
[[342.0,282.0,342.0,282.0],5.055183e-05],
[[342.0,302.0,342.0,302.0],5.640965e-05],
[[342.0,322.0,342.0,322.0],8.815995e-05],
[[343.0,342.0,343.0,342.0],0.0001613836],
[[345.0,342.0,345.0,342.0],0.0001395162],
[[347.0,342.0,347.0,342.0],0.0001363989],
[[352.0,342.0,352.0,342.0],0.0001249039],
[[362.0,282.0,362.0,282.0],4.21426e-05],
[[362.0,302.0,362.0,302.0],5.502121e-05],
[[362.0,322.0,362.0,322.0],7.31183e-05],
[[362.0,342.0,362.0,342.0],0.0001104714],
[[363.0,362.0,363.0,362.0],0.0001559932],
[[365.0,362.0,365.0,362.0],0.000157945],
[[367.0,362.0,367.0,362.0],0.0001529376],
[[372.0,362.0,372.0,362.0],0.0001368519],
[[382.0,302.0,382.0,302.0],5.10553e-05],
[[382.0,322.0,382.0,322.0],6.26559e-05],
[[382.0,342.0,382.0,342.0],8.143101e-05],
[[382.0,362.0,382.0,362.0],0.0001129102],
[[383.0,382.0,383.0,382.0],0.0001618723],
[[385.0,382.0,385.0,382.0],0.0001710268],
[[387.0,382.0,387.0,382.0],0.0001680509],
[[392.0,382.0,392.0,382.0],0.0001343353],
[[402.0,322.0,402.0,322.0],5.370716e-05],
[[402.0,342.0,402.0,342.0],6.962262e-05],
[[402.0,362.0,402.0,362.0],7.945437e-05],
[[402.0,382.0,402.0,382.0],0.000127993],
[[403.0,402.0,403.0,402.0],0.0001771852],
[[405.0,402.0,405.0,402.0],0.0001737923],
[[407.0,402.0,407.0,402.0],0.0001790639],
[[412.0,402.0,412.0,402.0],0.0001530638],
[[422.0,342.0,422.0,342.0],6.933776e-05],
[[422.0,362.0,422.0,362.0],7.003665e-05],
[[422.0,382.0,422.0,382.0],9.31736e-05],
[[422.0,402.0,422.0,402.0],0.0001238521],
[[442.0,362.0,442.0,362.0],7.535609e-05],
[[442.0,382.0,442.0,382.0],8.513253e-05],
[[442.0,402.0,442.0,402.0],0.0001108462],
[[462.0,382.0,462.0,382.0],6.940626e-05],
[[462.0,402.0,462.0,402.0],9.489563e-05],
[[482.0,402.0,482.0,402.0],8.764977e-05],
[[503.0,502.0,503.0,502.0],0.0002181767],
[[505.0,502.0,505.0,502.0],0.0002144217],
[[507.0,502.0,507.0,502.0],0.0002122091],
[[512.0,502.0,512.0,502.0],0.0002017781],
[[522.0,502.0,522.0,502.0],0.0001656966],
[[542.0,502.0,542.0,502.0],0.0001298038],
[[562.0,502.0,562.0,502.0],0.0001155679],
[[582.0,502.0,582.0,502.0],0.000125282],
[[603.0,602.0,603.0,602.0],0.0002487882],
[[605.0,602.0,605.0,602.0],0.0002477196],
[[607.0,602.0,607.0,602.0],0.0002604415],
[[612.0,602.0,612.0,602.0],0.0002515962],
[[622.0,602.0,622.0,602.0],0.0002011807],
[[642.0,602.0,642.0,602.0],0.0001724877],
[[662.0,602.0,662.0,602.0],0.0001613061],
[[682.0,602.0,682.0,602.0],0.000137926],
[[703.0,702.0,703.0,702.0],0.0002806202],
[[705.0,702.0,705.0,702.0],0.0002722442],
[[707.0,702.0,707.0,702.0],0.0002786928],
[[712.0,702.0,712.0,702.0],0.0002723857],
[[722.0,702.0,722.0,702.0],0.0002547866],
[[742.0,702.0,742.0,702.0],0.0001997449],
[[762.0,702.0,762.0,702.0],0.0001648718],
[[782.0,702.0,782.0,702.0],0.0001737121],
[[803.0,802.0,803.0,802.0],0.0003085307],
[[805.0,802.0,805.0,802.0],0.000305988],
[[807.0,802.0,807.0,802.0],0.0003183141],
[[812.0,802.0,812.0,802.0],0.0003049884],
[[822.0,802.0,822.0,802.0],0.0002590814],
[[842.0,802.0,842.0,802.0],0.0002183376],
[[862.0,802.0,862.0,802.0],0.0002054038],
[[882.0,802.0,882.0,802.0],0.0001797824],
[[903.0,902.0,903.0,902.0],0.0003229837],
[[905.0,902.0,905.0,902.0],0.0003272022],
[[907.0,902.0,907.0,902.0],0.0003242373],
[[912.0,902.0,912.0,902.0],0.0003099872],
[[922.0,902.0,922.0,902.0],0.0002938449],
[[942.0,902.0,942.0,902.0],0.0002496475],
[[962.0,902.0,962.0,902.0],0.0002146506],
[[982.0,902.0,982.0,902.0],0.0002081075],
[[1003.0,1002.0,1003.0,1002.0],0.0003373027],
[[1005.0,1002.0,1005.0,1002.0],0.00032293],
[[1007.0,1002.0,1007.0,1002.0],0.0003274212],
[[1012.0,1002.0,1012.0,1002.0],0.0003371989],
[[1022.0,1002.0,1022.0,1002.0],0.0003110688],
[[1042.0,1002.0,1042.0,1002.0],0.0002611011],
[[1062.0,1002.0,1062.0,1002.0],0.0002310888],
[[1082.0,1002.0,1082.0,1002.0],0.0002253258],
[[1103.0,1102.0,1103.0,1102.0],0.0003508408],
[[1105.0,1102.0,1105.0,1102.0],0.0003540872],
[[1107.0,1102.0,1107.0,1102.0],0.000344781],
[[1112.0,1102.0,1112.0,1102.0],0.0003342875],
[[1122.0,1102.0,1122.0,1102.0],0.0003252426],
[[1142.0,1102.0,1142.0,1102.0],0.0002665045],
[[1162.0,1102.0,1162.0,1102.0],0.0002414834],
[[1182.0,1102.0,1182.0,1102.0],0.000232686],
[[1203.0,1202.0,1203.0,1202.0],0.0003645997],
[[1205.0,1202.0,1205.0,1202.0],0.0003603585],
[[1207.0,1202.0,1207.0,1202.0],0.0003628242],
[[1212.0,1202.0,1212.0,1202.0],0.0003632643],
[[1222.0,1202.0,1222.0,1202.0],0.0003312049],
[[1242.0,1202.0,1242.0,1202.0],0.0002698462],
[[1262.0,1202.0,1262.0,1202.0],0.0002571368],
[[1282.0,1202.0,1282.0,1202.0],0.0002541874],
[[1303.0,1302.0,1303.0,1302.0],0.0003645434],
[[1305.0,1302.0,1305.0,1302.0],0.0003740394],
[[1307.0,1302.0,1307.0,1302.0],0.0003582867],
[[1312.0,1302.0,1312.0,1302.0],0.0003641189],
[[1322.0,1302.0,1322.0,1302.0],0.0003280836],
[[1342.0,1302.0,1342.0,1302.0],0.0002765706],
[[1362.0,1302.0,1362.0,1302.0],0.0002519298],
[[1382.0,1302.0,1382.0,1302.0],0.0002498177],
[[1403.0,1402.0,1403.0,1402.0],0.0003570382],
[[1405.0,1402.0,1405.0,1402.0],0.0003835459],
[[1407.0,1402.0,1407.0,1402.0],0.0003617429],
[[1412.0,1402.0,1412.0,1402.0],0.0003574444],
[[1422.0,1402.0,1422.0,1402.0],0.0003519374],
[[1442.0,1402.0,1442.0,1402.0],0.0003020911],
[[1462.0,1402.0,1462.0,1402.0],0.000267672],
[[1482.0,1402.0,1482.0,1402.0],0.0002609341],
[[1503.0,1502.0,1503.0,1502.0],0.0003666318],
[[1505.0,1502.0,1505.0,1502.0],0.0003963399],
[[1507.0,1502.0,1507.0,1502.0],0.0003798994],
[[1512.0,1502.0,1512.0,1502.0],0.0003757166],
[[1522.0,1502.0,1522.0,1502.0],0.0003412245],
[[1542.0,1502.0,1542.0,1502.0],0.0003109485],
[[1562.0,1502.0,1562.0,1502.0],0.0002761895],
[[1582.0,1502.0,1582.0,1502.0],0.0002576004],
[[1603.0,1602.0,1603.0,1602.0],0.0003687259],
[[1605.0,1602.0,1605.0,1602.0],0.0003594673],
[[1607.0,1602.0,1607.0,1602.0],0.0003691082],
[[1612.0,1602.0,1612.0,1602.0],0.0003796842],
[[1622.0,1602.0,1622.0,1602.0],0.0003636365],
[[1642.0,1602.0,1642.0,1602.0],0.0003150035],
[[1662.0,1602.0,1662.0,1602.0],0.0002725879],
[[1682.0,1602.0,1682.0,1602.0],0.0002659056],
[[1703.0,1702.0,1703.0,1702.0],0.000385373],
[[1705.0,1702.0,1705.0,1702.0],0.0003762653],
[[1707.0,1702.0,1707.0,1702.0],0.0003538667],
[[1712.0,1702.0,1712.0,1702.0],0.0003716971],
[[1722.0,1702.0,1722.0,1702.0],0.0003635555],
[[1742.0,1702.0,1742.0,1702.0],0.0003116537],
[[1762.0,1702.0,1762.0,1702.0],0.0002936092],
[[1782.0,1702.0,1782.0,1702.0],0.0002722819],
[[1803.0,1802.0,1803.0,1802.0],0.000396271],
[[1805.0,1802.0,1805.0,1802.0],0.0003723551],
[[1807.0,1802.0,1807.0,1802.0],0.0003822179],
[[1812.0,1802.0,1812.0,1802.0],0.000360761],
[[1822.0,1802.0,1822.0,1802.0],0.0003421417],
[[1842.0,1802.0,1842.0,1802.0],0.0003072072],
[[1862.0,1802.0,1862.0,1802.0],0.0002753835],
[[1882.0,1802.0,1882.0,1802.0],0.0002871784],
[[1903.0,1902.0,1903.0,1902.0],0.0003918479],
[[1905.0,1902.0,1905.0,1902.0],0.0003849536],
[[1907.0,1902.0,1907.0,1902.0],0.0003950736],
[[1912.0,1902.0,1912.0,1902.0],0.0003647602],
[[1922.0,1902.0,1922.0,1902.0],0.0003611746],
[[1942.0,1902.0,1942.0,1902.0],0.000329634],
[[1962.0,1902.0,1962.0,1902.0],0.000273387],
[[1982.0,1902.0,1982.0,1902.0],0.0003103622],
[[2003.0,2002.0,2003.0,2002.0],0.0003826293],
[[2005.0,2002.0,2005.0,2002.0],0.000393243],
[[2007.0,2002.0,2007.0,2002.0],0.0003863677],
[[2012.0,2002.0,2012.0,2002.0],0.0003582581],
[[2022.0,2002.0,2022.0,2002.0],0.0003686887],
[[2042.0,2002.0,2042.0,2002.0],0.0003061853],
[[2062.0,2002.0,2062.0,2002.0],0.0002928568],
[[2082.0,2002.0,2082.0,2002.0],0.0003096192]]
