txName: TChiISR
constraint: {(PV > MET(1), MET(2))}
condition: None
conditionDescription: None
figureUrl: None
source: Recast by MA5
validated: True
axesMap: [{0: 'x', 1: 'y'}]
dataMap: {0: (1, 'mass', GeV), 1: (2, 'mass', GeV)}
finalState: ['MET', 'MET']
intermediateState: None
efficiencyMap: [[[1.0,10.0],6.133659e-07],
[[1.0,20.0],6.652266e-07],
[[1.0,30.0],6.878093e-07],
[[1.0,40.0],1.619282e-06],
[[1.0,50.0],7.711184e-07],
[[1.0,60.0],6.731618e-07],
[[5.0,10.0],1.062679e-06],
[[7.0,10.0],5.808675e-07],
[[9.0,10.0],9.050917e-07],
[[10.0,1.0],6.133659e-07],
[[10.0,5.0],1.062679e-06],
[[10.0,7.0],5.808675e-07],
[[10.0,9.0],9.050917e-07],
[[10.0,10.0],8.493941e-07],
[[12.0,62.0],1.844763e-06],
[[12.0,72.0],1.446976e-06],
[[12.0,82.0],3.402496e-06],
[[12.0,92.0],6.526676e-06],
[[12.0,102.0],9.39608e-06],
[[12.0,212.0],4.095923e-05],
[[12.0,312.0],7.752813e-05],
[[15.0,20.0],1.468525e-06],
[[17.0,20.0],5.036299e-06],
[[19.0,20.0],6.644246e-07],
[[20.0,1.0],6.652266e-07],
[[20.0,15.0],1.468525e-06],
[[20.0,17.0],5.036299e-06],
[[20.0,19.0],6.644246e-07],
[[20.0,20.0],1.270445e-06],
[[20.0,30.0],8.555571e-07],
[[20.0,40.0],8.73597e-07],
[[20.0,50.0],9.85429e-07],
[[20.0,60.0],1.464698e-06],
[[25.0,30.0],1.374469e-06],
[[27.0,30.0],1.083429e-06],
[[29.0,30.0],1.317239e-06],
[[30.0,1.0],6.878093e-07],
[[30.0,20.0],8.555571e-07],
[[30.0,25.0],1.374469e-06],
[[30.0,27.0],1.083429e-06],
[[30.0,29.0],1.317239e-06],
[[30.0,30.0],9.788601e-07],
[[30.0,40.0],1.485736e-06],
[[30.0,50.0],1.413204e-06],
[[30.0,60.0],2.244311e-06],
[[32.0,62.0],3.38177e-06],
[[32.0,72.0],9.153805e-06],
[[32.0,82.0],9.056055e-06],
[[32.0,92.0],1.459621e-05],
[[32.0,102.0],1.267318e-05],
[[32.0,112.0],1.60116e-05],
[[32.0,122.0],1.938359e-05],
[[32.0,232.0],6.303761e-05],
[[32.0,332.0],9.061415e-05],
[[35.0,40.0],1.219177e-06],
[[37.0,40.0],1.20411e-06],
[[39.0,40.0],1.113502e-06],
[[40.0,1.0],1.619282e-06],
[[40.0,20.0],8.73597e-07],
[[40.0,30.0],1.485736e-06],
[[40.0,35.0],1.219177e-06],
[[40.0,37.0],1.20411e-06],
[[40.0,39.0],1.113502e-06],
[[40.0,40.0],2.299541e-06],
[[40.0,50.0],1.912236e-06],
[[40.0,60.0],8.120398e-06],
[[45.0,50.0],3.533182e-06],
[[47.0,50.0],4.902377e-06],
[[49.0,50.0],4.436943e-06],
[[50.0,1.0],7.711184e-07],
[[50.0,20.0],9.85429e-07],
[[50.0,30.0],1.413204e-06],
[[50.0,40.0],1.912236e-06],
[[50.0,45.0],3.533182e-06],
[[50.0,47.0],4.902377e-06],
[[50.0,49.0],4.436943e-06],
[[50.0,50.0],4.609908e-06],
[[50.0,60.0],9.632993e-06],
[[52.0,62.0],9.37711e-06],
[[52.0,67.0],1.068017e-05],
[[52.0,72.0],1.122805e-05],
[[52.0,82.0],1.291305e-05],
[[52.0,92.0],1.756391e-05],
[[52.0,102.0],2.166494e-05],
[[52.0,112.0],2.33891e-05],
[[52.0,122.0],2.8974e-05],
[[52.0,132.0],3.03745e-05],
[[52.0,142.0],3.111631e-05],
[[52.0,252.0],6.765938e-05],
[[52.0,352.0],9.509064e-05],
[[55.0,60.0],9.667231e-06],
[[57.0,60.0],9.526886e-06],
[[59.0,60.0],1.059774e-05],
[[60.0,1.0],6.731618e-07],
[[60.0,20.0],1.464698e-06],
[[60.0,30.0],2.244311e-06],
[[60.0,40.0],8.120398e-06],
[[60.0,50.0],9.632993e-06],
[[60.0,55.0],9.667231e-06],
[[60.0,57.0],9.526886e-06],
[[60.0,59.0],1.059774e-05],
[[60.0,60.0],1.212717e-05],
[[62.0,12.0],1.844763e-06],
[[62.0,32.0],3.38177e-06],
[[62.0,52.0],9.37711e-06],
[[67.0,52.0],1.068017e-05],
[[72.0,12.0],1.446976e-06],
[[72.0,32.0],9.153805e-06],
[[72.0,52.0],1.122805e-05],
[[72.0,72.0],1.356396e-05],
[[72.0,75.0],1.815807e-05],
[[72.0,77.0],1.779882e-05],
[[72.0,82.0],1.850227e-05],
[[72.0,87.0],2.339294e-05],
[[72.0,92.0],2.404378e-05],
[[72.0,102.0],3.485e-05],
[[72.0,112.0],2.667776e-05],
[[72.0,122.0],2.751066e-05],
[[72.0,132.0],3.51774e-05],
[[72.0,142.0],3.780328e-05],
[[72.0,152.0],3.905666e-05],
[[72.0,162.0],5.072644e-05],
[[72.0,272.0],8.898905e-05],
[[72.0,372.0],0.0001090282],
[[75.0,72.0],1.815807e-05],
[[77.0,72.0],1.779882e-05],
[[82.0,12.0],3.402496e-06],
[[82.0,32.0],9.056055e-06],
[[82.0,52.0],1.291305e-05],
[[82.0,72.0],1.850227e-05],
[[87.0,72.0],2.339294e-05],
[[92.0,12.0],6.526676e-06],
[[92.0,32.0],1.459621e-05],
[[92.0,52.0],1.756391e-05],
[[92.0,72.0],2.404378e-05],
[[92.0,92.0],2.737726e-05],
[[92.0,95.0],2.655695e-05],
[[92.0,97.0],3.083496e-05],
[[92.0,102.0],3.021149e-05],
[[92.0,107.0],4.18051e-05],
[[92.0,112.0],3.707625e-05],
[[92.0,122.0],3.54257e-05],
[[92.0,132.0],4.108523e-05],
[[92.0,142.0],4.621054e-05],
[[92.0,152.0],5.725442e-05],
[[92.0,162.0],5.36176e-05],
[[92.0,172.0],5.522589e-05],
[[92.0,182.0],6.073932e-05],
[[92.0,292.0],8.927988e-05],
[[92.0,392.0],0.0001251631],
[[95.0,92.0],2.655695e-05],
[[97.0,92.0],3.083496e-05],
[[102.0,12.0],9.39608e-06],
[[102.0,32.0],1.267318e-05],
[[102.0,52.0],2.166494e-05],
[[102.0,72.0],3.485e-05],
[[102.0,92.0],3.021149e-05],
[[102.0,102.0],4.616615e-05],
[[102.0,105.0],3.524811e-05],
[[102.0,107.0],3.769883e-05],
[[102.0,112.0],3.268359e-05],
[[102.0,117.0],4.240976e-05],
[[102.0,122.0],4.421329e-05],
[[102.0,132.0],3.873523e-05],
[[102.0,142.0],4.32588e-05],
[[102.0,152.0],5.35121e-05],
[[102.0,162.0],5.363148e-05],
[[102.0,172.0],6.491671e-05],
[[102.0,182.0],5.528949e-05],
[[102.0,192.0],7.15988e-05],
[[102.0,302.0],0.0001035249],
[[102.0,402.0],0.0001291099],
[[105.0,102.0],3.524811e-05],
[[107.0,92.0],4.18051e-05],
[[107.0,102.0],3.769883e-05],
[[112.0,32.0],1.60116e-05],
[[112.0,52.0],2.33891e-05],
[[112.0,72.0],2.667776e-05],
[[112.0,92.0],3.707625e-05],
[[112.0,102.0],3.268359e-05],
[[117.0,102.0],4.240976e-05],
[[122.0,32.0],1.938359e-05],
[[122.0,52.0],2.8974e-05],
[[122.0,72.0],2.751066e-05],
[[122.0,92.0],3.54257e-05],
[[122.0,102.0],4.421329e-05],
[[132.0,52.0],3.03745e-05],
[[132.0,72.0],3.51774e-05],
[[132.0,92.0],4.108523e-05],
[[132.0,102.0],3.873523e-05],
[[142.0,52.0],3.111631e-05],
[[142.0,72.0],3.780328e-05],
[[142.0,92.0],4.621054e-05],
[[142.0,102.0],4.32588e-05],
[[152.0,72.0],3.905666e-05],
[[152.0,92.0],5.725442e-05],
[[152.0,102.0],5.35121e-05],
[[152.0,152.0],6.280958e-05],
[[152.0,155.0],6.887441e-05],
[[152.0,157.0],6.041959e-05],
[[152.0,162.0],8.276186e-05],
[[152.0,167.0],8.921471e-05],
[[152.0,172.0],7.032256e-05],
[[152.0,182.0],7.586219e-05],
[[152.0,192.0],7.681111e-05],
[[152.0,202.0],7.646459e-05],
[[152.0,212.0],8.610482e-05],
[[152.0,222.0],8.799162e-05],
[[152.0,232.0],0.0001056428],
[[152.0,242.0],0.0001026392],
[[152.0,352.0],0.0001344674],
[[152.0,452.0],0.0001534219],
[[155.0,152.0],6.887441e-05],
[[157.0,152.0],6.041959e-05],
[[162.0,72.0],5.072644e-05],
[[162.0,92.0],5.36176e-05],
[[162.0,102.0],5.363148e-05],
[[162.0,152.0],8.276186e-05],
[[167.0,152.0],8.921471e-05],
[[172.0,92.0],5.522589e-05],
[[172.0,102.0],6.491671e-05],
[[172.0,152.0],7.032256e-05],
[[182.0,92.0],6.073932e-05],
[[182.0,102.0],5.528949e-05],
[[182.0,152.0],7.586219e-05],
[[192.0,102.0],7.15988e-05],
[[192.0,152.0],7.681111e-05],
[[202.0,152.0],7.646459e-05],
[[202.0,202.0],0.0001004664],
[[202.0,205.0],0.0001016071],
[[202.0,207.0],9.722715e-05],
[[202.0,212.0],9.211538e-05],
[[202.0,217.0],9.511565e-05],
[[202.0,222.0],0.0001045709],
[[202.0,232.0],0.0001110562],
[[202.0,242.0],0.0001214538],
[[202.0,252.0],0.0001268106],
[[202.0,262.0],0.0001165132],
[[202.0,272.0],0.0001121986],
[[202.0,282.0],0.0001160301],
[[202.0,402.0],0.0001548328],
[[202.0,502.0],0.0001844376],
[[205.0,202.0],0.0001016071],
[[207.0,202.0],9.722715e-05],
[[212.0,12.0],4.095923e-05],
[[212.0,152.0],8.610482e-05],
[[212.0,202.0],9.211538e-05],
[[217.0,202.0],9.511565e-05],
[[222.0,152.0],8.799162e-05],
[[222.0,202.0],0.0001045709],
[[232.0,32.0],6.303761e-05],
[[232.0,152.0],0.0001056428],
[[232.0,202.0],0.0001110562],
[[242.0,152.0],0.0001026392],
[[242.0,202.0],0.0001214538],
[[252.0,52.0],6.765938e-05],
[[252.0,202.0],0.0001268106],
[[252.0,252.0],0.0001310688],
[[252.0,255.0],0.0001253459],
[[252.0,257.0],0.0001427202],
[[252.0,262.0],0.0001221615],
[[252.0,267.0],0.000143363],
[[252.0,272.0],0.0001441636],
[[252.0,282.0],0.0001328227],
[[252.0,292.0],0.0001491574],
[[252.0,302.0],0.0001427197],
[[252.0,312.0],0.0001524722],
[[252.0,322.0],0.0001545102],
[[252.0,332.0],0.0001536788],
[[252.0,342.0],0.0001515615],
[[252.0,452.0],0.0001900363],
[[252.0,552.0],0.0001958676],
[[255.0,252.0],0.0001253459],
[[257.0,252.0],0.0001427202],
[[262.0,202.0],0.0001165132],
[[262.0,252.0],0.0001221615],
[[267.0,252.0],0.000143363],
[[272.0,72.0],8.898905e-05],
[[272.0,202.0],0.0001121986],
[[272.0,252.0],0.0001441636],
[[282.0,202.0],0.0001160301],
[[282.0,252.0],0.0001328227],
[[292.0,92.0],8.927988e-05],
[[292.0,252.0],0.0001491574],
[[302.0,102.0],0.0001035249],
[[302.0,252.0],0.0001427197],
[[302.0,302.0],0.0001716181],
[[302.0,305.0],0.000157503],
[[302.0,307.0],0.0001521039],
[[302.0,312.0],0.0001607863],
[[302.0,317.0],0.0001743127],
[[302.0,322.0],0.0001692847],
[[302.0,332.0],0.0001656102],
[[302.0,342.0],0.0001618087],
[[302.0,352.0],0.0001682405],
[[302.0,362.0],0.000164072],
[[302.0,372.0],0.0001694626],
[[302.0,382.0],0.000184086],
[[302.0,392.0],0.0001730336],
[[302.0,502.0],0.0002028346],
[[302.0,602.0],0.0002290211],
[[305.0,302.0],0.000157503],
[[307.0,302.0],0.0001521039],
[[312.0,12.0],7.752813e-05],
[[312.0,252.0],0.0001524722],
[[312.0,302.0],0.0001607863],
[[317.0,302.0],0.0001743127],
[[322.0,252.0],0.0001545102],
[[322.0,302.0],0.0001692847],
[[332.0,32.0],9.061415e-05],
[[332.0,252.0],0.0001536788],
[[332.0,302.0],0.0001656102],
[[342.0,252.0],0.0001515615],
[[342.0,302.0],0.0001618087],
[[352.0,52.0],9.509064e-05],
[[352.0,152.0],0.0001344674],
[[352.0,302.0],0.0001682405],
[[352.0,352.0],0.0001961469],
[[352.0,355.0],0.0001977209],
[[352.0,357.0],0.0001842597],
[[352.0,362.0],0.0001995576],
[[352.0,367.0],0.0001951311],
[[352.0,372.0],0.0001829878],
[[352.0,382.0],0.0001935586],
[[352.0,392.0],0.0001825056],
[[352.0,402.0],0.0002004372],
[[352.0,412.0],0.0001933293],
[[352.0,422.0],0.0001947244],
[[352.0,432.0],0.0002004038],
[[352.0,442.0],0.0001931724],
[[352.0,552.0],0.0002217864],
[[352.0,652.0],0.0002411975],
[[355.0,352.0],0.0001977209],
[[357.0,352.0],0.0001842597],
[[362.0,302.0],0.000164072],
[[362.0,352.0],0.0001995576],
[[367.0,352.0],0.0001951311],
[[372.0,72.0],0.0001090282],
[[372.0,302.0],0.0001694626],
[[372.0,352.0],0.0001829878],
[[382.0,302.0],0.000184086],
[[382.0,352.0],0.0001935586],
[[392.0,92.0],0.0001251631],
[[392.0,302.0],0.0001730336],
[[392.0,352.0],0.0001825056],
[[402.0,102.0],0.0001291099],
[[402.0,202.0],0.0001548328],
[[402.0,352.0],0.0002004372],
[[402.0,402.0],0.0002082669],
[[402.0,405.0],0.0002009883],
[[402.0,407.0],0.000194942],
[[402.0,412.0],0.0002019257],
[[402.0,417.0],0.0001990842],
[[402.0,422.0],0.0002109145],
[[402.0,432.0],0.0002243165],
[[402.0,442.0],0.0002291885],
[[402.0,452.0],0.0002253718],
[[402.0,462.0],0.0002180495],
[[402.0,472.0],0.0002199687],
[[402.0,482.0],0.0002255305],
[[402.0,492.0],0.0002330865],
[[402.0,602.0],0.0002455048],
[[402.0,702.0],0.000266173],
[[405.0,402.0],0.0002009883],
[[407.0,402.0],0.000194942],
[[412.0,352.0],0.0001933293],
[[412.0,402.0],0.0002019257],
[[417.0,402.0],0.0001990842],
[[422.0,352.0],0.0001947244],
[[422.0,402.0],0.0002109145],
[[432.0,352.0],0.0002004038],
[[432.0,402.0],0.0002243165],
[[442.0,352.0],0.0001931724],
[[442.0,402.0],0.0002291885],
[[452.0,152.0],0.0001534219],
[[452.0,252.0],0.0001900363],
[[452.0,402.0],0.0002253718],
[[462.0,402.0],0.0002180495],
[[472.0,402.0],0.0002199687],
[[482.0,402.0],0.0002255305],
[[492.0,402.0],0.0002330865],
[[502.0,202.0],0.0001844376],
[[502.0,302.0],0.0002028346],
[[552.0,252.0],0.0001958676],
[[552.0,352.0],0.0002217864],
[[602.0,302.0],0.0002290211],
[[602.0,402.0],0.0002455048],
[[602.0,602.0],0.0002733454],
[[602.0,605.0],0.0002786024],
[[602.0,607.0],0.0002719158],
[[602.0,612.0],0.000298929],
[[602.0,617.0],0.0002790787],
[[602.0,622.0],0.0002782617],
[[602.0,632.0],0.0002764094],
[[602.0,642.0],0.0002686716],
[[602.0,652.0],0.0002827619],
[[602.0,662.0],0.0002761164],
[[602.0,672.0],0.0002772938],
[[602.0,682.0],0.0002802911],
[[602.0,692.0],0.0002935574],
[[602.0,802.0],0.0002928665],
[[602.0,902.0],0.0002986837],
[[605.0,602.0],0.0002786024],
[[607.0,602.0],0.0002719158],
[[612.0,602.0],0.000298929],
[[617.0,602.0],0.0002790787],
[[622.0,602.0],0.0002782617],
[[632.0,602.0],0.0002764094],
[[642.0,602.0],0.0002686716],
[[652.0,352.0],0.0002411975],
[[652.0,602.0],0.0002827619],
[[662.0,602.0],0.0002761164],
[[672.0,602.0],0.0002772938],
[[682.0,602.0],0.0002802911],
[[692.0,602.0],0.0002935574],
[[702.0,402.0],0.000266173],
[[802.0,602.0],0.0002928665],
[[802.0,802.0],0.0003439748],
[[802.0,805.0],0.0003170189],
[[802.0,807.0],0.0003184257],
[[802.0,812.0],0.0003254838],
[[802.0,817.0],0.0003292337],
[[802.0,822.0],0.0003303437],
[[802.0,832.0],0.0003301581],
[[802.0,842.0],0.0003209834],
[[802.0,852.0],0.0003229465],
[[802.0,862.0],0.0003320421],
[[802.0,872.0],0.0003257999],
[[802.0,882.0],0.0003339998],
[[802.0,892.0],0.0003434755],
[[802.0,1002.0],0.0003378646],
[[802.0,1102.0],0.0003399443],
[[805.0,802.0],0.0003170189],
[[807.0,802.0],0.0003184257],
[[812.0,802.0],0.0003254838],
[[817.0,802.0],0.0003292337],
[[822.0,802.0],0.0003303437],
[[832.0,802.0],0.0003301581],
[[842.0,802.0],0.0003209834],
[[852.0,802.0],0.0003229465],
[[862.0,802.0],0.0003320421],
[[872.0,802.0],0.0003257999],
[[882.0,802.0],0.0003339998],
[[892.0,802.0],0.0003434755],
[[902.0,602.0],0.0002986837],
[[1002.0,802.0],0.0003378646],
[[1002.0,1002.0],0.0003638265],
[[1002.0,1005.0],0.0003537956],
[[1002.0,1007.0],0.0003581929],
[[1002.0,1012.0],0.0003442933],
[[1002.0,1017.0],0.0003471911],
[[1002.0,1022.0],0.0003662641],
[[1002.0,1032.0],0.0003516897],
[[1002.0,1042.0],0.0003427594],
[[1002.0,1052.0],0.0003493763],
[[1002.0,1062.0],0.0003477149],
[[1002.0,1072.0],0.0003503687],
[[1002.0,1082.0],0.0003560098],
[[1002.0,1092.0],0.0003475504],
[[1002.0,1202.0],0.0003639783],
[[1002.0,1302.0],0.0003538462],
[[1005.0,1002.0],0.0003537956],
[[1007.0,1002.0],0.0003581929],
[[1012.0,1002.0],0.0003442933],
[[1017.0,1002.0],0.0003471911],
[[1022.0,1002.0],0.0003662641],
[[1032.0,1002.0],0.0003516897],
[[1042.0,1002.0],0.0003427594],
[[1052.0,1002.0],0.0003493763],
[[1062.0,1002.0],0.0003477149],
[[1072.0,1002.0],0.0003503687],
[[1082.0,1002.0],0.0003560098],
[[1092.0,1002.0],0.0003475504],
[[1102.0,802.0],0.0003399443],
[[1202.0,1002.0],0.0003639783],
[[1202.0,1202.0],0.0003671249],
[[1202.0,1205.0],0.000371947],
[[1202.0,1207.0],0.000375444],
[[1202.0,1212.0],0.000365953],
[[1202.0,1217.0],0.0003661402],
[[1202.0,1222.0],0.0003664593],
[[1202.0,1232.0],0.0003588192],
[[1202.0,1242.0],0.0003630764],
[[1202.0,1252.0],0.0003892504],
[[1202.0,1262.0],0.000368396],
[[1202.0,1272.0],0.0003668618],
[[1202.0,1282.0],0.0003712056],
[[1202.0,1292.0],0.0003720382],
[[1202.0,1402.0],0.0003784944],
[[1202.0,1502.0],0.0003523181],
[[1205.0,1202.0],0.000371947],
[[1207.0,1202.0],0.000375444],
[[1212.0,1202.0],0.000365953],
[[1217.0,1202.0],0.0003661402],
[[1222.0,1202.0],0.0003664593],
[[1232.0,1202.0],0.0003588192],
[[1242.0,1202.0],0.0003630764],
[[1252.0,1202.0],0.0003892504],
[[1262.0,1202.0],0.000368396],
[[1272.0,1202.0],0.0003668618],
[[1282.0,1202.0],0.0003712056],
[[1292.0,1202.0],0.0003720382],
[[1302.0,1002.0],0.0003538462],
[[1402.0,1202.0],0.0003784944],
[[1402.0,1402.0],0.0003624537],
[[1402.0,1405.0],0.0003671377],
[[1402.0,1407.0],0.0003926222],
[[1402.0,1412.0],0.000401139],
[[1402.0,1417.0],0.0004019392],
[[1402.0,1422.0],0.0003830292],
[[1402.0,1432.0],0.0003782362],
[[1402.0,1442.0],0.0003791216],
[[1402.0,1452.0],0.0003791473],
[[1402.0,1462.0],0.0003947503],
[[1402.0,1472.0],0.0003910212],
[[1402.0,1482.0],0.000398816],
[[1402.0,1492.0],0.0003769776],
[[1402.0,1602.0],0.0003535438],
[[1402.0,1702.0],0.0003656906],
[[1405.0,1402.0],0.0003671377],
[[1407.0,1402.0],0.0003926222],
[[1412.0,1402.0],0.000401139],
[[1417.0,1402.0],0.0004019392],
[[1422.0,1402.0],0.0003830292],
[[1432.0,1402.0],0.0003782362],
[[1442.0,1402.0],0.0003791216],
[[1452.0,1402.0],0.0003791473],
[[1462.0,1402.0],0.0003947503],
[[1472.0,1402.0],0.0003910212],
[[1482.0,1402.0],0.000398816],
[[1492.0,1402.0],0.0003769776],
[[1502.0,1202.0],0.0003523181],
[[1602.0,1402.0],0.0003535438],
[[1602.0,1602.0],0.0003904479],
[[1602.0,1605.0],0.0003852195],
[[1602.0,1607.0],0.0003947658],
[[1602.0,1612.0],0.0003814859],
[[1602.0,1617.0],0.0003845882],
[[1602.0,1622.0],0.0003915518],
[[1602.0,1632.0],0.0003682196],
[[1602.0,1642.0],0.0003901121],
[[1602.0,1652.0],0.0003737227],
[[1602.0,1662.0],0.0003656297],
[[1602.0,1672.0],0.0003625632],
[[1602.0,1682.0],0.0003641976],
[[1602.0,1692.0],0.0003925208],
[[1602.0,1802.0],0.0003658382],
[[1602.0,1902.0],0.000373019],
[[1605.0,1602.0],0.0003852195],
[[1607.0,1602.0],0.0003947658],
[[1612.0,1602.0],0.0003814859],
[[1617.0,1602.0],0.0003845882],
[[1622.0,1602.0],0.0003915518],
[[1632.0,1602.0],0.0003682196],
[[1642.0,1602.0],0.0003901121],
[[1652.0,1602.0],0.0003737227],
[[1662.0,1602.0],0.0003656297],
[[1672.0,1602.0],0.0003625632],
[[1682.0,1602.0],0.0003641976],
[[1692.0,1602.0],0.0003925208],
[[1702.0,1402.0],0.0003656906],
[[1802.0,1602.0],0.0003658382],
[[1802.0,1802.0],0.0003655607],
[[1802.0,1805.0],0.0003966166],
[[1802.0,1807.0],0.0003876681],
[[1802.0,1812.0],0.0003883209],
[[1802.0,1817.0],0.0003634923],
[[1802.0,1822.0],0.0003744373],
[[1802.0,1832.0],0.0003892562],
[[1802.0,1842.0],0.0003945535],
[[1802.0,1852.0],0.0003775429],
[[1802.0,1862.0],0.0003817962],
[[1802.0,1872.0],0.0003832816],
[[1802.0,1882.0],0.0003965436],
[[1802.0,1892.0],0.0003892871],
[[1802.0,2002.0],0.0003782718],
[[1802.0,2102.0],0.0003854638],
[[1805.0,1802.0],0.0003966166],
[[1807.0,1802.0],0.0003876681],
[[1812.0,1802.0],0.0003883209],
[[1817.0,1802.0],0.0003634923],
[[1822.0,1802.0],0.0003744373],
[[1832.0,1802.0],0.0003892562],
[[1842.0,1802.0],0.0003945535],
[[1852.0,1802.0],0.0003775429],
[[1862.0,1802.0],0.0003817962],
[[1872.0,1802.0],0.0003832816],
[[1882.0,1802.0],0.0003965436],
[[1892.0,1802.0],0.0003892871],
[[1902.0,1602.0],0.000373019],
[[2002.0,1802.0],0.0003782718],
[[2002.0,2002.0],0.0003972845],
[[2002.0,2005.0],0.0003572815],
[[2002.0,2007.0],0.0003658264],
[[2002.0,2012.0],0.0003624386],
[[2002.0,2017.0],0.0003887314],
[[2002.0,2022.0],0.0003905602],
[[2002.0,2032.0],0.0003888449],
[[2002.0,2042.0],0.0003595503],
[[2002.0,2052.0],0.0003857174],
[[2002.0,2062.0],0.0003796698],
[[2002.0,2072.0],0.0003852968],
[[2002.0,2082.0],0.0003688475],
[[2002.0,2092.0],0.0003653759],
[[2002.0,2202.0],0.0003507326],
[[2002.0,2302.0],0.0004064858],
[[2005.0,2002.0],0.0003572815],
[[2007.0,2002.0],0.0003658264],
[[2012.0,2002.0],0.0003624386],
[[2017.0,2002.0],0.0003887314],
[[2022.0,2002.0],0.0003905602],
[[2032.0,2002.0],0.0003888449],
[[2042.0,2002.0],0.0003595503],
[[2052.0,2002.0],0.0003857174],
[[2062.0,2002.0],0.0003796698],
[[2072.0,2002.0],0.0003852968],
[[2082.0,2002.0],0.0003688475],
[[2092.0,2002.0],0.0003653759],
[[2102.0,1802.0],0.0003854638],
[[2202.0,2002.0],0.0003507326],
[[2302.0,2002.0],0.0004064858]]
