txName: TRV1nunu
constraint: {(PV > Zprime(1)), (Zprime(1) > nu,nu)}
condition: None
conditionDescription: None
figureUrl: None
source: CMS
validated: N/A
axesMap: [{0: 'x'}]
dataMap: {0: (1, 'mass', GeV)}
finalState: ['MET', 'MET']
efficiencyMap: [[[50.0],3.545887e-07],
[[100.0],1.920841e-06],
[[150.0],6.425987e-06],
[[200.0],1.663135e-05],
[[250.0],2.416454e-05],
[[300.0],4.74242e-05],
[[350.0],5.9418e-05],
[[400.0],8.741203e-05],
[[450.0],0.0001170215],
[[500.0],0.0001352564],
[[550.0],0.0001667643],
[[600.0],0.0001888614],
[[650.0],0.0002320029],
[[700.0],0.0002737016],
[[750.0],0.0003095355],
[[800.0],0.0003169903],
[[850.0],0.0003702557],
[[900.0],0.0003913238],
[[950.0],0.0004401605],
[[1000.0],0.0004548824],
[[1050.0],0.0005043825],
[[1100.0],0.0004732121],
[[1150.0],0.0004877855],
[[1200.0],0.0004966884],
[[1250.0],0.0005623432],
[[1300.0],0.0005757413],
[[1350.0],0.0005806971],
[[1400.0],0.0005794945],
[[1450.0],0.0006489631],
[[1500.0],0.0005954917],
[[1550.0],0.0006749778],
[[1600.0],0.0006597924],
[[1650.0],0.0006635608],
[[1700.0],0.0006998051],
[[1750.0],0.0007365826],
[[1800.0],0.0007605647],
[[1850.0],0.0007251868],
[[1900.0],0.0007033644],
[[1950.0],0.0007908052],
[[2000.0],0.0008249443],
[[2250.0],0.0009049181],
[[2500.0],0.0009010983],
[[2750.0],0.0009641116],
[[3000.0],0.0009478297]]
