dataId: SR_2016_17
dataType: efficiencyMap
observedN: 101
expectedBG: 106.2168646
bgError: 6.975058125205839
upperLimit: 0.1557*fb
expectedUpperLimit: 0.1749*fb
