txName: TChiISR
constraint: {(PV > MET(1), MET(2))}
condition: None
conditionDescription: None
figureUrl: None
source: Recast by MA5
validated: True
axesMap: [{0: 'x', 1: 'y'}]
dataMap: {0: (1, 'mass', GeV), 1: (2, 'mass', GeV)}
finalState: ['MET', 'MET']
intermediateState: None
efficiencyMap: [[[1.0,10.0],9.763176e-08],
[[1.0,20.0],2.867764e-08],
[[1.0,30.0],5.831578e-08],
[[1.0,40.0],2.291079e-08],
[[1.0,50.0],2.365161e-08],
[[1.0,60.0],3.831725e-08],
[[5.0,10.0],2.457976e-08],
[[7.0,10.0],7.162311e-09],
[[9.0,10.0],1.216506e-07],
[[10.0,1.0],9.763176e-08],
[[10.0,5.0],2.457976e-08],
[[10.0,7.0],7.162311e-09],
[[10.0,9.0],1.216506e-07],
[[10.0,10.0],8.525843e-07],
[[12.0,62.0],1.937808e-08],
[[12.0,72.0],3.083601e-08],
[[12.0,82.0],1.629864e-07],
[[12.0,92.0],4.45042e-07],
[[12.0,102.0],8.835246e-07],
[[12.0,212.0],3.377676e-06],
[[12.0,312.0],7.124027e-06],
[[15.0,20.0],2.576343e-08],
[[17.0,20.0],4.845066e-08],
[[19.0,20.0],1.981038e-08],
[[20.0,1.0],2.867764e-08],
[[20.0,15.0],2.576343e-08],
[[20.0,17.0],4.845066e-08],
[[20.0,19.0],1.981038e-08],
[[20.0,20.0],1.060165e-08],
[[20.0,30.0],1.385641e-08],
[[20.0,40.0],1.532835e-07],
[[20.0,50.0],4.160026e-07],
[[20.0,60.0],3.27657e-08],
[[25.0,30.0],2.147013e-08],
[[27.0,30.0],1.603561e-08],
[[29.0,30.0],2.938443e-08],
[[30.0,1.0],5.831578e-08],
[[30.0,20.0],1.385641e-08],
[[30.0,25.0],2.147013e-08],
[[30.0,27.0],1.603561e-08],
[[30.0,29.0],2.938443e-08],
[[30.0,30.0],1.753773e-08],
[[30.0,40.0],2.843157e-08],
[[30.0,50.0],2.362004e-08],
[[30.0,60.0],5.74679e-08],
[[32.0,62.0],1.294818e-07],
[[32.0,72.0],2.041178e-07],
[[32.0,82.0],4.794241e-07],
[[32.0,92.0],5.065054e-07],
[[32.0,102.0],5.523917e-07],
[[32.0,112.0],8.531785e-07],
[[32.0,122.0],2.279633e-06],
[[32.0,232.0],3.692615e-06],
[[32.0,332.0],8.282968e-06],
[[35.0,40.0],3.467514e-08],
[[37.0,40.0],2.382783e-08],
[[39.0,40.0],2.233136e-08],
[[40.0,1.0],2.291079e-08],
[[40.0,20.0],1.532835e-07],
[[40.0,30.0],2.843157e-08],
[[40.0,35.0],3.467514e-08],
[[40.0,37.0],2.382783e-08],
[[40.0,39.0],2.233136e-08],
[[40.0,40.0],2.819283e-08],
[[40.0,50.0],3.515178e-08],
[[40.0,60.0],2.04761e-07],
[[45.0,50.0],1.304135e-07],
[[47.0,50.0],1.716601e-07],
[[49.0,50.0],1.45069e-07],
[[50.0,1.0],2.365161e-08],
[[50.0,20.0],4.160026e-07],
[[50.0,30.0],2.362004e-08],
[[50.0,40.0],3.515178e-08],
[[50.0,45.0],1.304135e-07],
[[50.0,47.0],1.716601e-07],
[[50.0,49.0],1.45069e-07],
[[50.0,50.0],2.136101e-07],
[[50.0,60.0],4.026273e-07],
[[52.0,62.0],2.522006e-07],
[[52.0,67.0],4.259274e-07],
[[52.0,72.0],4.750686e-07],
[[52.0,82.0],1.303144e-06],
[[52.0,92.0],9.928227e-07],
[[52.0,102.0],1.480183e-06],
[[52.0,112.0],1.130571e-06],
[[52.0,122.0],1.362531e-06],
[[52.0,132.0],1.904648e-06],
[[52.0,142.0],2.078826e-06],
[[52.0,252.0],5.379944e-06],
[[52.0,352.0],9.320617e-06],
[[55.0,60.0],5.94602e-07],
[[57.0,60.0],3.743704e-07],
[[59.0,60.0],8.851843e-07],
[[60.0,1.0],3.831725e-08],
[[60.0,20.0],3.27657e-08],
[[60.0,30.0],5.74679e-08],
[[60.0,40.0],2.04761e-07],
[[60.0,50.0],4.026273e-07],
[[60.0,55.0],5.94602e-07],
[[60.0,57.0],3.743704e-07],
[[60.0,59.0],8.851843e-07],
[[60.0,60.0],4.119962e-07],
[[62.0,12.0],1.937808e-08],
[[62.0,32.0],1.294818e-07],
[[62.0,52.0],2.522006e-07],
[[67.0,52.0],4.259274e-07],
[[72.0,12.0],3.083601e-08],
[[72.0,32.0],2.041178e-07],
[[72.0,52.0],4.750686e-07],
[[72.0,72.0],9.919845e-07],
[[72.0,75.0],9.710108e-07],
[[72.0,77.0],9.810706e-07],
[[72.0,82.0],1.197493e-06],
[[72.0,87.0],1.559818e-06],
[[72.0,92.0],1.155455e-06],
[[72.0,102.0],2.004381e-06],
[[72.0,112.0],2.149393e-06],
[[72.0,122.0],1.96269e-06],
[[72.0,132.0],2.076276e-06],
[[72.0,142.0],2.679063e-06],
[[72.0,152.0],2.561315e-06],
[[72.0,162.0],2.572346e-06],
[[72.0,272.0],6.337205e-06],
[[72.0,372.0],1.239888e-05],
[[75.0,72.0],9.710108e-07],
[[77.0,72.0],9.810706e-07],
[[82.0,12.0],1.629864e-07],
[[82.0,32.0],4.794241e-07],
[[82.0,52.0],1.303144e-06],
[[82.0,72.0],1.197493e-06],
[[87.0,72.0],1.559818e-06],
[[92.0,12.0],4.45042e-07],
[[92.0,32.0],5.065054e-07],
[[92.0,52.0],9.928227e-07],
[[92.0,72.0],1.155455e-06],
[[92.0,92.0],1.754642e-06],
[[92.0,95.0],1.588855e-06],
[[92.0,97.0],1.470928e-06],
[[92.0,102.0],1.503126e-06],
[[92.0,107.0],2.343073e-06],
[[92.0,112.0],1.939022e-06],
[[92.0,122.0],2.986557e-06],
[[92.0,132.0],2.292294e-06],
[[92.0,142.0],3.03096e-06],
[[92.0,152.0],4.250895e-06],
[[92.0,162.0],3.339652e-06],
[[92.0,172.0],3.563211e-06],
[[92.0,182.0],6.00677e-06],
[[92.0,292.0],9.814764e-06],
[[92.0,392.0],1.300359e-05],
[[95.0,92.0],1.588855e-06],
[[97.0,92.0],1.470928e-06],
[[102.0,12.0],8.835246e-07],
[[102.0,32.0],5.523917e-07],
[[102.0,52.0],1.480183e-06],
[[102.0,72.0],2.004381e-06],
[[102.0,92.0],1.503126e-06],
[[102.0,102.0],2.270401e-06],
[[102.0,105.0],3.158511e-06],
[[102.0,107.0],2.732772e-06],
[[102.0,112.0],4.740853e-06],
[[102.0,117.0],2.028597e-06],
[[102.0,122.0],2.964194e-06],
[[102.0,132.0],2.448423e-06],
[[102.0,142.0],4.159794e-06],
[[102.0,152.0],3.54737e-06],
[[102.0,162.0],8.783483e-06],
[[102.0,172.0],6.669017e-06],
[[102.0,182.0],4.146721e-06],
[[102.0,192.0],4.593223e-06],
[[102.0,302.0],1.258698e-05],
[[102.0,402.0],1.224242e-05],
[[105.0,102.0],3.158511e-06],
[[107.0,92.0],2.343073e-06],
[[107.0,102.0],2.732772e-06],
[[112.0,32.0],8.531785e-07],
[[112.0,52.0],1.130571e-06],
[[112.0,72.0],2.149393e-06],
[[112.0,92.0],1.939022e-06],
[[112.0,102.0],4.740853e-06],
[[117.0,102.0],2.028597e-06],
[[122.0,32.0],2.279633e-06],
[[122.0,52.0],1.362531e-06],
[[122.0,72.0],1.96269e-06],
[[122.0,92.0],2.986557e-06],
[[122.0,102.0],2.964194e-06],
[[132.0,52.0],1.904648e-06],
[[132.0,72.0],2.076276e-06],
[[132.0,92.0],2.292294e-06],
[[132.0,102.0],2.448423e-06],
[[142.0,52.0],2.078826e-06],
[[142.0,72.0],2.679063e-06],
[[142.0,92.0],3.03096e-06],
[[142.0,102.0],4.159794e-06],
[[152.0,72.0],2.561315e-06],
[[152.0,92.0],4.250895e-06],
[[152.0,102.0],3.54737e-06],
[[152.0,152.0],5.514461e-06],
[[152.0,155.0],5.915506e-06],
[[152.0,157.0],6.24915e-06],
[[152.0,162.0],5.85917e-06],
[[152.0,167.0],5.293271e-06],
[[152.0,172.0],6.505953e-06],
[[152.0,182.0],7.100721e-06],
[[152.0,192.0],7.742169e-06],
[[152.0,202.0],8.214413e-06],
[[152.0,212.0],7.672608e-06],
[[152.0,222.0],9.013216e-06],
[[152.0,232.0],1.298158e-05],
[[152.0,242.0],9.585341e-06],
[[152.0,352.0],1.372663e-05],
[[152.0,452.0],1.898505e-05],
[[155.0,152.0],5.915506e-06],
[[157.0,152.0],6.24915e-06],
[[162.0,72.0],2.572346e-06],
[[162.0,92.0],3.339652e-06],
[[162.0,102.0],8.783483e-06],
[[162.0,152.0],5.85917e-06],
[[167.0,152.0],5.293271e-06],
[[172.0,92.0],3.563211e-06],
[[172.0,102.0],6.669017e-06],
[[172.0,152.0],6.505953e-06],
[[182.0,92.0],6.00677e-06],
[[182.0,102.0],4.146721e-06],
[[182.0,152.0],7.100721e-06],
[[192.0,102.0],4.593223e-06],
[[192.0,152.0],7.742169e-06],
[[202.0,152.0],8.214413e-06],
[[202.0,202.0],9.654149e-06],
[[202.0,205.0],8.119772e-06],
[[202.0,207.0],1.773858e-05],
[[202.0,212.0],1.00257e-05],
[[202.0,217.0],8.721011e-06],
[[202.0,222.0],1.093501e-05],
[[202.0,232.0],1.18556e-05],
[[202.0,242.0],1.11123e-05],
[[202.0,252.0],1.022219e-05],
[[202.0,262.0],1.504767e-05],
[[202.0,272.0],1.131151e-05],
[[202.0,282.0],1.522474e-05],
[[202.0,402.0],1.852358e-05],
[[202.0,502.0],2.223737e-05],
[[205.0,202.0],8.119772e-06],
[[207.0,202.0],1.773858e-05],
[[212.0,12.0],3.377676e-06],
[[212.0,152.0],7.672608e-06],
[[212.0,202.0],1.00257e-05],
[[217.0,202.0],8.721011e-06],
[[222.0,152.0],9.013216e-06],
[[222.0,202.0],1.093501e-05],
[[232.0,32.0],3.692615e-06],
[[232.0,152.0],1.298158e-05],
[[232.0,202.0],1.18556e-05],
[[242.0,152.0],9.585341e-06],
[[242.0,202.0],1.11123e-05],
[[252.0,52.0],5.379944e-06],
[[252.0,202.0],1.022219e-05],
[[252.0,252.0],1.569955e-05],
[[252.0,255.0],1.245532e-05],
[[252.0,257.0],1.398911e-05],
[[252.0,262.0],1.310105e-05],
[[252.0,267.0],1.221743e-05],
[[252.0,272.0],1.439378e-05],
[[252.0,282.0],1.497162e-05],
[[252.0,292.0],1.810269e-05],
[[252.0,302.0],1.596591e-05],
[[252.0,312.0],1.906657e-05],
[[252.0,322.0],2.190427e-05],
[[252.0,332.0],1.61691e-05],
[[252.0,342.0],2.215451e-05],
[[252.0,452.0],2.119307e-05],
[[252.0,552.0],3.132248e-05],
[[255.0,252.0],1.245532e-05],
[[257.0,252.0],1.398911e-05],
[[262.0,202.0],1.504767e-05],
[[262.0,252.0],1.310105e-05],
[[267.0,252.0],1.221743e-05],
[[272.0,72.0],6.337205e-06],
[[272.0,202.0],1.131151e-05],
[[272.0,252.0],1.439378e-05],
[[282.0,202.0],1.522474e-05],
[[282.0,252.0],1.497162e-05],
[[292.0,92.0],9.814764e-06],
[[292.0,252.0],1.810269e-05],
[[302.0,102.0],1.258698e-05],
[[302.0,252.0],1.596591e-05],
[[302.0,302.0],1.75614e-05],
[[302.0,305.0],2.101133e-05],
[[302.0,307.0],1.88231e-05],
[[302.0,312.0],2.085032e-05],
[[302.0,317.0],1.889972e-05],
[[302.0,322.0],1.632824e-05],
[[302.0,332.0],1.985152e-05],
[[302.0,342.0],1.801058e-05],
[[302.0,352.0],1.903154e-05],
[[302.0,362.0],2.270657e-05],
[[302.0,372.0],2.365338e-05],
[[302.0,382.0],2.195754e-05],
[[302.0,392.0],2.182797e-05],
[[302.0,502.0],2.876247e-05],
[[302.0,602.0],3.420722e-05],
[[305.0,302.0],2.101133e-05],
[[307.0,302.0],1.88231e-05],
[[312.0,12.0],7.124027e-06],
[[312.0,252.0],1.906657e-05],
[[312.0,302.0],2.085032e-05],
[[317.0,302.0],1.889972e-05],
[[322.0,252.0],2.190427e-05],
[[322.0,302.0],1.632824e-05],
[[332.0,32.0],8.282968e-06],
[[332.0,252.0],1.61691e-05],
[[332.0,302.0],1.985152e-05],
[[342.0,252.0],2.215451e-05],
[[342.0,302.0],1.801058e-05],
[[352.0,52.0],9.320617e-06],
[[352.0,152.0],1.372663e-05],
[[352.0,302.0],1.903154e-05],
[[352.0,352.0],2.297824e-05],
[[352.0,355.0],2.229139e-05],
[[352.0,357.0],2.630758e-05],
[[352.0,362.0],2.324112e-05],
[[352.0,367.0],2.176389e-05],
[[352.0,372.0],2.473607e-05],
[[352.0,382.0],2.768312e-05],
[[352.0,392.0],2.617894e-05],
[[352.0,402.0],3.425615e-05],
[[352.0,412.0],2.615807e-05],
[[352.0,422.0],2.465927e-05],
[[352.0,432.0],2.516917e-05],
[[352.0,442.0],2.790881e-05],
[[352.0,552.0],3.329959e-05],
[[352.0,652.0],3.807321e-05],
[[355.0,352.0],2.229139e-05],
[[357.0,352.0],2.630758e-05],
[[362.0,302.0],2.270657e-05],
[[362.0,352.0],2.324112e-05],
[[367.0,352.0],2.176389e-05],
[[372.0,72.0],1.239888e-05],
[[372.0,302.0],2.365338e-05],
[[372.0,352.0],2.473607e-05],
[[382.0,302.0],2.195754e-05],
[[382.0,352.0],2.768312e-05],
[[392.0,92.0],1.300359e-05],
[[392.0,302.0],2.182797e-05],
[[392.0,352.0],2.617894e-05],
[[402.0,102.0],1.224242e-05],
[[402.0,202.0],1.852358e-05],
[[402.0,352.0],3.425615e-05],
[[402.0,402.0],2.847968e-05],
[[402.0,405.0],2.590764e-05],
[[402.0,407.0],2.771123e-05],
[[402.0,412.0],2.753577e-05],
[[402.0,417.0],3.037228e-05],
[[402.0,422.0],2.640139e-05],
[[402.0,432.0],2.85304e-05],
[[402.0,442.0],2.866405e-05],
[[402.0,452.0],3.104697e-05],
[[402.0,462.0],2.948401e-05],
[[402.0,472.0],2.986214e-05],
[[402.0,482.0],2.910251e-05],
[[402.0,492.0],3.05276e-05],
[[402.0,602.0],4.058384e-05],
[[402.0,702.0],4.49793e-05],
[[405.0,402.0],2.590764e-05],
[[407.0,402.0],2.771123e-05],
[[412.0,352.0],2.615807e-05],
[[412.0,402.0],2.753577e-05],
[[417.0,402.0],3.037228e-05],
[[422.0,352.0],2.465927e-05],
[[422.0,402.0],2.640139e-05],
[[432.0,352.0],2.516917e-05],
[[432.0,402.0],2.85304e-05],
[[442.0,352.0],2.790881e-05],
[[442.0,402.0],2.866405e-05],
[[452.0,152.0],1.898505e-05],
[[452.0,252.0],2.119307e-05],
[[452.0,402.0],3.104697e-05],
[[462.0,402.0],2.948401e-05],
[[472.0,402.0],2.986214e-05],
[[482.0,402.0],2.910251e-05],
[[492.0,402.0],3.05276e-05],
[[502.0,202.0],2.223737e-05],
[[502.0,302.0],2.876247e-05],
[[552.0,252.0],3.132248e-05],
[[552.0,352.0],3.329959e-05],
[[602.0,302.0],3.420722e-05],
[[602.0,402.0],4.058384e-05],
[[602.0,602.0],4.037294e-05],
[[602.0,605.0],4.001545e-05],
[[602.0,607.0],4.685712e-05],
[[602.0,612.0],4.507853e-05],
[[602.0,617.0],4.261267e-05],
[[602.0,622.0],4.388303e-05],
[[602.0,632.0],4.208092e-05],
[[602.0,642.0],4.418155e-05],
[[602.0,652.0],4.418902e-05],
[[602.0,662.0],4.946637e-05],
[[602.0,672.0],4.749116e-05],
[[602.0,682.0],4.739755e-05],
[[602.0,692.0],4.564299e-05],
[[602.0,802.0],4.788018e-05],
[[602.0,902.0],5.441238e-05],
[[605.0,602.0],4.001545e-05],
[[607.0,602.0],4.685712e-05],
[[612.0,602.0],4.507853e-05],
[[617.0,602.0],4.261267e-05],
[[622.0,602.0],4.388303e-05],
[[632.0,602.0],4.208092e-05],
[[642.0,602.0],4.418155e-05],
[[652.0,352.0],3.807321e-05],
[[652.0,602.0],4.418902e-05],
[[662.0,602.0],4.946637e-05],
[[672.0,602.0],4.749116e-05],
[[682.0,602.0],4.739755e-05],
[[692.0,602.0],4.564299e-05],
[[702.0,402.0],4.49793e-05],
[[802.0,602.0],4.788018e-05],
[[802.0,802.0],5.35601e-05],
[[802.0,805.0],5.935578e-05],
[[802.0,807.0],5.021285e-05],
[[802.0,812.0],5.441036e-05],
[[802.0,817.0],5.547891e-05],
[[802.0,822.0],5.5747e-05],
[[802.0,832.0],5.333305e-05],
[[802.0,842.0],5.293593e-05],
[[802.0,852.0],5.657463e-05],
[[802.0,862.0],5.780825e-05],
[[802.0,872.0],5.73682e-05],
[[802.0,882.0],5.853497e-05],
[[802.0,892.0],6.207508e-05],
[[802.0,1002.0],6.286796e-05],
[[802.0,1102.0],5.725078e-05],
[[805.0,802.0],5.935578e-05],
[[807.0,802.0],5.021285e-05],
[[812.0,802.0],5.441036e-05],
[[817.0,802.0],5.547891e-05],
[[822.0,802.0],5.5747e-05],
[[832.0,802.0],5.333305e-05],
[[842.0,802.0],5.293593e-05],
[[852.0,802.0],5.657463e-05],
[[862.0,802.0],5.780825e-05],
[[872.0,802.0],5.73682e-05],
[[882.0,802.0],5.853497e-05],
[[892.0,802.0],6.207508e-05],
[[902.0,602.0],5.441238e-05],
[[1002.0,802.0],6.286796e-05],
[[1002.0,1002.0],6.638695e-05],
[[1002.0,1005.0],6.456162e-05],
[[1002.0,1007.0],6.532985e-05],
[[1002.0,1012.0],6.691156e-05],
[[1002.0,1017.0],6.173716e-05],
[[1002.0,1022.0],6.330376e-05],
[[1002.0,1032.0],6.382088e-05],
[[1002.0,1042.0],6.738429e-05],
[[1002.0,1052.0],6.516865e-05],
[[1002.0,1062.0],6.456555e-05],
[[1002.0,1072.0],6.705136e-05],
[[1002.0,1082.0],6.173096e-05],
[[1002.0,1092.0],6.441552e-05],
[[1002.0,1202.0],6.597792e-05],
[[1002.0,1302.0],6.606708e-05],
[[1005.0,1002.0],6.456162e-05],
[[1007.0,1002.0],6.532985e-05],
[[1012.0,1002.0],6.691156e-05],
[[1017.0,1002.0],6.173716e-05],
[[1022.0,1002.0],6.330376e-05],
[[1032.0,1002.0],6.382088e-05],
[[1042.0,1002.0],6.738429e-05],
[[1052.0,1002.0],6.516865e-05],
[[1062.0,1002.0],6.456555e-05],
[[1072.0,1002.0],6.705136e-05],
[[1082.0,1002.0],6.173096e-05],
[[1092.0,1002.0],6.441552e-05],
[[1102.0,802.0],5.725078e-05],
[[1202.0,1002.0],6.597792e-05],
[[1202.0,1202.0],6.852448e-05],
[[1202.0,1205.0],6.857742e-05],
[[1202.0,1207.0],6.876649e-05],
[[1202.0,1212.0],6.928503e-05],
[[1202.0,1217.0],7.003867e-05],
[[1202.0,1222.0],7.129784e-05],
[[1202.0,1232.0],6.841977e-05],
[[1202.0,1242.0],7.006147e-05],
[[1202.0,1252.0],7.033247e-05],
[[1202.0,1262.0],7.182724e-05],
[[1202.0,1272.0],6.890554e-05],
[[1202.0,1282.0],6.627174e-05],
[[1202.0,1292.0],6.983053e-05],
[[1202.0,1402.0],6.891408e-05],
[[1202.0,1502.0],7.367019e-05],
[[1205.0,1202.0],6.857742e-05],
[[1207.0,1202.0],6.876649e-05],
[[1212.0,1202.0],6.928503e-05],
[[1217.0,1202.0],7.003867e-05],
[[1222.0,1202.0],7.129784e-05],
[[1232.0,1202.0],6.841977e-05],
[[1242.0,1202.0],7.006147e-05],
[[1252.0,1202.0],7.033247e-05],
[[1262.0,1202.0],7.182724e-05],
[[1272.0,1202.0],6.890554e-05],
[[1282.0,1202.0],6.627174e-05],
[[1292.0,1202.0],6.983053e-05],
[[1302.0,1002.0],6.606708e-05],
[[1402.0,1202.0],6.891408e-05],
[[1402.0,1402.0],6.779447e-05],
[[1402.0,1405.0],7.936951e-05],
[[1402.0,1407.0],7.148108e-05],
[[1402.0,1412.0],6.925923e-05],
[[1402.0,1417.0],7.257975e-05],
[[1402.0,1422.0],7.055546e-05],
[[1402.0,1432.0],6.953009e-05],
[[1402.0,1442.0],6.979473e-05],
[[1402.0,1452.0],7.295253e-05],
[[1402.0,1462.0],7.456497e-05],
[[1402.0,1472.0],7.409951e-05],
[[1402.0,1482.0],7.072116e-05],
[[1402.0,1492.0],7.369789e-05],
[[1402.0,1602.0],7.19856e-05],
[[1402.0,1702.0],7.028148e-05],
[[1405.0,1402.0],7.936951e-05],
[[1407.0,1402.0],7.148108e-05],
[[1412.0,1402.0],6.925923e-05],
[[1417.0,1402.0],7.257975e-05],
[[1422.0,1402.0],7.055546e-05],
[[1432.0,1402.0],6.953009e-05],
[[1442.0,1402.0],6.979473e-05],
[[1452.0,1402.0],7.295253e-05],
[[1462.0,1402.0],7.456497e-05],
[[1472.0,1402.0],7.409951e-05],
[[1482.0,1402.0],7.072116e-05],
[[1492.0,1402.0],7.369789e-05],
[[1502.0,1202.0],7.367019e-05],
[[1602.0,1402.0],7.19856e-05],
[[1602.0,1602.0],7.428299e-05],
[[1602.0,1605.0],7.160162e-05],
[[1602.0,1607.0],7.38309e-05],
[[1602.0,1612.0],7.603285e-05],
[[1602.0,1617.0],7.258336e-05],
[[1602.0,1622.0],7.200332e-05],
[[1602.0,1632.0],7.55175e-05],
[[1602.0,1642.0],7.210071e-05],
[[1602.0,1652.0],7.521316e-05],
[[1602.0,1662.0],7.439943e-05],
[[1602.0,1672.0],7.638593e-05],
[[1602.0,1682.0],6.948725e-05],
[[1602.0,1692.0],7.521825e-05],
[[1602.0,1802.0],7.443384e-05],
[[1602.0,1902.0],7.395512e-05],
[[1605.0,1602.0],7.160162e-05],
[[1607.0,1602.0],7.38309e-05],
[[1612.0,1602.0],7.603285e-05],
[[1617.0,1602.0],7.258336e-05],
[[1622.0,1602.0],7.200332e-05],
[[1632.0,1602.0],7.55175e-05],
[[1642.0,1602.0],7.210071e-05],
[[1652.0,1602.0],7.521316e-05],
[[1662.0,1602.0],7.439943e-05],
[[1672.0,1602.0],7.638593e-05],
[[1682.0,1602.0],6.948725e-05],
[[1692.0,1602.0],7.521825e-05],
[[1702.0,1402.0],7.028148e-05],
[[1802.0,1602.0],7.443384e-05],
[[1802.0,1802.0],7.959333e-05],
[[1802.0,1805.0],7.891805e-05],
[[1802.0,1807.0],7.316283e-05],
[[1802.0,1812.0],7.318441e-05],
[[1802.0,1817.0],7.101203e-05],
[[1802.0,1822.0],7.480549e-05],
[[1802.0,1832.0],7.539047e-05],
[[1802.0,1842.0],7.566486e-05],
[[1802.0,1852.0],7.529183e-05],
[[1802.0,1862.0],7.896871e-05],
[[1802.0,1872.0],7.463702e-05],
[[1802.0,1882.0],7.50646e-05],
[[1802.0,1892.0],7.349592e-05],
[[1802.0,2002.0],7.445634e-05],
[[1802.0,2102.0],7.28988e-05],
[[1805.0,1802.0],7.891805e-05],
[[1807.0,1802.0],7.316283e-05],
[[1812.0,1802.0],7.318441e-05],
[[1817.0,1802.0],7.101203e-05],
[[1822.0,1802.0],7.480549e-05],
[[1832.0,1802.0],7.539047e-05],
[[1842.0,1802.0],7.566486e-05],
[[1852.0,1802.0],7.529183e-05],
[[1862.0,1802.0],7.896871e-05],
[[1872.0,1802.0],7.463702e-05],
[[1882.0,1802.0],7.50646e-05],
[[1892.0,1802.0],7.349592e-05],
[[1902.0,1602.0],7.395512e-05],
[[2002.0,1802.0],7.445634e-05],
[[2002.0,2002.0],7.425707e-05],
[[2002.0,2005.0],7.52197e-05],
[[2002.0,2007.0],7.526804e-05],
[[2002.0,2012.0],7.437019e-05],
[[2002.0,2017.0],7.273974e-05],
[[2002.0,2022.0],7.546007e-05],
[[2002.0,2032.0],7.500721e-05],
[[2002.0,2042.0],8.091023e-05],
[[2002.0,2052.0],7.493689e-05],
[[2002.0,2062.0],7.639888e-05],
[[2002.0,2072.0],7.243541e-05],
[[2002.0,2082.0],7.591751e-05],
[[2002.0,2092.0],7.512668e-05],
[[2002.0,2202.0],7.281876e-05],
[[2002.0,2302.0],7.293855e-05],
[[2005.0,2002.0],7.52197e-05],
[[2007.0,2002.0],7.526804e-05],
[[2012.0,2002.0],7.437019e-05],
[[2017.0,2002.0],7.273974e-05],
[[2022.0,2002.0],7.546007e-05],
[[2032.0,2002.0],7.500721e-05],
[[2042.0,2002.0],8.091023e-05],
[[2052.0,2002.0],7.493689e-05],
[[2062.0,2002.0],7.639888e-05],
[[2072.0,2002.0],7.243541e-05],
[[2082.0,2002.0],7.591751e-05],
[[2092.0,2002.0],7.512668e-05],
[[2102.0,1802.0],7.28988e-05],
[[2202.0,2002.0],7.281876e-05],
[[2302.0,2002.0],7.293855e-05]]
