txName: TRV1nunu
constraint: {(PV > Zprime(1)), (Zprime(1) > nu,nu)}
condition: None
conditionDescription: None
figureUrl: None
source: CMS
validated: N/A
axesMap: [{0: 'x'}]
dataMap: {0: (1, 'mass', GeV)}
finalState: ['MET', 'MET']
efficiencyMap: [[[50.0],1.433284e-08],
[[100.0],3.149264e-08],
[[150.0],2.017096e-07],
[[200.0],5.269691e-07],
[[250.0],7.524342e-07],
[[300.0],1.854794e-06],
[[350.0],2.554576e-06],
[[400.0],4.679212e-06],
[[450.0],6.862283e-06],
[[500.0],8.356861e-06],
[[550.0],1.211923e-05],
[[600.0],1.383346e-05],
[[650.0],1.56877e-05],
[[700.0],1.832558e-05],
[[750.0],2.185006e-05],
[[800.0],2.686309e-05],
[[850.0],2.604064e-05],
[[900.0],3.342745e-05],
[[950.0],3.718958e-05],
[[1000.0],4.178891e-05],
[[1050.0],5.245568e-05],
[[1100.0],5.179822e-05],
[[1150.0],5.609089e-05],
[[1200.0],5.362923e-05],
[[1250.0],6.529559e-05],
[[1300.0],5.962204e-05],
[[1350.0],6.967682e-05],
[[1400.0],8.021746e-05],
[[1450.0],8.084996e-05],
[[1500.0],8.23362e-05],
[[1550.0],8.651115e-05],
[[1600.0],9.008961e-05],
[[1650.0],8.287305e-05],
[[1700.0],9.303609e-05],
[[1750.0],9.81515e-05],
[[1800.0],0.0001099782],
[[1850.0],0.0001157807],
[[1900.0],0.0001148326],
[[1950.0],0.0001236311],
[[2000.0],0.000143496],
[[2250.0],0.0001355397],
[[2500.0],0.0001402881],
[[2750.0],0.0001549327],
[[3000.0],0.0001610072]]
