txName: TChiWWISRqq
constraint: {(PV > anyBSM(1), anyBSM(3)), (anyBSM(1) > q, q, MET(2)), (anyBSM(3) > q, q, MET(4))}
condition: None
conditionDescription: None
figureUrl: None
source: Recast by MA5
validated: True
axesMap: [{0: 'x', 1: 'y', 2: 'x', 3: 'y'}]
dataMap: {0: (1, 'mass', GeV), 1: (2, 'mass', GeV), 2: (3, 'mass', GeV), 3: (4, 'mass', GeV)}
finalState: ['MET', 'MET']
intermediateState: None
efficiencyMap: [[[11.0,10.0,11.0,10.0],0.0],
[[13.0,10.0,13.0,10.0],0.0],
[[15.0,10.0,15.0,10.0],0.0],
[[20.0,10.0,20.0,10.0],0.0],
[[21.0,20.0,21.0,20.0],0.0],
[[23.0,20.0,23.0,20.0],0.0],
[[25.0,20.0,25.0,20.0],4.627344e-10],
[[30.0,10.0,30.0,10.0],0.0],
[[30.0,20.0,30.0,20.0],0.0],
[[31.0,30.0,31.0,30.0],7.632698e-09],
[[33.0,30.0,33.0,30.0],0.0],
[[35.0,30.0,35.0,30.0],0.0],
[[40.0,20.0,40.0,20.0],0.0],
[[40.0,30.0,40.0,30.0],0.0],
[[41.0,40.0,41.0,40.0],1.609347e-08],
[[43.0,40.0,43.0,40.0],0.0],
[[45.0,40.0,45.0,40.0],7.916512e-10],
[[50.0,10.0,50.0,10.0],0.0],
[[50.0,30.0,50.0,30.0],0.0],
[[50.0,40.0,50.0,40.0],1.341248e-09],
[[51.0,50.0,51.0,50.0],1.430401e-08],
[[53.0,50.0,53.0,50.0],4.971073e-09],
[[55.0,50.0,55.0,50.0],2.4089e-09],
[[60.0,20.0,60.0,20.0],0.0],
[[60.0,40.0,60.0,40.0],0.0],
[[60.0,50.0,60.0,50.0],0.0],
[[61.0,60.0,61.0,60.0],1.951786e-07],
[[63.0,60.0,63.0,60.0],1.385298e-08],
[[65.0,60.0,65.0,60.0],3.742372e-08],
[[70.0,10.0,70.0,10.0],0.0],
[[70.0,30.0,70.0,30.0],0.0],
[[70.0,50.0,70.0,50.0],0.0],
[[70.0,60.0,70.0,60.0],0.0],
[[71.0,70.0,71.0,70.0],8.227038e-08],
[[73.0,70.0,73.0,70.0],3.633636e-08],
[[75.0,70.0,75.0,70.0],2.21885e-08],
[[80.0,20.0,80.0,20.0],0.0],
[[80.0,40.0,80.0,40.0],2.711327e-09],
[[80.0,60.0,80.0,60.0],0.0],
[[80.0,70.0,80.0,70.0],9.483544e-09],
[[81.0,80.0,81.0,80.0],2.933049e-07],
[[83.0,80.0,83.0,80.0],4.062345e-08],
[[85.0,80.0,85.0,80.0],1.910869e-08],
[[90.0,10.0,90.0,10.0],0.0],
[[90.0,30.0,90.0,30.0],0.0],
[[90.0,50.0,90.0,50.0],5.711091e-10],
[[90.0,70.0,90.0,70.0],0.0],
[[90.0,80.0,90.0,80.0],1.341425e-08],
[[91.0,90.0,91.0,90.0],3.716346e-07],
[[93.0,90.0,93.0,90.0],1.226906e-07],
[[95.0,90.0,95.0,90.0],4.389404e-08],
[[100.0,20.0,100.0,20.0],0.0],
[[100.0,40.0,100.0,40.0],0.0],
[[100.0,60.0,100.0,60.0],4.444362e-09],
[[100.0,80.0,100.0,80.0],9.155748e-09],
[[100.0,90.0,100.0,90.0],5.212141e-09],
[[101.0,100.0,101.0,100.0],6.287159e-07],
[[103.0,100.0,103.0,100.0],3.234856e-07],
[[103.0,102.0,103.0,102.0],7.520615e-07],
[[105.0,100.0,105.0,100.0],6.05846e-08],
[[105.0,102.0,105.0,102.0],4.564222e-07],
[[107.0,102.0,107.0,102.0],2.113924e-07],
[[110.0,30.0,110.0,30.0],9.996883e-10],
[[110.0,50.0,110.0,50.0],5.233149e-09],
[[110.0,70.0,110.0,70.0],1.448808e-09],
[[110.0,90.0,110.0,90.0],1.021027e-08],
[[110.0,100.0,110.0,100.0],2.130189e-08],
[[112.0,102.0,112.0,102.0],5.055702e-08],
[[120.0,40.0,120.0,40.0],0.0],
[[120.0,60.0,120.0,60.0],0.0],
[[120.0,80.0,120.0,80.0],8.849323e-09],
[[120.0,100.0,120.0,100.0],5.62332e-08],
[[122.0,102.0,122.0,102.0],1.823542e-08],
[[123.0,122.0,123.0,122.0],8.882373e-07],
[[125.0,122.0,125.0,122.0],5.040433e-07],
[[127.0,122.0,127.0,122.0],3.197608e-07],
[[130.0,50.0,130.0,50.0],0.0],
[[130.0,70.0,130.0,70.0],1.508657e-09],
[[130.0,90.0,130.0,90.0],1.49703e-08],
[[132.0,122.0,132.0,122.0],1.655198e-07],
[[140.0,60.0,140.0,60.0],2.147401e-08],
[[140.0,80.0,140.0,80.0],0.0],
[[140.0,100.0,140.0,100.0],1.651374e-08],
[[142.0,102.0,142.0,102.0],2.073316e-08],
[[142.0,122.0,142.0,122.0],3.06125e-08],
[[143.0,142.0,143.0,142.0],1.606105e-06],
[[145.0,142.0,145.0,142.0],7.248116e-07],
[[147.0,142.0,147.0,142.0],3.500328e-07],
[[150.0,70.0,150.0,70.0],3.843706e-09],
[[150.0,90.0,150.0,90.0],4.49513e-09],
[[152.0,142.0,152.0,142.0],1.716819e-07],
[[160.0,80.0,160.0,80.0],3.947351e-09],
[[160.0,100.0,160.0,100.0],2.364256e-08],
[[162.0,102.0,162.0,102.0],4.484495e-09],
[[162.0,122.0,162.0,122.0],1.697307e-08],
[[162.0,142.0,162.0,142.0],7.912208e-08],
[[163.0,162.0,163.0,162.0],2.015637e-06],
[[165.0,162.0,165.0,162.0],1.717896e-06],
[[167.0,162.0,167.0,162.0],6.539624e-07],
[[170.0,90.0,170.0,90.0],5.300036e-09],
[[172.0,162.0,172.0,162.0],2.809242e-07],
[[180.0,100.0,180.0,100.0],1.595351e-08],
[[182.0,102.0,182.0,102.0],1.66816e-08],
[[182.0,122.0,182.0,122.0],4.908963e-09],
[[182.0,142.0,182.0,142.0],2.960813e-08],
[[182.0,162.0,182.0,162.0],1.175665e-07],
[[183.0,182.0,183.0,182.0],1.743427e-06],
[[185.0,182.0,185.0,182.0],1.826366e-06],
[[187.0,182.0,187.0,182.0],9.509005e-07],
[[192.0,182.0,192.0,182.0],4.941855e-07],
[[202.0,122.0,202.0,122.0],1.008239e-07],
[[202.0,142.0,202.0,142.0],4.756151e-08],
[[202.0,162.0,202.0,162.0],5.87584e-08],
[[202.0,182.0,202.0,182.0],2.591973e-07],
[[203.0,202.0,203.0,202.0],2.731256e-06],
[[205.0,202.0,205.0,202.0],2.367126e-06],
[[207.0,202.0,207.0,202.0],1.663648e-06],
[[212.0,202.0,212.0,202.0],6.45259e-07],
[[222.0,142.0,222.0,142.0],4.671106e-08],
[[222.0,162.0,222.0,162.0],8.085617e-08],
[[222.0,182.0,222.0,182.0],1.082262e-07],
[[222.0,202.0,222.0,202.0],3.193393e-07],
[[223.0,222.0,223.0,222.0],3.360339e-06],
[[225.0,222.0,225.0,222.0],3.543932e-06],
[[227.0,222.0,227.0,222.0],2.119026e-06],
[[232.0,222.0,232.0,222.0],1.009821e-06],
[[242.0,162.0,242.0,162.0],4.899224e-08],
[[242.0,182.0,242.0,182.0],1.454156e-07],
[[242.0,202.0,242.0,202.0],1.916284e-07],
[[242.0,222.0,242.0,222.0],6.154235e-07],
[[243.0,242.0,243.0,242.0],4.401038e-06],
[[245.0,242.0,245.0,242.0],3.826701e-06],
[[247.0,242.0,247.0,242.0],2.799871e-06],
[[252.0,242.0,252.0,242.0],1.594463e-06],
[[262.0,182.0,262.0,182.0],8.255341e-08],
[[262.0,202.0,262.0,202.0],1.728349e-07],
[[262.0,222.0,262.0,222.0],2.175065e-07],
[[262.0,242.0,262.0,242.0],8.247111e-07],
[[263.0,262.0,263.0,262.0],6.734631e-06],
[[265.0,262.0,265.0,262.0],4.996285e-06],
[[267.0,262.0,267.0,262.0],3.4166e-06],
[[272.0,262.0,272.0,262.0],2.519276e-06],
[[282.0,202.0,282.0,202.0],2.412726e-07],
[[282.0,222.0,282.0,222.0],2.67321e-07],
[[282.0,242.0,282.0,242.0],2.046829e-06],
[[282.0,262.0,282.0,262.0],1.180785e-06],
[[283.0,282.0,283.0,282.0],6.573972e-06],
[[285.0,282.0,285.0,282.0],5.774591e-06],
[[287.0,282.0,287.0,282.0],4.628265e-06],
[[292.0,282.0,292.0,282.0],2.974202e-06],
[[302.0,222.0,302.0,222.0],1.656359e-07],
[[302.0,242.0,302.0,242.0],4.489735e-07],
[[302.0,262.0,302.0,262.0],6.15806e-07],
[[302.0,282.0,302.0,282.0],1.401022e-06],
[[303.0,302.0,303.0,302.0],7.408181e-06],
[[305.0,302.0,305.0,302.0],6.349216e-06],
[[307.0,302.0,307.0,302.0],5.459449e-06],
[[312.0,302.0,312.0,302.0],3.050435e-06],
[[322.0,242.0,322.0,242.0],3.391717e-07],
[[322.0,262.0,322.0,262.0],6.566909e-07],
[[322.0,282.0,322.0,282.0],7.309021e-07],
[[322.0,302.0,322.0,302.0],1.56894e-06],
[[323.0,322.0,323.0,322.0],9.072041e-06],
[[325.0,322.0,325.0,322.0],9.182161e-06],
[[327.0,322.0,327.0,322.0],6.933743e-06],
[[332.0,322.0,332.0,322.0],4.370755e-06],
[[342.0,262.0,342.0,262.0],4.431769e-07],
[[342.0,282.0,342.0,282.0],6.007752e-07],
[[342.0,302.0,342.0,302.0],1.23444e-06],
[[342.0,322.0,342.0,322.0],2.072492e-06],
[[343.0,342.0,343.0,342.0],1.190897e-05],
[[345.0,342.0,345.0,342.0],1.010963e-05],
[[347.0,342.0,347.0,342.0],8.751245e-06],
[[352.0,342.0,352.0,342.0],4.86279e-06],
[[362.0,282.0,362.0,282.0],8.789974e-07],
[[362.0,302.0,362.0,302.0],8.442754e-07],
[[362.0,322.0,362.0,322.0],1.589678e-06],
[[362.0,342.0,362.0,342.0],4.096096e-06],
[[363.0,362.0,363.0,362.0],1.208611e-05],
[[365.0,362.0,365.0,362.0],1.08444e-05],
[[367.0,362.0,367.0,362.0],1.023701e-05],
[[372.0,362.0,372.0,362.0],5.363201e-06],
[[382.0,302.0,382.0,302.0],5.590288e-07],
[[382.0,322.0,382.0,322.0],1.591174e-06],
[[382.0,342.0,382.0,342.0],1.6989e-06],
[[382.0,362.0,382.0,362.0],3.022678e-06],
[[383.0,382.0,383.0,382.0],1.354986e-05],
[[385.0,382.0,385.0,382.0],1.304358e-05],
[[387.0,382.0,387.0,382.0],1.088318e-05],
[[392.0,382.0,392.0,382.0],6.730559e-06],
[[402.0,322.0,402.0,322.0],8.166236e-07],
[[402.0,342.0,402.0,342.0],1.391344e-06],
[[402.0,362.0,402.0,362.0],2.801003e-06],
[[402.0,382.0,402.0,382.0],4.925377e-06],
[[403.0,402.0,403.0,402.0],1.573993e-05],
[[405.0,402.0,405.0,402.0],1.494692e-05],
[[407.0,402.0,407.0,402.0],1.239308e-05],
[[412.0,402.0,412.0,402.0],8.246668e-06],
[[422.0,342.0,422.0,342.0],1.145081e-06],
[[422.0,362.0,422.0,362.0],1.927849e-06],
[[422.0,382.0,422.0,382.0],2.748354e-06],
[[422.0,402.0,422.0,402.0],4.671174e-06],
[[442.0,362.0,442.0,362.0],1.047998e-06],
[[442.0,382.0,442.0,382.0],1.955219e-06],
[[442.0,402.0,442.0,402.0],2.550805e-06],
[[462.0,382.0,462.0,382.0],2.582276e-06],
[[462.0,402.0,462.0,402.0],2.109996e-06],
[[482.0,402.0,482.0,402.0],1.992068e-06],
[[503.0,502.0,503.0,502.0],2.784212e-05],
[[505.0,502.0,505.0,502.0],2.17108e-05],
[[507.0,502.0,507.0,502.0],1.97036e-05],
[[512.0,502.0,512.0,502.0],1.707021e-05],
[[522.0,502.0,522.0,502.0],1.114556e-05],
[[542.0,502.0,542.0,502.0],5.588376e-06],
[[562.0,502.0,562.0,502.0],5.377583e-06],
[[582.0,502.0,582.0,502.0],3.690283e-06],
[[603.0,602.0,603.0,602.0],3.257697e-05],
[[605.0,602.0,605.0,602.0],3.195968e-05],
[[607.0,602.0,607.0,602.0],3.238204e-05],
[[612.0,602.0,612.0,602.0],2.630208e-05],
[[622.0,602.0,622.0,602.0],1.705572e-05],
[[642.0,602.0,642.0,602.0],1.018175e-05],
[[662.0,602.0,662.0,602.0],7.483336e-06],
[[682.0,602.0,682.0,602.0],7.294365e-06],
[[703.0,702.0,703.0,702.0],3.870028e-05],
[[705.0,702.0,705.0,702.0],3.975236e-05],
[[707.0,702.0,707.0,702.0],3.724397e-05],
[[712.0,702.0,712.0,702.0],3.762382e-05],
[[722.0,702.0,722.0,702.0],2.330293e-05],
[[742.0,702.0,742.0,702.0],1.494403e-05],
[[762.0,702.0,762.0,702.0],1.368401e-05],
[[782.0,702.0,782.0,702.0],1.074536e-05],
[[803.0,802.0,803.0,802.0],4.995906e-05],
[[805.0,802.0,805.0,802.0],4.752895e-05],
[[807.0,802.0,807.0,802.0],4.487714e-05],
[[812.0,802.0,812.0,802.0],4.365703e-05],
[[822.0,802.0,822.0,802.0],3.236273e-05],
[[842.0,802.0,842.0,802.0],1.943354e-05],
[[862.0,802.0,862.0,802.0],1.798599e-05],
[[882.0,802.0,882.0,802.0],1.305878e-05],
[[903.0,902.0,903.0,902.0],5.777722e-05],
[[905.0,902.0,905.0,902.0],5.263435e-05],
[[907.0,902.0,907.0,902.0],5.459917e-05],
[[912.0,902.0,912.0,902.0],5.123279e-05],
[[922.0,902.0,922.0,902.0],4.012571e-05],
[[942.0,902.0,942.0,902.0],2.763653e-05],
[[962.0,902.0,962.0,902.0],2.057443e-05],
[[982.0,902.0,982.0,902.0],1.857217e-05],
[[1003.0,1002.0,1003.0,1002.0],6.657036e-05],
[[1005.0,1002.0,1005.0,1002.0],6.254607e-05],
[[1007.0,1002.0,1007.0,1002.0],5.983591e-05],
[[1012.0,1002.0,1012.0,1002.0],5.577517e-05],
[[1022.0,1002.0,1022.0,1002.0],4.40386e-05],
[[1042.0,1002.0,1042.0,1002.0],3.314858e-05],
[[1062.0,1002.0,1062.0,1002.0],2.59402e-05],
[[1082.0,1002.0,1082.0,1002.0],2.265045e-05],
[[1103.0,1102.0,1103.0,1102.0],6.740832e-05],
[[1105.0,1102.0,1105.0,1102.0],6.843514e-05],
[[1107.0,1102.0,1107.0,1102.0],6.769641e-05],
[[1112.0,1102.0,1112.0,1102.0],6.50633e-05],
[[1122.0,1102.0,1122.0,1102.0],5.001145e-05],
[[1142.0,1102.0,1142.0,1102.0],3.672784e-05],
[[1162.0,1102.0,1162.0,1102.0],3.257424e-05],
[[1182.0,1102.0,1182.0,1102.0],2.657699e-05],
[[1203.0,1202.0,1203.0,1202.0],7.299897e-05],
[[1205.0,1202.0,1205.0,1202.0],7.133708e-05],
[[1207.0,1202.0,1207.0,1202.0],7.361059e-05],
[[1212.0,1202.0,1212.0,1202.0],6.93539e-05],
[[1222.0,1202.0,1222.0,1202.0],5.890356e-05],
[[1242.0,1202.0,1242.0,1202.0],4.237553e-05],
[[1262.0,1202.0,1262.0,1202.0],3.364052e-05],
[[1282.0,1202.0,1282.0,1202.0],2.973421e-05],
[[1303.0,1302.0,1303.0,1302.0],7.8951e-05],
[[1305.0,1302.0,1305.0,1302.0],7.854758e-05],
[[1307.0,1302.0,1307.0,1302.0],7.4035e-05],
[[1312.0,1302.0,1312.0,1302.0],7.578639e-05],
[[1322.0,1302.0,1322.0,1302.0],6.363939e-05],
[[1342.0,1302.0,1342.0,1302.0],4.617129e-05],
[[1362.0,1302.0,1362.0,1302.0],3.91342e-05],
[[1382.0,1302.0,1382.0,1302.0],3.035867e-05],
[[1403.0,1402.0,1403.0,1402.0],8.295416e-05],
[[1405.0,1402.0,1405.0,1402.0],8.381409e-05],
[[1407.0,1402.0,1407.0,1402.0],8.244859e-05],
[[1412.0,1402.0,1412.0,1402.0],8.201023e-05],
[[1422.0,1402.0,1422.0,1402.0],6.746572e-05],
[[1442.0,1402.0,1442.0,1402.0],4.652899e-05],
[[1462.0,1402.0,1462.0,1402.0],4.193822e-05],
[[1482.0,1402.0,1482.0,1402.0],3.548006e-05],
[[1503.0,1502.0,1503.0,1502.0],8.640147e-05],
[[1505.0,1502.0,1505.0,1502.0],8.471081e-05],
[[1507.0,1502.0,1507.0,1502.0],8.299028e-05],
[[1512.0,1502.0,1512.0,1502.0],7.780379e-05],
[[1522.0,1502.0,1522.0,1502.0],6.995933e-05],
[[1542.0,1502.0,1542.0,1502.0],5.323427e-05],
[[1562.0,1502.0,1562.0,1502.0],4.317771e-05],
[[1582.0,1502.0,1582.0,1502.0],3.963577e-05],
[[1603.0,1602.0,1603.0,1602.0],8.600985e-05],
[[1605.0,1602.0,1605.0,1602.0],8.768243e-05],
[[1607.0,1602.0,1607.0,1602.0],8.678821e-05],
[[1612.0,1602.0,1612.0,1602.0],8.341922e-05],
[[1622.0,1602.0,1622.0,1602.0],7.540825e-05],
[[1642.0,1602.0,1642.0,1602.0],5.434103e-05],
[[1662.0,1602.0,1662.0,1602.0],4.857233e-05],
[[1682.0,1602.0,1682.0,1602.0],4.058632e-05],
[[1703.0,1702.0,1703.0,1702.0],8.914819e-05],
[[1705.0,1702.0,1705.0,1702.0],9.188696e-05],
[[1707.0,1702.0,1707.0,1702.0],8.85491e-05],
[[1712.0,1702.0,1712.0,1702.0],8.404605e-05],
[[1722.0,1702.0,1722.0,1702.0],7.742291e-05],
[[1742.0,1702.0,1742.0,1702.0],5.779592e-05],
[[1762.0,1702.0,1762.0,1702.0],4.923802e-05],
[[1782.0,1702.0,1782.0,1702.0],4.528084e-05],
[[1803.0,1802.0,1803.0,1802.0],8.809568e-05],
[[1805.0,1802.0,1805.0,1802.0],8.543329e-05],
[[1807.0,1802.0,1807.0,1802.0],8.91099e-05],
[[1812.0,1802.0,1812.0,1802.0],8.693677e-05],
[[1822.0,1802.0,1822.0,1802.0],7.937852e-05],
[[1842.0,1802.0,1842.0,1802.0],6.048475e-05],
[[1862.0,1802.0,1862.0,1802.0],5.064344e-05],
[[1882.0,1802.0,1882.0,1802.0],4.409604e-05],
[[1903.0,1902.0,1903.0,1902.0],9.069293e-05],
[[1905.0,1902.0,1905.0,1902.0],9.048485e-05],
[[1907.0,1902.0,1907.0,1902.0],8.804096e-05],
[[1912.0,1902.0,1912.0,1902.0],8.965727e-05],
[[1922.0,1902.0,1922.0,1902.0],8.20771e-05],
[[1942.0,1902.0,1942.0,1902.0],6.20471e-05],
[[1962.0,1902.0,1962.0,1902.0],5.071016e-05],
[[1982.0,1902.0,1982.0,1902.0],4.825315e-05],
[[2003.0,2002.0,2003.0,2002.0],9.16115e-05],
[[2005.0,2002.0,2005.0,2002.0],9.084049e-05],
[[2007.0,2002.0,2007.0,2002.0],9.282794e-05],
[[2012.0,2002.0,2012.0,2002.0],8.852681e-05],
[[2022.0,2002.0,2022.0,2002.0],7.693844e-05],
[[2042.0,2002.0,2042.0,2002.0],6.419612e-05],
[[2062.0,2002.0,2062.0,2002.0],5.466998e-05],
[[2082.0,2002.0,2082.0,2002.0],4.683205e-05]]
