txName: TChiZISRll
constraint: {(PV > anyBSM(1), MET(3)), (anyBSM(1) > l+,l-,MET(2))}
condition: None
conditionDescription: None
figureUrl: None
source: Recast by MA5
validated: True
axesMap: [{0: 'x', 1: 'y', 2: 'y'}]
dataMap: {0: (1, 'mass', GeV), 1: (2, 'mass', GeV), 2: (3, 'mass', GeV)}
finalState: ['MET', 'MET']
intermediateState: None
efficiencyMap: [[[10.0,1.0,1.0],0.0],
[[10.0,5.0,5.0],0.0],
[[10.0,7.0,7.0],4.798588e-10],
[[10.0,9.0,9.0],3.453394e-10],
[[20.0,1.0,1.0],0.0],
[[20.0,15.0,15.0],0.0],
[[20.0,17.0,17.0],0.0],
[[20.0,19.0,19.0],6.692679e-10],
[[30.0,1.0,1.0],0.0],
[[30.0,20.0,20.0],0.0],
[[30.0,25.0,25.0],0.0],
[[30.0,27.0,27.0],0.0],
[[30.0,29.0,29.0],2.721232e-09],
[[40.0,1.0,1.0],0.0],
[[40.0,20.0,20.0],0.0],
[[40.0,30.0,30.0],3.441911e-10],
[[40.0,35.0,35.0],0.0],
[[40.0,37.0,37.0],0.0],
[[40.0,39.0,39.0],5.248101e-09],
[[50.0,1.0,1.0],0.0],
[[50.0,20.0,20.0],0.0],
[[50.0,30.0,30.0],0.0],
[[50.0,40.0,40.0],1.61815e-09],
[[50.0,45.0,45.0],1.320169e-08],
[[50.0,47.0,47.0],1.577566e-08],
[[50.0,49.0,49.0],3.684833e-08],
[[60.0,1.0,1.0],0.0],
[[60.0,20.0,20.0],0.0],
[[60.0,30.0,30.0],4.488705e-10],
[[60.0,40.0,40.0],3.864089e-09],
[[60.0,50.0,50.0],1.166643e-08],
[[60.0,55.0,55.0],3.133785e-08],
[[60.0,57.0,57.0],1.243352e-07],
[[60.0,59.0,59.0],1.53952e-07],
[[61.0,52.0,52.0],1.433771e-08],
[[62.0,2.0,2.0],0.0],
[[62.0,12.0,12.0],0.0],
[[62.0,22.0,22.0],0.0],
[[62.0,32.0,32.0],0.0],
[[62.0,42.0,42.0],3.660757e-09],
[[63.0,62.0,62.0],7.939576e-08],
[[65.0,62.0,62.0],4.070465e-08],
[[67.0,62.0,62.0],3.475867e-08],
[[69.0,62.0,62.0],3.931771e-08],
[[72.0,2.0,2.0],0.0],
[[72.0,12.0,12.0],0.0],
[[72.0,22.0,22.0],9.185047e-10],
[[72.0,32.0,32.0],4.553074e-09],
[[72.0,42.0,42.0],1.416524e-09],
[[72.0,52.0,52.0],1.147477e-08],
[[73.0,72.0,72.0],2.048601e-07],
[[75.0,72.0,72.0],1.046313e-07],
[[77.0,72.0,72.0],5.853556e-08],
[[79.0,72.0,72.0],5.199897e-08],
[[82.0,2.0,2.0],0.0],
[[82.0,12.0,12.0],0.0],
[[82.0,22.0,22.0],2.45047e-09],
[[82.0,32.0,32.0],1.006977e-09],
[[82.0,42.0,42.0],1.344631e-09],
[[82.0,52.0,52.0],7.876595e-09],
[[82.0,62.0,62.0],8.412536e-09],
[[83.0,82.0,82.0],2.569871e-07],
[[85.0,82.0,82.0],1.461842e-07],
[[87.0,82.0,82.0],9.895742e-08],
[[89.0,82.0,82.0],5.352029e-08],
[[91.0,82.0,82.0],1.21359e-07],
[[92.0,12.0,12.0],0.0],
[[92.0,22.0,22.0],1.254547e-09],
[[92.0,32.0,32.0],3.237585e-09],
[[92.0,42.0,42.0],2.223322e-08],
[[92.0,52.0,52.0],7.978005e-09],
[[92.0,62.0,62.0],1.490295e-08],
[[92.0,72.0,72.0],2.221659e-08],
[[93.0,92.0,92.0],3.741137e-07],
[[97.0,92.0,92.0],1.844979e-07],
[[99.0,92.0,92.0],1.269204e-07],
[[102.0,22.0,22.0],5.17385e-09],
[[102.0,32.0,32.0],1.403919e-09],
[[102.0,42.0,42.0],4.129902e-09],
[[102.0,52.0,52.0],5.72087e-09],
[[102.0,62.0,62.0],1.597662e-08],
[[102.0,72.0,72.0],2.529882e-08],
[[102.0,82.0,82.0],2.485874e-08],
[[103.0,102.0,102.0],5.905742e-07],
[[107.0,102.0,102.0],2.517922e-07],
[[109.0,102.0,102.0],1.85947e-07],
[[112.0,32.0,32.0],1.230926e-08],
[[112.0,42.0,42.0],4.50665e-09],
[[112.0,52.0,52.0],1.765425e-08],
[[112.0,62.0,62.0],6.199727e-09],
[[112.0,72.0,72.0],2.226519e-08],
[[112.0,82.0,82.0],3.94421e-08],
[[112.0,92.0,92.0],7.224407e-08],
[[122.0,42.0,42.0],1.044924e-08],
[[122.0,52.0,52.0],7.316631e-09],
[[122.0,62.0,62.0],7.615332e-09],
[[122.0,72.0,72.0],8.432922e-09],
[[122.0,82.0,82.0],2.811303e-08],
[[122.0,92.0,92.0],3.649149e-08],
[[122.0,102.0,102.0],7.872283e-08],
[[123.0,122.0,122.0],9.392483e-07],
[[127.0,122.0,122.0],3.44006e-07],
[[129.0,122.0,122.0],2.899646e-07],
[[132.0,52.0,52.0],1.191441e-08],
[[132.0,62.0,62.0],1.424356e-08],
[[132.0,72.0,72.0],2.303265e-08],
[[132.0,82.0,82.0],4.659995e-08],
[[132.0,92.0,92.0],3.072391e-08],
[[132.0,102.0,102.0],6.49477e-08],
[[142.0,62.0,62.0],4.784686e-09],
[[142.0,72.0,72.0],1.78289e-08],
[[142.0,82.0,82.0],2.026222e-08],
[[142.0,92.0,92.0],1.63816e-08],
[[142.0,102.0,102.0],7.542368e-08],
[[142.0,122.0,122.0],1.366949e-07],
[[143.0,142.0,142.0],1.716009e-06],
[[147.0,142.0,142.0],6.749897e-07],
[[149.0,142.0,142.0],6.115215e-07],
[[151.0,142.0,142.0],5.459179e-07],
[[152.0,72.0,72.0],3.224947e-08],
[[152.0,82.0,82.0],1.799733e-08],
[[152.0,92.0,92.0],5.327188e-08],
[[152.0,102.0,102.0],3.115435e-08],
[[152.0,122.0,122.0],1.337102e-07],
[[162.0,82.0,82.0],4.562646e-08],
[[162.0,92.0,92.0],4.072617e-08],
[[162.0,102.0,102.0],4.98475e-08],
[[162.0,122.0,122.0],8.381069e-08],
[[162.0,142.0,142.0],2.777868e-07],
[[163.0,162.0,162.0],2.111421e-06],
[[167.0,162.0,162.0],9.981531e-07],
[[169.0,162.0,162.0],1.007785e-06],
[[171.0,162.0,162.0],7.553891e-07],
[[172.0,92.0,92.0],5.494147e-08],
[[172.0,102.0,102.0],1.134892e-07],
[[172.0,122.0,122.0],6.418511e-08],
[[172.0,142.0,142.0],1.787522e-07],
[[182.0,102.0,102.0],4.116811e-08],
[[182.0,122.0,122.0],5.25222e-08],
[[182.0,142.0,142.0],1.21023e-07],
[[182.0,162.0,162.0],3.902728e-07],
[[183.0,182.0,182.0],3.124055e-06],
[[187.0,182.0,182.0],1.544787e-06],
[[189.0,182.0,182.0],1.280072e-06],
[[191.0,182.0,182.0],9.80927e-07],
[[192.0,122.0,122.0],5.832866e-08],
[[192.0,142.0,142.0],1.194881e-07],
[[192.0,162.0,162.0],2.159804e-07],
[[202.0,122.0,122.0],5.865647e-08],
[[202.0,142.0,142.0],1.792807e-07],
[[202.0,162.0,162.0],1.927178e-07],
[[202.0,182.0,182.0],4.499581e-07],
[[203.0,202.0,202.0],4.086415e-06],
[[207.0,202.0,202.0],2.403191e-06],
[[209.0,202.0,202.0],1.811154e-06],
[[211.0,202.0,202.0],1.249925e-06],
[[212.0,142.0,142.0],1.015362e-07],
[[212.0,162.0,162.0],1.558692e-07],
[[212.0,182.0,182.0],4.419924e-07],
[[222.0,142.0,142.0],9.696013e-08],
[[222.0,162.0,162.0],1.223124e-07],
[[222.0,182.0,182.0],2.434141e-07],
[[222.0,202.0,202.0],6.598639e-07],
[[223.0,222.0,222.0],5.285519e-06],
[[227.0,222.0,222.0],3.072442e-06],
[[229.0,222.0,222.0],2.463119e-06],
[[231.0,222.0,222.0],2.058893e-06],
[[232.0,162.0,162.0],1.65967e-07],
[[232.0,182.0,182.0],2.387224e-07],
[[232.0,202.0,202.0],4.76413e-07],
[[242.0,162.0,162.0],1.606823e-07],
[[242.0,182.0,182.0],3.13713e-07],
[[242.0,202.0,202.0],3.934191e-07],
[[242.0,222.0,222.0],7.861288e-07],
[[243.0,242.0,242.0],6.767923e-06],
[[247.0,242.0,242.0],3.891084e-06],
[[249.0,242.0,242.0],3.490243e-06],
[[251.0,242.0,242.0],2.468641e-06],
[[252.0,182.0,182.0],1.848015e-07],
[[252.0,202.0,202.0],3.800822e-07],
[[252.0,222.0,222.0],6.823308e-07],
[[262.0,182.0,182.0],1.461539e-07],
[[262.0,202.0,202.0],2.520423e-07],
[[262.0,222.0,222.0],6.368521e-07],
[[262.0,242.0,242.0],1.071349e-06],
[[263.0,262.0,262.0],7.922696e-06],
[[267.0,262.0,262.0],4.750564e-06],
[[269.0,262.0,262.0],3.734609e-06],
[[272.0,202.0,202.0],2.220616e-07],
[[272.0,222.0,222.0],4.715948e-07],
[[272.0,242.0,242.0],9.977208e-07],
[[282.0,202.0,202.0],2.105787e-07],
[[282.0,222.0,222.0],3.590474e-07],
[[282.0,242.0,242.0],5.327586e-07],
[[282.0,262.0,262.0],1.710933e-06],
[[283.0,282.0,282.0],8.67438e-06],
[[287.0,282.0,282.0],5.777186e-06],
[[289.0,282.0,282.0],4.264667e-06],
[[292.0,222.0,222.0],3.386024e-07],
[[292.0,242.0,242.0],5.122073e-07],
[[292.0,262.0,262.0],9.61069e-07],
[[302.0,222.0,222.0],2.306968e-07],
[[302.0,242.0,242.0],4.509365e-07],
[[302.0,262.0,262.0],7.930832e-07],
[[302.0,282.0,282.0],1.85682e-06],
[[303.0,302.0,302.0],1.004428e-05],
[[307.0,302.0,302.0],6.510424e-06],
[[309.0,302.0,302.0],5.731203e-06],
[[312.0,242.0,242.0],3.810123e-07],
[[312.0,262.0,262.0],6.284696e-07],
[[312.0,282.0,282.0],1.408751e-06],
[[322.0,242.0,242.0],4.713666e-07],
[[322.0,262.0,262.0],4.391393e-07],
[[322.0,282.0,282.0],8.759703e-07],
[[322.0,302.0,302.0],2.366375e-06],
[[323.0,322.0,322.0],1.178472e-05],
[[327.0,322.0,322.0],7.900241e-06],
[[329.0,322.0,322.0],6.977749e-06],
[[332.0,262.0,262.0],4.745815e-07],
[[332.0,282.0,282.0],7.763306e-07],
[[332.0,302.0,302.0],1.668407e-06],
[[342.0,262.0,262.0],4.299578e-07],
[[342.0,282.0,282.0],6.121181e-07],
[[342.0,302.0,302.0],1.019731e-06],
[[342.0,322.0,322.0],2.439008e-06],
[[343.0,342.0,342.0],1.47072e-05],
[[347.0,342.0,342.0],9.667896e-06],
[[349.0,342.0,342.0],7.7019e-06],
[[352.0,282.0,282.0],4.524457e-07],
[[352.0,302.0,302.0],9.960443e-07],
[[352.0,322.0,322.0],1.727248e-06],
[[362.0,282.0,282.0],6.649239e-07],
[[362.0,302.0,302.0],8.457146e-07],
[[362.0,322.0,322.0],1.221633e-06],
[[362.0,342.0,342.0],2.882549e-06],
[[363.0,362.0,362.0],1.47139e-05],
[[367.0,362.0,362.0],1.020347e-05],
[[369.0,362.0,362.0],8.317742e-06],
[[372.0,302.0,302.0],7.952268e-07],
[[372.0,342.0,342.0],1.889671e-06],
[[382.0,302.0,302.0],5.623329e-07],
[[382.0,322.0,322.0],7.777197e-07],
[[382.0,362.0,362.0],3.160962e-06],
[[383.0,382.0,382.0],1.638832e-05],
[[387.0,382.0,382.0],1.21894e-05],
[[389.0,382.0,382.0],1.037349e-05],
[[391.0,382.0,382.0],8.56501e-06],
[[392.0,322.0,322.0],7.857657e-07],
[[392.0,342.0,342.0],1.091087e-06],
[[392.0,362.0,362.0],2.318956e-06],
[[402.0,322.0,322.0],8.243824e-07],
[[402.0,342.0,342.0],9.791175e-07],
[[402.0,362.0,362.0],1.421733e-06],
[[402.0,382.0,382.0],3.764689e-06],
[[403.0,402.0,402.0],1.806916e-05],
[[412.0,342.0,342.0],8.189963e-07],
[[412.0,362.0,362.0],1.308595e-06],
[[412.0,382.0,382.0],2.640569e-06],
[[413.0,402.0,402.0],8.005888e-06],
[[417.0,402.0,402.0],7.232707e-06],
[[422.0,342.0,342.0],7.034046e-07],
[[422.0,362.0,362.0],1.331633e-06],
[[422.0,382.0,382.0],1.91304e-06],
[[422.0,402.0,402.0],4.279373e-06],
[[432.0,362.0,362.0],9.302787e-07],
[[432.0,382.0,382.0],1.447429e-06],
[[432.0,402.0,402.0],3.198498e-06],
[[442.0,362.0,362.0],8.87157e-07],
[[442.0,382.0,382.0],1.247366e-06],
[[452.0,382.0,382.0],1.033145e-06],
[[452.0,402.0,402.0],2.162018e-06],
[[462.0,382.0,382.0],1.429432e-06],
[[462.0,402.0,402.0],1.528209e-06],
[[482.0,402.0,402.0],1.175295e-06],
[[503.0,502.0,502.0],2.712433e-05],
[[513.0,502.0,502.0],1.317246e-05],
[[517.0,502.0,502.0],9.949578e-06],
[[522.0,502.0,502.0],8.631278e-06],
[[532.0,502.0,502.0],4.513322e-06],
[[552.0,502.0,502.0],2.584824e-06],
[[582.0,502.0,502.0],1.997219e-06],
[[603.0,602.0,602.0],3.44966e-05],
[[613.0,602.0,602.0],2.213681e-05],
[[617.0,602.0,602.0],1.599666e-05],
[[622.0,602.0,602.0],1.04084e-05],
[[632.0,602.0,602.0],7.980796e-06],
[[652.0,602.0,602.0],4.32491e-06],
[[682.0,602.0,602.0],2.400599e-06],
[[703.0,702.0,702.0],4.807454e-05],
[[713.0,702.0,702.0],2.588369e-05],
[[717.0,702.0,702.0],2.230146e-05],
[[722.0,702.0,702.0],1.408023e-05],
[[732.0,702.0,702.0],8.61278e-06],
[[752.0,702.0,702.0],5.2192e-06],
[[782.0,702.0,702.0],3.669283e-06],
[[803.0,802.0,802.0],5.125106e-05],
[[813.0,802.0,802.0],3.055129e-05],
[[817.0,802.0,802.0],2.489978e-05],
[[822.0,802.0,802.0],1.756676e-05],
[[832.0,802.0,802.0],1.147624e-05],
[[852.0,802.0,802.0],5.92128e-06],
[[882.0,802.0,802.0],4.563395e-06],
[[903.0,902.0,902.0],5.784024e-05],
[[913.0,902.0,902.0],3.867781e-05],
[[917.0,902.0,902.0],2.829345e-05],
[[922.0,902.0,902.0],2.078125e-05],
[[932.0,902.0,902.0],1.305112e-05],
[[952.0,902.0,902.0],7.251783e-06],
[[982.0,902.0,902.0],4.669199e-06],
[[1003.0,1002.0,1002.0],6.285245e-05],
[[1013.0,1002.0,1002.0],4.263083e-05],
[[1017.0,1002.0,1002.0],3.436245e-05],
[[1022.0,1002.0,1002.0],2.419483e-05],
[[1032.0,1002.0,1002.0],1.693062e-05],
[[1052.0,1002.0,1002.0],8.595844e-06],
[[1082.0,1002.0,1002.0],5.580577e-06],
[[1103.0,1102.0,1102.0],7.213892e-05],
[[1113.0,1102.0,1102.0],4.695204e-05],
[[1117.0,1102.0,1102.0],3.736314e-05],
[[1122.0,1102.0,1102.0],2.643773e-05],
[[1132.0,1102.0,1102.0],1.769526e-05],
[[1152.0,1102.0,1102.0],8.588731e-06],
[[1182.0,1102.0,1102.0],6.348715e-06],
[[1203.0,1202.0,1202.0],7.543537e-05],
[[1213.0,1202.0,1202.0],5.203685e-05],
[[1217.0,1202.0,1202.0],3.950219e-05],
[[1222.0,1202.0,1202.0],3.083965e-05],
[[1232.0,1202.0,1202.0],1.919968e-05],
[[1252.0,1202.0,1202.0],1.219882e-05],
[[1282.0,1202.0,1202.0],6.699289e-06],
[[1303.0,1302.0,1302.0],7.829844e-05],
[[1313.0,1302.0,1302.0],5.504775e-05],
[[1317.0,1302.0,1302.0],4.415772e-05],
[[1322.0,1302.0,1302.0],3.227623e-05],
[[1332.0,1302.0,1302.0],2.069323e-05],
[[1352.0,1302.0,1302.0],1.376337e-05],
[[1382.0,1302.0,1302.0],7.761777e-06],
[[1403.0,1402.0,1402.0],8.362578e-05],
[[1413.0,1402.0,1402.0],5.836365e-05],
[[1417.0,1402.0,1402.0],4.452832e-05],
[[1422.0,1402.0,1402.0],3.616882e-05],
[[1432.0,1402.0,1402.0],2.060558e-05],
[[1452.0,1402.0,1402.0],1.068949e-05],
[[1482.0,1402.0,1402.0],7.996628e-06],
[[1503.0,1502.0,1502.0],8.522444e-05],
[[1513.0,1502.0,1502.0],6.487357e-05],
[[1517.0,1502.0,1502.0],4.99743e-05],
[[1522.0,1502.0,1502.0],3.650064e-05],
[[1532.0,1502.0,1502.0],2.205249e-05],
[[1552.0,1502.0,1502.0],1.18481e-05],
[[1582.0,1502.0,1502.0],8.775395e-06],
[[1603.0,1602.0,1602.0],8.736269e-05],
[[1613.0,1602.0,1602.0],6.732574e-05],
[[1617.0,1602.0,1602.0],5.334441e-05],
[[1622.0,1602.0,1602.0],3.810711e-05],
[[1632.0,1602.0,1602.0],2.239086e-05],
[[1652.0,1602.0,1602.0],1.30432e-05],
[[1682.0,1602.0,1602.0],8.426096e-06],
[[1703.0,1702.0,1702.0],8.886468e-05],
[[1713.0,1702.0,1702.0],6.896294e-05],
[[1717.0,1702.0,1702.0],5.392667e-05],
[[1722.0,1702.0,1702.0],3.827169e-05],
[[1732.0,1702.0,1702.0],2.434131e-05],
[[1752.0,1702.0,1702.0],1.284756e-05],
[[1782.0,1702.0,1702.0],8.616773e-06],
[[1803.0,1802.0,1802.0],8.988712e-05],
[[1813.0,1802.0,1802.0],7.039144e-05],
[[1817.0,1802.0,1802.0],5.564225e-05],
[[1822.0,1802.0,1802.0],3.992932e-05],
[[1832.0,1802.0,1802.0],2.491728e-05],
[[1852.0,1802.0,1802.0],1.380187e-05],
[[1872.0,1802.0,1802.0],9.04668e-06],
[[1882.0,1802.0,1802.0],9.048485e-06],
[[1903.0,1902.0,1902.0],8.88875e-05],
[[1913.0,1902.0,1902.0],7.076651e-05],
[[1917.0,1902.0,1902.0],5.742675e-05],
[[1922.0,1902.0,1902.0],3.99878e-05],
[[1942.0,1902.0,1902.0],1.745832e-05],
[[1952.0,1902.0,1902.0],1.540767e-05],
[[1982.0,1902.0,1902.0],8.222155e-06],
[[2003.0,2002.0,2002.0],9.263492e-05],
[[2013.0,2002.0,2002.0],7.656058e-05],
[[2017.0,2002.0,2002.0],6.014665e-05],
[[2022.0,2002.0,2002.0],4.30828e-05],
[[2032.0,2002.0,2002.0],2.586165e-05],
[[2042.0,2002.0,2002.0],1.849448e-05],
[[2052.0,2002.0,2002.0],1.445271e-05],
[[2072.0,2002.0,2002.0],9.894165e-06],
[[2082.0,2002.0,2002.0],9.29195e-06]]
