dataId: SRLow_Bin_9
dataType: efficiencyMap
observedN: 3.0
expectedBG: 1.9784078290686011
bgError: 1.19622836503299
upperLimit: 0.0479*fb
expectedUpperLimit: 0.0379*fb
