txName: TRV1
constraint: {(PV > Zprime(1)), (Zprime(1) > MET(2),MET(3))}
condition: None
conditionDescription: None
figureUrl: https://atlas.web.cern.ch/Atlas/GROUPS/PHYSICS/PAPERS/EXOT-2018-06/figaux_06.png
source: CMS
validated: True
axesMap: [{0: 'x', 1: 'y', 2: 'y'}]
dataMap: {0: (1, 'mass', GeV), 1: (2, 'mass', GeV), 2: (3, 'mass', GeV)}
finalState: ['MET', 'MET']
intermediateState: None
efficiencyMap: [[[100.0,0.0,0.0],2.484711e-06],
[[100.0,50.0,50.0],9.807702e-07],
[[200.0,0.0,0.0],3.660325e-06],
[[200.0,50.0,50.0],2.553859e-06],
[[200.0,100.0,100.0],4.642147e-06],
[[300.0,0.0,0.0],1.222418e-05],
[[300.0,50.0,50.0],9.331868e-06],
[[300.0,100.0,100.0],1.290219e-05],
[[300.0,150.0,150.0],1.280007e-05],
[[400.0,0.0,0.0],2.889254e-05],
[[400.0,50.0,50.0],2.677129e-05],
[[400.0,100.0,100.0],2.219233e-05],
[[400.0,150.0,150.0],3.195842e-05],
[[400.0,200.0,200.0],3.753771e-05],
[[500.0,0.0,0.0],4.730813e-05],
[[500.0,50.0,50.0],4.509776e-05],
[[500.0,100.0,100.0],5.300623e-05],
[[500.0,150.0,150.0],5.501552e-05],
[[500.0,200.0,200.0],4.859568e-05],
[[500.0,250.0,250.0],5.743613e-05],
[[600.0,0.0,0.0],6.970712e-05],
[[600.0,50.0,50.0],7.873127e-05],
[[600.0,100.0,100.0],8.38431e-05],
[[600.0,150.0,150.0],7.504421e-05],
[[600.0,200.0,200.0],9.361696e-05],
[[600.0,250.0,250.0],8.432597e-05],
[[600.0,300.0,300.0],0.0001198416],
[[700.0,0.0,0.0],0.0001130314],
[[700.0,50.0,50.0],0.0001198023],
[[700.0,100.0,100.0],0.0001214015],
[[700.0,150.0,150.0],0.0001190151],
[[700.0,200.0,200.0],0.0001233148],
[[700.0,250.0,250.0],0.0001185537],
[[700.0,300.0,300.0],0.0001273147],
[[700.0,350.0,350.0],0.0001358624],
[[800.0,0.0,0.0],0.0001597601],
[[800.0,50.0,50.0],0.0001505989],
[[800.0,100.0,100.0],0.0001584291],
[[800.0,150.0,150.0],0.0001593529],
[[800.0,200.0,200.0],0.0001679431],
[[800.0,250.0,250.0],0.0001579071],
[[800.0,300.0,300.0],0.0001750034],
[[800.0,350.0,350.0],0.0001789336],
[[800.0,400.0,400.0],0.0001891556],
[[900.0,0.0,0.0],0.0002140832],
[[900.0,50.0,50.0],0.000207492],
[[900.0,100.0,100.0],0.0002105133],
[[900.0,150.0,150.0],0.0002185068],
[[900.0,200.0,200.0],0.0002133215],
[[900.0,250.0,250.0],0.0002264176],
[[900.0,300.0,300.0],0.000239263],
[[900.0,350.0,350.0],0.0002256706],
[[900.0,400.0,400.0],0.0002349321],
[[900.0,450.0,450.0],0.0002507415],
[[1000.0,0.0,0.0],0.0002599729],
[[1000.0,50.0,50.0],0.0002794556],
[[1000.0,100.0,100.0],0.0002808224],
[[1000.0,150.0,150.0],0.000270262],
[[1000.0,200.0,200.0],0.0002774863],
[[1000.0,250.0,250.0],0.0002872645],
[[1000.0,300.0,300.0],0.0002797396],
[[1000.0,350.0,350.0],0.0002855276],
[[1000.0,400.0,400.0],0.0002859924],
[[1000.0,450.0,450.0],0.0003044778],
[[1000.0,500.0,500.0],0.0003289355],
[[1100.0,0.0,0.0],0.0003359278],
[[1100.0,50.0,50.0],0.0003291696],
[[1100.0,100.0,100.0],0.0003458186],
[[1100.0,150.0,150.0],0.0003334333],
[[1100.0,200.0,200.0],0.0003489925],
[[1100.0,250.0,250.0],0.0003474038],
[[1100.0,300.0,300.0],0.000368506],
[[1100.0,350.0,350.0],0.0003480322],
[[1100.0,400.0,400.0],0.0003558138],
[[1100.0,450.0,450.0],0.0003692285],
[[1100.0,500.0,500.0],0.0004079977],
[[1100.0,550.0,550.0],0.0004420473],
[[1200.0,0.0,0.0],0.0004068955],
[[1200.0,50.0,50.0],0.0004075994],
[[1200.0,100.0,100.0],0.0004300807],
[[1200.0,150.0,150.0],0.000409361],
[[1200.0,200.0,200.0],0.0004381188],
[[1200.0,250.0,250.0],0.0004211405],
[[1200.0,300.0,300.0],0.0004303755],
[[1200.0,350.0,350.0],0.0004542937],
[[1200.0,400.0,400.0],0.0004410073],
[[1200.0,450.0,450.0],0.0004530244],
[[1200.0,500.0,500.0],0.0004503168],
[[1200.0,550.0,550.0],0.0004669558],
[[1200.0,600.0,600.0],0.000520891],
[[1300.0,0.0,0.0],0.0004913272],
[[1300.0,50.0,50.0],0.0004756164],
[[1300.0,100.0,100.0],0.0004851927],
[[1300.0,150.0,150.0],0.000498822],
[[1300.0,200.0,200.0],0.0005065449],
[[1300.0,250.0,250.0],0.0004997102],
[[1300.0,300.0,300.0],0.0005271866],
[[1300.0,350.0,350.0],0.0005123003],
[[1300.0,400.0,400.0],0.0005139523],
[[1300.0,450.0,450.0],0.0005466656],
[[1300.0,500.0,500.0],0.0005355758],
[[1300.0,550.0,550.0],0.000540382],
[[1300.0,600.0,600.0],0.0005718518],
[[1300.0,650.0,650.0],0.0005907703],
[[1400.0,0.0,0.0],0.0005450225],
[[1400.0,50.0,50.0],0.000552343],
[[1400.0,100.0,100.0],0.0006029971],
[[1400.0,150.0,150.0],0.0005839827],
[[1400.0,200.0,200.0],0.0005864354],
[[1400.0,250.0,250.0],0.0005956136],
[[1400.0,300.0,300.0],0.0005837055],
[[1400.0,350.0,350.0],0.0005732638],
[[1400.0,400.0,400.0],0.0006011424],
[[1400.0,450.0,450.0],0.000633113],
[[1400.0,500.0,500.0],0.0006230448],
[[1400.0,550.0,550.0],0.0006198126],
[[1400.0,600.0,600.0],0.0006301917],
[[1400.0,650.0,650.0],0.0006305036],
[[1400.0,700.0,700.0],0.0006560089],
[[1500.0,0.0,0.0],0.0006418629],
[[1500.0,50.0,50.0],0.0006308575],
[[1500.0,100.0,100.0],0.0006643305],
[[1500.0,150.0,150.0],0.0006637316],
[[1500.0,200.0,200.0],0.0006750226],
[[1500.0,250.0,250.0],0.000689387],
[[1500.0,300.0,300.0],0.0006993146],
[[1500.0,350.0,350.0],0.0006710179],
[[1500.0,400.0,400.0],0.0007074579],
[[1500.0,450.0,450.0],0.0006927214],
[[1500.0,500.0,500.0],0.0006818893],
[[1500.0,550.0,550.0],0.0006952],
[[1500.0,600.0,600.0],0.000715056],
[[1500.0,650.0,650.0],0.0007223334],
[[1500.0,700.0,700.0],0.0007163152],
[[1500.0,750.0,750.0],0.0007670869],
[[1600.0,0.0,0.0],0.0007136542],
[[1600.0,50.0,50.0],0.0007124753],
[[1600.0,100.0,100.0],0.0007273721],
[[1600.0,150.0,150.0],0.0007334719],
[[1600.0,200.0,200.0],0.0007729708],
[[1600.0,250.0,250.0],0.0007495469],
[[1600.0,300.0,300.0],0.0007725343],
[[1600.0,350.0,350.0],0.0007665938],
[[1600.0,400.0,400.0],0.0007770939],
[[1600.0,450.0,450.0],0.0007828604],
[[1600.0,500.0,500.0],0.000765878],
[[1600.0,550.0,550.0],0.0007987054],
[[1600.0,600.0,600.0],0.0007849409],
[[1600.0,650.0,650.0],0.0008055909],
[[1600.0,700.0,700.0],0.0007900015],
[[1600.0,750.0,750.0],0.0008269617],
[[1600.0,800.0,800.0],0.0008829879],
[[1700.0,0.0,0.0],0.0007910901],
[[1700.0,50.0,50.0],0.0007953885],
[[1700.0,100.0,100.0],0.0007879188],
[[1700.0,150.0,150.0],0.0008249133],
[[1700.0,200.0,200.0],0.0008373665],
[[1700.0,250.0,250.0],0.0008404142],
[[1700.0,300.0,300.0],0.0008554887],
[[1700.0,350.0,350.0],0.0008640445],
[[1700.0,400.0,400.0],0.0008583433],
[[1700.0,450.0,450.0],0.0008463651],
[[1700.0,500.0,500.0],0.0008608841],
[[1700.0,550.0,550.0],0.0008678348],
[[1700.0,600.0,600.0],0.0008832286],
[[1700.0,650.0,650.0],0.0009073532],
[[1700.0,700.0,700.0],0.0008654823],
[[1700.0,750.0,750.0],0.000915988],
[[1700.0,800.0,800.0],0.000940335],
[[1700.0,850.0,850.0],0.0009603505],
[[1800.0,0.0,0.0],0.0008409065],
[[1800.0,50.0,50.0],0.0008653158],
[[1800.0,100.0,100.0],0.0008774701],
[[1800.0,150.0,150.0],0.0008861202],
[[1800.0,200.0,200.0],0.0008900697],
[[1800.0,250.0,250.0],0.0009268934],
[[1800.0,300.0,300.0],0.0009227043],
[[1800.0,350.0,350.0],0.0009322748],
[[1800.0,400.0,400.0],0.0009593977],
[[1800.0,450.0,450.0],0.0009129951],
[[1800.0,500.0,500.0],0.0009557613],
[[1800.0,550.0,550.0],0.0009582865],
[[1800.0,600.0,600.0],0.0009613944],
[[1800.0,650.0,650.0],0.0009849969],
[[1800.0,700.0,700.0],0.0009721024],
[[1800.0,750.0,750.0],0.0009696614],
[[1800.0,800.0,800.0],0.0009874817],
[[1800.0,850.0,850.0],0.001020929],
[[1800.0,900.0,900.0],0.001115255],
[[1900.0,0.0,0.0],0.0009312392],
[[1900.0,50.0,50.0],0.0009271994],
[[1900.0,100.0,100.0],0.0009627123],
[[1900.0,150.0,150.0],0.0009842028],
[[1900.0,200.0,200.0],0.0009775533],
[[1900.0,250.0,250.0],0.0009751417],
[[1900.0,300.0,300.0],0.001019273],
[[1900.0,350.0,350.0],0.0009997559],
[[1900.0,400.0,400.0],0.001032811],
[[1900.0,450.0,450.0],0.001040743],
[[1900.0,500.0,500.0],0.001040582],
[[1900.0,550.0,550.0],0.001022345],
[[1900.0,600.0,600.0],0.001066963],
[[1900.0,650.0,650.0],0.001028032],
[[1900.0,700.0,700.0],0.001048857],
[[1900.0,750.0,750.0],0.001097007],
[[1900.0,800.0,800.0],0.001096481],
[[1900.0,850.0,850.0],0.001077019],
[[1900.0,900.0,900.0],0.00109244],
[[1900.0,950.0,950.0],0.001154841],
[[2000.0,0.0,0.0],0.00101196],
[[2000.0,50.0,50.0],0.001022665],
[[2000.0,100.0,100.0],0.00104376],
[[2000.0,150.0,150.0],0.001029512],
[[2000.0,200.0,200.0],0.00104255],
[[2000.0,250.0,250.0],0.001064807],
[[2000.0,300.0,300.0],0.001069891],
[[2000.0,350.0,350.0],0.001089586],
[[2000.0,400.0,400.0],0.001092174],
[[2000.0,450.0,450.0],0.001115577],
[[2000.0,500.0,500.0],0.001096674],
[[2000.0,550.0,550.0],0.001140493],
[[2000.0,600.0,600.0],0.001112683],
[[2000.0,650.0,650.0],0.001111008],
[[2000.0,700.0,700.0],0.001121314],
[[2000.0,750.0,750.0],0.00112306],
[[2000.0,800.0,800.0],0.00116915],
[[2000.0,850.0,850.0],0.001135198],
[[2000.0,900.0,900.0],0.00118437],
[[2000.0,950.0,950.0],0.001190993],
[[2000.0,1000.0,1000.0],0.001240984],
[[2100.0,0.0,0.0],0.001055534],
[[2100.0,50.0,50.0],0.001071132],
[[2100.0,100.0,100.0],0.001063081],
[[2100.0,150.0,150.0],0.00109629],
[[2100.0,200.0,200.0],0.001129912],
[[2100.0,250.0,250.0],0.001148266],
[[2100.0,300.0,300.0],0.001138611],
[[2100.0,350.0,350.0],0.001177286],
[[2100.0,400.0,400.0],0.001155363],
[[2100.0,450.0,450.0],0.001166645],
[[2100.0,500.0,500.0],0.001210721],
[[2100.0,550.0,550.0],0.001186287],
[[2100.0,600.0,600.0],0.001194653],
[[2100.0,650.0,650.0],0.001234672],
[[2100.0,700.0,700.0],0.001214044],
[[2100.0,750.0,750.0],0.001249588],
[[2100.0,800.0,800.0],0.001216137],
[[2100.0,850.0,850.0],0.001222534],
[[2100.0,900.0,900.0],0.001243609],
[[2100.0,950.0,950.0],0.001261252],
[[2100.0,1000.0,1000.0],0.001284111],
[[2100.0,1050.0,1050.0],0.001331057],
[[2200.0,0.0,0.0],0.001097394],
[[2200.0,50.0,50.0],0.001151531],
[[2200.0,100.0,100.0],0.001161225],
[[2200.0,150.0,150.0],0.001181445],
[[2200.0,200.0,200.0],0.001168471],
[[2200.0,250.0,250.0],0.001214161],
[[2200.0,300.0,300.0],0.00118494],
[[2200.0,350.0,350.0],0.001202451],
[[2200.0,400.0,400.0],0.001239349],
[[2200.0,450.0,450.0],0.001256682],
[[2200.0,500.0,500.0],0.001272597],
[[2200.0,550.0,550.0],0.001259697],
[[2200.0,600.0,600.0],0.001290045],
[[2200.0,650.0,650.0],0.001276759],
[[2200.0,700.0,700.0],0.001272826],
[[2200.0,750.0,750.0],0.00133017],
[[2200.0,800.0,800.0],0.00129181],
[[2200.0,850.0,850.0],0.001287493],
[[2200.0,900.0,900.0],0.001308074],
[[2200.0,950.0,950.0],0.001337238],
[[2200.0,1000.0,1000.0],0.001323243],
[[2200.0,1050.0,1050.0],0.001347181],
[[2200.0,1100.0,1100.0],0.001396655]]
