dataId: SR_2016_6
dataType: efficiencyMap
observedN: 10092
expectedBG: 10162.67578
bgError: 195.49031899303864
upperLimit: 2.704*fb
expectedUpperLimit: 2.791*fb
