txName: TChiWWISRqq
constraint: {(PV > anyBSM(1), anyBSM(3)), (anyBSM(1) > q, q, MET(2)), (anyBSM(3) > q, q, MET(4))}
condition: None
conditionDescription: None
figureUrl: None
source: Recast by MA5
validated: True
axesMap: [{0: 'x', 1: 'y', 2: 'x', 3: 'y'}]
dataMap: {0: (1, 'mass', GeV), 1: (2, 'mass', GeV), 2: (3, 'mass', GeV), 3: (4, 'mass', GeV)}
finalState: ['MET', 'MET']
intermediateState: None
efficiencyMap: [[[11.0,10.0,11.0,10.0],5.856485e-07],
[[13.0,10.0,13.0,10.0],6.048153e-08],
[[15.0,10.0,15.0,10.0],1.65112e-08],
[[20.0,10.0,20.0,10.0],6.729149e-09],
[[21.0,20.0,21.0,20.0],4.753252e-06],
[[23.0,20.0,23.0,20.0],2.712849e-07],
[[25.0,20.0,25.0,20.0],4.139695e-07],
[[30.0,10.0,30.0,10.0],0.0],
[[30.0,20.0,30.0,20.0],1.473695e-08],
[[31.0,30.0,31.0,30.0],1.411442e-06],
[[33.0,30.0,33.0,30.0],7.186259e-07],
[[35.0,30.0,35.0,30.0],1.596763e-07],
[[40.0,20.0,40.0,20.0],0.0],
[[40.0,30.0,40.0,30.0],1.297496e-07],
[[41.0,40.0,41.0,40.0],2.096316e-06],
[[43.0,40.0,43.0,40.0],9.899639e-07],
[[45.0,40.0,45.0,40.0],4.292965e-07],
[[50.0,10.0,50.0,10.0],2.942879e-08],
[[50.0,30.0,50.0,30.0],7.950042e-08],
[[50.0,40.0,50.0,40.0],1.162433e-06],
[[51.0,50.0,51.0,50.0],4.80283e-06],
[[53.0,50.0,53.0,50.0],4.089902e-06],
[[55.0,50.0,55.0,50.0],2.833962e-06],
[[60.0,20.0,60.0,20.0],1.675831e-08],
[[60.0,40.0,60.0,40.0],3.982358e-07],
[[60.0,50.0,60.0,50.0],1.487604e-06],
[[61.0,60.0,61.0,60.0],1.769663e-05],
[[63.0,60.0,63.0,60.0],1.371218e-05],
[[65.0,60.0,65.0,60.0],5.426555e-06],
[[70.0,10.0,70.0,10.0],1.209138e-07],
[[70.0,30.0,70.0,30.0],3.080936e-07],
[[70.0,50.0,70.0,50.0],1.130089e-06],
[[70.0,60.0,70.0,60.0],2.869405e-06],
[[71.0,70.0,71.0,70.0],1.550544e-05],
[[73.0,70.0,73.0,70.0],1.444118e-05],
[[75.0,70.0,75.0,70.0],1.193173e-05],
[[80.0,20.0,80.0,20.0],1.609326e-07],
[[80.0,40.0,80.0,40.0],5.061429e-07],
[[80.0,60.0,80.0,60.0],2.672347e-06],
[[80.0,70.0,80.0,70.0],5.421845e-06],
[[81.0,80.0,81.0,80.0],2.384278e-05],
[[83.0,80.0,83.0,80.0],2.062619e-05],
[[85.0,80.0,85.0,80.0],1.783642e-05],
[[90.0,10.0,90.0,10.0],1.405204e-07],
[[90.0,30.0,90.0,30.0],2.607958e-07],
[[90.0,50.0,90.0,50.0],9.815913e-07],
[[90.0,70.0,90.0,70.0],3.075441e-06],
[[90.0,80.0,90.0,80.0],8.087599e-06],
[[91.0,90.0,91.0,90.0],2.615132e-05],
[[93.0,90.0,93.0,90.0],2.541223e-05],
[[95.0,90.0,95.0,90.0],2.504497e-05],
[[100.0,20.0,100.0,20.0],4.121794e-07],
[[100.0,40.0,100.0,40.0],8.966537e-07],
[[100.0,60.0,100.0,60.0],2.061772e-06],
[[100.0,80.0,100.0,80.0],5.837419e-06],
[[100.0,90.0,100.0,90.0],1.616925e-05],
[[101.0,100.0,101.0,100.0],3.239822e-05],
[[103.0,100.0,103.0,100.0],3.153281e-05],
[[103.0,102.0,103.0,102.0],3.92295e-05],
[[105.0,100.0,105.0,100.0],3.92991e-05],
[[105.0,102.0,105.0,102.0],3.311475e-05],
[[107.0,102.0,107.0,102.0],2.967224e-05],
[[110.0,30.0,110.0,30.0],1.004443e-06],
[[110.0,50.0,110.0,50.0],1.403009e-06],
[[110.0,70.0,110.0,70.0],3.977614e-06],
[[110.0,90.0,110.0,90.0],7.34497e-06],
[[110.0,100.0,110.0,100.0],2.022417e-05],
[[112.0,102.0,112.0,102.0],1.816536e-05],
[[120.0,40.0,120.0,40.0],2.027882e-06],
[[120.0,60.0,120.0,60.0],1.940638e-06],
[[120.0,80.0,120.0,80.0],5.939133e-06],
[[120.0,100.0,120.0,100.0],1.188945e-05],
[[122.0,102.0,122.0,102.0],1.29351e-05],
[[123.0,122.0,123.0,122.0],5.05841e-05],
[[125.0,122.0,125.0,122.0],5.259198e-05],
[[127.0,122.0,127.0,122.0],4.445171e-05],
[[130.0,50.0,130.0,50.0],2.639327e-06],
[[130.0,70.0,130.0,70.0],3.628083e-06],
[[130.0,90.0,130.0,90.0],6.256418e-06],
[[132.0,122.0,132.0,122.0],2.886558e-05],
[[140.0,60.0,140.0,60.0],2.815014e-06],
[[140.0,80.0,140.0,80.0],4.902246e-06],
[[140.0,100.0,140.0,100.0],7.811953e-06],
[[142.0,102.0,142.0,102.0],8.688546e-06],
[[142.0,122.0,142.0,122.0],2.964639e-05],
[[143.0,142.0,143.0,142.0],6.893916e-05],
[[145.0,142.0,145.0,142.0],6.386853e-05],
[[147.0,142.0,147.0,142.0],5.60303e-05],
[[150.0,70.0,150.0,70.0],5.357994e-06],
[[150.0,90.0,150.0,90.0],7.516405e-06],
[[152.0,142.0,152.0,142.0],4.655141e-05],
[[160.0,80.0,160.0,80.0],5.527371e-06],
[[160.0,100.0,160.0,100.0],9.790155e-06],
[[162.0,102.0,162.0,102.0],6.9104e-06],
[[162.0,122.0,162.0,122.0],1.343089e-05],
[[162.0,142.0,162.0,142.0],2.765043e-05],
[[163.0,162.0,163.0,162.0],8.305474e-05],
[[165.0,162.0,165.0,162.0],8.199103e-05],
[[167.0,162.0,167.0,162.0],9.394617e-05],
[[170.0,90.0,170.0,90.0],1.016463e-05],
[[172.0,162.0,172.0,162.0],6.523444e-05],
[[180.0,100.0,180.0,100.0],1.10082e-05],
[[182.0,102.0,182.0,102.0],1.658186e-05],
[[182.0,122.0,182.0,122.0],1.608105e-05],
[[182.0,142.0,182.0,142.0],2.140545e-05],
[[182.0,162.0,182.0,162.0],4.331999e-05],
[[183.0,182.0,183.0,182.0],8.952723e-05],
[[185.0,182.0,185.0,182.0],9.38125e-05],
[[187.0,182.0,187.0,182.0],9.146333e-05],
[[192.0,182.0,192.0,182.0],7.150366e-05],
[[202.0,122.0,202.0,122.0],1.819427e-05],
[[202.0,142.0,202.0,142.0],1.604781e-05],
[[202.0,162.0,202.0,162.0],2.678904e-05],
[[202.0,182.0,202.0,182.0],4.992972e-05],
[[203.0,202.0,203.0,202.0],0.000104296],
[[205.0,202.0,205.0,202.0],0.000110643],
[[207.0,202.0,207.0,202.0],0.0001058562],
[[212.0,202.0,212.0,202.0],9.116153e-05],
[[222.0,142.0,222.0,142.0],2.100745e-05],
[[222.0,162.0,222.0,162.0],2.827299e-05],
[[222.0,182.0,222.0,182.0],4.025716e-05],
[[222.0,202.0,222.0,202.0],6.594909e-05],
[[223.0,222.0,223.0,222.0],0.0001205068],
[[225.0,222.0,225.0,222.0],0.0001281855],
[[227.0,222.0,227.0,222.0],0.0001127121],
[[232.0,222.0,232.0,222.0],9.286637e-05],
[[242.0,162.0,242.0,162.0],3.609694e-05],
[[242.0,182.0,242.0,182.0],3.263492e-05],
[[242.0,202.0,242.0,202.0],4.838251e-05],
[[242.0,222.0,242.0,222.0],8.166099e-05],
[[243.0,242.0,243.0,242.0],0.000148121],
[[245.0,242.0,245.0,242.0],0.000128902],
[[247.0,242.0,247.0,242.0],0.000129669],
[[252.0,242.0,252.0,242.0],0.0001220092],
[[262.0,182.0,262.0,182.0],3.774946e-05],
[[262.0,202.0,262.0,202.0],4.348328e-05],
[[262.0,222.0,262.0,222.0],5.665262e-05],
[[262.0,242.0,262.0,242.0],8.926761e-05],
[[263.0,262.0,263.0,262.0],0.000136996],
[[265.0,262.0,265.0,262.0],0.0001557929],
[[267.0,262.0,267.0,262.0],0.0001513827],
[[272.0,262.0,272.0,262.0],0.0001308065],
[[282.0,202.0,282.0,202.0],4.214257e-05],
[[282.0,222.0,282.0,222.0],5.451472e-05],
[[282.0,242.0,282.0,242.0],6.825127e-05],
[[282.0,262.0,282.0,262.0],0.0001004184],
[[283.0,282.0,283.0,282.0],0.0001583263],
[[285.0,282.0,285.0,282.0],0.0001460504],
[[287.0,282.0,287.0,282.0],0.0001519881],
[[292.0,282.0,292.0,282.0],0.0001368258],
[[302.0,222.0,302.0,222.0],6.054166e-05],
[[302.0,242.0,302.0,242.0],5.537983e-05],
[[302.0,262.0,302.0,262.0],7.879409e-05],
[[302.0,282.0,302.0,282.0],0.0001098352],
[[303.0,302.0,303.0,302.0],0.0001748045],
[[305.0,302.0,305.0,302.0],0.0001712412],
[[307.0,302.0,307.0,302.0],0.0001714634],
[[312.0,302.0,312.0,302.0],0.000149328],
[[322.0,242.0,322.0,242.0],5.943009e-05],
[[322.0,262.0,322.0,262.0],7.767936e-05],
[[322.0,282.0,322.0,282.0],9.569284e-05],
[[322.0,302.0,322.0,302.0],0.0001248872],
[[323.0,322.0,323.0,322.0],0.0001710252],
[[325.0,322.0,325.0,322.0],0.0001838686],
[[327.0,322.0,327.0,322.0],0.0001799586],
[[332.0,322.0,332.0,322.0],0.0001661176],
[[342.0,262.0,342.0,262.0],6.312468e-05],
[[342.0,282.0,342.0,282.0],8.290222e-05],
[[342.0,302.0,342.0,302.0],0.0001021429],
[[342.0,322.0,342.0,322.0],0.0001439213],
[[343.0,342.0,343.0,342.0],0.00018461],
[[345.0,342.0,345.0,342.0],0.0001741932],
[[347.0,342.0,347.0,342.0],0.0001875312],
[[352.0,342.0,352.0,342.0],0.0001803383],
[[362.0,282.0,362.0,282.0],7.945913e-05],
[[362.0,302.0,362.0,302.0],8.911855e-05],
[[362.0,322.0,362.0,322.0],0.0001071063],
[[362.0,342.0,362.0,342.0],0.0001448138],
[[363.0,362.0,363.0,362.0],0.0001910368],
[[365.0,362.0,365.0,362.0],0.000192741],
[[367.0,362.0,367.0,362.0],0.0001990756],
[[372.0,362.0,372.0,362.0],0.0001810508],
[[382.0,302.0,382.0,302.0],8.705679e-05],
[[382.0,322.0,382.0,322.0],9.418848e-05],
[[382.0,342.0,382.0,342.0],0.0001118072],
[[382.0,362.0,382.0,362.0],0.0001588129],
[[383.0,382.0,383.0,382.0],0.0002259133],
[[385.0,382.0,385.0,382.0],0.0002080637],
[[387.0,382.0,387.0,382.0],0.0001954753],
[[392.0,382.0,392.0,382.0],0.0001937207],
[[402.0,322.0,402.0,322.0],9.569182e-05],
[[402.0,342.0,402.0,342.0],0.0001096767],
[[402.0,362.0,402.0,362.0],0.0001253552],
[[402.0,382.0,402.0,382.0],0.0001684534],
[[403.0,402.0,403.0,402.0],0.0002150374],
[[405.0,402.0,405.0,402.0],0.0002213594],
[[407.0,402.0,407.0,402.0],0.0002211552],
[[412.0,402.0,412.0,402.0],0.0002070929],
[[422.0,342.0,422.0,342.0],9.28921e-05],
[[422.0,362.0,422.0,362.0],0.0001051778],
[[422.0,382.0,422.0,382.0],0.0001321729],
[[422.0,402.0,422.0,402.0],0.0001659695],
[[442.0,362.0,442.0,362.0],0.000107197],
[[442.0,382.0,442.0,382.0],0.0001174543],
[[442.0,402.0,442.0,402.0],0.0001384644],
[[462.0,382.0,462.0,382.0],0.0001252886],
[[462.0,402.0,462.0,402.0],0.0001226927],
[[482.0,402.0,482.0,402.0],0.0001252752],
[[503.0,502.0,503.0,502.0],0.0002620221],
[[505.0,502.0,505.0,502.0],0.0002449131],
[[507.0,502.0,507.0,502.0],0.0002540803],
[[512.0,502.0,512.0,502.0],0.0002373172],
[[522.0,502.0,522.0,502.0],0.0002187983],
[[542.0,502.0,542.0,502.0],0.0001908972],
[[562.0,502.0,562.0,502.0],0.000154853],
[[582.0,502.0,582.0,502.0],0.0001586775],
[[603.0,602.0,603.0,602.0],0.0002967304],
[[605.0,602.0,605.0,602.0],0.0002826744],
[[607.0,602.0,607.0,602.0],0.0002850721],
[[612.0,602.0,612.0,602.0],0.0002753578],
[[622.0,602.0,622.0,602.0],0.0002438932],
[[642.0,602.0,642.0,602.0],0.0002154343],
[[662.0,602.0,662.0,602.0],0.0001910773],
[[682.0,602.0,682.0,602.0],0.0001851791],
[[703.0,702.0,703.0,702.0],0.000302703],
[[705.0,702.0,705.0,702.0],0.0003165374],
[[707.0,702.0,707.0,702.0],0.0003036681],
[[712.0,702.0,712.0,702.0],0.0002946095],
[[722.0,702.0,722.0,702.0],0.0002850756],
[[742.0,702.0,742.0,702.0],0.0002323085],
[[762.0,702.0,762.0,702.0],0.0002121415],
[[782.0,702.0,782.0,702.0],0.0002060425],
[[803.0,802.0,803.0,802.0],0.0003181053],
[[805.0,802.0,805.0,802.0],0.0003332715],
[[807.0,802.0,807.0,802.0],0.000313807],
[[812.0,802.0,812.0,802.0],0.0003149721],
[[822.0,802.0,822.0,802.0],0.0003149839],
[[842.0,802.0,842.0,802.0],0.000257706],
[[862.0,802.0,862.0,802.0],0.0002297699],
[[882.0,802.0,882.0,802.0],0.0002254946],
[[903.0,902.0,903.0,902.0],0.0003410819],
[[905.0,902.0,905.0,902.0],0.0003328275],
[[907.0,902.0,907.0,902.0],0.0003508792],
[[912.0,902.0,912.0,902.0],0.0003435847],
[[922.0,902.0,922.0,902.0],0.000310813],
[[942.0,902.0,942.0,902.0],0.0002673624],
[[962.0,902.0,962.0,902.0],0.0002564053],
[[982.0,902.0,982.0,902.0],0.000249542],
[[1003.0,1002.0,1003.0,1002.0],0.0003759991],
[[1005.0,1002.0,1005.0,1002.0],0.0003597484],
[[1007.0,1002.0,1007.0,1002.0],0.0003600391],
[[1012.0,1002.0,1012.0,1002.0],0.0003561097],
[[1022.0,1002.0,1022.0,1002.0],0.0003284651],
[[1042.0,1002.0,1042.0,1002.0],0.0002880489],
[[1062.0,1002.0,1062.0,1002.0],0.0002633138],
[[1082.0,1002.0,1082.0,1002.0],0.0002609534],
[[1103.0,1102.0,1103.0,1102.0],0.0003614952],
[[1105.0,1102.0,1105.0,1102.0],0.0003630072],
[[1107.0,1102.0,1107.0,1102.0],0.0003700526],
[[1112.0,1102.0,1112.0,1102.0],0.0003595727],
[[1122.0,1102.0,1122.0,1102.0],0.0003488043],
[[1142.0,1102.0,1142.0,1102.0],0.0003165403],
[[1162.0,1102.0,1162.0,1102.0],0.0002840454],
[[1182.0,1102.0,1182.0,1102.0],0.0002538326],
[[1203.0,1202.0,1203.0,1202.0],0.0003814671],
[[1205.0,1202.0,1205.0,1202.0],0.0003766928],
[[1207.0,1202.0,1207.0,1202.0],0.0003536846],
[[1212.0,1202.0,1212.0,1202.0],0.000389503],
[[1222.0,1202.0,1222.0,1202.0],0.0003465376],
[[1242.0,1202.0,1242.0,1202.0],0.0003154759],
[[1262.0,1202.0,1262.0,1202.0],0.0002862854],
[[1282.0,1202.0,1282.0,1202.0],0.0002950648],
[[1303.0,1302.0,1303.0,1302.0],0.0003908007],
[[1305.0,1302.0,1305.0,1302.0],0.0003836549],
[[1307.0,1302.0,1307.0,1302.0],0.0003954122],
[[1312.0,1302.0,1312.0,1302.0],0.0003918742],
[[1322.0,1302.0,1322.0,1302.0],0.0003826211],
[[1342.0,1302.0,1342.0,1302.0],0.0003029997],
[[1362.0,1302.0,1362.0,1302.0],0.0002847699],
[[1382.0,1302.0,1382.0,1302.0],0.0002716701],
[[1403.0,1402.0,1403.0,1402.0],0.0003954644],
[[1405.0,1402.0,1405.0,1402.0],0.000395718],
[[1407.0,1402.0,1407.0,1402.0],0.0003674957],
[[1412.0,1402.0,1412.0,1402.0],0.0003744447],
[[1422.0,1402.0,1422.0,1402.0],0.0003412673],
[[1442.0,1402.0,1442.0,1402.0],0.0003411155],
[[1462.0,1402.0,1462.0,1402.0],0.0003055869],
[[1482.0,1402.0,1482.0,1402.0],0.0003034954],
[[1503.0,1502.0,1503.0,1502.0],0.000401483],
[[1505.0,1502.0,1505.0,1502.0],0.0004025107],
[[1507.0,1502.0,1507.0,1502.0],0.0003979076],
[[1512.0,1502.0,1512.0,1502.0],0.0004218404],
[[1522.0,1502.0,1522.0,1502.0],0.0003732131],
[[1542.0,1502.0,1542.0,1502.0],0.0003503418],
[[1562.0,1502.0,1562.0,1502.0],0.0003157091],
[[1582.0,1502.0,1582.0,1502.0],0.0003187945],
[[1603.0,1602.0,1603.0,1602.0],0.0004118756],
[[1605.0,1602.0,1605.0,1602.0],0.0003907439],
[[1607.0,1602.0,1607.0,1602.0],0.0004227414],
[[1612.0,1602.0,1612.0,1602.0],0.0004085309],
[[1622.0,1602.0,1622.0,1602.0],0.0003916614],
[[1642.0,1602.0,1642.0,1602.0],0.0003252835],
[[1662.0,1602.0,1662.0,1602.0],0.0003290661],
[[1682.0,1602.0,1682.0,1602.0],0.0003200944],
[[1703.0,1702.0,1703.0,1702.0],0.0004484038],
[[1705.0,1702.0,1705.0,1702.0],0.0004461175],
[[1707.0,1702.0,1707.0,1702.0],0.000399973],
[[1712.0,1702.0,1712.0,1702.0],0.0004225113],
[[1722.0,1702.0,1722.0,1702.0],0.0003894467],
[[1742.0,1702.0,1742.0,1702.0],0.0003403518],
[[1762.0,1702.0,1762.0,1702.0],0.0003503334],
[[1782.0,1702.0,1782.0,1702.0],0.0003447737],
[[1803.0,1802.0,1803.0,1802.0],0.0004180174],
[[1805.0,1802.0,1805.0,1802.0],0.0004191156],
[[1807.0,1802.0,1807.0,1802.0],0.0004637417],
[[1812.0,1802.0,1812.0,1802.0],0.0004318136],
[[1822.0,1802.0,1822.0,1802.0],0.0004100957],
[[1842.0,1802.0,1842.0,1802.0],0.0003745816],
[[1862.0,1802.0,1862.0,1802.0],0.0003654836],
[[1882.0,1802.0,1882.0,1802.0],0.0003326693],
[[1903.0,1902.0,1903.0,1902.0],0.0004159258],
[[1905.0,1902.0,1905.0,1902.0],0.0004465744],
[[1907.0,1902.0,1907.0,1902.0],0.000433326],
[[1912.0,1902.0,1912.0,1902.0],0.0004435923],
[[1922.0,1902.0,1922.0,1902.0],0.0003756758],
[[1942.0,1902.0,1942.0,1902.0],0.0003512489],
[[1962.0,1902.0,1962.0,1902.0],0.0003390162],
[[1982.0,1902.0,1982.0,1902.0],0.0003569292],
[[2003.0,2002.0,2003.0,2002.0],0.000441136],
[[2005.0,2002.0,2005.0,2002.0],0.0004490293],
[[2007.0,2002.0,2007.0,2002.0],0.0004257336],
[[2012.0,2002.0,2012.0,2002.0],0.0004640902],
[[2022.0,2002.0,2022.0,2002.0],0.0004013875],
[[2042.0,2002.0,2042.0,2002.0],0.0003672454],
[[2062.0,2002.0,2062.0,2002.0],0.0003613707],
[[2082.0,2002.0,2082.0,2002.0],0.0003291217]]
