txName: TRV1nunu
constraint: {(PV > Zprime(1)), (Zprime(1) > nu,nu)}
condition: None
conditionDescription: None
figureUrl: None
source: CMS
validated: N/A
axesMap: [{0: 'x'}]
dataMap: {0: (1, 'mass', GeV)}
finalState: ['MET', 'MET']
efficiencyMap: [[[50.0],8.451434e-07],
[[100.0],5.929542e-06],
[[150.0],1.2978e-05],
[[200.0],3.641413e-05],
[[250.0],6.557019e-05],
[[300.0],0.0001013876],
[[350.0],0.0001314949],
[[400.0],0.000160009],
[[450.0],0.0002202664],
[[500.0],0.0002714164],
[[550.0],0.0002861474],
[[600.0],0.0003493629],
[[650.0],0.0004010137],
[[700.0],0.0004681734],
[[750.0],0.0004370742],
[[800.0],0.000552035],
[[850.0],0.0005222523],
[[900.0],0.0005764966],
[[950.0],0.0006168455],
[[1000.0],0.0006705959],
[[1050.0],0.0006244055],
[[1100.0],0.0007514067],
[[1150.0],0.0007336222],
[[1200.0],0.0007896508],
[[1250.0],0.0007202654],
[[1300.0],0.000742412],
[[1350.0],0.0008312742],
[[1400.0],0.0008478683],
[[1450.0],0.0008126619],
[[1500.0],0.000776478],
[[1550.0],0.0008480286],
[[1600.0],0.0009492753],
[[1650.0],0.0009533588],
[[1700.0],0.00105002],
[[1750.0],0.0009213582],
[[1800.0],0.0009614128],
[[1850.0],0.0009649655],
[[1900.0],0.000910645],
[[1950.0],0.00102394],
[[2000.0],0.001063022],
[[2250.0],0.001136951],
[[2500.0],0.001124388],
[[2750.0],0.001127299],
[[3000.0],0.001148912]]
