txName: TChiISR
constraint: {(PV > MET(1), MET(2))}
condition: None
conditionDescription: None
figureUrl: None
source: Recast by MA5
validated: True
axesMap: [{0: 'x', 1: 'y'}]
dataMap: {0: (1, 'mass', GeV), 1: (2, 'mass', GeV)}
finalState: ['MET', 'MET']
intermediateState: None
efficiencyMap: [[[1.0,10.0],3.83765e-09],
[[1.0,20.0],0.0],
[[1.0,30.0],6.055123e-08],
[[1.0,40.0],7.009237e-10],
[[1.0,50.0],3.127667e-08],
[[1.0,60.0],5.317314e-09],
[[5.0,10.0],2.734014e-09],
[[7.0,10.0],5.741028e-09],
[[9.0,10.0],1.418397e-09],
[[10.0,1.0],3.83765e-09],
[[10.0,5.0],2.734014e-09],
[[10.0,7.0],5.741028e-09],
[[10.0,9.0],1.418397e-09],
[[10.0,10.0],3.573414e-09],
[[12.0,62.0],5.454077e-08],
[[12.0,72.0],8.464203e-10],
[[12.0,82.0],4.430502e-08],
[[12.0,92.0],5.008856e-08],
[[12.0,102.0],2.627952e-07],
[[12.0,212.0],7.673183e-07],
[[12.0,312.0],2.355558e-06],
[[15.0,20.0],4.251785e-09],
[[17.0,20.0],4.158573e-08],
[[19.0,20.0],1.556578e-08],
[[20.0,1.0],0.0],
[[20.0,15.0],4.251785e-09],
[[20.0,17.0],4.158573e-08],
[[20.0,19.0],1.556578e-08],
[[20.0,20.0],1.42738e-09],
[[20.0,30.0],3.341971e-09],
[[20.0,40.0],1.428619e-08],
[[20.0,50.0],3.871334e-09],
[[20.0,60.0],1.038995e-07],
[[25.0,30.0],9.032814e-09],
[[27.0,30.0],7.782885e-09],
[[29.0,30.0],3.97729e-09],
[[30.0,1.0],6.055123e-08],
[[30.0,20.0],3.341971e-09],
[[30.0,25.0],9.032814e-09],
[[30.0,27.0],7.782885e-09],
[[30.0,29.0],3.97729e-09],
[[30.0,30.0],5.330982e-09],
[[30.0,40.0],4.390122e-08],
[[30.0,50.0],2.514741e-08],
[[30.0,60.0],1.528157e-08],
[[32.0,62.0],2.447191e-08],
[[32.0,72.0],4.471848e-08],
[[32.0,82.0],2.218522e-07],
[[32.0,92.0],1.369985e-07],
[[32.0,102.0],2.050415e-07],
[[32.0,112.0],2.348636e-07],
[[32.0,122.0],2.807364e-07],
[[32.0,232.0],3.058125e-06],
[[32.0,332.0],2.653467e-06],
[[35.0,40.0],6.156072e-09],
[[37.0,40.0],1.926723e-09],
[[39.0,40.0],4.305176e-09],
[[40.0,1.0],7.009237e-10],
[[40.0,20.0],1.428619e-08],
[[40.0,30.0],4.390122e-08],
[[40.0,35.0],6.156072e-09],
[[40.0,37.0],1.926723e-09],
[[40.0,39.0],4.305176e-09],
[[40.0,40.0],3.730518e-08],
[[40.0,50.0],1.920194e-08],
[[40.0,60.0],4.062082e-08],
[[45.0,50.0],2.927601e-08],
[[47.0,50.0],5.819281e-08],
[[49.0,50.0],1.20408e-07],
[[50.0,1.0],3.127667e-08],
[[50.0,20.0],3.871334e-09],
[[50.0,30.0],2.514741e-08],
[[50.0,40.0],1.920194e-08],
[[50.0,45.0],2.927601e-08],
[[50.0,47.0],5.819281e-08],
[[50.0,49.0],1.20408e-07],
[[50.0,50.0],3.219494e-08],
[[50.0,60.0],2.178387e-07],
[[52.0,62.0],8.145308e-08],
[[52.0,67.0],9.118527e-08],
[[52.0,72.0],8.082363e-08],
[[52.0,82.0],2.061963e-07],
[[52.0,92.0],3.649604e-07],
[[52.0,102.0],1.635294e-06],
[[52.0,112.0],3.183165e-07],
[[52.0,122.0],5.091378e-07],
[[52.0,132.0],7.56506e-07],
[[52.0,142.0],5.605578e-07],
[[52.0,252.0],3.228651e-06],
[[52.0,352.0],3.060532e-06],
[[55.0,60.0],1.282588e-07],
[[57.0,60.0],8.89853e-08],
[[59.0,60.0],1.662806e-07],
[[60.0,1.0],5.317314e-09],
[[60.0,20.0],1.038995e-07],
[[60.0,30.0],1.528157e-08],
[[60.0,40.0],4.062082e-08],
[[60.0,50.0],2.178387e-07],
[[60.0,55.0],1.282588e-07],
[[60.0,57.0],8.89853e-08],
[[60.0,59.0],1.662806e-07],
[[60.0,60.0],1.58159e-07],
[[62.0,12.0],5.454077e-08],
[[62.0,32.0],2.447191e-08],
[[62.0,52.0],8.145308e-08],
[[67.0,52.0],9.118527e-08],
[[72.0,12.0],8.464203e-10],
[[72.0,32.0],4.471848e-08],
[[72.0,52.0],8.082363e-08],
[[72.0,72.0],1.955274e-07],
[[72.0,75.0],1.927714e-07],
[[72.0,77.0],4.527196e-07],
[[72.0,82.0],2.890097e-07],
[[72.0,87.0],2.759585e-07],
[[72.0,92.0],3.43079e-07],
[[72.0,102.0],4.162683e-07],
[[72.0,112.0],3.615858e-07],
[[72.0,122.0],4.484139e-07],
[[72.0,132.0],1.233082e-06],
[[72.0,142.0],9.551804e-07],
[[72.0,152.0],6.787557e-07],
[[72.0,162.0],9.171176e-07],
[[72.0,272.0],2.090826e-06],
[[72.0,372.0],3.660812e-06],
[[75.0,72.0],1.927714e-07],
[[77.0,72.0],4.527196e-07],
[[82.0,12.0],4.430502e-08],
[[82.0,32.0],2.218522e-07],
[[82.0,52.0],2.061963e-07],
[[82.0,72.0],2.890097e-07],
[[87.0,72.0],2.759585e-07],
[[92.0,12.0],5.008856e-08],
[[92.0,32.0],1.369985e-07],
[[92.0,52.0],3.649604e-07],
[[92.0,72.0],3.43079e-07],
[[92.0,92.0],1.279571e-06],
[[92.0,95.0],7.547276e-07],
[[92.0,97.0],4.188829e-07],
[[92.0,102.0],7.658766e-07],
[[92.0,107.0],4.703154e-07],
[[92.0,112.0],7.662229e-07],
[[92.0,122.0],5.890769e-07],
[[92.0,132.0],8.450921e-07],
[[92.0,142.0],9.152301e-07],
[[92.0,152.0],1.423803e-06],
[[92.0,162.0],1.071236e-06],
[[92.0,172.0],1.419904e-06],
[[92.0,182.0],1.157363e-06],
[[92.0,292.0],2.843879e-06],
[[92.0,392.0],4.078586e-06],
[[95.0,92.0],7.547276e-07],
[[97.0,92.0],4.188829e-07],
[[102.0,12.0],2.627952e-07],
[[102.0,32.0],2.050415e-07],
[[102.0,52.0],1.635294e-06],
[[102.0,72.0],4.162683e-07],
[[102.0,92.0],7.658766e-07],
[[102.0,102.0],5.538159e-07],
[[102.0,105.0],1.501385e-06],
[[102.0,107.0],6.239225e-07],
[[102.0,112.0],7.661688e-07],
[[102.0,117.0],7.227194e-07],
[[102.0,122.0],6.600199e-07],
[[102.0,132.0],7.125425e-07],
[[102.0,142.0],8.427082e-07],
[[102.0,152.0],1.855024e-06],
[[102.0,162.0],1.099489e-06],
[[102.0,172.0],1.449162e-06],
[[102.0,182.0],2.897269e-06],
[[102.0,192.0],1.398058e-06],
[[102.0,302.0],2.582279e-06],
[[102.0,402.0],5.259173e-06],
[[105.0,102.0],1.501385e-06],
[[107.0,92.0],4.703154e-07],
[[107.0,102.0],6.239225e-07],
[[112.0,32.0],2.348636e-07],
[[112.0,52.0],3.183165e-07],
[[112.0,72.0],3.615858e-07],
[[112.0,92.0],7.662229e-07],
[[112.0,102.0],7.661688e-07],
[[117.0,102.0],7.227194e-07],
[[122.0,32.0],2.807364e-07],
[[122.0,52.0],5.091378e-07],
[[122.0,72.0],4.484139e-07],
[[122.0,92.0],5.890769e-07],
[[122.0,102.0],6.600199e-07],
[[132.0,52.0],7.56506e-07],
[[132.0,72.0],1.233082e-06],
[[132.0,92.0],8.450921e-07],
[[132.0,102.0],7.125425e-07],
[[142.0,52.0],5.605578e-07],
[[142.0,72.0],9.551804e-07],
[[142.0,92.0],9.152301e-07],
[[142.0,102.0],8.427082e-07],
[[152.0,72.0],6.787557e-07],
[[152.0,92.0],1.423803e-06],
[[152.0,102.0],1.855024e-06],
[[152.0,152.0],1.948416e-06],
[[152.0,155.0],1.978969e-06],
[[152.0,157.0],1.612272e-06],
[[152.0,162.0],1.811492e-06],
[[152.0,167.0],1.798802e-06],
[[152.0,172.0],1.795244e-06],
[[152.0,182.0],2.428716e-06],
[[152.0,192.0],2.783132e-06],
[[152.0,202.0],4.738326e-06],
[[152.0,212.0],2.226491e-06],
[[152.0,222.0],2.115607e-06],
[[152.0,232.0],6.022585e-06],
[[152.0,242.0],3.85522e-06],
[[152.0,352.0],3.94285e-06],
[[152.0,452.0],6.577594e-06],
[[155.0,152.0],1.978969e-06],
[[157.0,152.0],1.612272e-06],
[[162.0,72.0],9.171176e-07],
[[162.0,92.0],1.071236e-06],
[[162.0,102.0],1.099489e-06],
[[162.0,152.0],1.811492e-06],
[[167.0,152.0],1.798802e-06],
[[172.0,92.0],1.419904e-06],
[[172.0,102.0],1.449162e-06],
[[172.0,152.0],1.795244e-06],
[[182.0,92.0],1.157363e-06],
[[182.0,102.0],2.897269e-06],
[[182.0,152.0],2.428716e-06],
[[192.0,102.0],1.398058e-06],
[[192.0,152.0],2.783132e-06],
[[202.0,152.0],4.738326e-06],
[[202.0,202.0],2.927013e-06],
[[202.0,205.0],2.577453e-06],
[[202.0,207.0],3.233984e-06],
[[202.0,212.0],3.392585e-06],
[[202.0,217.0],3.232325e-06],
[[202.0,222.0],3.631437e-06],
[[202.0,232.0],3.317101e-06],
[[202.0,242.0],3.158109e-06],
[[202.0,252.0],3.848419e-06],
[[202.0,262.0],4.758204e-06],
[[202.0,272.0],3.965941e-06],
[[202.0,282.0],4.405996e-06],
[[202.0,402.0],8.917518e-06],
[[202.0,502.0],8.3871e-06],
[[205.0,202.0],2.577453e-06],
[[207.0,202.0],3.233984e-06],
[[212.0,12.0],7.673183e-07],
[[212.0,152.0],2.226491e-06],
[[212.0,202.0],3.392585e-06],
[[217.0,202.0],3.232325e-06],
[[222.0,152.0],2.115607e-06],
[[222.0,202.0],3.631437e-06],
[[232.0,32.0],3.058125e-06],
[[232.0,152.0],6.022585e-06],
[[232.0,202.0],3.317101e-06],
[[242.0,152.0],3.85522e-06],
[[242.0,202.0],3.158109e-06],
[[252.0,52.0],3.228651e-06],
[[252.0,202.0],3.848419e-06],
[[252.0,252.0],5.697645e-06],
[[252.0,255.0],4.947953e-06],
[[252.0,257.0],4.816928e-06],
[[252.0,262.0],5.464991e-06],
[[252.0,267.0],4.320947e-06],
[[252.0,272.0],5.384221e-06],
[[252.0,282.0],5.146521e-06],
[[252.0,292.0],5.296008e-06],
[[252.0,302.0],5.816818e-06],
[[252.0,312.0],8.007262e-06],
[[252.0,322.0],6.586777e-06],
[[252.0,332.0],8.111437e-06],
[[252.0,342.0],6.569296e-06],
[[252.0,452.0],8.085517e-06],
[[252.0,552.0],1.004146e-05],
[[255.0,252.0],4.947953e-06],
[[257.0,252.0],4.816928e-06],
[[262.0,202.0],4.758204e-06],
[[262.0,252.0],5.464991e-06],
[[267.0,252.0],4.320947e-06],
[[272.0,72.0],2.090826e-06],
[[272.0,202.0],3.965941e-06],
[[272.0,252.0],5.384221e-06],
[[282.0,202.0],4.405996e-06],
[[282.0,252.0],5.146521e-06],
[[292.0,92.0],2.843879e-06],
[[292.0,252.0],5.296008e-06],
[[302.0,102.0],2.582279e-06],
[[302.0,252.0],5.816818e-06],
[[302.0,302.0],6.930805e-06],
[[302.0,305.0],6.211304e-06],
[[302.0,307.0],5.964551e-06],
[[302.0,312.0],6.201591e-06],
[[302.0,317.0],7.98564e-06],
[[302.0,322.0],7.482666e-06],
[[302.0,332.0],9.484034e-06],
[[302.0,342.0],8.125767e-06],
[[302.0,352.0],8.791233e-06],
[[302.0,362.0],7.640032e-06],
[[302.0,372.0],9.302323e-06],
[[302.0,382.0],8.788324e-06],
[[302.0,392.0],1.045692e-05],
[[302.0,502.0],1.269826e-05],
[[302.0,602.0],1.272696e-05],
[[305.0,302.0],6.211304e-06],
[[307.0,302.0],5.964551e-06],
[[312.0,12.0],2.355558e-06],
[[312.0,252.0],8.007262e-06],
[[312.0,302.0],6.201591e-06],
[[317.0,302.0],7.98564e-06],
[[322.0,252.0],6.586777e-06],
[[322.0,302.0],7.482666e-06],
[[332.0,32.0],2.653467e-06],
[[332.0,252.0],8.111437e-06],
[[332.0,302.0],9.484034e-06],
[[342.0,252.0],6.569296e-06],
[[342.0,302.0],8.125767e-06],
[[352.0,52.0],3.060532e-06],
[[352.0,152.0],3.94285e-06],
[[352.0,302.0],8.791233e-06],
[[352.0,352.0],9.749885e-06],
[[352.0,355.0],9.22105e-06],
[[352.0,357.0],9.541831e-06],
[[352.0,362.0],8.228025e-06],
[[352.0,367.0],8.811441e-06],
[[352.0,372.0],8.348202e-06],
[[352.0,382.0],9.151095e-06],
[[352.0,392.0],8.765404e-06],
[[352.0,402.0],1.257135e-05],
[[352.0,412.0],9.610956e-06],
[[352.0,422.0],1.145384e-05],
[[352.0,432.0],1.0225e-05],
[[352.0,442.0],1.099499e-05],
[[352.0,552.0],1.203467e-05],
[[352.0,652.0],1.495296e-05],
[[355.0,352.0],9.22105e-06],
[[357.0,352.0],9.541831e-06],
[[362.0,302.0],7.640032e-06],
[[362.0,352.0],8.228025e-06],
[[367.0,352.0],8.811441e-06],
[[372.0,72.0],3.660812e-06],
[[372.0,302.0],9.302323e-06],
[[372.0,352.0],8.348202e-06],
[[382.0,302.0],8.788324e-06],
[[382.0,352.0],9.151095e-06],
[[392.0,92.0],4.078586e-06],
[[392.0,302.0],1.045692e-05],
[[392.0,352.0],8.765404e-06],
[[402.0,102.0],5.259173e-06],
[[402.0,202.0],8.917518e-06],
[[402.0,352.0],1.257135e-05],
[[402.0,402.0],1.191605e-05],
[[402.0,405.0],1.068256e-05],
[[402.0,407.0],1.095717e-05],
[[402.0,412.0],1.064411e-05],
[[402.0,417.0],1.543394e-05],
[[402.0,422.0],1.034137e-05],
[[402.0,432.0],1.186057e-05],
[[402.0,442.0],1.255306e-05],
[[402.0,452.0],1.29676e-05],
[[402.0,462.0],1.296635e-05],
[[402.0,472.0],1.148753e-05],
[[402.0,482.0],1.607752e-05],
[[402.0,492.0],1.453505e-05],
[[402.0,602.0],1.517144e-05],
[[402.0,702.0],1.687384e-05],
[[405.0,402.0],1.068256e-05],
[[407.0,402.0],1.095717e-05],
[[412.0,352.0],9.610956e-06],
[[412.0,402.0],1.064411e-05],
[[417.0,402.0],1.543394e-05],
[[422.0,352.0],1.145384e-05],
[[422.0,402.0],1.034137e-05],
[[432.0,352.0],1.0225e-05],
[[432.0,402.0],1.186057e-05],
[[442.0,352.0],1.099499e-05],
[[442.0,402.0],1.255306e-05],
[[452.0,152.0],6.577594e-06],
[[452.0,252.0],8.085517e-06],
[[452.0,402.0],1.29676e-05],
[[462.0,402.0],1.296635e-05],
[[472.0,402.0],1.148753e-05],
[[482.0,402.0],1.607752e-05],
[[492.0,402.0],1.453505e-05],
[[502.0,202.0],8.3871e-06],
[[502.0,302.0],1.269826e-05],
[[552.0,252.0],1.004146e-05],
[[552.0,352.0],1.203467e-05],
[[602.0,302.0],1.272696e-05],
[[602.0,402.0],1.517144e-05],
[[602.0,602.0],2.094632e-05],
[[602.0,605.0],1.986191e-05],
[[602.0,607.0],1.996387e-05],
[[602.0,612.0],1.698733e-05],
[[602.0,617.0],1.93079e-05],
[[602.0,622.0],1.893703e-05],
[[602.0,632.0],2.167229e-05],
[[602.0,642.0],1.983951e-05],
[[602.0,652.0],1.996285e-05],
[[602.0,662.0],2.12413e-05],
[[602.0,672.0],2.040804e-05],
[[602.0,682.0],1.860117e-05],
[[602.0,692.0],1.985673e-05],
[[602.0,802.0],2.029499e-05],
[[602.0,902.0],2.115195e-05],
[[605.0,602.0],1.986191e-05],
[[607.0,602.0],1.996387e-05],
[[612.0,602.0],1.698733e-05],
[[617.0,602.0],1.93079e-05],
[[622.0,602.0],1.893703e-05],
[[632.0,602.0],2.167229e-05],
[[642.0,602.0],1.983951e-05],
[[652.0,352.0],1.495296e-05],
[[652.0,602.0],1.996285e-05],
[[662.0,602.0],2.12413e-05],
[[672.0,602.0],2.040804e-05],
[[682.0,602.0],1.860117e-05],
[[692.0,602.0],1.985673e-05],
[[702.0,402.0],1.687384e-05],
[[802.0,602.0],2.029499e-05],
[[802.0,802.0],2.458599e-05],
[[802.0,805.0],2.776836e-05],
[[802.0,807.0],2.881088e-05],
[[802.0,812.0],2.538099e-05],
[[802.0,817.0],2.459306e-05],
[[802.0,822.0],2.41247e-05],
[[802.0,832.0],2.413875e-05],
[[802.0,842.0],2.699963e-05],
[[802.0,852.0],2.74767e-05],
[[802.0,862.0],2.460549e-05],
[[802.0,872.0],2.8027e-05],
[[802.0,882.0],2.585203e-05],
[[802.0,892.0],2.748891e-05],
[[802.0,1002.0],2.950426e-05],
[[802.0,1102.0],2.776316e-05],
[[805.0,802.0],2.776836e-05],
[[807.0,802.0],2.881088e-05],
[[812.0,802.0],2.538099e-05],
[[817.0,802.0],2.459306e-05],
[[822.0,802.0],2.41247e-05],
[[832.0,802.0],2.413875e-05],
[[842.0,802.0],2.699963e-05],
[[852.0,802.0],2.74767e-05],
[[862.0,802.0],2.460549e-05],
[[872.0,802.0],2.8027e-05],
[[882.0,802.0],2.585203e-05],
[[892.0,802.0],2.748891e-05],
[[902.0,602.0],2.115195e-05],
[[1002.0,802.0],2.950426e-05],
[[1002.0,1002.0],2.800244e-05],
[[1002.0,1005.0],3.334343e-05],
[[1002.0,1007.0],3.305669e-05],
[[1002.0,1012.0],2.823645e-05],
[[1002.0,1017.0],2.970031e-05],
[[1002.0,1022.0],3.111694e-05],
[[1002.0,1032.0],3.28914e-05],
[[1002.0,1042.0],3.065645e-05],
[[1002.0,1052.0],3.191567e-05],
[[1002.0,1062.0],3.049465e-05],
[[1002.0,1072.0],3.033274e-05],
[[1002.0,1082.0],2.919551e-05],
[[1002.0,1092.0],2.9604e-05],
[[1002.0,1202.0],3.036454e-05],
[[1002.0,1302.0],3.436125e-05],
[[1005.0,1002.0],3.334343e-05],
[[1007.0,1002.0],3.305669e-05],
[[1012.0,1002.0],2.823645e-05],
[[1017.0,1002.0],2.970031e-05],
[[1022.0,1002.0],3.111694e-05],
[[1032.0,1002.0],3.28914e-05],
[[1042.0,1002.0],3.065645e-05],
[[1052.0,1002.0],3.191567e-05],
[[1062.0,1002.0],3.049465e-05],
[[1072.0,1002.0],3.033274e-05],
[[1082.0,1002.0],2.919551e-05],
[[1092.0,1002.0],2.9604e-05],
[[1102.0,802.0],2.776316e-05],
[[1202.0,1002.0],3.036454e-05],
[[1202.0,1202.0],3.275088e-05],
[[1202.0,1205.0],3.588415e-05],
[[1202.0,1207.0],3.393064e-05],
[[1202.0,1212.0],3.562553e-05],
[[1202.0,1217.0],3.367541e-05],
[[1202.0,1222.0],3.622335e-05],
[[1202.0,1232.0],3.511367e-05],
[[1202.0,1242.0],3.281015e-05],
[[1202.0,1252.0],3.380554e-05],
[[1202.0,1262.0],3.219764e-05],
[[1202.0,1272.0],3.686988e-05],
[[1202.0,1282.0],3.499412e-05],
[[1202.0,1292.0],3.25422e-05],
[[1202.0,1402.0],3.306087e-05],
[[1202.0,1502.0],3.444328e-05],
[[1205.0,1202.0],3.588415e-05],
[[1207.0,1202.0],3.393064e-05],
[[1212.0,1202.0],3.562553e-05],
[[1217.0,1202.0],3.367541e-05],
[[1222.0,1202.0],3.622335e-05],
[[1232.0,1202.0],3.511367e-05],
[[1242.0,1202.0],3.281015e-05],
[[1252.0,1202.0],3.380554e-05],
[[1262.0,1202.0],3.219764e-05],
[[1272.0,1202.0],3.686988e-05],
[[1282.0,1202.0],3.499412e-05],
[[1292.0,1202.0],3.25422e-05],
[[1302.0,1002.0],3.436125e-05],
[[1402.0,1202.0],3.306087e-05],
[[1402.0,1402.0],3.764166e-05],
[[1402.0,1405.0],3.363426e-05],
[[1402.0,1407.0],3.385195e-05],
[[1402.0,1412.0],3.497334e-05],
[[1402.0,1417.0],3.565788e-05],
[[1402.0,1422.0],3.514626e-05],
[[1402.0,1432.0],3.645049e-05],
[[1402.0,1442.0],3.424115e-05],
[[1402.0,1452.0],3.785302e-05],
[[1402.0,1462.0],3.540304e-05],
[[1402.0,1472.0],3.508602e-05],
[[1402.0,1482.0],3.624931e-05],
[[1402.0,1492.0],3.535984e-05],
[[1402.0,1602.0],3.763025e-05],
[[1402.0,1702.0],3.739128e-05],
[[1405.0,1402.0],3.363426e-05],
[[1407.0,1402.0],3.385195e-05],
[[1412.0,1402.0],3.497334e-05],
[[1417.0,1402.0],3.565788e-05],
[[1422.0,1402.0],3.514626e-05],
[[1432.0,1402.0],3.645049e-05],
[[1442.0,1402.0],3.424115e-05],
[[1452.0,1402.0],3.785302e-05],
[[1462.0,1402.0],3.540304e-05],
[[1472.0,1402.0],3.508602e-05],
[[1482.0,1402.0],3.624931e-05],
[[1492.0,1402.0],3.535984e-05],
[[1502.0,1202.0],3.444328e-05],
[[1602.0,1402.0],3.763025e-05],
[[1602.0,1602.0],3.71168e-05],
[[1602.0,1605.0],3.53757e-05],
[[1602.0,1607.0],3.821171e-05],
[[1602.0,1612.0],3.51596e-05],
[[1602.0,1617.0],3.721777e-05],
[[1602.0,1622.0],3.826462e-05],
[[1602.0,1632.0],3.664851e-05],
[[1602.0,1642.0],3.928686e-05],
[[1602.0,1652.0],3.724042e-05],
[[1602.0,1662.0],3.691772e-05],
[[1602.0,1672.0],3.643325e-05],
[[1602.0,1682.0],3.87974e-05],
[[1602.0,1692.0],3.377142e-05],
[[1602.0,1802.0],3.521371e-05],
[[1602.0,1902.0],3.396581e-05],
[[1605.0,1602.0],3.53757e-05],
[[1607.0,1602.0],3.821171e-05],
[[1612.0,1602.0],3.51596e-05],
[[1617.0,1602.0],3.721777e-05],
[[1622.0,1602.0],3.826462e-05],
[[1632.0,1602.0],3.664851e-05],
[[1642.0,1602.0],3.928686e-05],
[[1652.0,1602.0],3.724042e-05],
[[1662.0,1602.0],3.691772e-05],
[[1672.0,1602.0],3.643325e-05],
[[1682.0,1602.0],3.87974e-05],
[[1692.0,1602.0],3.377142e-05],
[[1702.0,1402.0],3.739128e-05],
[[1802.0,1602.0],3.521371e-05],
[[1802.0,1802.0],3.819864e-05],
[[1802.0,1805.0],3.755133e-05],
[[1802.0,1807.0],3.785396e-05],
[[1802.0,1812.0],3.746921e-05],
[[1802.0,1817.0],3.649324e-05],
[[1802.0,1822.0],3.65437e-05],
[[1802.0,1832.0],3.594686e-05],
[[1802.0,1842.0],3.868722e-05],
[[1802.0,1852.0],3.776e-05],
[[1802.0,1862.0],3.759836e-05],
[[1802.0,1872.0],3.798735e-05],
[[1802.0,1882.0],3.700876e-05],
[[1802.0,1892.0],3.529604e-05],
[[1802.0,2002.0],3.735933e-05],
[[1802.0,2102.0],3.635519e-05],
[[1805.0,1802.0],3.755133e-05],
[[1807.0,1802.0],3.785396e-05],
[[1812.0,1802.0],3.746921e-05],
[[1817.0,1802.0],3.649324e-05],
[[1822.0,1802.0],3.65437e-05],
[[1832.0,1802.0],3.594686e-05],
[[1842.0,1802.0],3.868722e-05],
[[1852.0,1802.0],3.776e-05],
[[1862.0,1802.0],3.759836e-05],
[[1872.0,1802.0],3.798735e-05],
[[1882.0,1802.0],3.700876e-05],
[[1892.0,1802.0],3.529604e-05],
[[1902.0,1602.0],3.396581e-05],
[[2002.0,1802.0],3.735933e-05],
[[2002.0,2002.0],3.589274e-05],
[[2002.0,2005.0],3.893242e-05],
[[2002.0,2007.0],3.762516e-05],
[[2002.0,2012.0],3.769675e-05],
[[2002.0,2017.0],3.717673e-05],
[[2002.0,2022.0],3.539184e-05],
[[2002.0,2032.0],3.886979e-05],
[[2002.0,2042.0],3.798275e-05],
[[2002.0,2052.0],3.7926e-05],
[[2002.0,2062.0],3.983996e-05],
[[2002.0,2072.0],3.804079e-05],
[[2002.0,2082.0],3.798166e-05],
[[2002.0,2092.0],3.756294e-05],
[[2002.0,2202.0],3.723147e-05],
[[2002.0,2302.0],3.794376e-05],
[[2005.0,2002.0],3.893242e-05],
[[2007.0,2002.0],3.762516e-05],
[[2012.0,2002.0],3.769675e-05],
[[2017.0,2002.0],3.717673e-05],
[[2022.0,2002.0],3.539184e-05],
[[2032.0,2002.0],3.886979e-05],
[[2042.0,2002.0],3.798275e-05],
[[2052.0,2002.0],3.7926e-05],
[[2062.0,2002.0],3.983996e-05],
[[2072.0,2002.0],3.804079e-05],
[[2082.0,2002.0],3.798166e-05],
[[2092.0,2002.0],3.756294e-05],
[[2102.0,1802.0],3.635519e-05],
[[2202.0,2002.0],3.723147e-05],
[[2302.0,2002.0],3.794376e-05]]
