txName: TChiWWISRqq
constraint: {(PV > anyBSM(1), anyBSM(3)), (anyBSM(1) > q, q, MET(2)), (anyBSM(3) > q, q, MET(4))}
condition: None
conditionDescription: None
figureUrl: None
source: Recast by MA5
validated: True
axesMap: [{0: 'x', 1: 'y', 2: 'x', 3: 'y'}]
dataMap: {0: (1, 'mass', GeV), 1: (2, 'mass', GeV), 2: (3, 'mass', GeV), 3: (4, 'mass', GeV)}
finalState: ['MET', 'MET']
efficiencyMap: [[[11.0,10.0,11.0,10.0],0.0],
[[13.0,10.0,13.0,10.0],0.0],
[[15.0,10.0,15.0,10.0],0.0],
[[20.0,10.0,20.0,10.0],0.0],
[[21.0,20.0,21.0,20.0],0.0],
[[23.0,20.0,23.0,20.0],0.0],
[[25.0,20.0,25.0,20.0],0.0],
[[30.0,10.0,30.0,10.0],0.0],
[[30.0,20.0,30.0,20.0],0.0],
[[31.0,30.0,31.0,30.0],9.665914e-10],
[[33.0,30.0,33.0,30.0],0.0],
[[35.0,30.0,35.0,30.0],0.0],
[[40.0,20.0,40.0,20.0],0.0],
[[40.0,30.0,40.0,30.0],0.0],
[[41.0,40.0,41.0,40.0],4.295709e-09],
[[43.0,40.0,43.0,40.0],0.0],
[[45.0,40.0,45.0,40.0],0.0],
[[50.0,10.0,50.0,10.0],0.0],
[[50.0,30.0,50.0,30.0],0.0],
[[50.0,40.0,50.0,40.0],0.0],
[[51.0,50.0,51.0,50.0],1.238848e-08],
[[53.0,50.0,53.0,50.0],4.093506e-08],
[[55.0,50.0,55.0,50.0],1.793739e-09],
[[60.0,20.0,60.0,20.0],0.0],
[[60.0,40.0,60.0,40.0],0.0],
[[60.0,50.0,60.0,50.0],0.0],
[[61.0,60.0,61.0,60.0],3.076278e-08],
[[63.0,60.0,63.0,60.0],9.515698e-09],
[[65.0,60.0,65.0,60.0],8.460276e-09],
[[70.0,10.0,70.0,10.0],0.0],
[[70.0,30.0,70.0,30.0],0.0],
[[70.0,50.0,70.0,50.0],0.0],
[[70.0,60.0,70.0,60.0],5.635144e-09],
[[71.0,70.0,71.0,70.0],7.197638e-08],
[[73.0,70.0,73.0,70.0],3.624776e-08],
[[75.0,70.0,75.0,70.0],3.806683e-09],
[[80.0,20.0,80.0,20.0],0.0],
[[80.0,40.0,80.0,40.0],0.0],
[[80.0,60.0,80.0,60.0],0.0],
[[80.0,70.0,80.0,70.0],6.322555e-08],
[[81.0,80.0,81.0,80.0],1.071969e-07],
[[83.0,80.0,83.0,80.0],5.127489e-08],
[[85.0,80.0,85.0,80.0],2.93763e-08],
[[90.0,10.0,90.0,10.0],0.0],
[[90.0,30.0,90.0,30.0],0.0],
[[90.0,50.0,90.0,50.0],0.0],
[[90.0,70.0,90.0,70.0],7.291001e-09],
[[90.0,80.0,90.0,80.0],1.369668e-08],
[[91.0,90.0,91.0,90.0],1.765199e-07],
[[93.0,90.0,93.0,90.0],5.868204e-08],
[[95.0,90.0,95.0,90.0],7.296121e-08],
[[100.0,20.0,100.0,20.0],0.0],
[[100.0,40.0,100.0,40.0],1.253999e-09],
[[100.0,60.0,100.0,60.0],2.200192e-09],
[[100.0,80.0,100.0,80.0],4.337153e-09],
[[100.0,90.0,100.0,90.0],1.900977e-08],
[[101.0,100.0,101.0,100.0],3.037653e-07],
[[103.0,100.0,103.0,100.0],1.302604e-07],
[[103.0,102.0,103.0,102.0],5.651411e-07],
[[105.0,100.0,105.0,100.0],6.495188e-08],
[[105.0,102.0,105.0,102.0],1.502721e-07],
[[107.0,102.0,107.0,102.0],1.911251e-07],
[[110.0,30.0,110.0,30.0],0.0],
[[110.0,50.0,110.0,50.0],0.0],
[[110.0,70.0,110.0,70.0],0.0],
[[110.0,90.0,110.0,90.0],9.258826e-09],
[[110.0,100.0,110.0,100.0],2.630467e-07],
[[112.0,102.0,112.0,102.0],2.882241e-08],
[[120.0,40.0,120.0,40.0],0.0],
[[120.0,60.0,120.0,60.0],0.0],
[[120.0,80.0,120.0,80.0],3.315624e-08],
[[120.0,100.0,120.0,100.0],2.497724e-08],
[[122.0,102.0,122.0,102.0],1.720948e-08],
[[123.0,122.0,123.0,122.0],1.701271e-06],
[[125.0,122.0,125.0,122.0],3.166327e-07],
[[127.0,122.0,127.0,122.0],1.442135e-07],
[[130.0,50.0,130.0,50.0],0.0],
[[130.0,70.0,130.0,70.0],0.0],
[[130.0,90.0,130.0,90.0],6.256563e-09],
[[132.0,122.0,132.0,122.0],6.948577e-08],
[[140.0,60.0,140.0,60.0],0.0],
[[140.0,80.0,140.0,80.0],9.086158e-09],
[[140.0,100.0,140.0,100.0],0.0],
[[142.0,102.0,142.0,102.0],5.283603e-09],
[[142.0,122.0,142.0,122.0],2.714835e-08],
[[143.0,142.0,143.0,142.0],6.656935e-07],
[[145.0,142.0,145.0,142.0],5.548434e-07],
[[147.0,142.0,147.0,142.0],4.000373e-07],
[[150.0,70.0,150.0,70.0],0.0],
[[150.0,90.0,150.0,90.0],0.0],
[[152.0,142.0,152.0,142.0],8.522564e-08],
[[160.0,80.0,160.0,80.0],4.967084e-09],
[[160.0,100.0,160.0,100.0],1.665197e-08],
[[162.0,102.0,162.0,102.0],3.617784e-09],
[[162.0,122.0,162.0,122.0],2.285906e-08],
[[162.0,142.0,162.0,142.0],4.39517e-08],
[[163.0,162.0,163.0,162.0],1.177636e-06],
[[165.0,162.0,165.0,162.0],7.596304e-07],
[[167.0,162.0,167.0,162.0],6.654142e-07],
[[170.0,90.0,170.0,90.0],6.64253e-09],
[[172.0,162.0,172.0,162.0],2.176595e-07],
[[180.0,100.0,180.0,100.0],0.0],
[[182.0,102.0,182.0,102.0],8.740563e-09],
[[182.0,122.0,182.0,122.0],1.453628e-08],
[[182.0,142.0,182.0,142.0],5.516877e-08],
[[182.0,162.0,182.0,162.0],1.031094e-07],
[[183.0,182.0,183.0,182.0],1.105383e-06],
[[185.0,182.0,185.0,182.0],1.448782e-06],
[[187.0,182.0,187.0,182.0],8.577876e-07],
[[192.0,182.0,192.0,182.0],3.439456e-07],
[[202.0,122.0,202.0,122.0],2.015935e-08],
[[202.0,142.0,202.0,142.0],1.135969e-07],
[[202.0,162.0,202.0,162.0],6.738897e-08],
[[202.0,182.0,202.0,182.0],2.662181e-07],
[[203.0,202.0,203.0,202.0],1.870026e-06],
[[205.0,202.0,205.0,202.0],2.826231e-06],
[[207.0,202.0,207.0,202.0],1.476728e-06],
[[212.0,202.0,212.0,202.0],5.989754e-07],
[[222.0,142.0,222.0,142.0],2.12833e-08],
[[222.0,162.0,222.0,162.0],7.136475e-08],
[[222.0,182.0,222.0,182.0],5.218633e-08],
[[222.0,202.0,222.0,202.0],2.412499e-07],
[[223.0,222.0,223.0,222.0],2.285941e-06],
[[225.0,222.0,225.0,222.0],1.984066e-06],
[[227.0,222.0,227.0,222.0],1.598864e-06],
[[232.0,222.0,232.0,222.0],7.199709e-07],
[[242.0,162.0,242.0,162.0],5.954485e-08],
[[242.0,182.0,242.0,182.0],4.117543e-08],
[[242.0,202.0,242.0,202.0],1.396184e-07],
[[242.0,222.0,242.0,222.0],3.482588e-07],
[[243.0,242.0,243.0,242.0],2.366353e-06],
[[245.0,242.0,245.0,242.0],2.387097e-06],
[[247.0,242.0,247.0,242.0],1.636398e-06],
[[252.0,242.0,252.0,242.0],1.179333e-06],
[[262.0,182.0,262.0,182.0],8.444348e-08],
[[262.0,202.0,262.0,202.0],1.098903e-07],
[[262.0,222.0,262.0,222.0],2.332689e-07],
[[262.0,242.0,262.0,242.0],6.281469e-07],
[[263.0,262.0,263.0,262.0],3.151924e-06],
[[265.0,262.0,265.0,262.0],2.865816e-06],
[[267.0,262.0,267.0,262.0],3.695912e-06],
[[272.0,262.0,272.0,262.0],1.323203e-06],
[[282.0,202.0,282.0,202.0],7.630744e-08],
[[282.0,222.0,282.0,222.0],1.218238e-07],
[[282.0,242.0,282.0,242.0],5.628723e-07],
[[282.0,262.0,282.0,262.0],6.754586e-07],
[[283.0,282.0,283.0,282.0],3.715446e-06],
[[285.0,282.0,285.0,282.0],3.652114e-06],
[[287.0,282.0,287.0,282.0],2.907641e-06],
[[292.0,282.0,292.0,282.0],2.033701e-06],
[[302.0,222.0,302.0,222.0],1.347569e-07],
[[302.0,242.0,302.0,242.0],2.097523e-07],
[[302.0,262.0,302.0,262.0],6.741622e-07],
[[302.0,282.0,302.0,282.0],8.628657e-07],
[[303.0,302.0,303.0,302.0],4.010742e-06],
[[305.0,302.0,305.0,302.0],4.239944e-06],
[[307.0,302.0,307.0,302.0],3.125171e-06],
[[312.0,302.0,312.0,302.0],2.143558e-06],
[[322.0,242.0,322.0,242.0],3.781592e-07],
[[322.0,262.0,322.0,262.0],7.884178e-07],
[[322.0,282.0,322.0,282.0],5.056829e-07],
[[322.0,302.0,322.0,302.0],3.588707e-06],
[[323.0,322.0,323.0,322.0],5.305263e-06],
[[325.0,322.0,325.0,322.0],4.980225e-06],
[[327.0,322.0,327.0,322.0],4.592874e-06],
[[332.0,322.0,332.0,322.0],2.530498e-06],
[[342.0,262.0,342.0,262.0],2.333211e-07],
[[342.0,282.0,342.0,282.0],3.938955e-07],
[[342.0,302.0,342.0,302.0],5.905841e-07],
[[342.0,322.0,342.0,322.0],2.094438e-06],
[[343.0,342.0,343.0,342.0],5.422673e-06],
[[345.0,342.0,345.0,342.0],6.436129e-06],
[[347.0,342.0,347.0,342.0],5.554456e-06],
[[352.0,342.0,352.0,342.0],3.441395e-06],
[[362.0,282.0,362.0,282.0],3.199518e-07],
[[362.0,302.0,362.0,302.0],6.280259e-07],
[[362.0,322.0,362.0,322.0],2.144972e-06],
[[362.0,342.0,362.0,342.0],2.440903e-06],
[[363.0,362.0,363.0,362.0],7.01022e-06],
[[365.0,362.0,365.0,362.0],6.010327e-06],
[[367.0,362.0,367.0,362.0],5.661144e-06],
[[372.0,362.0,372.0,362.0],4.383296e-06],
[[382.0,302.0,382.0,302.0],8.343691e-07],
[[382.0,322.0,382.0,322.0],8.072896e-07],
[[382.0,342.0,382.0,342.0],2.008341e-06],
[[382.0,362.0,382.0,362.0],2.110799e-06],
[[383.0,382.0,383.0,382.0],7.345776e-06],
[[385.0,382.0,385.0,382.0],6.236899e-06],
[[387.0,382.0,387.0,382.0],6.18489e-06],
[[392.0,382.0,392.0,382.0],5.392282e-06],
[[402.0,322.0,402.0,322.0],5.304065e-07],
[[402.0,342.0,402.0,342.0],1.0775e-06],
[[402.0,362.0,402.0,362.0],1.645181e-06],
[[402.0,382.0,402.0,382.0],2.770397e-06],
[[403.0,402.0,403.0,402.0],7.872426e-06],
[[405.0,402.0,405.0,402.0],7.655417e-06],
[[407.0,402.0,407.0,402.0],7.155346e-06],
[[412.0,402.0,412.0,402.0],5.112121e-06],
[[422.0,342.0,422.0,342.0],8.143028e-07],
[[422.0,362.0,422.0,362.0],1.067341e-06],
[[422.0,382.0,422.0,382.0],1.476876e-06],
[[422.0,402.0,422.0,402.0],2.930394e-06],
[[442.0,362.0,442.0,362.0],1.367735e-06],
[[442.0,382.0,442.0,382.0],1.312113e-06],
[[442.0,402.0,442.0,402.0],1.810576e-06],
[[462.0,382.0,462.0,382.0],1.192724e-06],
[[462.0,402.0,462.0,402.0],1.588142e-06],
[[482.0,402.0,482.0,402.0],1.275193e-06],
[[503.0,502.0,503.0,502.0],1.099484e-05],
[[505.0,502.0,505.0,502.0],1.045477e-05],
[[507.0,502.0,507.0,502.0],1.183925e-05],
[[512.0,502.0,512.0,502.0],8.964599e-06],
[[522.0,502.0,522.0,502.0],6.14902e-06],
[[542.0,502.0,542.0,502.0],4.007471e-06],
[[562.0,502.0,562.0,502.0],3.424838e-06],
[[582.0,502.0,582.0,502.0],2.613943e-06],
[[603.0,602.0,603.0,602.0],1.454295e-05],
[[605.0,602.0,605.0,602.0],1.569332e-05],
[[607.0,602.0,607.0,602.0],1.509152e-05],
[[612.0,602.0,612.0,602.0],1.318036e-05],
[[622.0,602.0,622.0,602.0],8.881947e-06],
[[642.0,602.0,642.0,602.0],4.848903e-06],
[[662.0,602.0,662.0,602.0],4.405607e-06],
[[682.0,602.0,682.0,602.0],4.459057e-06],
[[703.0,702.0,703.0,702.0],1.876922e-05],
[[705.0,702.0,705.0,702.0],1.713231e-05],
[[707.0,702.0,707.0,702.0],1.851008e-05],
[[712.0,702.0,712.0,702.0],1.54382e-05],
[[722.0,702.0,722.0,702.0],1.272e-05],
[[742.0,702.0,742.0,702.0],8.606176e-06],
[[762.0,702.0,762.0,702.0],6.371418e-06],
[[782.0,702.0,782.0,702.0],7.729373e-06],
[[803.0,802.0,803.0,802.0],2.200237e-05],
[[805.0,802.0,805.0,802.0],2.248819e-05],
[[807.0,802.0,807.0,802.0],2.068633e-05],
[[812.0,802.0,812.0,802.0],2.038368e-05],
[[822.0,802.0,822.0,802.0],1.597746e-05],
[[842.0,802.0,842.0,802.0],1.258713e-05],
[[862.0,802.0,862.0,802.0],9.866005e-06],
[[882.0,802.0,882.0,802.0],8.58652e-06],
[[903.0,902.0,903.0,902.0],2.451857e-05],
[[905.0,902.0,905.0,902.0],2.442184e-05],
[[907.0,902.0,907.0,902.0],2.680141e-05],
[[912.0,902.0,912.0,902.0],2.3044e-05],
[[922.0,902.0,922.0,902.0],1.87196e-05],
[[942.0,902.0,942.0,902.0],1.326252e-05],
[[962.0,902.0,962.0,902.0],1.02361e-05],
[[982.0,902.0,982.0,902.0],1.096244e-05],
[[1003.0,1002.0,1003.0,1002.0],2.682271e-05],
[[1005.0,1002.0,1005.0,1002.0],2.635639e-05],
[[1007.0,1002.0,1007.0,1002.0],2.814325e-05],
[[1012.0,1002.0,1012.0,1002.0],2.460985e-05],
[[1022.0,1002.0,1022.0,1002.0],2.301871e-05],
[[1042.0,1002.0,1042.0,1002.0],1.531678e-05],
[[1062.0,1002.0,1062.0,1002.0],1.449476e-05],
[[1082.0,1002.0,1082.0,1002.0],1.022596e-05],
[[1103.0,1102.0,1103.0,1102.0],2.924391e-05],
[[1105.0,1102.0,1105.0,1102.0],3.028286e-05],
[[1107.0,1102.0,1107.0,1102.0],3.175214e-05],
[[1112.0,1102.0,1112.0,1102.0],3.039037e-05],
[[1122.0,1102.0,1122.0,1102.0],2.551496e-05],
[[1142.0,1102.0,1142.0,1102.0],1.682828e-05],
[[1162.0,1102.0,1162.0,1102.0],1.723882e-05],
[[1182.0,1102.0,1182.0,1102.0],1.382228e-05],
[[1203.0,1202.0,1203.0,1202.0],3.359163e-05],
[[1205.0,1202.0,1205.0,1202.0],3.441992e-05],
[[1207.0,1202.0,1207.0,1202.0],3.118395e-05],
[[1212.0,1202.0,1212.0,1202.0],2.917141e-05],
[[1222.0,1202.0,1222.0,1202.0],2.70374e-05],
[[1242.0,1202.0,1242.0,1202.0],2.066828e-05],
[[1262.0,1202.0,1262.0,1202.0],1.396714e-05],
[[1282.0,1202.0,1282.0,1202.0],1.56197e-05],
[[1303.0,1302.0,1303.0,1302.0],3.630524e-05],
[[1305.0,1302.0,1305.0,1302.0],3.413098e-05],
[[1307.0,1302.0,1307.0,1302.0],3.551529e-05],
[[1312.0,1302.0,1312.0,1302.0],3.543252e-05],
[[1322.0,1302.0,1322.0,1302.0],2.84336e-05],
[[1342.0,1302.0,1342.0,1302.0],2.028054e-05],
[[1362.0,1302.0,1362.0,1302.0],1.951785e-05],
[[1382.0,1302.0,1382.0,1302.0],1.708219e-05],
[[1403.0,1402.0,1403.0,1402.0],3.368904e-05],
[[1405.0,1402.0,1405.0,1402.0],3.509792e-05],
[[1407.0,1402.0,1407.0,1402.0],3.32692e-05],
[[1412.0,1402.0,1412.0,1402.0],3.321441e-05],
[[1422.0,1402.0,1422.0,1402.0],3.035049e-05],
[[1442.0,1402.0,1442.0,1402.0],2.480638e-05],
[[1462.0,1402.0,1462.0,1402.0],1.922172e-05],
[[1482.0,1402.0,1482.0,1402.0],1.78467e-05],
[[1503.0,1502.0,1503.0,1502.0],3.38589e-05],
[[1505.0,1502.0,1505.0,1502.0],3.500838e-05],
[[1507.0,1502.0,1507.0,1502.0],3.784438e-05],
[[1512.0,1502.0,1512.0,1502.0],3.253375e-05],
[[1522.0,1502.0,1522.0,1502.0],3.062048e-05],
[[1542.0,1502.0,1542.0,1502.0],2.591084e-05],
[[1562.0,1502.0,1562.0,1502.0],2.136897e-05],
[[1582.0,1502.0,1582.0,1502.0],1.928895e-05],
[[1603.0,1602.0,1603.0,1602.0],3.666682e-05],
[[1605.0,1602.0,1605.0,1602.0],3.393592e-05],
[[1607.0,1602.0,1607.0,1602.0],3.566288e-05],
[[1612.0,1602.0,1612.0,1602.0],3.281226e-05],
[[1622.0,1602.0,1622.0,1602.0],3.193178e-05],
[[1642.0,1602.0,1642.0,1602.0],2.5075e-05],
[[1662.0,1602.0,1662.0,1602.0],2.206912e-05],
[[1682.0,1602.0,1682.0,1602.0],1.990759e-05],
[[1703.0,1702.0,1703.0,1702.0],3.63159e-05],
[[1705.0,1702.0,1705.0,1702.0],3.504165e-05],
[[1707.0,1702.0,1707.0,1702.0],3.639201e-05],
[[1712.0,1702.0,1712.0,1702.0],3.595236e-05],
[[1722.0,1702.0,1722.0,1702.0],3.258577e-05],
[[1742.0,1702.0,1742.0,1702.0],2.537138e-05],
[[1762.0,1702.0,1762.0,1702.0],2.135054e-05],
[[1782.0,1702.0,1782.0,1702.0],2.112664e-05],
[[1803.0,1802.0,1803.0,1802.0],3.611923e-05],
[[1805.0,1802.0,1805.0,1802.0],3.598679e-05],
[[1807.0,1802.0,1807.0,1802.0],3.732714e-05],
[[1812.0,1802.0,1812.0,1802.0],3.731864e-05],
[[1822.0,1802.0,1822.0,1802.0],3.243828e-05],
[[1842.0,1802.0,1842.0,1802.0],2.627912e-05],
[[1862.0,1802.0,1862.0,1802.0],2.40797e-05],
[[1882.0,1802.0,1882.0,1802.0],2.179215e-05],
[[1903.0,1902.0,1903.0,1902.0],3.701003e-05],
[[1905.0,1902.0,1905.0,1902.0],3.516337e-05],
[[1907.0,1902.0,1907.0,1902.0],3.775677e-05],
[[1912.0,1902.0,1912.0,1902.0],3.681782e-05],
[[1922.0,1902.0,1922.0,1902.0],3.339373e-05],
[[1942.0,1902.0,1942.0,1902.0],2.797553e-05],
[[1962.0,1902.0,1962.0,1902.0],2.352653e-05],
[[1982.0,1902.0,1982.0,1902.0],2.046054e-05],
[[2003.0,2002.0,2003.0,2002.0],3.719459e-05],
[[2005.0,2002.0,2005.0,2002.0],3.858627e-05],
[[2007.0,2002.0,2007.0,2002.0],3.595474e-05],
[[2012.0,2002.0,2012.0,2002.0],3.690051e-05],
[[2022.0,2002.0,2022.0,2002.0],3.385181e-05],
[[2042.0,2002.0,2042.0,2002.0],2.820592e-05],
[[2062.0,2002.0,2062.0,2002.0],2.416178e-05],
[[2082.0,2002.0,2082.0,2002.0],2.228279e-05]]
