txName: TRV1nunu
constraint: {(PV > Zprime(1)), (Zprime(1) > nu,nu)}
condition: None
conditionDescription: None
figureUrl: None
source: CMS
validated: N/A
axesMap: [{0: 'x'}]
dataMap: {0: (1, 'mass', GeV)}
finalState: ['MET', 'MET']
efficiencyMap: [[[50.0],0.0],
[[100.0],1.214367e-08],
[[150.0],4.244531e-08],
[[200.0],1.109704e-07],
[[250.0],2.802981e-07],
[[300.0],6.87445e-07],
[[350.0],3.568625e-07],
[[400.0],9.540105e-07],
[[450.0],1.586722e-06],
[[500.0],3.005658e-06],
[[550.0],2.536794e-06],
[[600.0],3.613244e-06],
[[650.0],4.86586e-06],
[[700.0],6.024718e-06],
[[750.0],7.837305e-06],
[[800.0],6.767369e-06],
[[850.0],9.207171e-06],
[[900.0],9.59873e-06],
[[950.0],1.326829e-05],
[[1000.0],1.258988e-05],
[[1050.0],1.409975e-05],
[[1100.0],1.86819e-05],
[[1150.0],1.772756e-05],
[[1200.0],2.397697e-05],
[[1250.0],1.984554e-05],
[[1300.0],2.358554e-05],
[[1350.0],2.54057e-05],
[[1400.0],2.892429e-05],
[[1450.0],2.779042e-05],
[[1500.0],3.024079e-05],
[[1550.0],2.987606e-05],
[[1600.0],3.311947e-05],
[[1650.0],3.682958e-05],
[[1700.0],3.497597e-05],
[[1750.0],3.856257e-05],
[[1800.0],3.871813e-05],
[[1850.0],3.825407e-05],
[[1900.0],4.134035e-05],
[[1950.0],4.027927e-05],
[[2000.0],5.303509e-05],
[[2250.0],5.340061e-05],
[[2500.0],5.879326e-05],
[[2750.0],6.236987e-05],
[[3000.0],5.314309e-05]]
