dataId: SR1400_Low_long
dataType: efficiencyMap
observedN: 8
expectedBG: 5.2
bgError: 1.7
upperLimit: 0.06906474820143885*fb
expectedUpperLimit: 0.046762589928057555*fb
