txName: TChiISR
constraint: {(PV > MET(1), MET(2))}
condition: None
conditionDescription: None
figureUrl: None
source: Recast by MA5
validated: True
axesMap: [{0: 'x', 1: 'y'}]
dataMap: {0: (1, 'mass', GeV), 1: (2, 'mass', GeV)}
finalState: ['MET', 'MET']
efficiencyMap: [[[1.0,10.0],3.541336e-07],
[[1.0,20.0],7.858762e-08],
[[1.0,30.0],1.372442e-07],
[[1.0,40.0],9.44045e-08],
[[1.0,50.0],1.630013e-06],
[[1.0,60.0],3.699981e-08],
[[5.0,10.0],3.512876e-07],
[[7.0,10.0],5.536326e-08],
[[9.0,10.0],1.06128e-08],
[[10.0,1.0],3.541336e-07],
[[10.0,5.0],3.512876e-07],
[[10.0,7.0],5.536326e-08],
[[10.0,9.0],1.06128e-08],
[[10.0,10.0],4.477985e-08],
[[12.0,62.0],1.266284e-08],
[[12.0,72.0],3.410869e-08],
[[12.0,82.0],1.787764e-07],
[[12.0,92.0],3.995178e-07],
[[12.0,102.0],5.772774e-07],
[[12.0,212.0],8.29801e-06],
[[12.0,312.0],1.011411e-05],
[[15.0,20.0],2.972463e-08],
[[17.0,20.0],9.284962e-08],
[[19.0,20.0],1.026828e-08],
[[20.0,1.0],7.858762e-08],
[[20.0,15.0],2.972463e-08],
[[20.0,17.0],9.284962e-08],
[[20.0,19.0],1.026828e-08],
[[20.0,20.0],1.46431e-08],
[[20.0,30.0],2.685044e-08],
[[20.0,40.0],2.711882e-08],
[[20.0,50.0],4.717115e-08],
[[20.0,60.0],4.008369e-08],
[[25.0,30.0],1.522553e-08],
[[27.0,30.0],1.223085e-08],
[[29.0,30.0],1.067639e-07],
[[30.0,1.0],1.372442e-07],
[[30.0,20.0],2.685044e-08],
[[30.0,25.0],1.522553e-08],
[[30.0,27.0],1.223085e-08],
[[30.0,29.0],1.067639e-07],
[[30.0,30.0],1.685319e-08],
[[30.0,40.0],1.573978e-08],
[[30.0,50.0],1.733241e-08],
[[30.0,60.0],1.48876e-07],
[[32.0,62.0],1.767417e-06],
[[32.0,72.0],2.32133e-07],
[[32.0,82.0],2.818631e-06],
[[32.0,92.0],5.242824e-07],
[[32.0,102.0],6.928569e-07],
[[32.0,112.0],1.266753e-06],
[[32.0,122.0],1.438526e-06],
[[32.0,232.0],6.135627e-06],
[[32.0,332.0],1.517476e-05],
[[35.0,40.0],3.305985e-08],
[[37.0,40.0],7.359747e-08],
[[39.0,40.0],3.364546e-08],
[[40.0,1.0],9.44045e-08],
[[40.0,20.0],2.711882e-08],
[[40.0,30.0],1.573978e-08],
[[40.0,35.0],3.305985e-08],
[[40.0,37.0],7.359747e-08],
[[40.0,39.0],3.364546e-08],
[[40.0,40.0],1.335309e-07],
[[40.0,50.0],7.490956e-07],
[[40.0,60.0],2.006705e-07],
[[45.0,50.0],1.450513e-07],
[[47.0,50.0],1.571392e-07],
[[49.0,50.0],1.543344e-07],
[[50.0,1.0],1.630013e-06],
[[50.0,20.0],4.717115e-08],
[[50.0,30.0],1.733241e-08],
[[50.0,40.0],7.490956e-07],
[[50.0,45.0],1.450513e-07],
[[50.0,47.0],1.571392e-07],
[[50.0,49.0],1.543344e-07],
[[50.0,50.0],1.514041e-07],
[[50.0,60.0],5.315043e-07],
[[52.0,62.0],3.756601e-07],
[[52.0,67.0],7.848639e-07],
[[52.0,72.0],5.449357e-07],
[[52.0,82.0],6.25073e-07],
[[52.0,92.0],1.107423e-06],
[[52.0,102.0],1.339327e-06],
[[52.0,112.0],1.436345e-06],
[[52.0,122.0],1.825254e-06],
[[52.0,132.0],2.248348e-06],
[[52.0,142.0],2.3569e-06],
[[52.0,252.0],1.332247e-05],
[[52.0,352.0],1.633669e-05],
[[55.0,60.0],4.512915e-07],
[[57.0,60.0],6.15507e-07],
[[59.0,60.0],4.335302e-07],
[[60.0,1.0],3.699981e-08],
[[60.0,20.0],4.008369e-08],
[[60.0,30.0],1.48876e-07],
[[60.0,40.0],2.006705e-07],
[[60.0,50.0],5.315043e-07],
[[60.0,55.0],4.512915e-07],
[[60.0,57.0],6.15507e-07],
[[60.0,59.0],4.335302e-07],
[[60.0,60.0],4.804546e-07],
[[62.0,12.0],1.266284e-08],
[[62.0,32.0],1.767417e-06],
[[62.0,52.0],3.756601e-07],
[[67.0,52.0],7.848639e-07],
[[72.0,12.0],3.410869e-08],
[[72.0,32.0],2.32133e-07],
[[72.0,52.0],5.449357e-07],
[[72.0,72.0],1.966357e-06],
[[72.0,75.0],5.786952e-06],
[[72.0,77.0],1.003618e-06],
[[72.0,82.0],1.326752e-06],
[[72.0,87.0],9.963418e-06],
[[72.0,92.0],2.680498e-06],
[[72.0,102.0],1.555971e-06],
[[72.0,112.0],2.786972e-06],
[[72.0,122.0],3.282703e-06],
[[72.0,132.0],2.239764e-06],
[[72.0,142.0],2.922574e-06],
[[72.0,152.0],3.150888e-06],
[[72.0,162.0],8.569938e-06],
[[72.0,272.0],1.017927e-05],
[[72.0,372.0],1.703365e-05],
[[75.0,72.0],5.786952e-06],
[[77.0,72.0],1.003618e-06],
[[82.0,12.0],1.787764e-07],
[[82.0,32.0],2.818631e-06],
[[82.0,52.0],6.25073e-07],
[[82.0,72.0],1.326752e-06],
[[87.0,72.0],9.963418e-06],
[[92.0,12.0],3.995178e-07],
[[92.0,32.0],5.242824e-07],
[[92.0,52.0],1.107423e-06],
[[92.0,72.0],2.680498e-06],
[[92.0,92.0],3.220219e-06],
[[92.0,95.0],3.035855e-06],
[[92.0,97.0],2.260484e-06],
[[92.0,102.0],2.563741e-06],
[[92.0,107.0],3.205104e-06],
[[92.0,112.0],2.289846e-06],
[[92.0,122.0],3.553242e-06],
[[92.0,132.0],3.778814e-06],
[[92.0,142.0],3.458569e-06],
[[92.0,152.0],5.974599e-06],
[[92.0,162.0],5.895318e-06],
[[92.0,172.0],5.821295e-06],
[[92.0,182.0],9.030492e-06],
[[92.0,292.0],1.303177e-05],
[[92.0,392.0],2.769176e-05],
[[95.0,92.0],3.035855e-06],
[[97.0,92.0],2.260484e-06],
[[102.0,12.0],5.772774e-07],
[[102.0,32.0],6.928569e-07],
[[102.0,52.0],1.339327e-06],
[[102.0,72.0],1.555971e-06],
[[102.0,92.0],2.563741e-06],
[[102.0,102.0],2.687759e-06],
[[102.0,105.0],2.522134e-06],
[[102.0,107.0],2.784182e-06],
[[102.0,112.0],4.191435e-06],
[[102.0,117.0],4.213366e-06],
[[102.0,122.0],5.751698e-06],
[[102.0,132.0],2.449364e-05],
[[102.0,142.0],5.126879e-06],
[[102.0,152.0],4.715514e-06],
[[102.0,162.0],1.932061e-05],
[[102.0,172.0],7.442016e-06],
[[102.0,182.0],6.913901e-06],
[[102.0,192.0],8.668298e-06],
[[102.0,302.0],1.608199e-05],
[[102.0,402.0],2.586493e-05],
[[105.0,102.0],2.522134e-06],
[[107.0,92.0],3.205104e-06],
[[107.0,102.0],2.784182e-06],
[[112.0,32.0],1.266753e-06],
[[112.0,52.0],1.436345e-06],
[[112.0,72.0],2.786972e-06],
[[112.0,92.0],2.289846e-06],
[[112.0,102.0],4.191435e-06],
[[117.0,102.0],4.213366e-06],
[[122.0,32.0],1.438526e-06],
[[122.0,52.0],1.825254e-06],
[[122.0,72.0],3.282703e-06],
[[122.0,92.0],3.553242e-06],
[[122.0,102.0],5.751698e-06],
[[132.0,52.0],2.248348e-06],
[[132.0,72.0],2.239764e-06],
[[132.0,92.0],3.778814e-06],
[[132.0,102.0],2.449364e-05],
[[142.0,52.0],2.3569e-06],
[[142.0,72.0],2.922574e-06],
[[142.0,92.0],3.458569e-06],
[[142.0,102.0],5.126879e-06],
[[152.0,72.0],3.150888e-06],
[[152.0,92.0],5.974599e-06],
[[152.0,102.0],4.715514e-06],
[[152.0,152.0],8.734793e-06],
[[152.0,155.0],6.335479e-06],
[[152.0,157.0],8.351155e-06],
[[152.0,162.0],8.834421e-06],
[[152.0,167.0],8.809592e-06],
[[152.0,172.0],9.841902e-06],
[[152.0,182.0],1.111663e-05],
[[152.0,192.0],1.014559e-05],
[[152.0,202.0],1.181492e-05],
[[152.0,212.0],1.359255e-05],
[[152.0,222.0],1.232095e-05],
[[152.0,232.0],1.394974e-05],
[[152.0,242.0],1.552323e-05],
[[152.0,352.0],2.322228e-05],
[[152.0,452.0],3.359706e-05],
[[155.0,152.0],6.335479e-06],
[[157.0,152.0],8.351155e-06],
[[162.0,72.0],8.569938e-06],
[[162.0,92.0],5.895318e-06],
[[162.0,102.0],1.932061e-05],
[[162.0,152.0],8.834421e-06],
[[167.0,152.0],8.809592e-06],
[[172.0,92.0],5.821295e-06],
[[172.0,102.0],7.442016e-06],
[[172.0,152.0],9.841902e-06],
[[182.0,92.0],9.030492e-06],
[[182.0,102.0],6.913901e-06],
[[182.0,152.0],1.111663e-05],
[[192.0,102.0],8.668298e-06],
[[192.0,152.0],1.014559e-05],
[[202.0,152.0],1.181492e-05],
[[202.0,202.0],1.615422e-05],
[[202.0,205.0],1.413461e-05],
[[202.0,207.0],1.428401e-05],
[[202.0,212.0],1.693235e-05],
[[202.0,217.0],1.507251e-05],
[[202.0,222.0],1.856909e-05],
[[202.0,232.0],1.757061e-05],
[[202.0,242.0],2.25316e-05],
[[202.0,252.0],2.39509e-05],
[[202.0,262.0],1.922957e-05],
[[202.0,272.0],1.966777e-05],
[[202.0,282.0],2.09429e-05],
[[202.0,402.0],3.432454e-05],
[[202.0,502.0],5.012407e-05],
[[205.0,202.0],1.413461e-05],
[[207.0,202.0],1.428401e-05],
[[212.0,12.0],8.29801e-06],
[[212.0,152.0],1.359255e-05],
[[212.0,202.0],1.693235e-05],
[[217.0,202.0],1.507251e-05],
[[222.0,152.0],1.232095e-05],
[[222.0,202.0],1.856909e-05],
[[232.0,32.0],6.135627e-06],
[[232.0,152.0],1.394974e-05],
[[232.0,202.0],1.757061e-05],
[[242.0,152.0],1.552323e-05],
[[242.0,202.0],2.25316e-05],
[[252.0,52.0],1.332247e-05],
[[252.0,202.0],2.39509e-05],
[[252.0,252.0],2.477689e-05],
[[252.0,255.0],2.557904e-05],
[[252.0,257.0],2.490672e-05],
[[252.0,262.0],2.233324e-05],
[[252.0,267.0],2.384067e-05],
[[252.0,272.0],2.807168e-05],
[[252.0,282.0],2.576107e-05],
[[252.0,292.0],3.300601e-05],
[[252.0,302.0],4.094563e-05],
[[252.0,312.0],3.091467e-05],
[[252.0,322.0],3.831701e-05],
[[252.0,332.0],4.405118e-05],
[[252.0,342.0],4.045116e-05],
[[252.0,452.0],4.799702e-05],
[[252.0,552.0],6.118512e-05],
[[255.0,252.0],2.557904e-05],
[[257.0,252.0],2.490672e-05],
[[262.0,202.0],1.922957e-05],
[[262.0,252.0],2.233324e-05],
[[267.0,252.0],2.384067e-05],
[[272.0,72.0],1.017927e-05],
[[272.0,202.0],1.966777e-05],
[[272.0,252.0],2.807168e-05],
[[282.0,202.0],2.09429e-05],
[[282.0,252.0],2.576107e-05],
[[292.0,92.0],1.303177e-05],
[[292.0,252.0],3.300601e-05],
[[302.0,102.0],1.608199e-05],
[[302.0,252.0],4.094563e-05],
[[302.0,302.0],3.595423e-05],
[[302.0,305.0],3.70123e-05],
[[302.0,307.0],3.35645e-05],
[[302.0,312.0],3.306651e-05],
[[302.0,317.0],4.761849e-05],
[[302.0,322.0],3.497351e-05],
[[302.0,332.0],4.17156e-05],
[[302.0,342.0],4.582289e-05],
[[302.0,352.0],4.365566e-05],
[[302.0,362.0],5.14891e-05],
[[302.0,372.0],4.980909e-05],
[[302.0,382.0],5.022404e-05],
[[302.0,392.0],4.914292e-05],
[[302.0,502.0],5.582488e-05],
[[302.0,602.0],7.639702e-05],
[[305.0,302.0],3.70123e-05],
[[307.0,302.0],3.35645e-05],
[[312.0,12.0],1.011411e-05],
[[312.0,252.0],3.091467e-05],
[[312.0,302.0],3.306651e-05],
[[317.0,302.0],4.761849e-05],
[[322.0,252.0],3.831701e-05],
[[322.0,302.0],3.497351e-05],
[[332.0,32.0],1.517476e-05],
[[332.0,252.0],4.405118e-05],
[[332.0,302.0],4.17156e-05],
[[342.0,252.0],4.045116e-05],
[[342.0,302.0],4.582289e-05],
[[352.0,52.0],1.633669e-05],
[[352.0,152.0],2.322228e-05],
[[352.0,302.0],4.365566e-05],
[[352.0,352.0],4.991822e-05],
[[352.0,355.0],4.655125e-05],
[[352.0,357.0],4.917894e-05],
[[352.0,362.0],4.792084e-05],
[[352.0,367.0],5.061411e-05],
[[352.0,372.0],5.729575e-05],
[[352.0,382.0],5.159525e-05],
[[352.0,392.0],5.946958e-05],
[[352.0,402.0],5.395466e-05],
[[352.0,412.0],5.071041e-05],
[[352.0,422.0],6.33884e-05],
[[352.0,432.0],5.847987e-05],
[[352.0,442.0],5.766051e-05],
[[352.0,552.0],7.705001e-05],
[[352.0,652.0],8.407932e-05],
[[355.0,352.0],4.655125e-05],
[[357.0,352.0],4.917894e-05],
[[362.0,302.0],5.14891e-05],
[[362.0,352.0],4.792084e-05],
[[367.0,352.0],5.061411e-05],
[[372.0,72.0],1.703365e-05],
[[372.0,302.0],4.980909e-05],
[[372.0,352.0],5.729575e-05],
[[382.0,302.0],5.022404e-05],
[[382.0,352.0],5.159525e-05],
[[392.0,92.0],2.769176e-05],
[[392.0,302.0],4.914292e-05],
[[392.0,352.0],5.946958e-05],
[[402.0,102.0],2.586493e-05],
[[402.0,202.0],3.432454e-05],
[[402.0,352.0],5.395466e-05],
[[402.0,402.0],5.604621e-05],
[[402.0,405.0],5.913689e-05],
[[402.0,407.0],6.512716e-05],
[[402.0,412.0],6.470845e-05],
[[402.0,417.0],6.708293e-05],
[[402.0,422.0],6.02194e-05],
[[402.0,432.0],6.575263e-05],
[[402.0,442.0],7.295533e-05],
[[402.0,452.0],6.43174e-05],
[[402.0,462.0],6.41876e-05],
[[402.0,472.0],6.525743e-05],
[[402.0,482.0],6.489098e-05],
[[402.0,492.0],6.713421e-05],
[[402.0,602.0],8.175723e-05],
[[402.0,702.0],0.0001036426],
[[405.0,402.0],5.913689e-05],
[[407.0,402.0],6.512716e-05],
[[412.0,352.0],5.071041e-05],
[[412.0,402.0],6.470845e-05],
[[417.0,402.0],6.708293e-05],
[[422.0,352.0],6.33884e-05],
[[422.0,402.0],6.02194e-05],
[[432.0,352.0],5.847987e-05],
[[432.0,402.0],6.575263e-05],
[[442.0,352.0],5.766051e-05],
[[442.0,402.0],7.295533e-05],
[[452.0,152.0],3.359706e-05],
[[452.0,252.0],4.799702e-05],
[[452.0,402.0],6.43174e-05],
[[462.0,402.0],6.41876e-05],
[[472.0,402.0],6.525743e-05],
[[482.0,402.0],6.489098e-05],
[[492.0,402.0],6.713421e-05],
[[502.0,202.0],5.012407e-05],
[[502.0,302.0],5.582488e-05],
[[552.0,252.0],6.118512e-05],
[[552.0,352.0],7.705001e-05],
[[602.0,302.0],7.639702e-05],
[[602.0,402.0],8.175723e-05],
[[602.0,602.0],0.0001068156],
[[602.0,605.0],0.0001104519],
[[602.0,607.0],0.0001171919],
[[602.0,612.0],0.0001119139],
[[602.0,617.0],0.0001173673],
[[602.0,622.0],0.0001074196],
[[602.0,632.0],0.0001155032],
[[602.0,642.0],0.0001145549],
[[602.0,652.0],0.0001183287],
[[602.0,662.0],0.0001165622],
[[602.0,672.0],0.0001158186],
[[602.0,682.0],0.0001301509],
[[602.0,692.0],0.00012078],
[[602.0,802.0],0.0001362779],
[[602.0,902.0],0.0001448307],
[[605.0,602.0],0.0001104519],
[[607.0,602.0],0.0001171919],
[[612.0,602.0],0.0001119139],
[[617.0,602.0],0.0001173673],
[[622.0,602.0],0.0001074196],
[[632.0,602.0],0.0001155032],
[[642.0,602.0],0.0001145549],
[[652.0,352.0],8.407932e-05],
[[652.0,602.0],0.0001183287],
[[662.0,602.0],0.0001165622],
[[672.0,602.0],0.0001158186],
[[682.0,602.0],0.0001301509],
[[692.0,602.0],0.00012078],
[[702.0,402.0],0.0001036426],
[[802.0,602.0],0.0001362779],
[[802.0,802.0],0.0001569326],
[[802.0,805.0],0.0001502176],
[[802.0,807.0],0.0001558997],
[[802.0,812.0],0.0001542185],
[[802.0,817.0],0.0001604692],
[[802.0,822.0],0.0001551257],
[[802.0,832.0],0.0001658965],
[[802.0,842.0],0.000157023],
[[802.0,852.0],0.000166819],
[[802.0,862.0],0.0001522533],
[[802.0,872.0],0.0001654322],
[[802.0,882.0],0.0001611762],
[[802.0,892.0],0.0001659387],
[[802.0,1002.0],0.000173782],
[[802.0,1102.0],0.000181599],
[[805.0,802.0],0.0001502176],
[[807.0,802.0],0.0001558997],
[[812.0,802.0],0.0001542185],
[[817.0,802.0],0.0001604692],
[[822.0,802.0],0.0001551257],
[[832.0,802.0],0.0001658965],
[[842.0,802.0],0.000157023],
[[852.0,802.0],0.000166819],
[[862.0,802.0],0.0001522533],
[[872.0,802.0],0.0001654322],
[[882.0,802.0],0.0001611762],
[[892.0,802.0],0.0001659387],
[[902.0,602.0],0.0001448307],
[[1002.0,802.0],0.000173782],
[[1002.0,1002.0],0.0001866806],
[[1002.0,1005.0],0.0001979396],
[[1002.0,1007.0],0.0001911098],
[[1002.0,1012.0],0.0001926183],
[[1002.0,1017.0],0.0001917772],
[[1002.0,1022.0],0.0002034882],
[[1002.0,1032.0],0.0001931507],
[[1002.0,1042.0],0.0001970286],
[[1002.0,1052.0],0.0001925382],
[[1002.0,1062.0],0.0001962122],
[[1002.0,1072.0],0.0001880615],
[[1002.0,1082.0],0.0001980441],
[[1002.0,1092.0],0.0001833304],
[[1002.0,1202.0],0.0001922941],
[[1002.0,1302.0],0.0002078205],
[[1005.0,1002.0],0.0001979396],
[[1007.0,1002.0],0.0001911098],
[[1012.0,1002.0],0.0001926183],
[[1017.0,1002.0],0.0001917772],
[[1022.0,1002.0],0.0002034882],
[[1032.0,1002.0],0.0001931507],
[[1042.0,1002.0],0.0001970286],
[[1052.0,1002.0],0.0001925382],
[[1062.0,1002.0],0.0001962122],
[[1072.0,1002.0],0.0001880615],
[[1082.0,1002.0],0.0001980441],
[[1092.0,1002.0],0.0001833304],
[[1102.0,802.0],0.000181599],
[[1202.0,1002.0],0.0001922941],
[[1202.0,1202.0],0.0002173633],
[[1202.0,1205.0],0.0002157906],
[[1202.0,1207.0],0.0002178415],
[[1202.0,1212.0],0.0002102313],
[[1202.0,1217.0],0.0002168288],
[[1202.0,1222.0],0.0002125251],
[[1202.0,1232.0],0.0002128245],
[[1202.0,1242.0],0.0002221573],
[[1202.0,1252.0],0.0002105077],
[[1202.0,1262.0],0.0002162512],
[[1202.0,1272.0],0.0002186625],
[[1202.0,1282.0],0.0002170614],
[[1202.0,1292.0],0.0002169935],
[[1202.0,1402.0],0.0002197702],
[[1202.0,1502.0],0.0002303116],
[[1205.0,1202.0],0.0002157906],
[[1207.0,1202.0],0.0002178415],
[[1212.0,1202.0],0.0002102313],
[[1217.0,1202.0],0.0002168288],
[[1222.0,1202.0],0.0002125251],
[[1232.0,1202.0],0.0002128245],
[[1242.0,1202.0],0.0002221573],
[[1252.0,1202.0],0.0002105077],
[[1262.0,1202.0],0.0002162512],
[[1272.0,1202.0],0.0002186625],
[[1282.0,1202.0],0.0002170614],
[[1292.0,1202.0],0.0002169935],
[[1302.0,1002.0],0.0002078205],
[[1402.0,1202.0],0.0002197702],
[[1402.0,1402.0],0.0002299175],
[[1402.0,1405.0],0.0002280365],
[[1402.0,1407.0],0.0002346955],
[[1402.0,1412.0],0.0002240395],
[[1402.0,1417.0],0.0002274664],
[[1402.0,1422.0],0.0002217832],
[[1402.0,1432.0],0.0002291872],
[[1402.0,1442.0],0.0002275475],
[[1402.0,1452.0],0.0002309881],
[[1402.0,1462.0],0.0002277612],
[[1402.0,1472.0],0.0002370642],
[[1402.0,1482.0],0.0002358963],
[[1402.0,1492.0],0.0002318387],
[[1402.0,1602.0],0.0002392941],
[[1402.0,1702.0],0.0002358917],
[[1405.0,1402.0],0.0002280365],
[[1407.0,1402.0],0.0002346955],
[[1412.0,1402.0],0.0002240395],
[[1417.0,1402.0],0.0002274664],
[[1422.0,1402.0],0.0002217832],
[[1432.0,1402.0],0.0002291872],
[[1442.0,1402.0],0.0002275475],
[[1452.0,1402.0],0.0002309881],
[[1462.0,1402.0],0.0002277612],
[[1472.0,1402.0],0.0002370642],
[[1482.0,1402.0],0.0002358963],
[[1492.0,1402.0],0.0002318387],
[[1502.0,1202.0],0.0002303116],
[[1602.0,1402.0],0.0002392941],
[[1602.0,1602.0],0.0002370399],
[[1602.0,1605.0],0.0002412888],
[[1602.0,1607.0],0.0002411953],
[[1602.0,1612.0],0.0002415408],
[[1602.0,1617.0],0.0002381362],
[[1602.0,1622.0],0.0002419585],
[[1602.0,1632.0],0.0002390859],
[[1602.0,1642.0],0.0002379651],
[[1602.0,1652.0],0.0002361617],
[[1602.0,1662.0],0.000243508],
[[1602.0,1672.0],0.0002399832],
[[1602.0,1682.0],0.0002342664],
[[1602.0,1692.0],0.0002380697],
[[1602.0,1802.0],0.0002432962],
[[1602.0,1902.0],0.0002396704],
[[1605.0,1602.0],0.0002412888],
[[1607.0,1602.0],0.0002411953],
[[1612.0,1602.0],0.0002415408],
[[1617.0,1602.0],0.0002381362],
[[1622.0,1602.0],0.0002419585],
[[1632.0,1602.0],0.0002390859],
[[1642.0,1602.0],0.0002379651],
[[1652.0,1602.0],0.0002361617],
[[1662.0,1602.0],0.000243508],
[[1672.0,1602.0],0.0002399832],
[[1682.0,1602.0],0.0002342664],
[[1692.0,1602.0],0.0002380697],
[[1702.0,1402.0],0.0002358917],
[[1802.0,1602.0],0.0002432962],
[[1802.0,1802.0],0.0002447023],
[[1802.0,1805.0],0.0002466161],
[[1802.0,1807.0],0.0002435737],
[[1802.0,1812.0],0.0002465635],
[[1802.0,1817.0],0.0002431099],
[[1802.0,1822.0],0.0002440104],
[[1802.0,1832.0],0.0002435022],
[[1802.0,1842.0],0.0002398808],
[[1802.0,1852.0],0.0002432428],
[[1802.0,1862.0],0.0002430827],
[[1802.0,1872.0],0.000242139],
[[1802.0,1882.0],0.0002407398],
[[1802.0,1892.0],0.0002397871],
[[1802.0,2002.0],0.0002402132],
[[1802.0,2102.0],0.0002388611],
[[1805.0,1802.0],0.0002466161],
[[1807.0,1802.0],0.0002435737],
[[1812.0,1802.0],0.0002465635],
[[1817.0,1802.0],0.0002431099],
[[1822.0,1802.0],0.0002440104],
[[1832.0,1802.0],0.0002435022],
[[1842.0,1802.0],0.0002398808],
[[1852.0,1802.0],0.0002432428],
[[1862.0,1802.0],0.0002430827],
[[1872.0,1802.0],0.000242139],
[[1882.0,1802.0],0.0002407398],
[[1892.0,1802.0],0.0002397871],
[[1902.0,1602.0],0.0002396704],
[[2002.0,1802.0],0.0002402132],
[[2002.0,2002.0],0.0002449021],
[[2002.0,2005.0],0.000246041],
[[2002.0,2007.0],0.0002517817],
[[2002.0,2012.0],0.0002458641],
[[2002.0,2017.0],0.000252465],
[[2002.0,2022.0],0.0002450903],
[[2002.0,2032.0],0.0002495873],
[[2002.0,2042.0],0.0002478265],
[[2002.0,2052.0],0.0002432376],
[[2002.0,2062.0],0.0002501392],
[[2002.0,2072.0],0.0002443366],
[[2002.0,2082.0],0.0002490224],
[[2002.0,2092.0],0.0002466461],
[[2002.0,2202.0],0.0002527738],
[[2002.0,2302.0],0.0002433013],
[[2005.0,2002.0],0.000246041],
[[2007.0,2002.0],0.0002517817],
[[2012.0,2002.0],0.0002458641],
[[2017.0,2002.0],0.000252465],
[[2022.0,2002.0],0.0002450903],
[[2032.0,2002.0],0.0002495873],
[[2042.0,2002.0],0.0002478265],
[[2052.0,2002.0],0.0002432376],
[[2062.0,2002.0],0.0002501392],
[[2072.0,2002.0],0.0002443366],
[[2082.0,2002.0],0.0002490224],
[[2092.0,2002.0],0.0002466461],
[[2102.0,1802.0],0.0002388611],
[[2202.0,2002.0],0.0002527738],
[[2302.0,2002.0],0.0002433013]]
