txName: TChiWWISRqq
constraint: {(PV > anyBSM(1), anyBSM(3)), (anyBSM(1) > q, q, MET(2)), (anyBSM(3) > q, q, MET(4))}
condition: None
conditionDescription: None
figureUrl: None
source: Recast by MA5
validated: True
axesMap: [{0: 'x', 1: 'y', 2: 'x', 3: 'y'}]
dataMap: {0: (1, 'mass', GeV), 1: (2, 'mass', GeV), 2: (3, 'mass', GeV), 3: (4, 'mass', GeV)}
finalState: ['MET', 'MET']
intermediateState: None
efficiencyMap: [[[11.0,10.0,11.0,10.0],5.820061e-10],
[[13.0,10.0,13.0,10.0],0.0],
[[15.0,10.0,15.0,10.0],0.0],
[[20.0,10.0,20.0,10.0],0.0],
[[21.0,20.0,21.0,20.0],2.879585e-07],
[[23.0,20.0,23.0,20.0],0.0],
[[25.0,20.0,25.0,20.0],0.0],
[[30.0,10.0,30.0,10.0],0.0],
[[30.0,20.0,30.0,20.0],0.0],
[[31.0,30.0,31.0,30.0],5.208911e-08],
[[33.0,30.0,33.0,30.0],0.0],
[[35.0,30.0,35.0,30.0],0.0],
[[40.0,20.0,40.0,20.0],0.0],
[[40.0,30.0,40.0,30.0],0.0],
[[41.0,40.0,41.0,40.0],6.210033e-09],
[[43.0,40.0,43.0,40.0],0.0],
[[45.0,40.0,45.0,40.0],0.0],
[[50.0,10.0,50.0,10.0],0.0],
[[50.0,30.0,50.0,30.0],0.0],
[[50.0,40.0,50.0,40.0],0.0],
[[51.0,50.0,51.0,50.0],5.335143e-08],
[[53.0,50.0,53.0,50.0],8.647735e-09],
[[55.0,50.0,55.0,50.0],4.3281e-09],
[[60.0,20.0,60.0,20.0],0.0],
[[60.0,40.0,60.0,40.0],0.0],
[[60.0,50.0,60.0,50.0],6.908834e-09],
[[61.0,60.0,61.0,60.0],2.56446e-07],
[[63.0,60.0,63.0,60.0],2.578359e-07],
[[65.0,60.0,65.0,60.0],1.701788e-08],
[[70.0,10.0,70.0,10.0],0.0],
[[70.0,30.0,70.0,30.0],0.0],
[[70.0,50.0,70.0,50.0],0.0],
[[70.0,60.0,70.0,60.0],0.0],
[[71.0,70.0,71.0,70.0],9.821929e-07],
[[73.0,70.0,73.0,70.0],1.558789e-07],
[[75.0,70.0,75.0,70.0],3.33612e-08],
[[80.0,20.0,80.0,20.0],0.0],
[[80.0,40.0,80.0,40.0],3.198863e-09],
[[80.0,60.0,80.0,60.0],0.0],
[[80.0,70.0,80.0,70.0],1.442779e-08],
[[81.0,80.0,81.0,80.0],7.619986e-07],
[[83.0,80.0,83.0,80.0],1.387685e-07],
[[85.0,80.0,85.0,80.0],1.259776e-07],
[[90.0,10.0,90.0,10.0],8.047593e-09],
[[90.0,30.0,90.0,30.0],0.0],
[[90.0,50.0,90.0,50.0],0.0],
[[90.0,70.0,90.0,70.0],6.358473e-09],
[[90.0,80.0,90.0,80.0],2.358449e-08],
[[91.0,90.0,91.0,90.0],7.781174e-07],
[[93.0,90.0,93.0,90.0],2.921534e-07],
[[95.0,90.0,95.0,90.0],1.033857e-07],
[[100.0,20.0,100.0,20.0],0.0],
[[100.0,40.0,100.0,40.0],0.0],
[[100.0,60.0,100.0,60.0],0.0],
[[100.0,80.0,100.0,80.0],1.219019e-08],
[[100.0,90.0,100.0,90.0],1.090953e-07],
[[101.0,100.0,101.0,100.0],1.8247e-06],
[[103.0,100.0,103.0,100.0],7.978286e-07],
[[103.0,102.0,103.0,102.0],1.27949e-06],
[[105.0,100.0,105.0,100.0],2.647853e-07],
[[105.0,102.0,105.0,102.0],8.431365e-07],
[[107.0,102.0,107.0,102.0],2.611814e-07],
[[110.0,30.0,110.0,30.0],0.0],
[[110.0,50.0,110.0,50.0],0.0],
[[110.0,70.0,110.0,70.0],9.593903e-09],
[[110.0,90.0,110.0,90.0],3.362513e-08],
[[110.0,100.0,110.0,100.0],1.071739e-07],
[[112.0,102.0,112.0,102.0],2.07779e-07],
[[120.0,40.0,120.0,40.0],0.0],
[[120.0,60.0,120.0,60.0],5.177124e-09],
[[120.0,80.0,120.0,80.0],0.0],
[[120.0,100.0,120.0,100.0],3.732588e-08],
[[122.0,102.0,122.0,102.0],6.467239e-08],
[[123.0,122.0,123.0,122.0],2.210611e-06],
[[125.0,122.0,125.0,122.0],1.177138e-06],
[[127.0,122.0,127.0,122.0],5.774077e-07],
[[130.0,50.0,130.0,50.0],0.0],
[[130.0,70.0,130.0,70.0],3.546984e-09],
[[130.0,90.0,130.0,90.0],7.479019e-08],
[[132.0,122.0,132.0,122.0],2.379381e-07],
[[140.0,60.0,140.0,60.0],1.04031e-08],
[[140.0,80.0,140.0,80.0],8.981791e-09],
[[140.0,100.0,140.0,100.0],1.145832e-08],
[[142.0,102.0,142.0,102.0],6.396101e-08],
[[142.0,122.0,142.0,122.0],1.17918e-07],
[[143.0,142.0,143.0,142.0],3.346033e-06],
[[145.0,142.0,145.0,142.0],1.810483e-06],
[[147.0,142.0,147.0,142.0],1.228714e-06],
[[150.0,70.0,150.0,70.0],1.695879e-08],
[[150.0,90.0,150.0,90.0],4.043032e-09],
[[152.0,142.0,152.0,142.0],6.204524e-07],
[[160.0,80.0,160.0,80.0],1.76545e-08],
[[160.0,100.0,160.0,100.0],3.438739e-09],
[[162.0,102.0,162.0,102.0],5.534073e-09],
[[162.0,122.0,162.0,122.0],5.205567e-08],
[[162.0,142.0,162.0,142.0],2.450802e-07],
[[163.0,162.0,163.0,162.0],4.177219e-06],
[[165.0,162.0,165.0,162.0],5.753459e-06],
[[167.0,162.0,167.0,162.0],1.686622e-06],
[[170.0,90.0,170.0,90.0],1.610555e-08],
[[172.0,162.0,172.0,162.0],9.913592e-07],
[[180.0,100.0,180.0,100.0],1.814669e-08],
[[182.0,102.0,182.0,102.0],3.707668e-08],
[[182.0,122.0,182.0,122.0],1.096013e-08],
[[182.0,142.0,182.0,142.0],1.510639e-07],
[[182.0,162.0,182.0,162.0],3.269407e-07],
[[183.0,182.0,183.0,182.0],5.892941e-06],
[[185.0,182.0,185.0,182.0],4.591889e-06],
[[187.0,182.0,187.0,182.0],3.291047e-06],
[[192.0,182.0,192.0,182.0],1.3379e-06],
[[202.0,122.0,202.0,122.0],7.646115e-08],
[[202.0,142.0,202.0,142.0],1.024572e-07],
[[202.0,162.0,202.0,162.0],3.883844e-07],
[[202.0,182.0,202.0,182.0],5.447636e-07],
[[203.0,202.0,203.0,202.0],7.34209e-06],
[[205.0,202.0,205.0,202.0],5.935695e-06],
[[207.0,202.0,207.0,202.0],4.457575e-06],
[[212.0,202.0,212.0,202.0],2.135355e-06],
[[222.0,142.0,222.0,142.0],7.142852e-08],
[[222.0,162.0,222.0,162.0],1.760416e-07],
[[222.0,182.0,222.0,182.0],2.823875e-07],
[[222.0,202.0,222.0,202.0],1.185448e-06],
[[223.0,222.0,223.0,222.0],1.030506e-05],
[[225.0,222.0,225.0,222.0],8.914773e-06],
[[227.0,222.0,227.0,222.0],6.179843e-06],
[[232.0,222.0,232.0,222.0],2.56437e-06],
[[242.0,162.0,242.0,162.0],2.64389e-07],
[[242.0,182.0,242.0,182.0],3.108646e-07],
[[242.0,202.0,242.0,202.0],8.566047e-07],
[[242.0,222.0,242.0,222.0],1.097568e-06],
[[243.0,242.0,243.0,242.0],1.233007e-05],
[[245.0,242.0,245.0,242.0],1.260661e-05],
[[247.0,242.0,247.0,242.0],7.375642e-06],
[[252.0,242.0,252.0,242.0],3.456597e-06],
[[262.0,182.0,262.0,182.0],3.285011e-07],
[[262.0,202.0,262.0,202.0],6.858472e-07],
[[262.0,222.0,262.0,222.0],6.227234e-07],
[[262.0,242.0,262.0,242.0],2.365288e-06],
[[263.0,262.0,263.0,262.0],1.468345e-05],
[[265.0,262.0,265.0,262.0],1.54408e-05],
[[267.0,262.0,267.0,262.0],1.042331e-05],
[[272.0,262.0,272.0,262.0],6.618752e-06],
[[282.0,202.0,282.0,202.0],3.235941e-07],
[[282.0,222.0,282.0,222.0],3.940684e-07],
[[282.0,242.0,282.0,242.0],1.170275e-06],
[[282.0,262.0,282.0,262.0],3.112916e-06],
[[283.0,282.0,283.0,282.0],1.795191e-05],
[[285.0,282.0,285.0,282.0],1.641201e-05],
[[287.0,282.0,287.0,282.0],1.325152e-05],
[[292.0,282.0,292.0,282.0],6.887519e-06],
[[302.0,222.0,302.0,222.0],5.066763e-07],
[[302.0,242.0,302.0,242.0],1.043284e-06],
[[302.0,262.0,302.0,262.0],1.239964e-06],
[[302.0,282.0,302.0,282.0],3.44109e-06],
[[303.0,302.0,303.0,302.0],2.012422e-05],
[[305.0,302.0,305.0,302.0],2.063973e-05],
[[307.0,302.0,307.0,302.0],1.529438e-05],
[[312.0,302.0,312.0,302.0],9.916827e-06],
[[322.0,242.0,322.0,242.0],7.885415e-07],
[[322.0,262.0,322.0,262.0],1.123453e-06],
[[322.0,282.0,322.0,282.0],2.006315e-06],
[[322.0,302.0,322.0,302.0],4.392026e-06],
[[323.0,322.0,323.0,322.0],2.881464e-05],
[[325.0,322.0,325.0,322.0],2.260412e-05],
[[327.0,322.0,327.0,322.0],1.876182e-05],
[[332.0,322.0,332.0,322.0],1.89869e-05],
[[342.0,262.0,342.0,262.0],8.84561e-07],
[[342.0,282.0,342.0,282.0],1.410438e-06],
[[342.0,302.0,342.0,302.0],2.15039e-06],
[[342.0,322.0,342.0,322.0],5.846026e-06],
[[343.0,342.0,343.0,342.0],2.693422e-05],
[[345.0,342.0,345.0,342.0],2.892531e-05],
[[347.0,342.0,347.0,342.0],2.253579e-05],
[[352.0,342.0,352.0,342.0],1.259544e-05],
[[362.0,282.0,362.0,282.0],1.65444e-06],
[[362.0,302.0,362.0,302.0],1.956645e-06],
[[362.0,322.0,362.0,322.0],3.520293e-06],
[[362.0,342.0,362.0,342.0],7.767807e-06],
[[363.0,362.0,363.0,362.0],3.340385e-05],
[[365.0,362.0,365.0,362.0],2.900887e-05],
[[367.0,362.0,367.0,362.0],2.643317e-05],
[[372.0,362.0,372.0,362.0],1.588972e-05],
[[382.0,302.0,382.0,302.0],1.580915e-06],
[[382.0,322.0,382.0,322.0],2.592678e-06],
[[382.0,342.0,382.0,342.0],3.85646e-06],
[[382.0,362.0,382.0,362.0],8.4167e-06],
[[383.0,382.0,383.0,382.0],3.610974e-05],
[[385.0,382.0,385.0,382.0],3.303604e-05],
[[387.0,382.0,387.0,382.0],3.17779e-05],
[[392.0,382.0,392.0,382.0],2.020497e-05],
[[402.0,322.0,402.0,322.0],2.600528e-06],
[[402.0,342.0,402.0,342.0],2.614615e-06],
[[402.0,362.0,402.0,362.0],4.885571e-06],
[[402.0,382.0,402.0,382.0],1.193355e-05],
[[403.0,402.0,403.0,402.0],4.108074e-05],
[[405.0,402.0,405.0,402.0],3.664071e-05],
[[407.0,402.0,407.0,402.0],3.89616e-05],
[[412.0,402.0,412.0,402.0],2.170695e-05],
[[422.0,342.0,422.0,342.0],3.150969e-06],
[[422.0,362.0,422.0,362.0],5.868355e-06],
[[422.0,382.0,422.0,382.0],6.449121e-06],
[[422.0,402.0,422.0,402.0],1.220381e-05],
[[442.0,362.0,442.0,362.0],3.331617e-06],
[[442.0,382.0,442.0,382.0],5.043655e-06],
[[442.0,402.0,442.0,402.0],7.767383e-06],
[[462.0,382.0,462.0,382.0],5.473011e-06],
[[462.0,402.0,462.0,402.0],5.94969e-06],
[[482.0,402.0,482.0,402.0],5.399411e-06],
[[503.0,502.0,503.0,502.0],5.825471e-05],
[[505.0,502.0,505.0,502.0],6.002825e-05],
[[507.0,502.0,507.0,502.0],5.588827e-05],
[[512.0,502.0,512.0,502.0],4.709759e-05],
[[522.0,502.0,522.0,502.0],2.920953e-05],
[[542.0,502.0,542.0,502.0],1.778375e-05],
[[562.0,502.0,562.0,502.0],1.246771e-05],
[[582.0,502.0,582.0,502.0],1.259479e-05],
[[603.0,602.0,603.0,602.0],8.140842e-05],
[[605.0,602.0,605.0,602.0],8.514021e-05],
[[607.0,602.0,607.0,602.0],8.142432e-05],
[[612.0,602.0,612.0,602.0],6.497732e-05],
[[622.0,602.0,622.0,602.0],4.605974e-05],
[[642.0,602.0,642.0,602.0],2.569562e-05],
[[662.0,602.0,662.0,602.0],2.371199e-05],
[[682.0,602.0,682.0,602.0],1.876599e-05],
[[703.0,702.0,703.0,702.0],0.0001134426],
[[705.0,702.0,705.0,702.0],0.0001115559],
[[707.0,702.0,707.0,702.0],0.0001027075],
[[712.0,702.0,712.0,702.0],9.157765e-05],
[[722.0,702.0,722.0,702.0],6.428733e-05],
[[742.0,702.0,742.0,702.0],3.877996e-05],
[[762.0,702.0,762.0,702.0],2.930458e-05],
[[782.0,702.0,782.0,702.0],2.537056e-05],
[[803.0,802.0,803.0,802.0],0.0001288817],
[[805.0,802.0,805.0,802.0],0.0001274829],
[[807.0,802.0,807.0,802.0],0.0001269647],
[[812.0,802.0,812.0,802.0],0.0001124598],
[[822.0,802.0,822.0,802.0],8.479413e-05],
[[842.0,802.0,842.0,802.0],6.045343e-05],
[[862.0,802.0,862.0,802.0],4.228404e-05],
[[882.0,802.0,882.0,802.0],4.01967e-05],
[[903.0,902.0,903.0,902.0],0.0001580556],
[[905.0,902.0,905.0,902.0],0.0001558034],
[[907.0,902.0,907.0,902.0],0.0001383863],
[[912.0,902.0,912.0,902.0],0.0001356191],
[[922.0,902.0,922.0,902.0],9.690827e-05],
[[942.0,902.0,942.0,902.0],6.446484e-05],
[[962.0,902.0,962.0,902.0],5.589277e-05],
[[982.0,902.0,982.0,902.0],4.852179e-05],
[[1003.0,1002.0,1003.0,1002.0],0.0001694571],
[[1005.0,1002.0,1005.0,1002.0],0.0001702743],
[[1007.0,1002.0,1007.0,1002.0],0.0001590183],
[[1012.0,1002.0,1012.0,1002.0],0.0001545851],
[[1022.0,1002.0,1022.0,1002.0],0.0001214168],
[[1042.0,1002.0,1042.0,1002.0],8.881404e-05],
[[1062.0,1002.0,1062.0,1002.0],6.918966e-05],
[[1082.0,1002.0,1082.0,1002.0],6.326197e-05],
[[1103.0,1102.0,1103.0,1102.0],0.0001819049],
[[1105.0,1102.0,1105.0,1102.0],0.0001842454],
[[1107.0,1102.0,1107.0,1102.0],0.0001876746],
[[1112.0,1102.0,1112.0,1102.0],0.0001732218],
[[1122.0,1102.0,1122.0,1102.0],0.0001431226],
[[1142.0,1102.0,1142.0,1102.0],9.863627e-05],
[[1162.0,1102.0,1162.0,1102.0],7.68466e-05],
[[1182.0,1102.0,1182.0,1102.0],7.1731e-05],
[[1203.0,1202.0,1203.0,1202.0],0.0001976133],
[[1205.0,1202.0,1205.0,1202.0],0.0001915959],
[[1207.0,1202.0,1207.0,1202.0],0.0001934169],
[[1212.0,1202.0,1212.0,1202.0],0.0001897453],
[[1222.0,1202.0,1222.0,1202.0],0.000162917],
[[1242.0,1202.0,1242.0,1202.0],0.0001096078],
[[1262.0,1202.0,1262.0,1202.0],9.185452e-05],
[[1282.0,1202.0,1282.0,1202.0],8.004615e-05],
[[1303.0,1302.0,1303.0,1302.0],0.0002106666],
[[1305.0,1302.0,1305.0,1302.0],0.0002041511],
[[1307.0,1302.0,1307.0,1302.0],0.0002001342],
[[1312.0,1302.0,1312.0,1302.0],0.0002023845],
[[1322.0,1302.0,1322.0,1302.0],0.0001665574],
[[1342.0,1302.0,1342.0,1302.0],0.0001237291],
[[1362.0,1302.0,1362.0,1302.0],0.0001001777],
[[1382.0,1302.0,1382.0,1302.0],8.814247e-05],
[[1403.0,1402.0,1403.0,1402.0],0.0002132354],
[[1405.0,1402.0,1405.0,1402.0],0.0002200595],
[[1407.0,1402.0,1407.0,1402.0],0.0002202796],
[[1412.0,1402.0,1412.0,1402.0],0.0002135115],
[[1422.0,1402.0,1422.0,1402.0],0.0001793914],
[[1442.0,1402.0,1442.0,1402.0],0.0001333721],
[[1462.0,1402.0,1462.0,1402.0],0.0001067792],
[[1482.0,1402.0,1482.0,1402.0],0.0001003473],
[[1503.0,1502.0,1503.0,1502.0],0.0002282226],
[[1505.0,1502.0,1505.0,1502.0],0.0002246751],
[[1507.0,1502.0,1507.0,1502.0],0.000224106],
[[1512.0,1502.0,1512.0,1502.0],0.0002239712],
[[1522.0,1502.0,1522.0,1502.0],0.0001917157],
[[1542.0,1502.0,1542.0,1502.0],0.0001444699],
[[1562.0,1502.0,1562.0,1502.0],0.000114257],
[[1582.0,1502.0,1582.0,1502.0],0.0001004277],
[[1603.0,1602.0,1603.0,1602.0],0.0002301562],
[[1605.0,1602.0,1605.0,1602.0],0.0002282177],
[[1607.0,1602.0,1607.0,1602.0],0.0002270121],
[[1612.0,1602.0,1612.0,1602.0],0.0002228879],
[[1622.0,1602.0,1622.0,1602.0],0.0001968981],
[[1642.0,1602.0,1642.0,1602.0],0.000148305],
[[1662.0,1602.0,1662.0,1602.0],0.0001236168],
[[1682.0,1602.0,1682.0,1602.0],0.0001087288],
[[1703.0,1702.0,1703.0,1702.0],0.0002331028],
[[1705.0,1702.0,1705.0,1702.0],0.000233733],
[[1707.0,1702.0,1707.0,1702.0],0.0002321456],
[[1712.0,1702.0,1712.0,1702.0],0.0002243008],
[[1722.0,1702.0,1722.0,1702.0],0.00019759],
[[1742.0,1702.0,1742.0,1702.0],0.0001486337],
[[1762.0,1702.0,1762.0,1702.0],0.000125529],
[[1782.0,1702.0,1782.0,1702.0],0.0001166257],
[[1803.0,1802.0,1803.0,1802.0],0.0002398784],
[[1805.0,1802.0,1805.0,1802.0],0.000232585],
[[1807.0,1802.0,1807.0,1802.0],0.0002366483],
[[1812.0,1802.0,1812.0,1802.0],0.0002318569],
[[1822.0,1802.0,1822.0,1802.0],0.0002109798],
[[1842.0,1802.0,1842.0,1802.0],0.0001581569],
[[1862.0,1802.0,1862.0,1802.0],0.000131979],
[[1882.0,1802.0,1882.0,1802.0],0.0001224033],
[[1903.0,1902.0,1903.0,1902.0],0.0002438855],
[[1905.0,1902.0,1905.0,1902.0],0.000235652],
[[1907.0,1902.0,1907.0,1902.0],0.0002387589],
[[1912.0,1902.0,1912.0,1902.0],0.0002325541],
[[1922.0,1902.0,1922.0,1902.0],0.0002136053],
[[1942.0,1902.0,1942.0,1902.0],0.0001640423],
[[1962.0,1902.0,1962.0,1902.0],0.0001360405],
[[1982.0,1902.0,1982.0,1902.0],0.0001234685],
[[2003.0,2002.0,2003.0,2002.0],0.0002461939],
[[2005.0,2002.0,2005.0,2002.0],0.0002453311],
[[2007.0,2002.0,2007.0,2002.0],0.0002426934],
[[2012.0,2002.0,2012.0,2002.0],0.0002324294],
[[2022.0,2002.0,2022.0,2002.0],0.0002175586],
[[2042.0,2002.0,2042.0,2002.0],0.0001669713],
[[2062.0,2002.0,2062.0,2002.0],0.0001384495],
[[2082.0,2002.0,2082.0,2002.0],0.0001239761]]
