dataId: SR2800_High_long
dataType: efficiencyMap
observedN: 1
expectedBG: 0.2
bgError: 0.4
upperLimit: 0.02877697841726619*fb
expectedUpperLimit: 0.02158273381294964*fb
