txName: TChiISR
constraint: {(PV > MET(1), MET(2))}
condition: None
conditionDescription: None
figureUrl: None
source: Recast by MA5
validated: True
axesMap: [{0: 'x', 1: 'y'}]
dataMap: {0: (1, 'mass', GeV), 1: (2, 'mass', GeV)}
finalState: ['MET', 'MET']
intermediateState: None
efficiencyMap: [[[1.0,10.0],1.141928e-06],
[[1.0,20.0],1.728517e-06],
[[1.0,30.0],1.690498e-06],
[[1.0,40.0],2.092968e-06],
[[1.0,50.0],4.133174e-06],
[[1.0,60.0],2.443951e-06],
[[5.0,10.0],1.761153e-06],
[[7.0,10.0],2.642073e-06],
[[9.0,10.0],1.060905e-06],
[[10.0,1.0],1.141928e-06],
[[10.0,5.0],1.761153e-06],
[[10.0,7.0],2.642073e-06],
[[10.0,9.0],1.060905e-06],
[[10.0,10.0],1.195395e-06],
[[12.0,62.0],2.500803e-06],
[[12.0,72.0],1.729133e-06],
[[12.0,82.0],1.055992e-05],
[[12.0,92.0],1.221341e-05],
[[12.0,102.0],1.935948e-05],
[[12.0,212.0],0.0001265658],
[[12.0,312.0],0.0002373709],
[[15.0,20.0],1.426959e-06],
[[17.0,20.0],1.595154e-06],
[[19.0,20.0],3.382896e-06],
[[20.0,1.0],1.728517e-06],
[[20.0,15.0],1.426959e-06],
[[20.0,17.0],1.595154e-06],
[[20.0,19.0],3.382896e-06],
[[20.0,20.0],1.606182e-06],
[[20.0,30.0],1.604675e-06],
[[20.0,40.0],1.818761e-06],
[[20.0,50.0],2.855033e-06],
[[20.0,60.0],1.316005e-06],
[[25.0,30.0],1.01704e-06],
[[27.0,30.0],1.349936e-06],
[[29.0,30.0],1.753023e-06],
[[30.0,1.0],1.690498e-06],
[[30.0,20.0],1.604675e-06],
[[30.0,25.0],1.01704e-06],
[[30.0,27.0],1.349936e-06],
[[30.0,29.0],1.753023e-06],
[[30.0,30.0],1.904775e-06],
[[30.0,40.0],2.422773e-06],
[[30.0,50.0],1.568221e-06],
[[30.0,60.0],5.334233e-06],
[[32.0,62.0],7.006724e-06],
[[32.0,72.0],1.526423e-05],
[[32.0,82.0],1.638726e-05],
[[32.0,92.0],2.868541e-05],
[[32.0,102.0],2.819956e-05],
[[32.0,112.0],4.567696e-05],
[[32.0,122.0],5.149088e-05],
[[32.0,232.0],0.0001529932],
[[32.0,332.0],0.0003065513],
[[35.0,40.0],1.221458e-06],
[[37.0,40.0],2.568519e-06],
[[39.0,40.0],1.342078e-06],
[[40.0,1.0],2.092968e-06],
[[40.0,20.0],1.818761e-06],
[[40.0,30.0],2.422773e-06],
[[40.0,35.0],1.221458e-06],
[[40.0,37.0],2.568519e-06],
[[40.0,39.0],1.342078e-06],
[[40.0,40.0],1.095366e-05],
[[40.0,50.0],4.565578e-06],
[[40.0,60.0],8.327971e-06],
[[45.0,50.0],7.603179e-06],
[[47.0,50.0],1.281384e-05],
[[49.0,50.0],1.491259e-05],
[[50.0,1.0],4.133174e-06],
[[50.0,20.0],2.855033e-06],
[[50.0,30.0],1.568221e-06],
[[50.0,40.0],4.565578e-06],
[[50.0,45.0],7.603179e-06],
[[50.0,47.0],1.281384e-05],
[[50.0,49.0],1.491259e-05],
[[50.0,50.0],1.041022e-05],
[[50.0,60.0],1.689902e-05],
[[52.0,62.0],1.917806e-05],
[[52.0,67.0],3.11356e-05],
[[52.0,72.0],1.961975e-05],
[[52.0,82.0],2.826531e-05],
[[52.0,92.0],4.532056e-05],
[[52.0,102.0],4.780914e-05],
[[52.0,112.0],5.5962e-05],
[[52.0,122.0],5.61398e-05],
[[52.0,132.0],7.875299e-05],
[[52.0,142.0],0.0001036362],
[[52.0,252.0],0.0002196104],
[[52.0,352.0],0.0003565492],
[[55.0,60.0],1.723648e-05],
[[57.0,60.0],2.100537e-05],
[[59.0,60.0],2.482067e-05],
[[60.0,1.0],2.443951e-06],
[[60.0,20.0],1.316005e-06],
[[60.0,30.0],5.334233e-06],
[[60.0,40.0],8.327971e-06],
[[60.0,50.0],1.689902e-05],
[[60.0,55.0],1.723648e-05],
[[60.0,57.0],2.100537e-05],
[[60.0,59.0],2.482067e-05],
[[60.0,60.0],3.224548e-05],
[[62.0,12.0],2.500803e-06],
[[62.0,32.0],7.006724e-06],
[[62.0,52.0],1.917806e-05],
[[67.0,52.0],3.11356e-05],
[[72.0,12.0],1.729133e-06],
[[72.0,32.0],1.526423e-05],
[[72.0,52.0],1.961975e-05],
[[72.0,72.0],4.539508e-05],
[[72.0,75.0],3.42255e-05],
[[72.0,77.0],4.036472e-05],
[[72.0,82.0],5.26763e-05],
[[72.0,87.0],4.631513e-05],
[[72.0,92.0],5.501571e-05],
[[72.0,102.0],6.128274e-05],
[[72.0,112.0],7.286069e-05],
[[72.0,122.0],8.111152e-05],
[[72.0,132.0],0.0001105606],
[[72.0,142.0],0.0001192902],
[[72.0,152.0],0.0001035507],
[[72.0,162.0],0.0001402018],
[[72.0,272.0],0.0002808198],
[[72.0,372.0],0.0004262404],
[[75.0,72.0],3.42255e-05],
[[77.0,72.0],4.036472e-05],
[[82.0,12.0],1.055992e-05],
[[82.0,32.0],1.638726e-05],
[[82.0,52.0],2.826531e-05],
[[82.0,72.0],5.26763e-05],
[[87.0,72.0],4.631513e-05],
[[92.0,12.0],1.221341e-05],
[[92.0,32.0],2.868541e-05],
[[92.0,52.0],4.532056e-05],
[[92.0,72.0],5.501571e-05],
[[92.0,92.0],6.38641e-05],
[[92.0,95.0],7.390444e-05],
[[92.0,97.0],6.899243e-05],
[[92.0,102.0],9.073609e-05],
[[92.0,107.0],7.806096e-05],
[[92.0,112.0],8.895754e-05],
[[92.0,122.0],0.0001632263],
[[92.0,132.0],0.0001134825],
[[92.0,142.0],0.000181468],
[[92.0,152.0],0.0001360753],
[[92.0,162.0],0.0001322045],
[[92.0,172.0],0.0001743875],
[[92.0,182.0],0.0001759139],
[[92.0,292.0],0.0003116296],
[[92.0,392.0],0.000481067],
[[95.0,92.0],7.390444e-05],
[[97.0,92.0],6.899243e-05],
[[102.0,12.0],1.935948e-05],
[[102.0,32.0],2.819956e-05],
[[102.0,52.0],4.780914e-05],
[[102.0,72.0],6.128274e-05],
[[102.0,92.0],9.073609e-05],
[[102.0,102.0],0.0001060037],
[[102.0,105.0],0.0001435869],
[[102.0,107.0],8.997606e-05],
[[102.0,112.0],0.000124184],
[[102.0,117.0],0.0001118822],
[[102.0,122.0],0.0001076863],
[[102.0,132.0],0.0001271792],
[[102.0,142.0],0.0001389034],
[[102.0,152.0],0.0001303054],
[[102.0,162.0],0.0001635508],
[[102.0,172.0],0.0001655711],
[[102.0,182.0],0.0001928341],
[[102.0,192.0],0.0001733966],
[[102.0,302.0],0.0003695123],
[[102.0,402.0],0.00052729],
[[105.0,102.0],0.0001435869],
[[107.0,92.0],7.806096e-05],
[[107.0,102.0],8.997606e-05],
[[112.0,32.0],4.567696e-05],
[[112.0,52.0],5.5962e-05],
[[112.0,72.0],7.286069e-05],
[[112.0,92.0],8.895754e-05],
[[112.0,102.0],0.000124184],
[[117.0,102.0],0.0001118822],
[[122.0,32.0],5.149088e-05],
[[122.0,52.0],5.61398e-05],
[[122.0,72.0],8.111152e-05],
[[122.0,92.0],0.0001632263],
[[122.0,102.0],0.0001076863],
[[132.0,52.0],7.875299e-05],
[[132.0,72.0],0.0001105606],
[[132.0,92.0],0.0001134825],
[[132.0,102.0],0.0001271792],
[[142.0,52.0],0.0001036362],
[[142.0,72.0],0.0001192902],
[[142.0,92.0],0.000181468],
[[142.0,102.0],0.0001389034],
[[152.0,72.0],0.0001035507],
[[152.0,92.0],0.0001360753],
[[152.0,102.0],0.0001303054],
[[152.0,152.0],0.0001950596],
[[152.0,155.0],0.0002361461],
[[152.0,157.0],0.0002016374],
[[152.0,162.0],0.0002818063],
[[152.0,167.0],0.0002274017],
[[152.0,172.0],0.0002142026],
[[152.0,182.0],0.0002332348],
[[152.0,192.0],0.0002563371],
[[152.0,202.0],0.0003228737],
[[152.0,212.0],0.0003218152],
[[152.0,222.0],0.0002654344],
[[152.0,232.0],0.0002948607],
[[152.0,242.0],0.0003278958],
[[152.0,352.0],0.0005173302],
[[152.0,452.0],0.0006626227],
[[155.0,152.0],0.0002361461],
[[157.0,152.0],0.0002016374],
[[162.0,72.0],0.0001402018],
[[162.0,92.0],0.0001322045],
[[162.0,102.0],0.0001635508],
[[162.0,152.0],0.0002818063],
[[167.0,152.0],0.0002274017],
[[172.0,92.0],0.0001743875],
[[172.0,102.0],0.0001655711],
[[172.0,152.0],0.0002142026],
[[182.0,92.0],0.0001759139],
[[182.0,102.0],0.0001928341],
[[182.0,152.0],0.0002332348],
[[192.0,102.0],0.0001733966],
[[192.0,152.0],0.0002563371],
[[202.0,152.0],0.0003228737],
[[202.0,202.0],0.0004056003],
[[202.0,205.0],0.0003195742],
[[202.0,207.0],0.0003728047],
[[202.0,212.0],0.0003425583],
[[202.0,217.0],0.0003756261],
[[202.0,222.0],0.0003497371],
[[202.0,232.0],0.0004081851],
[[202.0,242.0],0.0003869563],
[[202.0,252.0],0.0004358161],
[[202.0,262.0],0.0004487821],
[[202.0,272.0],0.0004528855],
[[202.0,282.0],0.0004678338],
[[202.0,292.0],0.0004783049],
[[202.0,402.0],0.0006515249],
[[202.0,502.0],0.0008217867],
[[205.0,202.0],0.0003195742],
[[207.0,202.0],0.0003728047],
[[212.0,12.0],0.0001265658],
[[212.0,152.0],0.0003218152],
[[212.0,202.0],0.0003425583],
[[217.0,202.0],0.0003756261],
[[222.0,152.0],0.0002654344],
[[222.0,202.0],0.0003497371],
[[232.0,32.0],0.0001529932],
[[232.0,152.0],0.0002948607],
[[232.0,202.0],0.0004081851],
[[242.0,152.0],0.0003278958],
[[242.0,202.0],0.0003869563],
[[252.0,52.0],0.0002196104],
[[252.0,202.0],0.0004358161],
[[252.0,252.0],0.0004829704],
[[252.0,255.0],0.0004828751],
[[252.0,257.0],0.000547098],
[[252.0,262.0],0.0005135526],
[[252.0,267.0],0.0004955808],
[[252.0,272.0],0.000541221],
[[252.0,282.0],0.0005562482],
[[252.0,292.0],0.0005654918],
[[252.0,302.0],0.0005608593],
[[252.0,312.0],0.0006052505],
[[252.0,322.0],0.0005834844],
[[252.0,332.0],0.0006227836],
[[252.0,342.0],0.0006300988],
[[252.0,452.0],0.0008085185],
[[252.0,552.0],0.0009350704],
[[255.0,252.0],0.0004828751],
[[257.0,252.0],0.000547098],
[[262.0,202.0],0.0004487821],
[[262.0,252.0],0.0005135526],
[[267.0,252.0],0.0004955808],
[[272.0,72.0],0.0002808198],
[[272.0,202.0],0.0004528855],
[[272.0,252.0],0.000541221],
[[282.0,202.0],0.0004678338],
[[282.0,252.0],0.0005562482],
[[292.0,92.0],0.0003116296],
[[292.0,202.0],0.0004783049],
[[292.0,252.0],0.0005654918],
[[302.0,102.0],0.0003695123],
[[302.0,252.0],0.0005608593],
[[302.0,302.0],0.0006884931],
[[302.0,305.0],0.0006729141],
[[302.0,307.0],0.0006254561],
[[302.0,312.0],0.0006528691],
[[302.0,317.0],0.0006946295],
[[302.0,322.0],0.0007425597],
[[302.0,332.0],0.0006567727],
[[302.0,342.0],0.0007082972],
[[302.0,352.0],0.0007315003],
[[302.0,362.0],0.0007540152],
[[302.0,372.0],0.0007693554],
[[302.0,382.0],0.000764181],
[[302.0,392.0],0.000767994],
[[302.0,502.0],0.0009071349],
[[302.0,602.0],0.001082622],
[[305.0,302.0],0.0006729141],
[[307.0,302.0],0.0006254561],
[[312.0,12.0],0.0002373709],
[[312.0,252.0],0.0006052505],
[[312.0,302.0],0.0006528691],
[[317.0,302.0],0.0006946295],
[[322.0,252.0],0.0005834844],
[[322.0,302.0],0.0007425597],
[[332.0,32.0],0.0003065513],
[[332.0,252.0],0.0006227836],
[[332.0,302.0],0.0006567727],
[[342.0,252.0],0.0006300988],
[[342.0,302.0],0.0007082972],
[[352.0,52.0],0.0003565492],
[[352.0,152.0],0.0005173302],
[[352.0,302.0],0.0007315003],
[[352.0,352.0],0.0007687887],
[[352.0,355.0],0.0008180161],
[[352.0,357.0],0.0008640951],
[[352.0,362.0],0.0008440224],
[[352.0,367.0],0.0007968882],
[[352.0,372.0],0.0008396016],
[[352.0,382.0],0.0008586157],
[[352.0,392.0],0.000848994],
[[352.0,402.0],0.0009103898],
[[352.0,412.0],0.0008597492],
[[352.0,422.0],0.0009322051],
[[352.0,432.0],0.0009074081],
[[352.0,442.0],0.000890697],
[[352.0,552.0],0.001066712],
[[352.0,652.0],0.001170851],
[[355.0,352.0],0.0008180161],
[[357.0,352.0],0.0008640951],
[[362.0,302.0],0.0007540152],
[[362.0,352.0],0.0008440224],
[[367.0,352.0],0.0007968882],
[[372.0,72.0],0.0004262404],
[[372.0,302.0],0.0007693554],
[[372.0,352.0],0.0008396016],
[[382.0,302.0],0.000764181],
[[382.0,352.0],0.0008586157],
[[392.0,92.0],0.000481067],
[[392.0,302.0],0.000767994],
[[392.0,352.0],0.000848994],
[[402.0,102.0],0.00052729],
[[402.0,202.0],0.0006515249],
[[402.0,352.0],0.0009103898],
[[402.0,402.0],0.0009141594],
[[402.0,405.0],0.0009978615],
[[402.0,407.0],0.0009609233],
[[402.0,412.0],0.0009437932],
[[402.0,417.0],0.0009445824],
[[402.0,422.0],0.0009794583],
[[402.0,432.0],0.001022107],
[[402.0,442.0],0.001013092],
[[402.0,452.0],0.001026582],
[[402.0,462.0],0.001022633],
[[402.0,472.0],0.001015264],
[[402.0,482.0],0.001083979],
[[402.0,492.0],0.001061529],
[[402.0,602.0],0.001222124],
[[402.0,702.0],0.001272902],
[[405.0,402.0],0.0009978615],
[[407.0,402.0],0.0009609233],
[[412.0,352.0],0.0008597492],
[[412.0,402.0],0.0009437932],
[[417.0,402.0],0.0009445824],
[[422.0,352.0],0.0009322051],
[[422.0,402.0],0.0009794583],
[[432.0,352.0],0.0009074081],
[[432.0,402.0],0.001022107],
[[442.0,352.0],0.000890697],
[[442.0,402.0],0.001013092],
[[452.0,152.0],0.0006626227],
[[452.0,252.0],0.0008085185],
[[452.0,402.0],0.001026582],
[[462.0,402.0],0.001022633],
[[472.0,402.0],0.001015264],
[[482.0,402.0],0.001083979],
[[492.0,402.0],0.001061529],
[[502.0,202.0],0.0008217867],
[[502.0,302.0],0.0009071349],
[[552.0,252.0],0.0009350704],
[[552.0,352.0],0.001066712],
[[602.0,302.0],0.001082622],
[[602.0,402.0],0.001222124],
[[602.0,602.0],0.00142285],
[[602.0,605.0],0.001473077],
[[602.0,607.0],0.001442243],
[[602.0,612.0],0.001442162],
[[602.0,617.0],0.001453296],
[[602.0,622.0],0.001455395],
[[602.0,632.0],0.001467783],
[[602.0,642.0],0.001513899],
[[602.0,652.0],0.001538157],
[[602.0,662.0],0.001493416],
[[602.0,672.0],0.001512241],
[[602.0,682.0],0.001538691],
[[602.0,692.0],0.001520134],
[[602.0,802.0],0.001622627],
[[602.0,902.0],0.001694817],
[[605.0,602.0],0.001473077],
[[607.0,602.0],0.001442243],
[[612.0,602.0],0.001442162],
[[617.0,602.0],0.001453296],
[[622.0,602.0],0.001455395],
[[632.0,602.0],0.001467783],
[[642.0,602.0],0.001513899],
[[652.0,352.0],0.001170851],
[[652.0,602.0],0.001538157],
[[662.0,602.0],0.001493416],
[[672.0,602.0],0.001512241],
[[682.0,602.0],0.001538691],
[[692.0,602.0],0.001520134],
[[702.0,402.0],0.001272902],
[[802.0,602.0],0.001622627],
[[802.0,802.0],0.001839575],
[[802.0,805.0],0.001783563],
[[802.0,807.0],0.001813714],
[[802.0,812.0],0.00176512],
[[802.0,817.0],0.001801589],
[[802.0,822.0],0.001872513],
[[802.0,832.0],0.001849412],
[[802.0,842.0],0.001813194],
[[802.0,852.0],0.001843258],
[[802.0,862.0],0.001848056],
[[802.0,872.0],0.001851497],
[[802.0,882.0],0.001835835],
[[802.0,892.0],0.001889554],
[[802.0,1002.0],0.001911559],
[[802.0,1102.0],0.001967785],
[[805.0,802.0],0.001783563],
[[807.0,802.0],0.001813714],
[[812.0,802.0],0.00176512],
[[817.0,802.0],0.001801589],
[[822.0,802.0],0.001872513],
[[832.0,802.0],0.001849412],
[[842.0,802.0],0.001813194],
[[852.0,802.0],0.001843258],
[[862.0,802.0],0.001848056],
[[872.0,802.0],0.001851497],
[[882.0,802.0],0.001835835],
[[892.0,802.0],0.001889554],
[[902.0,602.0],0.001694817],
[[1002.0,802.0],0.001911559],
[[1002.0,1002.0],0.002080714],
[[1002.0,1005.0],0.002087377],
[[1002.0,1007.0],0.002058485],
[[1002.0,1012.0],0.002055522],
[[1002.0,1017.0],0.002051145],
[[1002.0,1022.0],0.002096779],
[[1002.0,1032.0],0.002032174],
[[1002.0,1042.0],0.002066507],
[[1002.0,1052.0],0.002077103],
[[1002.0,1062.0],0.00206603],
[[1002.0,1072.0],0.002129623],
[[1002.0,1082.0],0.002107255],
[[1002.0,1092.0],0.002134013],
[[1002.0,1202.0],0.00214974],
[[1002.0,1302.0],0.00215973],
[[1005.0,1002.0],0.002087377],
[[1007.0,1002.0],0.002058485],
[[1012.0,1002.0],0.002055522],
[[1017.0,1002.0],0.002051145],
[[1022.0,1002.0],0.002096779],
[[1032.0,1002.0],0.002032174],
[[1042.0,1002.0],0.002066507],
[[1052.0,1002.0],0.002077103],
[[1062.0,1002.0],0.00206603],
[[1072.0,1002.0],0.002129623],
[[1082.0,1002.0],0.002107255],
[[1092.0,1002.0],0.002134013],
[[1102.0,802.0],0.001967785],
[[1202.0,1002.0],0.00214974],
[[1202.0,1202.0],0.002194958],
[[1202.0,1205.0],0.002236876],
[[1202.0,1207.0],0.002276197],
[[1202.0,1212.0],0.002185423],
[[1202.0,1217.0],0.002262118],
[[1202.0,1222.0],0.002266785],
[[1202.0,1232.0],0.00224315],
[[1202.0,1242.0],0.002228581],
[[1202.0,1252.0],0.002195162],
[[1202.0,1262.0],0.002267554],
[[1202.0,1272.0],0.002281429],
[[1202.0,1282.0],0.002207667],
[[1202.0,1292.0],0.002213028],
[[1202.0,1402.0],0.00220534],
[[1202.0,1502.0],0.002304545],
[[1205.0,1202.0],0.002236876],
[[1207.0,1202.0],0.002276197],
[[1212.0,1202.0],0.002185423],
[[1217.0,1202.0],0.002262118],
[[1222.0,1202.0],0.002266785],
[[1232.0,1202.0],0.00224315],
[[1242.0,1202.0],0.002228581],
[[1252.0,1202.0],0.002195162],
[[1262.0,1202.0],0.002267554],
[[1272.0,1202.0],0.002281429],
[[1282.0,1202.0],0.002207667],
[[1292.0,1202.0],0.002213028],
[[1302.0,1002.0],0.00215973],
[[1402.0,1202.0],0.00220534],
[[1402.0,1402.0],0.00236374],
[[1402.0,1405.0],0.00232749],
[[1402.0,1407.0],0.002337909],
[[1402.0,1412.0],0.002327226],
[[1402.0,1417.0],0.002304957],
[[1402.0,1422.0],0.002318567],
[[1402.0,1432.0],0.002309059],
[[1402.0,1442.0],0.002333092],
[[1402.0,1452.0],0.002350399],
[[1402.0,1462.0],0.002340039],
[[1402.0,1472.0],0.002325787],
[[1402.0,1482.0],0.002349541],
[[1402.0,1492.0],0.002321852],
[[1402.0,1602.0],0.002314595],
[[1402.0,1702.0],0.002321868],
[[1405.0,1402.0],0.00232749],
[[1407.0,1402.0],0.002337909],
[[1412.0,1402.0],0.002327226],
[[1417.0,1402.0],0.002304957],
[[1422.0,1402.0],0.002318567],
[[1432.0,1402.0],0.002309059],
[[1442.0,1402.0],0.002333092],
[[1452.0,1402.0],0.002350399],
[[1462.0,1402.0],0.002340039],
[[1472.0,1402.0],0.002325787],
[[1482.0,1402.0],0.002349541],
[[1492.0,1402.0],0.002321852],
[[1502.0,1202.0],0.002304545],
[[1602.0,1402.0],0.002314595],
[[1602.0,1602.0],0.002370522],
[[1602.0,1605.0],0.002371212],
[[1602.0,1607.0],0.002359441],
[[1602.0,1612.0],0.002411893],
[[1602.0,1617.0],0.002406973],
[[1602.0,1622.0],0.002397376],
[[1602.0,1632.0],0.002423886],
[[1602.0,1642.0],0.002370614],
[[1602.0,1652.0],0.002381022],
[[1602.0,1662.0],0.002393933],
[[1602.0,1672.0],0.0023943],
[[1602.0,1682.0],0.002401192],
[[1602.0,1692.0],0.002402249],
[[1602.0,1802.0],0.002365651],
[[1602.0,1902.0],0.002384267],
[[1605.0,1602.0],0.002371212],
[[1607.0,1602.0],0.002359441],
[[1612.0,1602.0],0.002411893],
[[1617.0,1602.0],0.002406973],
[[1622.0,1602.0],0.002397376],
[[1632.0,1602.0],0.002423886],
[[1642.0,1602.0],0.002370614],
[[1652.0,1602.0],0.002381022],
[[1662.0,1602.0],0.002393933],
[[1672.0,1602.0],0.0023943],
[[1682.0,1602.0],0.002401192],
[[1692.0,1602.0],0.002402249],
[[1702.0,1402.0],0.002321868],
[[1802.0,1602.0],0.002365651],
[[1802.0,1802.0],0.002414058],
[[1802.0,1805.0],0.002413999],
[[1802.0,1807.0],0.002418824],
[[1802.0,1812.0],0.002438218],
[[1802.0,1817.0],0.002444378],
[[1802.0,1822.0],0.002386809],
[[1802.0,1832.0],0.002360031],
[[1802.0,1842.0],0.002365864],
[[1802.0,1852.0],0.002445326],
[[1802.0,1862.0],0.002365614],
[[1802.0,1872.0],0.002399598],
[[1802.0,1882.0],0.002394493],
[[1802.0,1892.0],0.002370004],
[[1802.0,2002.0],0.002444912],
[[1802.0,2102.0],0.002418816],
[[1805.0,1802.0],0.002413999],
[[1807.0,1802.0],0.002418824],
[[1812.0,1802.0],0.002438218],
[[1817.0,1802.0],0.002444378],
[[1822.0,1802.0],0.002386809],
[[1832.0,1802.0],0.002360031],
[[1842.0,1802.0],0.002365864],
[[1852.0,1802.0],0.002445326],
[[1862.0,1802.0],0.002365614],
[[1872.0,1802.0],0.002399598],
[[1882.0,1802.0],0.002394493],
[[1892.0,1802.0],0.002370004],
[[1902.0,1602.0],0.002384267],
[[2002.0,1802.0],0.002444912],
[[2002.0,2002.0],0.002392548],
[[2002.0,2005.0],0.002420079],
[[2002.0,2007.0],0.002384311],
[[2002.0,2012.0],0.002406553],
[[2002.0,2017.0],0.002376915],
[[2002.0,2022.0],0.002354036],
[[2002.0,2032.0],0.002377406],
[[2002.0,2042.0],0.002409063],
[[2002.0,2052.0],0.002411326],
[[2002.0,2062.0],0.002373579],
[[2002.0,2072.0],0.002390906],
[[2002.0,2082.0],0.002383101],
[[2002.0,2092.0],0.002393889],
[[2002.0,2202.0],0.002362246],
[[2002.0,2302.0],0.00243519],
[[2005.0,2002.0],0.002420079],
[[2007.0,2002.0],0.002384311],
[[2012.0,2002.0],0.002406553],
[[2017.0,2002.0],0.002376915],
[[2022.0,2002.0],0.002354036],
[[2032.0,2002.0],0.002377406],
[[2042.0,2002.0],0.002409063],
[[2052.0,2002.0],0.002411326],
[[2062.0,2002.0],0.002373579],
[[2072.0,2002.0],0.002390906],
[[2082.0,2002.0],0.002383101],
[[2092.0,2002.0],0.002393889],
[[2102.0,1802.0],0.002418816],
[[2202.0,2002.0],0.002362246],
[[2302.0,2002.0],0.00243519]]
