txName: TRV1
constraint: {(PV > Zprime(1)), (Zprime(1) > MET(2),MET(3))}
condition: None
conditionDescription: None
figureUrl: https://atlas.web.cern.ch/Atlas/GROUPS/PHYSICS/PAPERS/EXOT-2018-06/figaux_06.png
source: CMS
validated: True
axesMap: [{0: 'x', 1: 'y', 2: 'y'}]
dataMap: {0: (1, 'mass', GeV), 1: (2, 'mass', GeV), 2: (3, 'mass', GeV)}
finalState: ['MET', 'MET']
intermediateState: None
efficiencyMap: [[[100.0,0.0,0.0],2.40535e-06],
[[100.0,50.0,50.0],3.84134e-06],
[[200.0,0.0,0.0],1.220688e-05],
[[200.0,50.0,50.0],1.184447e-05],
[[200.0,100.0,100.0],2.004673e-05],
[[300.0,0.0,0.0],4.929919e-05],
[[300.0,50.0,50.0],3.419207e-05],
[[300.0,100.0,100.0],3.863907e-05],
[[300.0,150.0,150.0],4.836675e-05],
[[400.0,0.0,0.0],7.206449e-05],
[[400.0,50.0,50.0],6.841014e-05],
[[400.0,100.0,100.0],7.647614e-05],
[[400.0,150.0,150.0],8.272549e-05],
[[400.0,200.0,200.0],8.768258e-05],
[[500.0,0.0,0.0],0.00012931],
[[500.0,50.0,50.0],0.0001341942],
[[500.0,100.0,100.0],0.0001268414],
[[500.0,150.0,150.0],0.0001327515],
[[500.0,200.0,200.0],0.0001898753],
[[500.0,250.0,250.0],0.0001593137],
[[600.0,0.0,0.0],0.000200061],
[[600.0,50.0,50.0],0.0002068559],
[[600.0,100.0,100.0],0.0002096938],
[[600.0,150.0,150.0],0.0002001696],
[[600.0,200.0,200.0],0.0002186731],
[[600.0,250.0,250.0],0.0002159372],
[[600.0,300.0,300.0],0.0002354657],
[[700.0,0.0,0.0],0.0002762562],
[[700.0,50.0,50.0],0.0002734383],
[[700.0,100.0,100.0],0.0002718],
[[700.0,150.0,150.0],0.0002986559],
[[700.0,200.0,200.0],0.0002883746],
[[700.0,250.0,250.0],0.0003273495],
[[700.0,300.0,300.0],0.0003133274],
[[700.0,350.0,350.0],0.0003254285],
[[800.0,0.0,0.0],0.0003715502],
[[800.0,50.0,50.0],0.0003683226],
[[800.0,100.0,100.0],0.0003756113],
[[800.0,150.0,150.0],0.0003874885],
[[800.0,200.0,200.0],0.0003797141],
[[800.0,250.0,250.0],0.000389339],
[[800.0,300.0,300.0],0.0004176203],
[[800.0,350.0,350.0],0.0004127263],
[[800.0,400.0,400.0],0.000478771],
[[900.0,0.0,0.0],0.0005067957],
[[900.0,50.0,50.0],0.0004575145],
[[900.0,100.0,100.0],0.0004883601],
[[900.0,150.0,150.0],0.0005101366],
[[900.0,200.0,200.0],0.0004840389],
[[900.0,250.0,250.0],0.0004956677],
[[900.0,300.0,300.0],0.0005077993],
[[900.0,350.0,350.0],0.0005129301],
[[900.0,400.0,400.0],0.0005105016],
[[900.0,450.0,450.0],0.0005558376],
[[1000.0,0.0,0.0],0.0005602107],
[[1000.0,50.0,50.0],0.0005606865],
[[1000.0,100.0,100.0],0.000596548],
[[1000.0,150.0,150.0],0.0005956799],
[[1000.0,200.0,200.0],0.0006047083],
[[1000.0,250.0,250.0],0.0005915528],
[[1000.0,300.0,300.0],0.0006244228],
[[1000.0,350.0,350.0],0.0006216039],
[[1000.0,400.0,400.0],0.0006289041],
[[1000.0,450.0,450.0],0.0006906564],
[[1000.0,500.0,500.0],0.0006979584],
[[1100.0,0.0,0.0],0.0006867282],
[[1100.0,50.0,50.0],0.0006913421],
[[1100.0,100.0,100.0],0.0007246727],
[[1100.0,150.0,150.0],0.0006966476],
[[1100.0,200.0,200.0],0.0006688727],
[[1100.0,250.0,250.0],0.0006765642],
[[1100.0,300.0,300.0],0.0007303883],
[[1100.0,350.0,350.0],0.0006801331],
[[1100.0,400.0,400.0],0.0007112937],
[[1100.0,450.0,450.0],0.0007133088],
[[1100.0,500.0,500.0],0.0007368105],
[[1100.0,550.0,550.0],0.0007994543],
[[1200.0,0.0,0.0],0.0007796829],
[[1200.0,50.0,50.0],0.0007520605],
[[1200.0,100.0,100.0],0.0007941261],
[[1200.0,150.0,150.0],0.0008067594],
[[1200.0,200.0,200.0],0.000810859],
[[1200.0,250.0,250.0],0.0008212551],
[[1200.0,300.0,300.0],0.0008042858],
[[1200.0,350.0,350.0],0.0008033863],
[[1200.0,400.0,400.0],0.0008307306],
[[1200.0,450.0,450.0],0.000853552],
[[1200.0,500.0,500.0],0.0008545122],
[[1200.0,550.0,550.0],0.0008641867],
[[1200.0,600.0,600.0],0.0009253143],
[[1300.0,0.0,0.0],0.0008694827],
[[1300.0,50.0,50.0],0.0008886699],
[[1300.0,100.0,100.0],0.0008997783],
[[1300.0,150.0,150.0],0.0008755167],
[[1300.0,200.0,200.0],0.0009362905],
[[1300.0,250.0,250.0],0.0009433431],
[[1300.0,300.0,300.0],0.0009414974],
[[1300.0,350.0,350.0],0.000918707],
[[1300.0,400.0,400.0],0.0009352045],
[[1300.0,450.0,450.0],0.0009837641],
[[1300.0,500.0,500.0],0.0009899897],
[[1300.0,550.0,550.0],0.0009385644],
[[1300.0,600.0,600.0],0.0009753595],
[[1300.0,650.0,650.0],0.001046985],
[[1400.0,0.0,0.0],0.0009797181],
[[1400.0,50.0,50.0],0.0009872603],
[[1400.0,100.0,100.0],0.0009826047],
[[1400.0,150.0,150.0],0.0009797679],
[[1400.0,200.0,200.0],0.001002185],
[[1400.0,250.0,250.0],0.001005662],
[[1400.0,300.0,300.0],0.001046874],
[[1400.0,350.0,350.0],0.001013348],
[[1400.0,400.0,400.0],0.001049518],
[[1400.0,450.0,450.0],0.001083496],
[[1400.0,500.0,500.0],0.001034456],
[[1400.0,550.0,550.0],0.001079099],
[[1400.0,600.0,600.0],0.001079786],
[[1400.0,650.0,650.0],0.001083195],
[[1400.0,700.0,700.0],0.001141373],
[[1500.0,0.0,0.0],0.001033447],
[[1500.0,50.0,50.0],0.001032279],
[[1500.0,100.0,100.0],0.001121937],
[[1500.0,150.0,150.0],0.001109856],
[[1500.0,200.0,200.0],0.001115309],
[[1500.0,250.0,250.0],0.001098758],
[[1500.0,300.0,300.0],0.001139605],
[[1500.0,350.0,350.0],0.001116938],
[[1500.0,400.0,400.0],0.001125214],
[[1500.0,450.0,450.0],0.001147407],
[[1500.0,500.0,500.0],0.001164212],
[[1500.0,550.0,550.0],0.001167623],
[[1500.0,600.0,600.0],0.001174366],
[[1500.0,650.0,650.0],0.001184401],
[[1500.0,700.0,700.0],0.001233693],
[[1500.0,750.0,750.0],0.001250023],
[[1600.0,0.0,0.0],0.001159946],
[[1600.0,50.0,50.0],0.00113563],
[[1600.0,100.0,100.0],0.001154043],
[[1600.0,150.0,150.0],0.001203838],
[[1600.0,200.0,200.0],0.001203913],
[[1600.0,250.0,250.0],0.001243766],
[[1600.0,300.0,300.0],0.001213781],
[[1600.0,350.0,350.0],0.001228998],
[[1600.0,400.0,400.0],0.001233554],
[[1600.0,450.0,450.0],0.001218996],
[[1600.0,500.0,500.0],0.001259728],
[[1600.0,550.0,550.0],0.001261417],
[[1600.0,600.0,600.0],0.00125898],
[[1600.0,650.0,650.0],0.001306755],
[[1600.0,700.0,700.0],0.001292218],
[[1600.0,750.0,750.0],0.00133115],
[[1600.0,800.0,800.0],0.00135],
[[1700.0,0.0,0.0],0.00125264],
[[1700.0,50.0,50.0],0.001233067],
[[1700.0,100.0,100.0],0.001299256],
[[1700.0,150.0,150.0],0.001252154],
[[1700.0,200.0,200.0],0.00128518],
[[1700.0,250.0,250.0],0.001312682],
[[1700.0,300.0,300.0],0.001339769],
[[1700.0,350.0,350.0],0.001319279],
[[1700.0,400.0,400.0],0.001314247],
[[1700.0,450.0,450.0],0.001343534],
[[1700.0,500.0,500.0],0.001369395],
[[1700.0,550.0,550.0],0.001395084],
[[1700.0,600.0,600.0],0.001388341],
[[1700.0,650.0,650.0],0.001375916],
[[1700.0,700.0,700.0],0.001372475],
[[1700.0,750.0,750.0],0.001393424],
[[1700.0,800.0,800.0],0.001378884],
[[1700.0,850.0,850.0],0.001452686],
[[1800.0,0.0,0.0],0.001295146],
[[1800.0,50.0,50.0],0.001337945],
[[1800.0,100.0,100.0],0.001293356],
[[1800.0,150.0,150.0],0.001325791],
[[1800.0,200.0,200.0],0.001382347],
[[1800.0,250.0,250.0],0.001353437],
[[1800.0,300.0,300.0],0.001351047],
[[1800.0,350.0,350.0],0.001343579],
[[1800.0,400.0,400.0],0.001439989],
[[1800.0,450.0,450.0],0.001437112],
[[1800.0,500.0,500.0],0.001438994],
[[1800.0,550.0,550.0],0.001435252],
[[1800.0,600.0,600.0],0.001415744],
[[1800.0,650.0,650.0],0.001450561],
[[1800.0,700.0,700.0],0.001463048],
[[1800.0,750.0,750.0],0.001498402],
[[1800.0,800.0,800.0],0.001472654],
[[1800.0,850.0,850.0],0.001522475],
[[1800.0,900.0,900.0],0.001599127],
[[1900.0,0.0,0.0],0.001374439],
[[1900.0,50.0,50.0],0.001396678],
[[1900.0,100.0,100.0],0.00142336],
[[1900.0,150.0,150.0],0.001400059],
[[1900.0,200.0,200.0],0.001418976],
[[1900.0,250.0,250.0],0.001461321],
[[1900.0,300.0,300.0],0.001450789],
[[1900.0,350.0,350.0],0.001473933],
[[1900.0,400.0,400.0],0.001483979],
[[1900.0,450.0,450.0],0.001521107],
[[1900.0,500.0,500.0],0.00148934],
[[1900.0,550.0,550.0],0.001498484],
[[1900.0,600.0,600.0],0.001513291],
[[1900.0,650.0,650.0],0.001552057],
[[1900.0,700.0,700.0],0.001557581],
[[1900.0,750.0,750.0],0.001537035],
[[1900.0,800.0,800.0],0.001514135],
[[1900.0,850.0,850.0],0.001565047],
[[1900.0,900.0,900.0],0.001585825],
[[1900.0,950.0,950.0],0.001625432],
[[2000.0,0.0,0.0],0.001463437],
[[2000.0,50.0,50.0],0.001477653],
[[2000.0,100.0,100.0],0.001452666],
[[2000.0,150.0,150.0],0.001476025],
[[2000.0,200.0,200.0],0.001497616],
[[2000.0,250.0,250.0],0.001553913],
[[2000.0,300.0,300.0],0.001546028],
[[2000.0,350.0,350.0],0.001525683],
[[2000.0,400.0,400.0],0.001585612],
[[2000.0,450.0,450.0],0.001533818],
[[2000.0,500.0,500.0],0.001552958],
[[2000.0,550.0,550.0],0.001564879],
[[2000.0,600.0,600.0],0.00162664],
[[2000.0,650.0,650.0],0.00162028],
[[2000.0,700.0,700.0],0.001646659],
[[2000.0,750.0,750.0],0.001618407],
[[2000.0,800.0,800.0],0.001624667],
[[2000.0,850.0,850.0],0.001658853],
[[2000.0,900.0,900.0],0.001642493],
[[2000.0,950.0,950.0],0.001687391],
[[2000.0,1000.0,1000.0],0.0017122],
[[2100.0,0.0,0.0],0.001506451],
[[2100.0,50.0,50.0],0.001502227],
[[2100.0,100.0,100.0],0.001521269],
[[2100.0,150.0,150.0],0.001559922],
[[2100.0,200.0,200.0],0.001571398],
[[2100.0,250.0,250.0],0.001575436],
[[2100.0,300.0,300.0],0.001573997],
[[2100.0,350.0,350.0],0.001619993],
[[2100.0,400.0,400.0],0.001624063],
[[2100.0,450.0,450.0],0.001613208],
[[2100.0,500.0,500.0],0.001726117],
[[2100.0,550.0,550.0],0.001650072],
[[2100.0,600.0,600.0],0.001659453],
[[2100.0,650.0,650.0],0.001676879],
[[2100.0,700.0,700.0],0.001681632],
[[2100.0,750.0,750.0],0.001722213],
[[2100.0,800.0,800.0],0.001751428],
[[2100.0,850.0,850.0],0.001708712],
[[2100.0,900.0,900.0],0.001752535],
[[2100.0,950.0,950.0],0.001736893],
[[2100.0,1000.0,1000.0],0.001760172],
[[2100.0,1050.0,1050.0],0.001798185],
[[2200.0,0.0,0.0],0.001520742],
[[2200.0,50.0,50.0],0.001552167],
[[2200.0,100.0,100.0],0.001581993],
[[2200.0,150.0,150.0],0.001570328],
[[2200.0,200.0,200.0],0.001607385],
[[2200.0,250.0,250.0],0.001678693],
[[2200.0,300.0,300.0],0.001694579],
[[2200.0,350.0,350.0],0.001691502],
[[2200.0,400.0,400.0],0.001692614],
[[2200.0,450.0,450.0],0.001739196],
[[2200.0,500.0,500.0],0.001708635],
[[2200.0,550.0,550.0],0.001789458],
[[2200.0,600.0,600.0],0.001711194],
[[2200.0,650.0,650.0],0.00170462],
[[2200.0,700.0,700.0],0.00174225],
[[2200.0,750.0,750.0],0.001771937],
[[2200.0,800.0,800.0],0.001806041],
[[2200.0,850.0,850.0],0.001824776],
[[2200.0,900.0,900.0],0.001766816],
[[2200.0,950.0,950.0],0.001812309],
[[2200.0,1000.0,1000.0],0.001854037],
[[2200.0,1050.0,1050.0],0.001838297],
[[2200.0,1100.0,1100.0],0.001915852]]
