txName: TChiWWISRqq
constraint: {(PV > anyBSM(1), anyBSM(3)), (anyBSM(1) > q, q, MET(2)), (anyBSM(3) > q, q, MET(4))}
condition: None
conditionDescription: None
figureUrl: None
source: MA5
validated: True
axesMap: [{0: 'x', 1: 'y', 2: 'x', 3: 'y'}]
dataMap: {0: (1, 'mass', GeV), 1: (2, 'mass', GeV), 2: (3, 'mass', GeV), 3: (4, 'mass', GeV)}
finalState: ['MET', 'MET']
efficiencyMap: [[[10.0,1.0,10.0,1.0],2.265505e-07],
[[10.0,3.0,10.0,3.0],5.283075e-07],
[[10.0,5.0,10.0,5.0],9.295794e-07],
[[10.0,7.0,10.0,7.0],7.767134e-06],
[[10.0,9.0,10.0,9.0],7.954095e-05],
[[11.0,10.0,11.0,10.0],0.0001476912],
[[13.0,10.0,13.0,10.0],1.109018e-05],
[[15.0,10.0,15.0,10.0],4.812365e-06],
[[20.0,10.0,20.0,10.0],1.277773e-06],
[[21.0,20.0,21.0,20.0],0.0002711692],
[[23.0,20.0,23.0,20.0],5.586955e-05],
[[25.0,20.0,25.0,20.0],2.168148e-05],
[[30.0,10.0,30.0,10.0],6.280862e-07],
[[30.0,20.0,30.0,20.0],4.672584e-06],
[[31.0,30.0,31.0,30.0],0.0003753689],
[[33.0,30.0,33.0,30.0],0.0001114727],
[[35.0,30.0,35.0,30.0],4.610581e-05],
[[40.0,20.0,40.0,20.0],9.542746e-07],
[[40.0,30.0,40.0,30.0],9.372663e-06],
[[41.0,40.0,41.0,40.0],0.0003707906],
[[43.0,40.0,43.0,40.0],0.0001814645],
[[45.0,40.0,45.0,40.0],9.196304e-05],
[[50.0,10.0,50.0,10.0],4.067454e-06],
[[50.0,30.0,50.0,30.0],1.894494e-05],
[[50.0,40.0,50.0,40.0],6.956556e-05],
[[51.0,50.0,51.0,50.0],0.0009527975],
[[53.0,50.0,53.0,50.0],0.0007706109],
[[55.0,50.0,55.0,50.0],0.0004991758],
[[60.0,20.0,60.0,20.0],2.640969e-05],
[[60.0,40.0,60.0,40.0],7.878723e-05],
[[60.0,50.0,60.0,50.0],0.0002729079],
[[61.0,60.0,61.0,60.0],0.001790157],
[[63.0,60.0,63.0,60.0],0.001589341],
[[65.0,60.0,65.0,60.0],0.001122872],
[[70.0,10.0,70.0,10.0],3.541232e-05],
[[70.0,30.0,70.0,30.0],6.677532e-05],
[[70.0,50.0,70.0,50.0],0.0002220437],
[[70.0,60.0,70.0,60.0],0.0006598053],
[[71.0,70.0,71.0,70.0],0.00277917],
[[73.0,70.0,73.0,70.0],0.002425104],
[[75.0,70.0,75.0,70.0],0.001888281],
[[80.0,20.0,80.0,20.0],8.405325e-05],
[[80.0,40.0,80.0,40.0],0.0001099311],
[[80.0,60.0,80.0,60.0],0.0003535806],
[[80.0,70.0,80.0,70.0],0.001045593],
[[81.0,80.0,81.0,80.0],0.003721569],
[[83.0,80.0,83.0,80.0],0.003483239],
[[85.0,80.0,85.0,80.0],0.002687752],
[[90.0,10.0,90.0,10.0],0.0001125316],
[[90.0,30.0,90.0,30.0],0.0001339967],
[[90.0,50.0,90.0,50.0],0.0002153744],
[[90.0,70.0,90.0,70.0],0.0006189431],
[[90.0,80.0,90.0,80.0],0.001630134],
[[91.0,90.0,91.0,90.0],0.004736135],
[[93.0,90.0,93.0,90.0],0.00438129],
[[95.0,90.0,95.0,90.0],0.003812637],
[[100.0,20.0,100.0,20.0],0.0001323445],
[[100.0,40.0,100.0,40.0],0.0001891999],
[[100.0,60.0,100.0,60.0],0.0003429418],
[[100.0,80.0,100.0,80.0],0.001085009],
[[100.0,90.0,100.0,90.0],0.002282089],
[[101.0,100.0,101.0,100.0],0.00572144],
[[103.0,100.0,103.0,100.0],0.005547318],
[[103.0,102.0,103.0,102.0],0.006038901],
[[105.0,100.0,105.0,100.0],0.005058367],
[[105.0,102.0,105.0,102.0],0.005615106],
[[107.0,102.0,107.0,102.0],0.005049999],
[[110.0,30.0,110.0,30.0],0.0002012236],
[[110.0,50.0,110.0,50.0],0.0003619418],
[[110.0,70.0,110.0,70.0],0.0006157631],
[[110.0,90.0,110.0,90.0],0.001467396],
[[110.0,100.0,110.0,100.0],0.003188207],
[[112.0,102.0,112.0,102.0],0.003329176],
[[120.0,40.0,120.0,40.0],0.000313624],
[[120.0,60.0,120.0,60.0],0.0004645481],
[[120.0,80.0,120.0,80.0],0.0008369355],
[[120.0,100.0,120.0,100.0],0.00189241],
[[122.0,102.0,122.0,102.0],0.002097565],
[[123.0,122.0,123.0,122.0],0.008014973],
[[125.0,122.0,125.0,122.0],0.008145674],
[[127.0,122.0,127.0,122.0],0.007443905],
[[130.0,50.0,130.0,50.0],0.0004315231],
[[130.0,70.0,130.0,70.0],0.000584299],
[[130.0,90.0,130.0,90.0],0.001030103],
[[132.0,122.0,132.0,122.0],0.005121773],
[[140.0,60.0,140.0,60.0],0.0006215328],
[[140.0,80.0,140.0,80.0],0.0008237983],
[[140.0,100.0,140.0,100.0],0.001440902],
[[142.0,102.0,142.0,102.0],0.001488262],
[[142.0,122.0,142.0,122.0],0.00345286],
[[143.0,142.0,143.0,142.0],0.01064893],
[[145.0,142.0,145.0,142.0],0.01027148],
[[147.0,142.0,147.0,142.0],0.009847548],
[[150.0,70.0,150.0,70.0],0.0006991824],
[[150.0,90.0,150.0,90.0],0.001018942],
[[152.0,142.0,152.0,142.0],0.007351924],
[[160.0,80.0,160.0,80.0],0.001012694],
[[160.0,100.0,160.0,100.0],0.001372192],
[[162.0,102.0,162.0,102.0],0.001510638],
[[162.0,122.0,162.0,122.0],0.002500289],
[[162.0,142.0,162.0,142.0],0.005032033],
[[163.0,162.0,163.0,162.0],0.01289723],
[[165.0,162.0,165.0,162.0],0.01250999],
[[167.0,162.0,167.0,162.0],0.01216934],
[[170.0,90.0,170.0,90.0],0.001225769],
[[172.0,162.0,172.0,162.0],0.009466883],
[[180.0,100.0,180.0,100.0],0.001365528],
[[182.0,102.0,182.0,102.0],0.001484291],
[[182.0,122.0,182.0,122.0],0.002096215],
[[182.0,142.0,182.0,142.0],0.003278376],
[[182.0,162.0,182.0,162.0],0.006703637],
[[183.0,182.0,183.0,182.0],0.01520083],
[[185.0,182.0,185.0,182.0],0.01504032],
[[187.0,182.0,187.0,182.0],0.01418162],
[[192.0,182.0,192.0,182.0],0.01202121],
[[202.0,122.0,202.0,122.0],0.002002621],
[[202.0,142.0,202.0,142.0],0.002821223],
[[202.0,162.0,202.0,162.0],0.004389161],
[[202.0,182.0,202.0,182.0],0.008282991],
[[203.0,202.0,203.0,202.0],0.01714455],
[[205.0,202.0,205.0,202.0],0.01689626],
[[207.0,202.0,207.0,202.0],0.01680817],
[[212.0,202.0,212.0,202.0],0.01411738],
[[222.0,142.0,222.0,142.0],0.002726525],
[[222.0,162.0,222.0,162.0],0.003832811],
[[222.0,182.0,222.0,182.0],0.005667742],
[[222.0,202.0,222.0,202.0],0.01014141],
[[223.0,222.0,223.0,222.0],0.0194993],
[[225.0,222.0,225.0,222.0],0.01906167],
[[227.0,222.0,227.0,222.0],0.01887681],
[[232.0,222.0,232.0,222.0],0.01659647],
[[242.0,162.0,242.0,162.0],0.00348009],
[[242.0,182.0,242.0,182.0],0.004718245],
[[242.0,202.0,242.0,202.0],0.006901558],
[[242.0,222.0,242.0,222.0],0.01244703],
[[243.0,242.0,243.0,242.0],0.02177621],
[[245.0,242.0,245.0,242.0],0.02166171],
[[247.0,242.0,247.0,242.0],0.02068944],
[[252.0,242.0,252.0,242.0],0.01877654],
[[262.0,182.0,262.0,182.0],0.004383911],
[[262.0,202.0,262.0,202.0],0.005705383],
[[262.0,222.0,262.0,222.0],0.008360356],
[[262.0,242.0,262.0,242.0],0.01434236],
[[263.0,262.0,263.0,262.0],0.02390137],
[[265.0,262.0,265.0,262.0],0.0234054],
[[267.0,262.0,267.0,262.0],0.02301368],
[[272.0,262.0,272.0,262.0],0.02066602],
[[282.0,202.0,282.0,202.0],0.005171225],
[[282.0,222.0,282.0,222.0],0.006774194],
[[282.0,242.0,282.0,242.0],0.009704694],
[[282.0,262.0,282.0,262.0],0.016219],
[[283.0,282.0,283.0,282.0],0.02566673],
[[285.0,282.0,285.0,282.0],0.0256306],
[[287.0,282.0,287.0,282.0],0.02510503],
[[292.0,282.0,292.0,282.0],0.02284459],
[[302.0,222.0,302.0,222.0],0.006002216],
[[302.0,242.0,302.0,242.0],0.007750417],
[[302.0,262.0,302.0,262.0],0.01103231],
[[302.0,282.0,302.0,282.0],0.0180929],
[[303.0,302.0,303.0,302.0],0.02747057],
[[305.0,302.0,305.0,302.0],0.02719853],
[[307.0,302.0,307.0,302.0],0.02663943],
[[312.0,302.0,312.0,302.0],0.02477608],
[[322.0,242.0,322.0,242.0],0.006884428],
[[322.0,262.0,322.0,262.0],0.008905303],
[[322.0,282.0,322.0,282.0],0.01246783],
[[322.0,302.0,322.0,302.0],0.01981368],
[[323.0,322.0,323.0,322.0],0.02970266],
[[325.0,322.0,325.0,322.0],0.0292344],
[[327.0,322.0,327.0,322.0],0.02892839],
[[332.0,322.0,332.0,322.0],0.02685914],
[[342.0,262.0,342.0,262.0],0.00779995],
[[342.0,282.0,342.0,282.0],0.009794712],
[[342.0,302.0,342.0,302.0],0.01397004],
[[342.0,322.0,342.0,322.0],0.02165227],
[[343.0,342.0,343.0,342.0],0.03126367],
[[345.0,342.0,345.0,342.0],0.031124],
[[347.0,342.0,347.0,342.0],0.03032018],
[[352.0,342.0,352.0,342.0],0.02833564],
[[362.0,282.0,362.0,282.0],0.008666816],
[[362.0,302.0,362.0,302.0],0.0109994],
[[362.0,322.0,362.0,322.0],0.01491829],
[[362.0,342.0,362.0,342.0],0.02343359],
[[363.0,362.0,363.0,362.0],0.03300973],
[[365.0,362.0,365.0,362.0],0.03244394],
[[367.0,362.0,367.0,362.0],0.03227964],
[[372.0,362.0,372.0,362.0],0.03054321],
[[382.0,302.0,382.0,302.0],0.009807835],
[[382.0,322.0,382.0,322.0],0.01213546],
[[382.0,342.0,382.0,342.0],0.01631859],
[[382.0,362.0,382.0,362.0],0.02504673],
[[383.0,382.0,383.0,382.0],0.03473556],
[[385.0,382.0,385.0,382.0],0.03431571],
[[387.0,382.0,387.0,382.0],0.03404633],
[[392.0,382.0,392.0,382.0],0.03208553],
[[402.0,322.0,402.0,322.0],0.01046685],
[[402.0,342.0,402.0,342.0],0.01328701],
[[402.0,362.0,402.0,362.0],0.0178678],
[[402.0,382.0,402.0,382.0],0.02675242],
[[403.0,402.0,403.0,402.0],0.03651813],
[[405.0,402.0,405.0,402.0],0.03608782],
[[407.0,402.0,407.0,402.0],0.03544512],
[[412.0,402.0,412.0,402.0],0.03362883],
[[422.0,342.0,422.0,342.0],0.01129773],
[[422.0,362.0,422.0,362.0],0.01423848],
[[422.0,382.0,422.0,382.0],0.01927252],
[[422.0,402.0,422.0,402.0],0.02857414],
[[442.0,362.0,442.0,362.0],0.01228259],
[[442.0,382.0,442.0,382.0],0.01526407],
[[442.0,402.0,442.0,402.0],0.02072093],
[[462.0,382.0,462.0,382.0],0.01298121],
[[462.0,402.0,462.0,402.0],0.01647255],
[[482.0,402.0,482.0,402.0],0.01417174],
[[503.0,502.0,503.0,502.0],0.0436327],
[[505.0,502.0,505.0,502.0],0.04331605],
[[507.0,502.0,507.0,502.0],0.04326497],
[[512.0,502.0,512.0,502.0],0.04176834],
[[522.0,502.0,522.0,502.0],0.0361216],
[[542.0,502.0,542.0,502.0],0.02654465],
[[562.0,502.0,562.0,502.0],0.02110061],
[[582.0,502.0,582.0,502.0],0.01793256],
[[603.0,602.0,603.0,602.0],0.04968711],
[[605.0,602.0,605.0,602.0],0.04980378],
[[607.0,602.0,607.0,602.0],0.04911809],
[[612.0,602.0,612.0,602.0],0.04757191],
[[622.0,602.0,622.0,602.0],0.04216885],
[[642.0,602.0,642.0,602.0],0.03219265],
[[662.0,602.0,662.0,602.0],0.02561246],
[[682.0,602.0,682.0,602.0],0.02114841],
[[703.0,702.0,703.0,702.0],0.05454959],
[[705.0,702.0,705.0,702.0],0.0542444],
[[707.0,702.0,707.0,702.0],0.05392721],
[[712.0,702.0,712.0,702.0],0.05296767],
[[722.0,702.0,722.0,702.0],0.04750037],
[[742.0,702.0,742.0,702.0],0.03662763],
[[762.0,702.0,762.0,702.0],0.02932537],
[[782.0,702.0,782.0,702.0],0.02422795],
[[803.0,802.0,803.0,802.0],0.05868602],
[[805.0,802.0,805.0,802.0],0.05841156],
[[807.0,802.0,807.0,802.0],0.05783967],
[[812.0,802.0,812.0,802.0],0.05678334],
[[822.0,802.0,822.0,802.0],0.05207664],
[[842.0,802.0,842.0,802.0],0.04042169],
[[862.0,802.0,862.0,802.0],0.03217705],
[[882.0,802.0,882.0,802.0],0.02708345],
[[903.0,902.0,903.0,902.0],0.06209354],
[[905.0,902.0,905.0,902.0],0.06230924],
[[907.0,902.0,907.0,902.0],0.06193365],
[[912.0,902.0,912.0,902.0],0.060746],
[[922.0,902.0,922.0,902.0],0.05623761],
[[942.0,902.0,942.0,902.0],0.04396459],
[[962.0,902.0,962.0,902.0],0.0350687],
[[982.0,902.0,982.0,902.0],0.02939685],
[[1003.0,1002.0,1003.0,1002.0],0.06534441],
[[1005.0,1002.0,1005.0,1002.0],0.06537347],
[[1007.0,1002.0,1007.0,1002.0],0.06472519],
[[1012.0,1002.0,1012.0,1002.0],0.06379395],
[[1022.0,1002.0,1022.0,1002.0],0.05921003],
[[1042.0,1002.0,1042.0,1002.0],0.04683542],
[[1062.0,1002.0,1062.0,1002.0],0.03748624],
[[1082.0,1002.0,1082.0,1002.0],0.03170532],
[[1103.0,1102.0,1103.0,1102.0],0.06690573],
[[1105.0,1102.0,1105.0,1102.0],0.06731599],
[[1107.0,1102.0,1107.0,1102.0],0.06673923],
[[1112.0,1102.0,1112.0,1102.0],0.06668201],
[[1122.0,1102.0,1122.0,1102.0],0.06190337],
[[1142.0,1102.0,1142.0,1102.0],0.04964551],
[[1162.0,1102.0,1162.0,1102.0],0.0401824],
[[1182.0,1102.0,1182.0,1102.0],0.03350599],
[[1203.0,1202.0,1203.0,1202.0],0.0692682],
[[1205.0,1202.0,1205.0,1202.0],0.06965829],
[[1207.0,1202.0,1207.0,1202.0],0.06893408],
[[1212.0,1202.0,1212.0,1202.0],0.06847238],
[[1222.0,1202.0,1222.0,1202.0],0.06429997],
[[1242.0,1202.0,1242.0,1202.0],0.05200172],
[[1262.0,1202.0,1262.0,1202.0],0.04205485],
[[1282.0,1202.0,1282.0,1202.0],0.035284],
[[1303.0,1302.0,1303.0,1302.0],0.07216975],
[[1305.0,1302.0,1305.0,1302.0],0.07144893],
[[1307.0,1302.0,1307.0,1302.0],0.07134297],
[[1312.0,1302.0,1312.0,1302.0],0.07055563],
[[1322.0,1302.0,1322.0,1302.0],0.06757088],
[[1342.0,1302.0,1342.0,1302.0],0.05372033],
[[1362.0,1302.0,1362.0,1302.0],0.04360636],
[[1382.0,1302.0,1382.0,1302.0],0.03710411],
[[1403.0,1402.0,1403.0,1402.0],0.07339624],
[[1405.0,1402.0,1405.0,1402.0],0.07280585],
[[1407.0,1402.0,1407.0,1402.0],0.07321341],
[[1412.0,1402.0,1412.0,1402.0],0.07206585],
[[1422.0,1402.0,1422.0,1402.0],0.06882329],
[[1442.0,1402.0,1442.0,1402.0],0.05609775],
[[1462.0,1402.0,1462.0,1402.0],0.04563223],
[[1482.0,1402.0,1482.0,1402.0],0.03829216],
[[1503.0,1502.0,1503.0,1502.0],0.07437361],
[[1505.0,1502.0,1505.0,1502.0],0.07385373],
[[1507.0,1502.0,1507.0,1502.0],0.07441152],
[[1512.0,1502.0,1512.0,1502.0],0.07328453],
[[1522.0,1502.0,1522.0,1502.0],0.06993746],
[[1542.0,1502.0,1542.0,1502.0],0.05754691],
[[1562.0,1502.0,1562.0,1502.0],0.04750119],
[[1582.0,1502.0,1582.0,1502.0],0.03950037],
[[1603.0,1602.0,1603.0,1602.0],0.07496972],
[[1605.0,1602.0,1605.0,1602.0],0.07542217],
[[1607.0,1602.0,1607.0,1602.0],0.07509316],
[[1612.0,1602.0,1612.0,1602.0],0.07480478],
[[1622.0,1602.0,1622.0,1602.0],0.07140295],
[[1642.0,1602.0,1642.0,1602.0],0.05810785],
[[1662.0,1602.0,1662.0,1602.0],0.04857672],
[[1682.0,1602.0,1682.0,1602.0],0.04095697],
[[1703.0,1702.0,1703.0,1702.0],0.07612038],
[[1705.0,1702.0,1705.0,1702.0],0.07588768],
[[1707.0,1702.0,1707.0,1702.0],0.07583679],
[[1712.0,1702.0,1712.0,1702.0],0.07451245],
[[1722.0,1702.0,1722.0,1702.0],0.07216975],
[[1742.0,1702.0,1742.0,1702.0],0.06029834],
[[1762.0,1702.0,1762.0,1702.0],0.04909267],
[[1782.0,1702.0,1782.0,1702.0],0.04145276],
[[1803.0,1802.0,1803.0,1802.0],0.07616575],
[[1805.0,1802.0,1805.0,1802.0],0.07642438],
[[1807.0,1802.0,1807.0,1802.0],0.07633561],
[[1812.0,1802.0,1812.0,1802.0],0.07514656],
[[1822.0,1802.0,1822.0,1802.0],0.07268547],
[[1842.0,1802.0,1842.0,1802.0],0.06054946],
[[1862.0,1802.0,1862.0,1802.0],0.05028926],
[[1882.0,1802.0,1882.0,1802.0],0.04209425],
[[1903.0,1902.0,1903.0,1902.0],0.07751373],
[[1905.0,1902.0,1905.0,1902.0],0.07632201],
[[1907.0,1902.0,1907.0,1902.0],0.07683684],
[[1912.0,1902.0,1912.0,1902.0],0.07589456],
[[1922.0,1902.0,1922.0,1902.0],0.07264954],
[[1942.0,1902.0,1942.0,1902.0],0.06120869],
[[1962.0,1902.0,1962.0,1902.0],0.05057264],
[[1982.0,1902.0,1982.0,1902.0],0.04248135],
[[2003.0,2002.0,2003.0,2002.0],0.07649075],
[[2005.0,2002.0,2005.0,2002.0],0.07653283],
[[2007.0,2002.0,2007.0,2002.0],0.0760679],
[[2012.0,2002.0,2012.0,2002.0],0.07556847],
[[2022.0,2002.0,2022.0,2002.0],0.07371257],
[[2042.0,2002.0,2042.0,2002.0],0.06231112],
[[2062.0,2002.0,2062.0,2002.0],0.05084239],
[[2082.0,2002.0,2082.0,2002.0],0.04367064]]
