txName: TRV1
constraint: {(PV > Zprime(1)), (Zprime(1) > MET(2),MET(3))}
condition: None
conditionDescription: None
figureUrl: https://atlas.web.cern.ch/Atlas/GROUPS/PHYSICS/PAPERS/EXOT-2018-06/figaux_06.png
source: MA5
validated: True
axesMap: [{0: 'x', 1: 'y', 2: 'y'}]
dataMap: {0: (1, 'mass', GeV), 1: (2, 'mass', GeV), 2: (3, 'mass', GeV)}
finalState: ['MET', 'MET']
efficiencyMap: [[[100.0,0.0,0.0],0.0004698033],
[[100.0,50.0,50.0],0.0005501412],
[[200.0,0.0,0.0],0.002214126],
[[200.0,50.0,50.0],0.002220449],
[[200.0,100.0,100.0],0.002570724],
[[300.0,0.0,0.0],0.005127022],
[[300.0,50.0,50.0],0.005328099],
[[300.0,100.0,100.0],0.005311053],
[[300.0,150.0,150.0],0.006050808],
[[400.0,0.0,0.0],0.008945266],
[[400.0,50.0,50.0],0.009089941],
[[400.0,100.0,100.0],0.009345568],
[[400.0,150.0,150.0],0.009495338],
[[400.0,200.0,200.0],0.01039273],
[[500.0,0.0,0.0],0.01328592],
[[500.0,50.0,50.0],0.01314545],
[[500.0,100.0,100.0],0.01340976],
[[500.0,150.0,150.0],0.0134055],
[[500.0,200.0,200.0],0.01384159],
[[500.0,250.0,250.0],0.01527669],
[[600.0,0.0,0.0],0.01725486],
[[600.0,50.0,50.0],0.0173732],
[[600.0,100.0,100.0],0.01771124],
[[600.0,150.0,150.0],0.01771413],
[[600.0,200.0,200.0],0.01806781],
[[600.0,250.0,250.0],0.01824288],
[[600.0,300.0,300.0],0.01967085],
[[700.0,0.0,0.0],0.02103148],
[[700.0,50.0,50.0],0.02138187],
[[700.0,100.0,100.0],0.02138822],
[[700.0,150.0,150.0],0.02194866],
[[700.0,200.0,200.0],0.02212975],
[[700.0,250.0,250.0],0.02213389],
[[700.0,300.0,300.0],0.02249062],
[[700.0,350.0,350.0],0.02402167],
[[800.0,0.0,0.0],0.02484387],
[[800.0,50.0,50.0],0.02483972],
[[800.0,100.0,100.0],0.02543947],
[[800.0,150.0,150.0],0.0255141],
[[800.0,200.0,200.0],0.02575818],
[[800.0,250.0,250.0],0.02598143],
[[800.0,300.0,300.0],0.02645947],
[[800.0,350.0,350.0],0.02691054],
[[800.0,400.0,400.0],0.02830394],
[[900.0,0.0,0.0],0.02847794],
[[900.0,50.0,50.0],0.02837216],
[[900.0,100.0,100.0],0.02885355],
[[900.0,150.0,150.0],0.02930986],
[[900.0,200.0,200.0],0.02936535],
[[900.0,250.0,250.0],0.02949049],
[[900.0,300.0,300.0],0.02981621],
[[900.0,350.0,350.0],0.03010053],
[[900.0,400.0,400.0],0.03049802],
[[900.0,450.0,450.0],0.03216315],
[[1000.0,0.0,0.0],0.03135876],
[[1000.0,50.0,50.0],0.03158536],
[[1000.0,100.0,100.0],0.03213812],
[[1000.0,150.0,150.0],0.03257737],
[[1000.0,200.0,200.0],0.03267909],
[[1000.0,250.0,250.0],0.0328243],
[[1000.0,300.0,300.0],0.0331798],
[[1000.0,350.0,350.0],0.033496],
[[1000.0,400.0,400.0],0.03379773],
[[1000.0,450.0,450.0],0.03446622],
[[1000.0,500.0,500.0],0.03582178],
[[1100.0,0.0,0.0],0.03442048],
[[1100.0,50.0,50.0],0.03478837],
[[1100.0,100.0,100.0],0.0355221],
[[1100.0,150.0,150.0],0.035643],
[[1100.0,200.0,200.0],0.03585731],
[[1100.0,250.0,250.0],0.03610318],
[[1100.0,300.0,300.0],0.03646778],
[[1100.0,350.0,350.0],0.03651882],
[[1100.0,400.0,400.0],0.03677973],
[[1100.0,450.0,450.0],0.03694641],
[[1100.0,500.0,500.0],0.03732281],
[[1100.0,550.0,550.0],0.03903242],
[[1200.0,0.0,0.0],0.03721335],
[[1200.0,50.0,50.0],0.03747324],
[[1200.0,100.0,100.0],0.03797225],
[[1200.0,150.0,150.0],0.03854325],
[[1200.0,200.0,200.0],0.03897653],
[[1200.0,250.0,250.0],0.03919731],
[[1200.0,300.0,300.0],0.03930592],
[[1200.0,350.0,350.0],0.03934845],
[[1200.0,400.0,400.0],0.03986589],
[[1200.0,450.0,450.0],0.04008223],
[[1200.0,500.0,500.0],0.04018265],
[[1200.0,550.0,550.0],0.04062543],
[[1200.0,600.0,600.0],0.04235684],
[[1300.0,0.0,0.0],0.03954988],
[[1300.0,50.0,50.0],0.04049672],
[[1300.0,100.0,100.0],0.04112552],
[[1300.0,150.0,150.0],0.04077899],
[[1300.0,200.0,200.0],0.04143755],
[[1300.0,250.0,250.0],0.04171406],
[[1300.0,300.0,300.0],0.04196684],
[[1300.0,350.0,350.0],0.04223452],
[[1300.0,400.0,400.0],0.04213533],
[[1300.0,450.0,450.0],0.04295277],
[[1300.0,500.0,500.0],0.04326696],
[[1300.0,550.0,550.0],0.04329736],
[[1300.0,600.0,600.0],0.043724],
[[1300.0,650.0,650.0],0.04497821],
[[1400.0,0.0,0.0],0.0420722],
[[1400.0,50.0,50.0],0.04237425],
[[1400.0,100.0,100.0],0.04341938],
[[1400.0,150.0,150.0],0.04345437],
[[1400.0,200.0,200.0],0.0440809],
[[1400.0,250.0,250.0],0.04430444],
[[1400.0,300.0,300.0],0.04422883],
[[1400.0,350.0,350.0],0.04490001],
[[1400.0,400.0,400.0],0.04515887],
[[1400.0,450.0,450.0],0.04519986],
[[1400.0,500.0,500.0],0.04535463],
[[1400.0,550.0,550.0],0.0459912],
[[1400.0,600.0,600.0],0.04621158],
[[1400.0,650.0,650.0],0.04659188],
[[1400.0,700.0,700.0],0.04757417],
[[1500.0,0.0,0.0],0.04421499],
[[1500.0,50.0,50.0],0.04463706],
[[1500.0,100.0,100.0],0.04534591],
[[1500.0,150.0,150.0],0.04582723],
[[1500.0,200.0,200.0],0.0462993],
[[1500.0,250.0,250.0],0.0464982],
[[1500.0,300.0,300.0],0.04656304],
[[1500.0,350.0,350.0],0.04708668],
[[1500.0,400.0,400.0],0.04737988],
[[1500.0,450.0,450.0],0.04783072],
[[1500.0,500.0,500.0],0.04782442],
[[1500.0,550.0,550.0],0.04831569],
[[1500.0,600.0,600.0],0.04828345],
[[1500.0,650.0,650.0],0.04895441],
[[1500.0,700.0,700.0],0.04904138],
[[1500.0,750.0,750.0],0.05040621],
[[1600.0,0.0,0.0],0.04618336],
[[1600.0,50.0,50.0],0.04651144],
[[1600.0,100.0,100.0],0.04715652],
[[1600.0,150.0,150.0],0.04798134],
[[1600.0,200.0,200.0],0.04807757],
[[1600.0,250.0,250.0],0.04850719],
[[1600.0,300.0,300.0],0.04901015],
[[1600.0,350.0,350.0],0.04935995],
[[1600.0,400.0,400.0],0.0496855],
[[1600.0,450.0,450.0],0.04973043],
[[1600.0,500.0,500.0],0.05001887],
[[1600.0,550.0,550.0],0.05037628],
[[1600.0,600.0,600.0],0.0506426],
[[1600.0,650.0,650.0],0.05088465],
[[1600.0,700.0,700.0],0.05084167],
[[1600.0,750.0,750.0],0.05126695],
[[1600.0,800.0,800.0],0.05253973],
[[1700.0,0.0,0.0],0.04789055],
[[1700.0,50.0,50.0],0.04850941],
[[1700.0,100.0,100.0],0.04911104],
[[1700.0,150.0,150.0],0.04989053],
[[1700.0,200.0,200.0],0.05036798],
[[1700.0,250.0,250.0],0.05055534],
[[1700.0,300.0,300.0],0.05076738],
[[1700.0,350.0,350.0],0.05108059],
[[1700.0,400.0,400.0],0.0516291],
[[1700.0,450.0,450.0],0.05151781],
[[1700.0,500.0,500.0],0.05196924],
[[1700.0,550.0,550.0],0.05231582],
[[1700.0,600.0,600.0],0.05224689],
[[1700.0,650.0,650.0],0.05255421],
[[1700.0,700.0,700.0],0.05316357],
[[1700.0,750.0,750.0],0.05317856],
[[1700.0,800.0,800.0],0.05349351],
[[1700.0,850.0,850.0],0.05503002],
[[1800.0,0.0,0.0],0.04966532],
[[1800.0,50.0,50.0],0.04997317],
[[1800.0,100.0,100.0],0.05096287],
[[1800.0,150.0,150.0],0.05155029],
[[1800.0,200.0,200.0],0.05214262],
[[1800.0,250.0,250.0],0.05240378],
[[1800.0,300.0,300.0],0.05260669],
[[1800.0,350.0,350.0],0.05306987],
[[1800.0,400.0,400.0],0.05346647],
[[1800.0,450.0,450.0],0.05380823],
[[1800.0,500.0,500.0],0.05402347],
[[1800.0,550.0,550.0],0.05397464],
[[1800.0,600.0,600.0],0.05408086],
[[1800.0,650.0,650.0],0.05458445],
[[1800.0,700.0,700.0],0.05496688],
[[1800.0,750.0,750.0],0.05486893],
[[1800.0,800.0,800.0],0.05548124],
[[1800.0,850.0,850.0],0.05567571],
[[1800.0,900.0,900.0],0.05698606],
[[1900.0,0.0,0.0],0.05102646],
[[1900.0,50.0,50.0],0.05180862],
[[1900.0,100.0,100.0],0.05237424],
[[1900.0,150.0,150.0],0.05259641],
[[1900.0,200.0,200.0],0.05323537],
[[1900.0,250.0,250.0],0.05415252],
[[1900.0,300.0,300.0],0.05469147],
[[1900.0,350.0,350.0],0.05486994],
[[1900.0,400.0,400.0],0.05515973],
[[1900.0,450.0,450.0],0.05542223],
[[1900.0,500.0,500.0],0.05527253],
[[1900.0,550.0,550.0],0.05579899],
[[1900.0,600.0,600.0],0.0560729],
[[1900.0,650.0,650.0],0.056175],
[[1900.0,700.0,700.0],0.05586556],
[[1900.0,750.0,750.0],0.05673394],
[[1900.0,800.0,800.0],0.05701825],
[[1900.0,850.0,850.0],0.05692572],
[[1900.0,900.0,900.0],0.05729859],
[[1900.0,950.0,950.0],0.0585056],
[[2000.0,0.0,0.0],0.05236323],
[[2000.0,50.0,50.0],0.05302053],
[[2000.0,100.0,100.0],0.05354721],
[[2000.0,150.0,150.0],0.05414188],
[[2000.0,200.0,200.0],0.05508535],
[[2000.0,250.0,250.0],0.05583799],
[[2000.0,300.0,300.0],0.05580761],
[[2000.0,350.0,350.0],0.05637423],
[[2000.0,400.0,400.0],0.05672592],
[[2000.0,450.0,450.0],0.05698889],
[[2000.0,500.0,500.0],0.05688535],
[[2000.0,550.0,550.0],0.05758464],
[[2000.0,600.0,600.0],0.05789808],
[[2000.0,650.0,650.0],0.05812219],
[[2000.0,700.0,700.0],0.05798513],
[[2000.0,750.0,750.0],0.05795228],
[[2000.0,800.0,800.0],0.05860792],
[[2000.0,850.0,850.0],0.05868803],
[[2000.0,900.0,900.0],0.05853762],
[[2000.0,950.0,950.0],0.05937966],
[[2000.0,1000.0,1000.0],0.0599743],
[[2100.0,0.0,0.0],0.05314935],
[[2100.0,50.0,50.0],0.0541981],
[[2100.0,100.0,100.0],0.05488908],
[[2100.0,150.0,150.0],0.055967],
[[2100.0,200.0,200.0],0.05617387],
[[2100.0,250.0,250.0],0.05677645],
[[2100.0,300.0,300.0],0.05713476],
[[2100.0,350.0,350.0],0.05776506],
[[2100.0,400.0,400.0],0.05759823],
[[2100.0,450.0,450.0],0.05802518],
[[2100.0,500.0,500.0],0.0584174],
[[2100.0,550.0,550.0],0.05894298],
[[2100.0,600.0,600.0],0.0588699],
[[2100.0,650.0,650.0],0.05913025],
[[2100.0,700.0,700.0],0.06005458],
[[2100.0,750.0,750.0],0.05955124],
[[2100.0,800.0,800.0],0.05954039],
[[2100.0,850.0,850.0],0.05997075],
[[2100.0,900.0,900.0],0.06006025],
[[2100.0,950.0,950.0],0.06053563],
[[2100.0,1000.0,1000.0],0.06112059],
[[2100.0,1050.0,1050.0],0.0620578],
[[2200.0,0.0,0.0],0.05387321],
[[2200.0,50.0,50.0],0.05498831],
[[2200.0,100.0,100.0],0.05610284],
[[2200.0,150.0,150.0],0.05668362],
[[2200.0,200.0,200.0],0.05745517],
[[2200.0,250.0,250.0],0.05801169],
[[2200.0,300.0,300.0],0.05871464],
[[2200.0,350.0,350.0],0.05927412],
[[2200.0,400.0,400.0],0.05921657],
[[2200.0,450.0,450.0],0.05984905],
[[2200.0,500.0,500.0],0.05969973],
[[2200.0,550.0,550.0],0.06013623],
[[2200.0,600.0,600.0],0.06057691],
[[2200.0,650.0,650.0],0.06108635],
[[2200.0,700.0,700.0],0.06120021],
[[2200.0,750.0,750.0],0.06094091],
[[2200.0,800.0,800.0],0.06124172],
[[2200.0,850.0,850.0],0.06155288],
[[2200.0,900.0,900.0],0.0617612],
[[2200.0,950.0,950.0],0.06167107],
[[2200.0,1000.0,1000.0],0.0623448],
[[2200.0,1050.0,1050.0],0.06230817],
[[2200.0,1100.0,1100.0],0.06335011]]
