txName: TChiWWISRqq
constraint: {(PV > anyBSM(1), anyBSM(3)), (anyBSM(1) > q, q, MET(2)), (anyBSM(3) > q, q, MET(4))}
condition: None
conditionDescription: None
figureUrl: None
source: Recast by MA5
validated: True
axesMap: [{0: 'x', 1: 'y', 2: 'x', 3: 'y'}]
dataMap: {0: (1, 'mass', GeV), 1: (2, 'mass', GeV), 2: (3, 'mass', GeV), 3: (4, 'mass', GeV)}
finalState: ['MET', 'MET']
intermediateState: None
efficiencyMap: [[[10.0,1.0,10.0,1.0],0.0],
[[10.0,3.0,10.0,3.0],0.0],
[[10.0,5.0,10.0,5.0],0.0],
[[10.0,7.0,10.0,7.0],0.0],
[[10.0,9.0,10.0,9.0],0.0],
[[11.0,10.0,11.0,10.0],0.0],
[[13.0,10.0,13.0,10.0],0.0],
[[15.0,10.0,15.0,10.0],0.0],
[[20.0,10.0,20.0,10.0],0.0],
[[21.0,20.0,21.0,20.0],1.140765e-08],
[[23.0,20.0,23.0,20.0],0.0],
[[25.0,20.0,25.0,20.0],0.0],
[[30.0,10.0,30.0,10.0],0.0],
[[30.0,20.0,30.0,20.0],0.0],
[[31.0,30.0,31.0,30.0],2.291448e-08],
[[33.0,30.0,33.0,30.0],0.0],
[[35.0,30.0,35.0,30.0],0.0],
[[40.0,20.0,40.0,20.0],0.0],
[[40.0,30.0,40.0,30.0],0.0],
[[41.0,40.0,41.0,40.0],1.797341e-07],
[[43.0,40.0,43.0,40.0],9.858986e-09],
[[45.0,40.0,45.0,40.0],0.0],
[[50.0,10.0,50.0,10.0],0.0],
[[50.0,30.0,50.0,30.0],0.0],
[[50.0,40.0,50.0,40.0],2.495171e-08],
[[51.0,50.0,51.0,50.0],3.190352e-06],
[[53.0,50.0,53.0,50.0],1.05996e-07],
[[55.0,50.0,55.0,50.0],5.885602e-08],
[[60.0,20.0,60.0,20.0],6.74088e-09],
[[60.0,40.0,60.0,40.0],1.652337e-07],
[[60.0,50.0,60.0,50.0],4.519671e-08],
[[61.0,60.0,61.0,60.0],4.848318e-06],
[[63.0,60.0,63.0,60.0],9.923415e-07],
[[65.0,60.0,65.0,60.0],4.413356e-07],
[[70.0,10.0,70.0,10.0],9.832895e-09],
[[70.0,30.0,70.0,30.0],0.0],
[[70.0,50.0,70.0,50.0],0.0],
[[70.0,60.0,70.0,60.0],1.303319e-07],
[[71.0,70.0,71.0,70.0],1.249027e-05],
[[73.0,70.0,73.0,70.0],5.379434e-06],
[[75.0,70.0,75.0,70.0],1.033524e-06],
[[80.0,20.0,80.0,20.0],9.01394e-09],
[[80.0,40.0,80.0,40.0],1.291338e-08],
[[80.0,60.0,80.0,60.0],1.447019e-07],
[[80.0,70.0,80.0,70.0],2.256346e-07],
[[81.0,80.0,81.0,80.0],1.30773e-05],
[[83.0,80.0,83.0,80.0],7.004081e-06],
[[85.0,80.0,85.0,80.0],2.160427e-06],
[[90.0,10.0,90.0,10.0],0.0],
[[90.0,30.0,90.0,30.0],0.0],
[[90.0,50.0,90.0,50.0],3.192591e-08],
[[90.0,70.0,90.0,70.0],2.021895e-07],
[[90.0,80.0,90.0,80.0],5.610101e-07],
[[91.0,90.0,91.0,90.0],1.988193e-05],
[[93.0,90.0,93.0,90.0],7.306965e-06],
[[95.0,90.0,95.0,90.0],5.632879e-06],
[[100.0,20.0,100.0,20.0],7.725465e-09],
[[100.0,40.0,100.0,40.0],3.648554e-08],
[[100.0,60.0,100.0,60.0],5.818936e-08],
[[100.0,80.0,100.0,80.0],3.316785e-07],
[[100.0,90.0,100.0,90.0],1.137032e-06],
[[101.0,100.0,101.0,100.0],3.124745e-05],
[[103.0,100.0,103.0,100.0],1.186455e-05],
[[103.0,102.0,103.0,102.0],3.139681e-05],
[[105.0,100.0,105.0,100.0],7.58944e-06],
[[105.0,102.0,105.0,102.0],1.072596e-05],
[[107.0,102.0,107.0,102.0],8.820246e-06],
[[110.0,30.0,110.0,30.0],3.229278e-08],
[[110.0,50.0,110.0,50.0],7.067137e-08],
[[110.0,70.0,110.0,70.0],1.293203e-07],
[[110.0,90.0,110.0,90.0],5.487507e-07],
[[110.0,100.0,110.0,100.0],1.940643e-06],
[[112.0,102.0,112.0,102.0],1.823174e-06],
[[120.0,40.0,120.0,40.0],5.233044e-08],
[[120.0,60.0,120.0,60.0],8.29148e-08],
[[120.0,80.0,120.0,80.0],1.325183e-07],
[[120.0,100.0,120.0,100.0],7.854261e-07],
[[122.0,102.0,122.0,102.0],6.812634e-07],
[[123.0,122.0,123.0,122.0],4.811607e-05],
[[125.0,122.0,125.0,122.0],2.461806e-05],
[[127.0,122.0,127.0,122.0],1.065054e-05],
[[130.0,50.0,130.0,50.0],9.019192e-08],
[[130.0,70.0,130.0,70.0],2.106927e-07],
[[130.0,90.0,130.0,90.0],4.152534e-07],
[[132.0,122.0,132.0,122.0],5.39047e-06],
[[140.0,60.0,140.0,60.0],7.911565e-08],
[[140.0,80.0,140.0,80.0],1.377515e-07],
[[140.0,100.0,140.0,100.0],5.50401e-07],
[[142.0,102.0,142.0,102.0],7.869662e-07],
[[142.0,122.0,142.0,122.0],1.89892e-06],
[[143.0,142.0,143.0,142.0],6.485502e-05],
[[145.0,142.0,145.0,142.0],5.359e-05],
[[147.0,142.0,147.0,142.0],2.251791e-05],
[[150.0,70.0,150.0,70.0],2.092092e-07],
[[150.0,90.0,150.0,90.0],6.019869e-07],
[[152.0,142.0,152.0,142.0],1.020444e-05],
[[160.0,80.0,160.0,80.0],1.836627e-07],
[[160.0,100.0,160.0,100.0],2.821643e-07],
[[162.0,102.0,162.0,102.0],1.023433e-06],
[[162.0,122.0,162.0,122.0],1.490479e-06],
[[162.0,142.0,162.0,142.0],4.573466e-06],
[[163.0,162.0,163.0,162.0],8.431466e-05],
[[165.0,162.0,165.0,162.0],6.901119e-05],
[[167.0,162.0,167.0,162.0],5.348808e-05],
[[170.0,90.0,170.0,90.0],2.750385e-07],
[[172.0,162.0,172.0,162.0],1.842392e-05],
[[180.0,100.0,180.0,100.0],4.410017e-07],
[[182.0,102.0,182.0,102.0],6.638027e-07],
[[182.0,122.0,182.0,122.0],7.62364e-07],
[[182.0,142.0,182.0,142.0],2.509018e-06],
[[182.0,162.0,182.0,162.0],8.465935e-06],
[[183.0,182.0,183.0,182.0],0.000123477],
[[185.0,182.0,185.0,182.0],0.0001014356],
[[187.0,182.0,187.0,182.0],7.173776e-05],
[[192.0,182.0,192.0,182.0],2.409616e-05],
[[202.0,122.0,202.0,122.0],1.015406e-06],
[[202.0,142.0,202.0,142.0],2.060964e-06],
[[202.0,162.0,202.0,162.0],4.321367e-06],
[[202.0,182.0,202.0,182.0],1.198699e-05],
[[203.0,202.0,203.0,202.0],0.0001533489],
[[205.0,202.0,205.0,202.0],0.0001423875],
[[207.0,202.0,207.0,202.0],0.0001000577],
[[212.0,202.0,212.0,202.0],3.876201e-05],
[[222.0,142.0,222.0,142.0],1.970664e-06],
[[222.0,162.0,222.0,162.0],7.010459e-06],
[[222.0,182.0,222.0,182.0],7.025868e-06],
[[222.0,202.0,222.0,202.0],1.972163e-05],
[[223.0,222.0,223.0,222.0],0.0001766904],
[[225.0,222.0,225.0,222.0],0.0001757773],
[[227.0,222.0,227.0,222.0],0.0001487217],
[[232.0,222.0,232.0,222.0],5.928298e-05],
[[242.0,162.0,242.0,162.0],3.616634e-06],
[[242.0,182.0,242.0,182.0],5.500394e-06],
[[242.0,202.0,242.0,202.0],9.380223e-06],
[[242.0,222.0,242.0,222.0],3.442533e-05],
[[243.0,242.0,243.0,242.0],0.0002279467],
[[245.0,242.0,245.0,242.0],0.0002044079],
[[247.0,242.0,247.0,242.0],0.0001728452],
[[252.0,242.0,252.0,242.0],7.890509e-05],
[[262.0,182.0,262.0,182.0],5.060419e-06],
[[262.0,202.0,262.0,202.0],7.428281e-06],
[[262.0,222.0,262.0,222.0],1.45818e-05],
[[262.0,242.0,262.0,242.0],3.648342e-05],
[[263.0,262.0,263.0,262.0],0.0002741898],
[[265.0,262.0,265.0,262.0],0.000241523],
[[267.0,262.0,267.0,262.0],0.0002006132],
[[272.0,262.0,272.0,262.0],0.0001141408],
[[282.0,202.0,282.0,202.0],5.863475e-06],
[[282.0,222.0,282.0,222.0],1.166656e-05],
[[282.0,242.0,282.0,242.0],3.854257e-05],
[[282.0,262.0,282.0,262.0],5.080613e-05],
[[283.0,282.0,283.0,282.0],0.0003276032],
[[285.0,282.0,285.0,282.0],0.0002867319],
[[287.0,282.0,287.0,282.0],0.0002597092],
[[292.0,282.0,292.0,282.0],0.0001431878],
[[302.0,222.0,302.0,222.0],8.385909e-06],
[[302.0,242.0,302.0,242.0],1.550589e-05],
[[302.0,262.0,302.0,262.0],2.676905e-05],
[[302.0,282.0,302.0,282.0],7.660913e-05],
[[303.0,302.0,303.0,302.0],0.0003665848],
[[305.0,302.0,305.0,302.0],0.0003648114],
[[307.0,302.0,307.0,302.0],0.0003164818],
[[312.0,302.0,312.0,302.0],0.0001906918],
[[322.0,242.0,322.0,242.0],1.213742e-05],
[[322.0,262.0,322.0,262.0],1.88568e-05],
[[322.0,282.0,322.0,282.0],4.979691e-05],
[[322.0,302.0,322.0,302.0],0.0001034051],
[[323.0,322.0,323.0,322.0],0.0004634264],
[[325.0,322.0,325.0,322.0],0.000415113],
[[327.0,322.0,327.0,322.0],0.0003649951],
[[332.0,322.0,332.0,322.0],0.0002686988],
[[342.0,262.0,342.0,262.0],1.827307e-05],
[[342.0,282.0,342.0,282.0],2.413279e-05],
[[342.0,302.0,342.0,302.0],5.863356e-05],
[[342.0,322.0,342.0,322.0],0.0001114354],
[[343.0,342.0,343.0,342.0],0.0004610716],
[[345.0,342.0,345.0,342.0],0.0004602991],
[[347.0,342.0,347.0,342.0],0.0004150026],
[[352.0,342.0,352.0,342.0],0.0002840673],
[[362.0,282.0,362.0,282.0],1.827939e-05],
[[362.0,302.0,362.0,302.0],3.307762e-05],
[[362.0,322.0,362.0,322.0],5.985684e-05],
[[362.0,342.0,362.0,342.0],0.0001506801],
[[363.0,362.0,363.0,362.0],0.0005223332],
[[365.0,362.0,365.0,362.0],0.0005180757],
[[367.0,362.0,367.0,362.0],0.0004818774],
[[372.0,362.0,372.0,362.0],0.0003257996],
[[382.0,302.0,382.0,302.0],2.807484e-05],
[[382.0,322.0,382.0,322.0],5.081726e-05],
[[382.0,342.0,382.0,342.0],7.796466e-05],
[[382.0,362.0,382.0,362.0],0.0001766624],
[[383.0,382.0,383.0,382.0],0.0005909382],
[[385.0,382.0,385.0,382.0],0.0005668767],
[[387.0,382.0,387.0,382.0],0.0005253765],
[[392.0,382.0,392.0,382.0],0.0004010178],
[[402.0,322.0,402.0,322.0],3.268626e-05],
[[402.0,342.0,402.0,342.0],5.296391e-05],
[[402.0,362.0,402.0,362.0],9.545815e-05],
[[402.0,382.0,402.0,382.0],0.0002210873],
[[403.0,402.0,403.0,402.0],0.0006497858],
[[405.0,402.0,405.0,402.0],0.0006293577],
[[407.0,402.0,407.0,402.0],0.0005957383],
[[412.0,402.0,412.0,402.0],0.0004103216],
[[422.0,342.0,422.0,342.0],3.679735e-05],
[[422.0,362.0,422.0,362.0],6.768616e-05],
[[422.0,382.0,422.0,382.0],0.0001109882],
[[422.0,402.0,422.0,402.0],0.000241017],
[[442.0,362.0,442.0,362.0],5.336535e-05],
[[442.0,382.0,442.0,382.0],7.972536e-05],
[[442.0,402.0,442.0,402.0],0.0001302961],
[[462.0,382.0,462.0,382.0],6.698015e-05],
[[462.0,402.0,462.0,402.0],0.0001006256],
[[482.0,402.0,482.0,402.0],6.784342e-05],
[[503.0,502.0,503.0,502.0],0.0009349596],
[[505.0,502.0,505.0,502.0],0.0009450397],
[[507.0,502.0,507.0,502.0],0.0009020358],
[[512.0,502.0,512.0,502.0],0.000756577],
[[522.0,502.0,522.0,502.0],0.0004469938],
[[542.0,502.0,542.0,502.0],0.0002659239],
[[562.0,502.0,562.0,502.0],0.000164432],
[[582.0,502.0,582.0,502.0],0.0001429128],
[[603.0,602.0,603.0,602.0],0.001264715],
[[605.0,602.0,605.0,602.0],0.001275155],
[[607.0,602.0,607.0,602.0],0.001196358],
[[612.0,602.0,612.0,602.0],0.001072067],
[[622.0,602.0,622.0,602.0],0.0007629279],
[[642.0,602.0,642.0,602.0],0.0004122911],
[[662.0,602.0,662.0,602.0],0.0002697466],
[[682.0,602.0,682.0,602.0],0.0002188562],
[[703.0,702.0,703.0,702.0],0.001510115],
[[705.0,702.0,705.0,702.0],0.001538699],
[[707.0,702.0,707.0,702.0],0.001516148],
[[712.0,702.0,712.0,702.0],0.001352205],
[[722.0,702.0,722.0,702.0],0.001006596],
[[742.0,702.0,742.0,702.0],0.0006098345],
[[762.0,702.0,762.0,702.0],0.0003980771],
[[782.0,702.0,782.0,702.0],0.0002991189],
[[803.0,802.0,803.0,802.0],0.001871612],
[[805.0,802.0,805.0,802.0],0.001783793],
[[807.0,802.0,807.0,802.0],0.00176378],
[[812.0,802.0,812.0,802.0],0.001651473],
[[822.0,802.0,822.0,802.0],0.001255902],
[[842.0,802.0,842.0,802.0],0.0007512814],
[[862.0,802.0,862.0,802.0],0.0005061824],
[[882.0,802.0,882.0,802.0],0.0003983799],
[[903.0,902.0,903.0,902.0],0.002088915],
[[905.0,902.0,905.0,902.0],0.002039575],
[[907.0,902.0,907.0,902.0],0.002050726],
[[912.0,902.0,912.0,902.0],0.001921251],
[[922.0,902.0,922.0,902.0],0.00153879],
[[942.0,902.0,942.0,902.0],0.0009356668],
[[962.0,902.0,962.0,902.0],0.0006647748],
[[982.0,902.0,982.0,902.0],0.0005112778],
[[1003.0,1002.0,1003.0,1002.0],0.002325921],
[[1005.0,1002.0,1005.0,1002.0],0.002329139],
[[1007.0,1002.0,1007.0,1002.0],0.002224975],
[[1012.0,1002.0,1012.0,1002.0],0.002218312],
[[1022.0,1002.0,1022.0,1002.0],0.001750509],
[[1042.0,1002.0,1042.0,1002.0],0.001122001],
[[1062.0,1002.0,1062.0,1002.0],0.0007862941],
[[1082.0,1002.0,1082.0,1002.0],0.0005799733],
[[1103.0,1102.0,1103.0,1102.0],0.002481665],
[[1105.0,1102.0,1105.0,1102.0],0.002457442],
[[1107.0,1102.0,1107.0,1102.0],0.002416912],
[[1112.0,1102.0,1112.0,1102.0],0.002393103],
[[1122.0,1102.0,1122.0,1102.0],0.001946678],
[[1142.0,1102.0,1142.0,1102.0],0.001303975],
[[1162.0,1102.0,1162.0,1102.0],0.0008915048],
[[1182.0,1102.0,1182.0,1102.0],0.0006890308],
[[1203.0,1202.0,1203.0,1202.0],0.002620834],
[[1205.0,1202.0,1205.0,1202.0],0.002644227],
[[1207.0,1202.0,1207.0,1202.0],0.00263065],
[[1212.0,1202.0,1212.0,1202.0],0.002504154],
[[1222.0,1202.0,1222.0,1202.0],0.00219564],
[[1242.0,1202.0,1242.0,1202.0],0.001458063],
[[1262.0,1202.0,1262.0,1202.0],0.001005015],
[[1282.0,1202.0,1282.0,1202.0],0.0007855242],
[[1303.0,1302.0,1303.0,1302.0],0.002767755],
[[1305.0,1302.0,1305.0,1302.0],0.002775537],
[[1307.0,1302.0,1307.0,1302.0],0.002745675],
[[1312.0,1302.0,1312.0,1302.0],0.002730773],
[[1322.0,1302.0,1322.0,1302.0],0.002328762],
[[1342.0,1302.0,1342.0,1302.0],0.001576084],
[[1362.0,1302.0,1362.0,1302.0],0.001118416],
[[1382.0,1302.0,1382.0,1302.0],0.0008293261],
[[1403.0,1402.0,1403.0,1402.0],0.002871235],
[[1405.0,1402.0,1405.0,1402.0],0.002862627],
[[1407.0,1402.0,1407.0,1402.0],0.002877462],
[[1412.0,1402.0,1412.0,1402.0],0.002785158],
[[1422.0,1402.0,1422.0,1402.0],0.002452773],
[[1442.0,1402.0,1442.0,1402.0],0.001677204],
[[1462.0,1402.0,1462.0,1402.0],0.001175186],
[[1482.0,1402.0,1482.0,1402.0],0.0008883135],
[[1503.0,1502.0,1503.0,1502.0],0.002982306],
[[1505.0,1502.0,1505.0,1502.0],0.003041241],
[[1507.0,1502.0,1507.0,1502.0],0.002965081],
[[1512.0,1502.0,1512.0,1502.0],0.002843337],
[[1522.0,1502.0,1522.0,1502.0],0.002569352],
[[1542.0,1502.0,1542.0,1502.0],0.001781106],
[[1562.0,1502.0,1562.0,1502.0],0.001273123],
[[1582.0,1502.0,1582.0,1502.0],0.0009739697],
[[1603.0,1602.0,1603.0,1602.0],0.00300023],
[[1605.0,1602.0,1605.0,1602.0],0.002970824],
[[1607.0,1602.0,1607.0,1602.0],0.003030982],
[[1612.0,1602.0,1612.0,1602.0],0.002906373],
[[1622.0,1602.0,1622.0,1602.0],0.002597792],
[[1642.0,1602.0,1642.0,1602.0],0.001843887],
[[1662.0,1602.0,1662.0,1602.0],0.001366456],
[[1682.0,1602.0,1682.0,1602.0],0.001015248],
[[1703.0,1702.0,1703.0,1702.0],0.003039843],
[[1705.0,1702.0,1705.0,1702.0],0.003027806],
[[1707.0,1702.0,1707.0,1702.0],0.003069356],
[[1712.0,1702.0,1712.0,1702.0],0.00297912],
[[1722.0,1702.0,1722.0,1702.0],0.002698004],
[[1742.0,1702.0,1742.0,1702.0],0.001973828],
[[1762.0,1702.0,1762.0,1702.0],0.001389814],
[[1782.0,1702.0,1782.0,1702.0],0.001068296],
[[1803.0,1802.0,1803.0,1802.0],0.003103284],
[[1805.0,1802.0,1805.0,1802.0],0.003070657],
[[1807.0,1802.0,1807.0,1802.0],0.003063121],
[[1812.0,1802.0,1812.0,1802.0],0.003043062],
[[1822.0,1802.0,1822.0,1802.0],0.002818159],
[[1842.0,1802.0,1842.0,1802.0],0.001953348],
[[1862.0,1802.0,1862.0,1802.0],0.001480644],
[[1882.0,1802.0,1882.0,1802.0],0.001123563],
[[1903.0,1902.0,1903.0,1902.0],0.0031043],
[[1905.0,1902.0,1905.0,1902.0],0.003130132],
[[1907.0,1902.0,1907.0,1902.0],0.003132045],
[[1912.0,1902.0,1912.0,1902.0],0.003025527],
[[1922.0,1902.0,1922.0,1902.0],0.002818361],
[[1942.0,1902.0,1942.0,1902.0],0.002095087],
[[1962.0,1902.0,1962.0,1902.0],0.001512961],
[[1982.0,1902.0,1982.0,1902.0],0.001146347],
[[2003.0,2002.0,2003.0,2002.0],0.003133892],
[[2005.0,2002.0,2005.0,2002.0],0.003082228],
[[2007.0,2002.0,2007.0,2002.0],0.003141104],
[[2012.0,2002.0,2012.0,2002.0],0.003079375],
[[2022.0,2002.0,2022.0,2002.0],0.002796607],
[[2042.0,2002.0,2042.0,2002.0],0.002118146],
[[2062.0,2002.0,2062.0,2002.0],0.001546264],
[[2082.0,2002.0,2082.0,2002.0],0.001186962]]
