txName: TChiISR
constraint: {(PV > MET(1), MET(2))}
condition: None
conditionDescription: None
figureUrl: None
source: Recast by MA5
validated: True
axesMap: [{0: 'x', 1: 'y'}]
dataMap: {0: (1, 'mass', GeV), 1: (2, 'mass', GeV)}
finalState: ['MET', 'MET']
intermediateState: None
efficiencyMap: [[[1.0,10.0],1.334283e-06],
[[1.0,20.0],1.289394e-06],
[[1.0,30.0],1.629694e-06],
[[1.0,40.0],7.609526e-07],
[[1.0,50.0],1.664721e-06],
[[1.0,60.0],1.999565e-06],
[[5.0,10.0],1.014592e-06],
[[7.0,10.0],1.405681e-06],
[[9.0,10.0],5.179425e-07],
[[10.0,1.0],1.334283e-06],
[[10.0,5.0],1.014592e-06],
[[10.0,7.0],1.405681e-06],
[[10.0,9.0],5.179425e-07],
[[10.0,10.0],1.351733e-06],
[[12.0,62.0],1.155493e-06],
[[12.0,72.0],1.72979e-06],
[[12.0,82.0],4.70357e-06],
[[12.0,92.0],9.970266e-06],
[[12.0,102.0],1.430643e-05],
[[12.0,212.0],7.768569e-05],
[[12.0,312.0],0.0001839267],
[[15.0,20.0],6.13191e-07],
[[17.0,20.0],3.272076e-07],
[[19.0,20.0],8.472163e-07],
[[20.0,1.0],1.289394e-06],
[[20.0,15.0],6.13191e-07],
[[20.0,17.0],3.272076e-07],
[[20.0,19.0],8.472163e-07],
[[20.0,20.0],6.820469e-07],
[[20.0,30.0],4.041943e-07],
[[20.0,40.0],7.642969e-07],
[[20.0,50.0],1.373004e-06],
[[20.0,60.0],1.29216e-06],
[[25.0,30.0],6.514897e-07],
[[27.0,30.0],1.596487e-06],
[[29.0,30.0],3.113717e-06],
[[30.0,1.0],1.629694e-06],
[[30.0,20.0],4.041943e-07],
[[30.0,25.0],6.514897e-07],
[[30.0,27.0],1.596487e-06],
[[30.0,29.0],3.113717e-06],
[[30.0,30.0],1.792551e-06],
[[30.0,40.0],2.15101e-06],
[[30.0,50.0],3.041213e-06],
[[30.0,60.0],4.331169e-06],
[[32.0,62.0],2.974543e-06],
[[32.0,72.0],9.616145e-06],
[[32.0,82.0],1.056658e-05],
[[32.0,92.0],1.292016e-05],
[[32.0,102.0],1.909331e-05],
[[32.0,112.0],2.634694e-05],
[[32.0,122.0],2.980442e-05],
[[32.0,232.0],0.000130512],
[[32.0,332.0],0.0002237735],
[[35.0,40.0],1.693931e-06],
[[37.0,40.0],5.695643e-07],
[[39.0,40.0],1.314256e-06],
[[40.0,1.0],7.609526e-07],
[[40.0,20.0],7.642969e-07],
[[40.0,30.0],2.15101e-06],
[[40.0,35.0],1.693931e-06],
[[40.0,37.0],5.695643e-07],
[[40.0,39.0],1.314256e-06],
[[40.0,40.0],6.946949e-07],
[[40.0,50.0],1.777396e-06],
[[40.0,60.0],5.071822e-06],
[[45.0,50.0],6.376669e-06],
[[47.0,50.0],7.12654e-06],
[[49.0,50.0],1.529578e-05],
[[50.0,1.0],1.664721e-06],
[[50.0,20.0],1.373004e-06],
[[50.0,30.0],3.041213e-06],
[[50.0,40.0],1.777396e-06],
[[50.0,45.0],6.376669e-06],
[[50.0,47.0],7.12654e-06],
[[50.0,49.0],1.529578e-05],
[[50.0,50.0],6.235829e-06],
[[50.0,60.0],1.544853e-05],
[[52.0,62.0],1.505529e-05],
[[52.0,67.0],1.920838e-05],
[[52.0,72.0],4.135998e-05],
[[52.0,82.0],1.623116e-05],
[[52.0,92.0],2.397003e-05],
[[52.0,102.0],2.826955e-05],
[[52.0,112.0],4.027205e-05],
[[52.0,122.0],4.032668e-05],
[[52.0,132.0],4.818093e-05],
[[52.0,142.0],7.120729e-05],
[[52.0,252.0],0.000159499],
[[52.0,352.0],0.0002666241],
[[55.0,60.0],9.891183e-06],
[[57.0,60.0],1.178242e-05],
[[59.0,60.0],1.269752e-05],
[[60.0,1.0],1.999565e-06],
[[60.0,20.0],1.29216e-06],
[[60.0,30.0],4.331169e-06],
[[60.0,40.0],5.071822e-06],
[[60.0,50.0],1.544853e-05],
[[60.0,55.0],9.891183e-06],
[[60.0,57.0],1.178242e-05],
[[60.0,59.0],1.269752e-05],
[[60.0,60.0],1.468687e-05],
[[62.0,12.0],1.155493e-06],
[[62.0,32.0],2.974543e-06],
[[62.0,52.0],1.505529e-05],
[[67.0,52.0],1.920838e-05],
[[72.0,12.0],1.72979e-06],
[[72.0,32.0],9.616145e-06],
[[72.0,52.0],4.135998e-05],
[[72.0,72.0],1.880918e-05],
[[72.0,75.0],3.343201e-05],
[[72.0,77.0],2.57365e-05],
[[72.0,82.0],2.648241e-05],
[[72.0,87.0],2.734083e-05],
[[72.0,92.0],3.24935e-05],
[[72.0,102.0],5.977704e-05],
[[72.0,112.0],4.679873e-05],
[[72.0,122.0],4.543724e-05],
[[72.0,132.0],5.886999e-05],
[[72.0,142.0],6.897663e-05],
[[72.0,152.0],8.84689e-05],
[[72.0,162.0],7.686629e-05],
[[72.0,272.0],0.0001937005],
[[72.0,372.0],0.0003251418],
[[75.0,72.0],3.343201e-05],
[[77.0,72.0],2.57365e-05],
[[82.0,12.0],4.70357e-06],
[[82.0,32.0],1.056658e-05],
[[82.0,52.0],1.623116e-05],
[[82.0,72.0],2.648241e-05],
[[87.0,72.0],2.734083e-05],
[[92.0,12.0],9.970266e-06],
[[92.0,32.0],1.292016e-05],
[[92.0,52.0],2.397003e-05],
[[92.0,72.0],3.24935e-05],
[[92.0,92.0],5.291857e-05],
[[92.0,95.0],4.256215e-05],
[[92.0,97.0],5.569223e-05],
[[92.0,102.0],5.895347e-05],
[[92.0,107.0],6.007126e-05],
[[92.0,112.0],6.105691e-05],
[[92.0,122.0],7.427309e-05],
[[92.0,132.0],7.975897e-05],
[[92.0,142.0],0.000101734],
[[92.0,152.0],8.125371e-05],
[[92.0,162.0],0.0001028134],
[[92.0,172.0],0.0001193663],
[[92.0,182.0],0.000127895],
[[92.0,292.0],0.0002343963],
[[92.0,392.0],0.0003997117],
[[95.0,92.0],4.256215e-05],
[[97.0,92.0],5.569223e-05],
[[102.0,12.0],1.430643e-05],
[[102.0,32.0],1.909331e-05],
[[102.0,52.0],2.826955e-05],
[[102.0,72.0],5.977704e-05],
[[102.0,92.0],5.895347e-05],
[[102.0,102.0],6.801014e-05],
[[102.0,105.0],6.02904e-05],
[[102.0,107.0],5.616277e-05],
[[102.0,112.0],5.769088e-05],
[[102.0,117.0],6.477611e-05],
[[102.0,122.0],6.327324e-05],
[[102.0,132.0],0.000134515],
[[102.0,142.0],8.476851e-05],
[[102.0,152.0],9.606753e-05],
[[102.0,162.0],0.0001427125],
[[102.0,172.0],0.0001183694],
[[102.0,182.0],0.0001291763],
[[102.0,192.0],0.0001465443],
[[102.0,302.0],0.0002924721],
[[102.0,402.0],0.0004211125],
[[105.0,102.0],6.02904e-05],
[[107.0,92.0],6.007126e-05],
[[107.0,102.0],5.616277e-05],
[[112.0,32.0],2.634694e-05],
[[112.0,52.0],4.027205e-05],
[[112.0,72.0],4.679873e-05],
[[112.0,92.0],6.105691e-05],
[[112.0,102.0],5.769088e-05],
[[117.0,102.0],6.477611e-05],
[[122.0,32.0],2.980442e-05],
[[122.0,52.0],4.032668e-05],
[[122.0,72.0],4.543724e-05],
[[122.0,92.0],7.427309e-05],
[[122.0,102.0],6.327324e-05],
[[132.0,52.0],4.818093e-05],
[[132.0,72.0],5.886999e-05],
[[132.0,92.0],7.975897e-05],
[[132.0,102.0],0.000134515],
[[142.0,52.0],7.120729e-05],
[[142.0,72.0],6.897663e-05],
[[142.0,92.0],0.000101734],
[[142.0,102.0],8.476851e-05],
[[152.0,72.0],8.84689e-05],
[[152.0,92.0],8.125371e-05],
[[152.0,102.0],9.606753e-05],
[[152.0,152.0],0.0001616039],
[[152.0,155.0],0.0001528663],
[[152.0,157.0],0.0001448633],
[[152.0,162.0],0.0001572661],
[[152.0,167.0],0.0001474663],
[[152.0,172.0],0.0001768497],
[[152.0,182.0],0.0001796244],
[[152.0,192.0],0.0002103213],
[[152.0,202.0],0.0002383475],
[[152.0,212.0],0.0002166592],
[[152.0,222.0],0.0002308344],
[[152.0,232.0],0.0002687861],
[[152.0,242.0],0.000257671],
[[152.0,352.0],0.0003865377],
[[152.0,452.0],0.0005680996],
[[155.0,152.0],0.0001528663],
[[157.0,152.0],0.0001448633],
[[162.0,72.0],7.686629e-05],
[[162.0,92.0],0.0001028134],
[[162.0,102.0],0.0001427125],
[[162.0,152.0],0.0001572661],
[[167.0,152.0],0.0001474663],
[[172.0,92.0],0.0001193663],
[[172.0,102.0],0.0001183694],
[[172.0,152.0],0.0001768497],
[[182.0,92.0],0.000127895],
[[182.0,102.0],0.0001291763],
[[182.0,152.0],0.0001796244],
[[192.0,102.0],0.0001465443],
[[192.0,152.0],0.0002103213],
[[202.0,152.0],0.0002383475],
[[202.0,202.0],0.0002609263],
[[202.0,205.0],0.0002788943],
[[202.0,207.0],0.0002766892],
[[202.0,212.0],0.0002968328],
[[202.0,217.0],0.000316238],
[[202.0,222.0],0.0003166363],
[[202.0,232.0],0.000340971],
[[202.0,242.0],0.000332087],
[[202.0,252.0],0.000322975],
[[202.0,262.0],0.0003512945],
[[202.0,272.0],0.0003696146],
[[202.0,282.0],0.0003556162],
[[202.0,292.0],0.0004084079],
[[202.0,402.0],0.0005706195],
[[202.0,502.0],0.0007606023],
[[205.0,202.0],0.0002788943],
[[207.0,202.0],0.0002766892],
[[212.0,12.0],7.768569e-05],
[[212.0,152.0],0.0002166592],
[[212.0,202.0],0.0002968328],
[[217.0,202.0],0.000316238],
[[222.0,152.0],0.0002308344],
[[222.0,202.0],0.0003166363],
[[232.0,32.0],0.000130512],
[[232.0,152.0],0.0002687861],
[[232.0,202.0],0.000340971],
[[242.0,152.0],0.000257671],
[[242.0,202.0],0.000332087],
[[252.0,52.0],0.000159499],
[[252.0,202.0],0.000322975],
[[252.0,252.0],0.0004596746],
[[252.0,255.0],0.0004164577],
[[252.0,257.0],0.000421391],
[[252.0,262.0],0.0004388988],
[[252.0,267.0],0.0004263086],
[[252.0,272.0],0.000445826],
[[252.0,282.0],0.000427008],
[[252.0,292.0],0.0004708145],
[[252.0,302.0],0.0004883178],
[[252.0,312.0],0.0005666493],
[[252.0,322.0],0.0004940015],
[[252.0,332.0],0.0005326424],
[[252.0,342.0],0.0005864493],
[[252.0,452.0],0.0007280972],
[[252.0,552.0],0.0009411363],
[[255.0,252.0],0.0004164577],
[[257.0,252.0],0.000421391],
[[262.0,202.0],0.0003512945],
[[262.0,252.0],0.0004388988],
[[267.0,252.0],0.0004263086],
[[272.0,72.0],0.0001937005],
[[272.0,202.0],0.0003696146],
[[272.0,252.0],0.000445826],
[[282.0,202.0],0.0003556162],
[[282.0,252.0],0.000427008],
[[292.0,92.0],0.0002343963],
[[292.0,202.0],0.0004084079],
[[292.0,252.0],0.0004708145],
[[302.0,102.0],0.0002924721],
[[302.0,252.0],0.0004883178],
[[302.0,302.0],0.000549426],
[[302.0,305.0],0.0005768223],
[[302.0,307.0],0.0005566866],
[[302.0,312.0],0.0005977276],
[[302.0,317.0],0.0006016429],
[[302.0,322.0],0.0005982105],
[[302.0,332.0],0.0006185487],
[[302.0,342.0],0.0006525186],
[[302.0,352.0],0.0006546583],
[[302.0,362.0],0.0006862517],
[[302.0,372.0],0.000715724],
[[302.0,382.0],0.000715822],
[[302.0,392.0],0.0007108534],
[[302.0,502.0],0.0009120358],
[[302.0,602.0],0.001086337],
[[305.0,302.0],0.0005768223],
[[307.0,302.0],0.0005566866],
[[312.0,12.0],0.0001839267],
[[312.0,252.0],0.0005666493],
[[312.0,302.0],0.0005977276],
[[317.0,302.0],0.0006016429],
[[322.0,252.0],0.0004940015],
[[322.0,302.0],0.0005982105],
[[332.0,32.0],0.0002237735],
[[332.0,252.0],0.0005326424],
[[332.0,302.0],0.0006185487],
[[342.0,252.0],0.0005864493],
[[342.0,302.0],0.0006525186],
[[352.0,52.0],0.0002666241],
[[352.0,152.0],0.0003865377],
[[352.0,302.0],0.0006546583],
[[352.0,352.0],0.0007280072],
[[352.0,355.0],0.0007219705],
[[352.0,357.0],0.0007834972],
[[352.0,362.0],0.0007738289],
[[352.0,367.0],0.0007765883],
[[352.0,372.0],0.0007699551],
[[352.0,382.0],0.0007922579],
[[352.0,392.0],0.0008202209],
[[352.0,402.0],0.0008587626],
[[352.0,412.0],0.0008601383],
[[352.0,422.0],0.0008698494],
[[352.0,432.0],0.0008762164],
[[352.0,442.0],0.0009089593],
[[352.0,552.0],0.001119072],
[[352.0,652.0],0.001254507],
[[355.0,352.0],0.0007219705],
[[357.0,352.0],0.0007834972],
[[362.0,302.0],0.0006862517],
[[362.0,352.0],0.0007738289],
[[367.0,352.0],0.0007765883],
[[372.0,72.0],0.0003251418],
[[372.0,302.0],0.000715724],
[[372.0,352.0],0.0007699551],
[[382.0,302.0],0.000715822],
[[382.0,352.0],0.0007922579],
[[392.0,92.0],0.0003997117],
[[392.0,302.0],0.0007108534],
[[392.0,352.0],0.0008202209],
[[402.0,102.0],0.0004211125],
[[402.0,202.0],0.0005706195],
[[402.0,352.0],0.0008587626],
[[402.0,402.0],0.0009310655],
[[402.0,405.0],0.0009333615],
[[402.0,407.0],0.0009136718],
[[402.0,412.0],0.0008819073],
[[402.0,417.0],0.0009484664],
[[402.0,422.0],0.0009720392],
[[402.0,432.0],0.0009906494],
[[402.0,442.0],0.0009893417],
[[402.0,452.0],0.001030345],
[[402.0,462.0],0.0009936827],
[[402.0,472.0],0.001055876],
[[402.0,482.0],0.001013567],
[[402.0,492.0],0.001097713],
[[402.0,602.0],0.00125221],
[[402.0,702.0],0.001396188],
[[405.0,402.0],0.0009333615],
[[407.0,402.0],0.0009136718],
[[412.0,352.0],0.0008601383],
[[412.0,402.0],0.0008819073],
[[417.0,402.0],0.0009484664],
[[422.0,352.0],0.0008698494],
[[422.0,402.0],0.0009720392],
[[432.0,352.0],0.0008762164],
[[432.0,402.0],0.0009906494],
[[442.0,352.0],0.0009089593],
[[442.0,402.0],0.0009893417],
[[452.0,152.0],0.0005680996],
[[452.0,252.0],0.0007280972],
[[452.0,402.0],0.001030345],
[[462.0,402.0],0.0009936827],
[[472.0,402.0],0.001055876],
[[482.0,402.0],0.001013567],
[[492.0,402.0],0.001097713],
[[502.0,202.0],0.0007606023],
[[502.0,302.0],0.0009120358],
[[552.0,252.0],0.0009411363],
[[552.0,352.0],0.001119072],
[[602.0,302.0],0.001086337],
[[602.0,402.0],0.00125221],
[[602.0,602.0],0.001583462],
[[602.0,605.0],0.001566218],
[[602.0,607.0],0.001581739],
[[602.0,612.0],0.001565982],
[[602.0,617.0],0.001586254],
[[602.0,622.0],0.001574117],
[[602.0,632.0],0.001642666],
[[602.0,642.0],0.001606327],
[[602.0,652.0],0.001671057],
[[602.0,662.0],0.001659396],
[[602.0,672.0],0.001652003],
[[602.0,682.0],0.001720505],
[[602.0,692.0],0.001702427],
[[602.0,802.0],0.001840584],
[[602.0,902.0],0.001993099],
[[605.0,602.0],0.001566218],
[[607.0,602.0],0.001581739],
[[612.0,602.0],0.001565982],
[[617.0,602.0],0.001586254],
[[622.0,602.0],0.001574117],
[[632.0,602.0],0.001642666],
[[642.0,602.0],0.001606327],
[[652.0,352.0],0.001254507],
[[652.0,602.0],0.001671057],
[[662.0,602.0],0.001659396],
[[672.0,602.0],0.001652003],
[[682.0,602.0],0.001720505],
[[692.0,602.0],0.001702427],
[[702.0,402.0],0.001396188],
[[802.0,602.0],0.001840584],
[[802.0,802.0],0.002042623],
[[802.0,805.0],0.002124638],
[[802.0,807.0],0.002095637],
[[802.0,812.0],0.002089078],
[[802.0,817.0],0.00215275],
[[802.0,822.0],0.00209603],
[[802.0,832.0],0.00208742],
[[802.0,842.0],0.00210093],
[[802.0,852.0],0.002202497],
[[802.0,862.0],0.002177648],
[[802.0,872.0],0.002229384],
[[802.0,882.0],0.002182899],
[[802.0,892.0],0.002201466],
[[802.0,1002.0],0.002323103],
[[802.0,1102.0],0.002353113],
[[805.0,802.0],0.002124638],
[[807.0,802.0],0.002095637],
[[812.0,802.0],0.002089078],
[[817.0,802.0],0.00215275],
[[822.0,802.0],0.00209603],
[[832.0,802.0],0.00208742],
[[842.0,802.0],0.00210093],
[[852.0,802.0],0.002202497],
[[862.0,802.0],0.002177648],
[[872.0,802.0],0.002229384],
[[882.0,802.0],0.002182899],
[[892.0,802.0],0.002201466],
[[902.0,602.0],0.001993099],
[[1002.0,802.0],0.002323103],
[[1002.0,1002.0],0.002554465],
[[1002.0,1005.0],0.002548928],
[[1002.0,1007.0],0.002510132],
[[1002.0,1012.0],0.002456528],
[[1002.0,1017.0],0.002515947],
[[1002.0,1022.0],0.002562575],
[[1002.0,1032.0],0.002581865],
[[1002.0,1042.0],0.002520365],
[[1002.0,1052.0],0.002546369],
[[1002.0,1062.0],0.002565326],
[[1002.0,1072.0],0.002517111],
[[1002.0,1082.0],0.002532059],
[[1002.0,1092.0],0.002500554],
[[1002.0,1202.0],0.002648305],
[[1002.0,1302.0],0.002688681],
[[1005.0,1002.0],0.002548928],
[[1007.0,1002.0],0.002510132],
[[1012.0,1002.0],0.002456528],
[[1017.0,1002.0],0.002515947],
[[1022.0,1002.0],0.002562575],
[[1032.0,1002.0],0.002581865],
[[1042.0,1002.0],0.002520365],
[[1052.0,1002.0],0.002546369],
[[1062.0,1002.0],0.002565326],
[[1072.0,1002.0],0.002517111],
[[1082.0,1002.0],0.002532059],
[[1092.0,1002.0],0.002500554],
[[1102.0,802.0],0.002353113],
[[1202.0,1002.0],0.002648305],
[[1202.0,1202.0],0.002759646],
[[1202.0,1205.0],0.002709002],
[[1202.0,1207.0],0.002742859],
[[1202.0,1212.0],0.002737168],
[[1202.0,1217.0],0.002764534],
[[1202.0,1222.0],0.002764642],
[[1202.0,1232.0],0.002807859],
[[1202.0,1242.0],0.002766457],
[[1202.0,1252.0],0.002791329],
[[1202.0,1262.0],0.00282117],
[[1202.0,1272.0],0.002824159],
[[1202.0,1282.0],0.002790061],
[[1202.0,1292.0],0.002799125],
[[1202.0,1402.0],0.002908319],
[[1202.0,1502.0],0.00286505],
[[1205.0,1202.0],0.002709002],
[[1207.0,1202.0],0.002742859],
[[1212.0,1202.0],0.002737168],
[[1217.0,1202.0],0.002764534],
[[1222.0,1202.0],0.002764642],
[[1232.0,1202.0],0.002807859],
[[1242.0,1202.0],0.002766457],
[[1252.0,1202.0],0.002791329],
[[1262.0,1202.0],0.00282117],
[[1272.0,1202.0],0.002824159],
[[1282.0,1202.0],0.002790061],
[[1292.0,1202.0],0.002799125],
[[1302.0,1002.0],0.002688681],
[[1402.0,1202.0],0.002908319],
[[1402.0,1402.0],0.002870546],
[[1402.0,1405.0],0.002922812],
[[1402.0,1407.0],0.002952983],
[[1402.0,1412.0],0.002953777],
[[1402.0,1417.0],0.002956276],
[[1402.0,1422.0],0.003013496],
[[1402.0,1432.0],0.002953946],
[[1402.0,1442.0],0.002964669],
[[1402.0,1452.0],0.002974643],
[[1402.0,1462.0],0.002940039],
[[1402.0,1472.0],0.002957236],
[[1402.0,1482.0],0.00296664],
[[1402.0,1492.0],0.002987915],
[[1402.0,1602.0],0.002927687],
[[1402.0,1702.0],0.002982189],
[[1405.0,1402.0],0.002922812],
[[1407.0,1402.0],0.002952983],
[[1412.0,1402.0],0.002953777],
[[1417.0,1402.0],0.002956276],
[[1422.0,1402.0],0.003013496],
[[1432.0,1402.0],0.002953946],
[[1442.0,1402.0],0.002964669],
[[1452.0,1402.0],0.002974643],
[[1462.0,1402.0],0.002940039],
[[1472.0,1402.0],0.002957236],
[[1482.0,1402.0],0.00296664],
[[1492.0,1402.0],0.002987915],
[[1502.0,1202.0],0.00286505],
[[1602.0,1402.0],0.002927687],
[[1602.0,1602.0],0.003015108],
[[1602.0,1605.0],0.003014439],
[[1602.0,1607.0],0.003038679],
[[1602.0,1612.0],0.003024156],
[[1602.0,1617.0],0.003016191],
[[1602.0,1622.0],0.003060169],
[[1602.0,1632.0],0.003062375],
[[1602.0,1642.0],0.003049549],
[[1602.0,1652.0],0.003056085],
[[1602.0,1662.0],0.003031686],
[[1602.0,1672.0],0.003065212],
[[1602.0,1682.0],0.003032857],
[[1602.0,1692.0],0.003067848],
[[1602.0,1802.0],0.003063217],
[[1602.0,1902.0],0.00303961],
[[1605.0,1602.0],0.003014439],
[[1607.0,1602.0],0.003038679],
[[1612.0,1602.0],0.003024156],
[[1617.0,1602.0],0.003016191],
[[1622.0,1602.0],0.003060169],
[[1632.0,1602.0],0.003062375],
[[1642.0,1602.0],0.003049549],
[[1652.0,1602.0],0.003056085],
[[1662.0,1602.0],0.003031686],
[[1672.0,1602.0],0.003065212],
[[1682.0,1602.0],0.003032857],
[[1692.0,1602.0],0.003067848],
[[1702.0,1402.0],0.002982189],
[[1802.0,1602.0],0.003063217],
[[1802.0,1802.0],0.003090556],
[[1802.0,1805.0],0.003095283],
[[1802.0,1807.0],0.003101297],
[[1802.0,1812.0],0.003055468],
[[1802.0,1817.0],0.003072835],
[[1802.0,1822.0],0.003121575],
[[1802.0,1832.0],0.003079927],
[[1802.0,1842.0],0.003090081],
[[1802.0,1852.0],0.003068386],
[[1802.0,1862.0],0.003097626],
[[1802.0,1872.0],0.003073379],
[[1802.0,1882.0],0.003098481],
[[1802.0,1892.0],0.003079097],
[[1802.0,2002.0],0.003106548],
[[1802.0,2102.0],0.003096978],
[[1805.0,1802.0],0.003095283],
[[1807.0,1802.0],0.003101297],
[[1812.0,1802.0],0.003055468],
[[1817.0,1802.0],0.003072835],
[[1822.0,1802.0],0.003121575],
[[1832.0,1802.0],0.003079927],
[[1842.0,1802.0],0.003090081],
[[1852.0,1802.0],0.003068386],
[[1862.0,1802.0],0.003097626],
[[1872.0,1802.0],0.003073379],
[[1882.0,1802.0],0.003098481],
[[1892.0,1802.0],0.003079097],
[[1902.0,1602.0],0.00303961],
[[2002.0,1802.0],0.003106548],
[[2002.0,2002.0],0.003097054],
[[2002.0,2005.0],0.003109593],
[[2002.0,2007.0],0.00311717],
[[2002.0,2012.0],0.003119619],
[[2002.0,2017.0],0.003117024],
[[2002.0,2022.0],0.003126881],
[[2002.0,2032.0],0.003115825],
[[2002.0,2042.0],0.003096899],
[[2002.0,2052.0],0.003084116],
[[2002.0,2062.0],0.00315726],
[[2002.0,2072.0],0.003102544],
[[2002.0,2082.0],0.003101859],
[[2002.0,2092.0],0.003073004],
[[2002.0,2202.0],0.003102997],
[[2002.0,2302.0],0.003137124],
[[2005.0,2002.0],0.003109593],
[[2007.0,2002.0],0.00311717],
[[2012.0,2002.0],0.003119619],
[[2017.0,2002.0],0.003117024],
[[2022.0,2002.0],0.003126881],
[[2032.0,2002.0],0.003115825],
[[2042.0,2002.0],0.003096899],
[[2052.0,2002.0],0.003084116],
[[2062.0,2002.0],0.00315726],
[[2072.0,2002.0],0.003102544],
[[2082.0,2002.0],0.003101859],
[[2092.0,2002.0],0.003073004],
[[2102.0,1802.0],0.003096978],
[[2202.0,2002.0],0.003102997],
[[2302.0,2002.0],0.003137124]]
