txName: TChiZISRll
constraint: {(PV > anyBSM(1), MET(3)), (anyBSM(1) > l+,l-,MET(2))}
condition: None
conditionDescription: None
figureUrl: None
source: Recast by MA5
validated: True
axesMap: [{0: 'x', 1: 'y', 2: 'y'}]
dataMap: {0: (1, 'mass', GeV), 1: (2, 'mass', GeV), 2: (3, 'mass', GeV)}
finalState: ['MET', 'MET']
intermediateState: None
efficiencyMap: [[[10.0,1.0,1.0],3.456535e-07],
[[10.0,5.0,5.0],1.809976e-07],
[[10.0,7.0,7.0],7.980832e-07],
[[10.0,9.0,9.0],1.102936e-06],
[[20.0,1.0,1.0],5.594733e-08],
[[20.0,15.0,15.0],1.43538e-07],
[[20.0,17.0,17.0],3.409942e-07],
[[20.0,19.0,19.0],1.534211e-06],
[[30.0,1.0,1.0],6.687618e-08],
[[30.0,20.0,20.0],1.165942e-06],
[[30.0,25.0,25.0],4.207372e-07],
[[30.0,27.0,27.0],6.599321e-07],
[[30.0,29.0,29.0],1.794071e-06],
[[40.0,1.0,1.0],4.925911e-08],
[[40.0,20.0,20.0],2.424288e-08],
[[40.0,30.0,30.0],2.375752e-07],
[[40.0,35.0,35.0],3.773811e-07],
[[40.0,37.0,37.0],1.079811e-06],
[[40.0,39.0,39.0],2.001252e-06],
[[50.0,1.0,1.0],5.738277e-08],
[[50.0,20.0,20.0],2.903361e-08],
[[50.0,30.0,30.0],4.016016e-08],
[[50.0,40.0,40.0],1.169324e-06],
[[50.0,45.0,45.0],3.593127e-06],
[[50.0,47.0,47.0],5.870022e-06],
[[50.0,49.0,49.0],9.774216e-06],
[[60.0,1.0,1.0],1.003675e-08],
[[60.0,20.0,20.0],3.39213e-08],
[[60.0,30.0,30.0],2.527951e-07],
[[60.0,40.0,40.0],8.79428e-07],
[[60.0,50.0,50.0],3.197211e-06],
[[60.0,55.0,55.0],7.433383e-06],
[[60.0,57.0,57.0],1.282131e-05],
[[60.0,59.0,59.0],2.029479e-05],
[[61.0,52.0,52.0],3.047457e-06],
[[62.0,2.0,2.0],0.0],
[[62.0,12.0,12.0],2.71132e-08],
[[62.0,22.0,22.0],1.39458e-08],
[[62.0,32.0,32.0],3.5832e-07],
[[62.0,42.0,42.0],9.833663e-07],
[[63.0,62.0,62.0],1.510612e-05],
[[65.0,62.0,62.0],1.020723e-05],
[[67.0,62.0,62.0],8.237555e-06],
[[69.0,62.0,62.0],6.398821e-06],
[[72.0,2.0,2.0],1.148793e-08],
[[72.0,12.0,12.0],1.958654e-08],
[[72.0,22.0,22.0],5.76622e-07],
[[72.0,32.0,32.0],8.298063e-07],
[[72.0,42.0,42.0],9.799634e-07],
[[72.0,52.0,52.0],2.20685e-06],
[[73.0,72.0,72.0],2.584635e-05],
[[75.0,72.0,72.0],1.700189e-05],
[[77.0,72.0,72.0],1.256804e-05],
[[79.0,72.0,72.0],1.14147e-05],
[[82.0,2.0,2.0],5.569664e-09],
[[82.0,12.0,12.0],8.878711e-08],
[[82.0,22.0,22.0],4.46257e-07],
[[82.0,32.0,32.0],8.037666e-07],
[[82.0,42.0,42.0],1.35774e-06],
[[82.0,52.0,52.0],1.75304e-06],
[[82.0,62.0,62.0],3.304798e-06],
[[83.0,82.0,82.0],3.309189e-05],
[[85.0,82.0,82.0],2.451688e-05],
[[87.0,82.0,82.0],2.129775e-05],
[[89.0,82.0,82.0],1.780096e-05],
[[91.0,82.0,82.0],1.346406e-05],
[[92.0,12.0,12.0],3.006431e-07],
[[92.0,22.0,22.0],5.931826e-07],
[[92.0,32.0,32.0],9.929144e-07],
[[92.0,42.0,42.0],1.281766e-06],
[[92.0,52.0,52.0],2.150665e-06],
[[92.0,62.0,62.0],2.719978e-06],
[[92.0,72.0,72.0],5.76712e-06],
[[93.0,92.0,92.0],4.468301e-05],
[[97.0,92.0,92.0],2.910144e-05],
[[99.0,92.0,92.0],2.326338e-05],
[[102.0,22.0,22.0],1.078792e-06],
[[102.0,32.0,32.0],8.462983e-07],
[[102.0,42.0,42.0],1.649149e-06],
[[102.0,52.0,52.0],2.127721e-06],
[[102.0,62.0,62.0],3.091524e-06],
[[102.0,72.0,72.0],4.271001e-06],
[[102.0,82.0,82.0],7.387965e-06],
[[103.0,102.0,102.0],5.530409e-05],
[[107.0,102.0,102.0],3.34277e-05],
[[109.0,102.0,102.0],2.960516e-05],
[[112.0,32.0,32.0],1.948032e-06],
[[112.0,42.0,42.0],1.934792e-06],
[[112.0,52.0,52.0],2.499719e-06],
[[112.0,62.0,62.0],3.098267e-06],
[[112.0,72.0,72.0],4.357332e-06],
[[112.0,82.0,82.0],6.100879e-06],
[[112.0,92.0,92.0],1.095798e-05],
[[122.0,42.0,42.0],1.494838e-06],
[[122.0,52.0,52.0],1.646522e-06],
[[122.0,62.0,62.0],4.077276e-06],
[[122.0,72.0,72.0],3.938899e-06],
[[122.0,82.0,82.0],6.039891e-06],
[[122.0,92.0,92.0],6.661418e-06],
[[122.0,102.0,102.0],1.434879e-05],
[[123.0,122.0,122.0],7.649358e-05],
[[127.0,122.0,122.0],5.441864e-05],
[[129.0,122.0,122.0],4.580098e-05],
[[132.0,52.0,52.0],4.005593e-06],
[[132.0,62.0,62.0],3.045803e-06],
[[132.0,72.0,72.0],4.382798e-06],
[[132.0,82.0,82.0],5.848154e-06],
[[132.0,92.0,92.0],6.924059e-06],
[[132.0,102.0,102.0],9.435569e-06],
[[142.0,62.0,62.0],5.959206e-06],
[[142.0,72.0,72.0],6.176644e-06],
[[142.0,82.0,82.0],5.767962e-06],
[[142.0,92.0,92.0],8.848518e-06],
[[142.0,102.0,102.0],8.34017e-06],
[[142.0,122.0,122.0],2.538582e-05],
[[143.0,142.0,142.0],0.0001218893],
[[147.0,142.0,142.0],7.526571e-05],
[[149.0,142.0,142.0],6.671774e-05],
[[151.0,142.0,142.0],5.534451e-05],
[[152.0,72.0,72.0],5.840004e-06],
[[152.0,82.0,82.0],5.357007e-06],
[[152.0,92.0,92.0],6.701422e-06],
[[152.0,102.0,102.0],7.306455e-06],
[[152.0,122.0,122.0],1.431009e-05],
[[162.0,82.0,82.0],6.409243e-06],
[[162.0,92.0,92.0],8.481264e-06],
[[162.0,102.0,102.0],7.980756e-06],
[[162.0,122.0,122.0],1.274294e-05],
[[162.0,142.0,142.0],2.849582e-05],
[[163.0,162.0,162.0],0.0001282892],
[[167.0,162.0,162.0],0.0001016514],
[[169.0,162.0,162.0],8.463137e-05],
[[171.0,162.0,162.0],7.13721e-05],
[[172.0,92.0,92.0],7.663107e-06],
[[172.0,102.0,102.0],6.931049e-06],
[[172.0,122.0,122.0],1.252996e-05],
[[172.0,142.0,142.0],1.994035e-05],
[[182.0,102.0,102.0],7.509815e-06],
[[182.0,122.0,122.0],9.251236e-06],
[[182.0,142.0,142.0],1.923562e-05],
[[182.0,162.0,162.0],3.543167e-05],
[[183.0,182.0,182.0],0.0001500891],
[[187.0,182.0,182.0],0.0001294426],
[[189.0,182.0,182.0],0.0001046997],
[[191.0,182.0,182.0],9.093622e-05],
[[192.0,122.0,122.0],1.032423e-05],
[[192.0,142.0,142.0],1.409022e-05],
[[192.0,162.0,162.0],2.703838e-05],
[[202.0,122.0,122.0],1.08631e-05],
[[202.0,142.0,142.0],1.51188e-05],
[[202.0,162.0,162.0],2.073553e-05],
[[202.0,182.0,182.0],4.630875e-05],
[[203.0,202.0,202.0],0.0001792209],
[[207.0,202.0,202.0],0.0001575481],
[[209.0,202.0,202.0],0.0001276197],
[[211.0,202.0,202.0],0.0001175506],
[[212.0,142.0,142.0],1.001268e-05],
[[212.0,162.0,162.0],2.013785e-05],
[[212.0,182.0,182.0],3.267256e-05],
[[222.0,142.0,142.0],1.444598e-05],
[[222.0,162.0,162.0],1.584978e-05],
[[222.0,182.0,182.0],2.664271e-05],
[[222.0,202.0,202.0],5.55405e-05],
[[223.0,222.0,222.0],0.0002101931],
[[227.0,222.0,222.0],0.0001843741],
[[229.0,222.0,222.0],0.0001524174],
[[231.0,222.0,222.0],0.0001306812],
[[232.0,162.0,162.0],2.469358e-05],
[[232.0,182.0,182.0],2.029412e-05],
[[232.0,202.0,202.0],3.909886e-05],
[[242.0,162.0,162.0],1.808541e-05],
[[242.0,182.0,182.0],2.411413e-05],
[[242.0,202.0,202.0],3.985747e-05],
[[242.0,222.0,222.0],6.671002e-05],
[[243.0,242.0,242.0],0.0002289677],
[[247.0,242.0,242.0],0.0002100067],
[[249.0,242.0,242.0],0.000185773],
[[251.0,242.0,242.0],0.0001587557],
[[252.0,182.0,182.0],1.924479e-05],
[[252.0,202.0,202.0],3.282651e-05],
[[252.0,222.0,222.0],4.803212e-05],
[[262.0,182.0,182.0],2.849866e-05],
[[262.0,202.0,202.0],2.234131e-05],
[[262.0,222.0,222.0],3.913785e-05],
[[262.0,242.0,242.0],8.056121e-05],
[[263.0,262.0,262.0],0.0002558272],
[[267.0,262.0,262.0],0.0002205511],
[[269.0,262.0,262.0],0.0002074084],
[[272.0,202.0,202.0],2.308199e-05],
[[272.0,222.0,222.0],3.771022e-05],
[[272.0,242.0,242.0],5.124414e-05],
[[282.0,202.0,202.0],2.139926e-05],
[[282.0,222.0,222.0],2.739364e-05],
[[282.0,242.0,242.0],4.112076e-05],
[[282.0,262.0,262.0],9.735581e-05],
[[283.0,282.0,282.0],0.0002865129],
[[287.0,282.0,282.0],0.0002533357],
[[289.0,282.0,282.0],0.000215754],
[[292.0,222.0,222.0],2.581534e-05],
[[292.0,242.0,242.0],3.669021e-05],
[[292.0,262.0,262.0],5.450326e-05],
[[302.0,222.0,222.0],2.010993e-05],
[[302.0,242.0,242.0],3.055509e-05],
[[302.0,262.0,262.0],5.075347e-05],
[[302.0,282.0,282.0],9.310059e-05],
[[303.0,302.0,302.0],0.0003159991],
[[307.0,302.0,302.0],0.0002723351],
[[309.0,302.0,302.0],0.0002353877],
[[312.0,242.0,242.0],4.347983e-05],
[[312.0,262.0,262.0],3.888814e-05],
[[312.0,282.0,282.0],7.10606e-05],
[[322.0,242.0,242.0],2.963143e-05],
[[322.0,262.0,262.0],3.361065e-05],
[[322.0,282.0,282.0],5.767301e-05],
[[322.0,302.0,302.0],0.0001065361],
[[323.0,322.0,322.0],0.0003187392],
[[327.0,322.0,322.0],0.0002873291],
[[329.0,322.0,322.0],0.0002730743],
[[332.0,262.0,262.0],3.798733e-05],
[[332.0,282.0,282.0],4.668909e-05],
[[332.0,302.0,302.0],6.803144e-05],
[[342.0,262.0,262.0],3.199114e-05],
[[342.0,282.0,282.0],3.77547e-05],
[[342.0,302.0,302.0],6.140381e-05],
[[342.0,322.0,322.0],0.0001150888],
[[343.0,342.0,342.0],0.0003318417],
[[347.0,342.0,342.0],0.0003022469],
[[349.0,342.0,342.0],0.000282153],
[[352.0,282.0,282.0],3.810581e-05],
[[352.0,302.0,302.0],4.860194e-05],
[[352.0,322.0,322.0],7.283472e-05],
[[362.0,282.0,282.0],3.342743e-05],
[[362.0,302.0,302.0],4.079826e-05],
[[362.0,322.0,322.0],6.123144e-05],
[[362.0,342.0,342.0],0.0001374826],
[[363.0,362.0,362.0],0.0003703871],
[[367.0,362.0,362.0],0.0003366296],
[[369.0,362.0,362.0],0.0002854429],
[[372.0,302.0,302.0],3.96937e-05],
[[372.0,342.0,342.0],9.421776e-05],
[[382.0,302.0,302.0],3.244969e-05],
[[382.0,322.0,322.0],5.714714e-05],
[[382.0,362.0,362.0],0.0001287412],
[[383.0,382.0,382.0],0.0003748466],
[[387.0,382.0,382.0],0.0003489251],
[[389.0,382.0,382.0],0.0003082422],
[[391.0,382.0,382.0],0.0002753255],
[[392.0,322.0,322.0],3.878193e-05],
[[392.0,342.0,342.0],4.918252e-05],
[[392.0,362.0,362.0],9.663087e-05],
[[402.0,322.0,322.0],4.898083e-05],
[[402.0,342.0,342.0],5.446332e-05],
[[402.0,362.0,362.0],7.311285e-05],
[[402.0,382.0,382.0],0.0001420469],
[[403.0,402.0,402.0],0.0004202928],
[[412.0,342.0,342.0],5.272855e-05],
[[412.0,362.0,362.0],6.131242e-05],
[[412.0,382.0,382.0],0.0001006661],
[[413.0,402.0,402.0],0.0002669133],
[[417.0,402.0,402.0],0.0002000165],
[[422.0,342.0,342.0],3.586003e-05],
[[422.0,362.0,362.0],4.424049e-05],
[[422.0,382.0,382.0],8.011587e-05],
[[422.0,402.0,402.0],0.0001796698],
[[432.0,362.0,362.0],4.403456e-05],
[[432.0,382.0,382.0],6.471685e-05],
[[432.0,402.0,402.0],0.0001087574],
[[442.0,362.0,362.0],4.151842e-05],
[[442.0,382.0,382.0],5.945257e-05],
[[452.0,382.0,382.0],5.595744e-05],
[[452.0,402.0,402.0],6.757161e-05],
[[462.0,382.0,382.0],5.086877e-05],
[[462.0,402.0,402.0],6.484621e-05],
[[482.0,402.0,402.0],4.679035e-05],
[[503.0,502.0,502.0],0.0004961718],
[[513.0,502.0,502.0],0.000349631],
[[517.0,502.0,502.0],0.0002673284],
[[522.0,502.0,502.0],0.0002140307],
[[532.0,502.0,502.0],0.000128724],
[[552.0,502.0,502.0],8.498287e-05],
[[582.0,502.0,502.0],6.214163e-05],
[[603.0,602.0,602.0],0.0005637304],
[[613.0,602.0,602.0],0.0003947821],
[[617.0,602.0,602.0],0.0003138068],
[[622.0,602.0,602.0],0.0002530082],
[[632.0,602.0,602.0],0.0001702927],
[[652.0,602.0,602.0],9.432413e-05],
[[682.0,602.0,602.0],7.1787e-05],
[[703.0,702.0,702.0],0.0006184608],
[[713.0,702.0,702.0],0.0004672622],
[[717.0,702.0,702.0],0.0003621979],
[[722.0,702.0,702.0],0.0002888397],
[[732.0,702.0,702.0],0.0001852842],
[[752.0,702.0,702.0],0.0001036802],
[[782.0,702.0,702.0],7.913299e-05],
[[803.0,802.0,802.0],0.0006632272],
[[813.0,802.0,802.0],0.0005092932],
[[817.0,802.0,802.0],0.0003991367],
[[822.0,802.0,802.0],0.0003155925],
[[832.0,802.0,802.0],0.0001963646],
[[852.0,802.0,802.0],0.0001159786],
[[882.0,802.0,802.0],6.966798e-05],
[[903.0,902.0,902.0],0.0006876996],
[[913.0,902.0,902.0],0.000561883],
[[917.0,902.0,902.0],0.0004372897],
[[922.0,902.0,902.0],0.000352835],
[[932.0,902.0,902.0],0.0002184754],
[[952.0,902.0,902.0],0.000126994],
[[982.0,902.0,902.0],7.879921e-05],
[[1003.0,1002.0,1002.0],0.0007352154],
[[1013.0,1002.0,1002.0],0.0005741506],
[[1017.0,1002.0,1002.0],0.0004820637],
[[1022.0,1002.0,1002.0],0.000337508],
[[1032.0,1002.0,1002.0],0.0002257521],
[[1052.0,1002.0,1002.0],0.0001229956],
[[1082.0,1002.0,1002.0],7.644366e-05],
[[1103.0,1102.0,1102.0],0.0007744204],
[[1113.0,1102.0,1102.0],0.0005961138],
[[1117.0,1102.0,1102.0],0.0004824791],
[[1122.0,1102.0,1102.0],0.0003695201],
[[1132.0,1102.0,1102.0],0.0002356958],
[[1152.0,1102.0,1102.0],0.000132152],
[[1182.0,1102.0,1102.0],9.033249e-05],
[[1203.0,1202.0,1202.0],0.0007791785],
[[1213.0,1202.0,1202.0],0.0006017121],
[[1217.0,1202.0,1202.0],0.0005039776],
[[1222.0,1202.0,1202.0],0.0003588047],
[[1232.0,1202.0,1202.0],0.0002218495],
[[1252.0,1202.0,1202.0],0.0001355016],
[[1282.0,1202.0,1202.0],9.895414e-05],
[[1303.0,1302.0,1302.0],0.0007447154],
[[1313.0,1302.0,1302.0],0.000650027],
[[1317.0,1302.0,1302.0],0.0005225195],
[[1322.0,1302.0,1302.0],0.0003945954],
[[1332.0,1302.0,1302.0],0.0002450767],
[[1352.0,1302.0,1302.0],0.0001377459],
[[1382.0,1302.0,1302.0],9.567035e-05],
[[1403.0,1402.0,1402.0],0.0007573085],
[[1413.0,1402.0,1402.0],0.0006367356],
[[1417.0,1402.0,1402.0],0.0005238829],
[[1422.0,1402.0,1402.0],0.0004005287],
[[1432.0,1402.0,1402.0],0.0002573282],
[[1452.0,1402.0,1402.0],0.0001301703],
[[1482.0,1402.0,1402.0],8.749122e-05],
[[1503.0,1502.0,1502.0],0.0007513549],
[[1513.0,1502.0,1502.0],0.0006438488],
[[1517.0,1502.0,1502.0],0.0005395859],
[[1522.0,1502.0,1502.0],0.0004102355],
[[1532.0,1502.0,1502.0],0.0002516484],
[[1552.0,1502.0,1502.0],0.0001498524],
[[1582.0,1502.0,1502.0],8.830545e-05],
[[1603.0,1602.0,1602.0],0.0007700242],
[[1613.0,1602.0,1602.0],0.0006669121],
[[1617.0,1602.0,1602.0],0.0005426871],
[[1622.0,1602.0,1602.0],0.0003786252],
[[1632.0,1602.0,1602.0],0.0002368538],
[[1652.0,1602.0,1602.0],0.0001512643],
[[1682.0,1602.0,1602.0],9.276218e-05],
[[1703.0,1702.0,1702.0],0.0008013498],
[[1713.0,1702.0,1702.0],0.000660405],
[[1717.0,1702.0,1702.0],0.0005349591],
[[1722.0,1702.0,1702.0],0.0004039516],
[[1732.0,1702.0,1702.0],0.0002556112],
[[1752.0,1702.0,1702.0],0.0001698486],
[[1782.0,1702.0,1702.0],9.288251e-05],
[[1803.0,1802.0,1802.0],0.0007858818],
[[1813.0,1802.0,1802.0],0.0006414759],
[[1817.0,1802.0,1802.0],0.0005628902],
[[1822.0,1802.0,1802.0],0.0003952667],
[[1832.0,1802.0,1802.0],0.0002432159],
[[1852.0,1802.0,1802.0],0.0001513766],
[[1872.0,1802.0,1802.0],9.28372e-05],
[[1882.0,1802.0,1802.0],7.836518e-05],
[[1903.0,1902.0,1902.0],0.0008131702],
[[1913.0,1902.0,1902.0],0.000668847],
[[1917.0,1902.0,1902.0],0.0005345022],
[[1922.0,1902.0,1902.0],0.0004424802],
[[1942.0,1902.0,1902.0],0.0001712813],
[[1952.0,1902.0,1902.0],0.0001542773],
[[1982.0,1902.0,1902.0],0.0001070051],
[[2003.0,2002.0,2002.0],0.0007531208],
[[2013.0,2002.0,2002.0],0.0006409699],
[[2017.0,2002.0,2002.0],0.0005664121],
[[2022.0,2002.0,2002.0],0.0003987907],
[[2032.0,2002.0,2002.0],0.0002731977],
[[2042.0,2002.0,2002.0],0.0002013559],
[[2052.0,2002.0,2002.0],0.0001132329],
[[2072.0,2002.0,2002.0],9.149598e-05],
[[2082.0,2002.0,2002.0],9.294179e-05]]
