txName: TRV1nunu
constraint: {(PV > Zprime(1)), (Zprime(1) > nu,nu)}
condition: None
conditionDescription: None
figureUrl: None
source: CMS
validated: N/A
axesMap: [{0: 'x'}]
dataMap: {0: (1, 'mass', GeV)}
finalState: ['MET', 'MET']
efficiencyMap: [[[50.0],4.348522e-07],
[[100.0],2.635724e-06],
[[150.0],1.004799e-05],
[[200.0],2.113938e-05],
[[250.0],3.708952e-05],
[[300.0],5.748108e-05],
[[350.0],9.586556e-05],
[[400.0],0.0001159182],
[[450.0],0.000151214],
[[500.0],0.0001956739],
[[550.0],0.0002259201],
[[600.0],0.000285661],
[[650.0],0.0003213734],
[[700.0],0.0003800611],
[[750.0],0.0004140273],
[[800.0],0.0004591627],
[[850.0],0.0004784672],
[[900.0],0.0005346941],
[[950.0],0.0005775866],
[[1000.0],0.0006155767],
[[1050.0],0.0006295082],
[[1100.0],0.000682676],
[[1150.0],0.0006671976],
[[1200.0],0.0007674588],
[[1250.0],0.0007633277],
[[1300.0],0.0008336691],
[[1350.0],0.0007990605],
[[1400.0],0.0008741867],
[[1450.0],0.000870548],
[[1500.0],0.0008715634],
[[1550.0],0.0009206045],
[[1600.0],0.001004015],
[[1650.0],0.0008681818],
[[1700.0],0.0009341002],
[[1750.0],0.001007679],
[[1800.0],0.001030178],
[[1850.0],0.001009501],
[[1900.0],0.0009260559],
[[1950.0],0.001033481],
[[2000.0],0.001117466],
[[2250.0],0.001215771],
[[2500.0],0.001220756],
[[2750.0],0.001315736],
[[3000.0],0.001307774]]
