dataId: SRHigh_Bin_3
dataType: efficiencyMap
observedN: 1.0
expectedBG: 2.1104269856587052
bgError: 1.1255873899640243
upperLimit: 0.0272*fb
expectedUpperLimit: 0.0379*fb
