txName: TRV1nunu
constraint: {(PV > Zprime(1)), (Zprime(1) > nu,nu)}
condition: None
conditionDescription: None
figureUrl: None
source: CMS
validated: N/A
axesMap: [{0: 'x'}]
dataMap: {0: (1, 'mass', GeV)}
finalState: ['MET', 'MET']
efficiencyMap: [[[50.0],4.378799e-06],
[[100.0],2.567823e-05],
[[150.0],6.898662e-05],
[[200.0],0.0001569879],
[[250.0],0.0002444379],
[[300.0],0.0003602464],
[[350.0],0.000512884],
[[400.0],0.0006345979],
[[450.0],0.0007694502],
[[500.0],0.0008507163],
[[550.0],0.001043107],
[[600.0],0.001114621],
[[650.0],0.001312546],
[[700.0],0.001352985],
[[750.0],0.00139169],
[[800.0],0.001665491],
[[850.0],0.001608013],
[[900.0],0.001764793],
[[950.0],0.001797153],
[[1000.0],0.001793209],
[[1050.0],0.001940864],
[[1100.0],0.001905437],
[[1150.0],0.001985134],
[[1200.0],0.002013097],
[[1250.0],0.00207135],
[[1300.0],0.002046612],
[[1350.0],0.002201592],
[[1400.0],0.002186205],
[[1450.0],0.002208107],
[[1500.0],0.002134301],
[[1550.0],0.00231229],
[[1600.0],0.00225456],
[[1650.0],0.002290589],
[[1700.0],0.002354551],
[[1750.0],0.002477877],
[[1800.0],0.002288924],
[[1850.0],0.00244502],
[[1900.0],0.002313911],
[[1950.0],0.002431211],
[[2000.0],0.002630382],
[[2250.0],0.002695725],
[[2500.0],0.002925544],
[[2750.0],0.002948552],
[[3000.0],0.002846339]]
