txName: TChiISR
constraint: {(PV > MET(1), MET(2))}
condition: None
conditionDescription: None
figureUrl: None
source: Recast by MA5
validated: True
axesMap: [{0: 'x', 1: 'y'}]
dataMap: {0: (1, 'mass', GeV), 1: (2, 'mass', GeV)}
finalState: ['MET', 'MET']
efficiencyMap: [[[1.0,10.0],2.602605e-05],
[[1.0,20.0],2.345058e-05],
[[1.0,30.0],2.712274e-05],
[[1.0,40.0],2.601082e-05],
[[1.0,50.0],2.472093e-05],
[[1.0,60.0],2.540482e-05],
[[5.0,10.0],2.879573e-05],
[[7.0,10.0],2.581851e-05],
[[9.0,10.0],2.410794e-05],
[[10.0,1.0],2.602605e-05],
[[10.0,5.0],2.879573e-05],
[[10.0,7.0],2.581851e-05],
[[10.0,9.0],2.410794e-05],
[[10.0,10.0],3.450596e-05],
[[12.0,62.0],2.866491e-05],
[[12.0,72.0],2.475078e-05],
[[12.0,82.0],7.304444e-05],
[[12.0,92.0],0.0001142609],
[[12.0,102.0],0.0001472063],
[[12.0,212.0],0.0004666259],
[[12.0,312.0],0.000660493],
[[15.0,20.0],2.550872e-05],
[[17.0,20.0],2.34831e-05],
[[19.0,20.0],2.680001e-05],
[[20.0,1.0],2.345058e-05],
[[20.0,15.0],2.550872e-05],
[[20.0,17.0],2.34831e-05],
[[20.0,19.0],2.680001e-05],
[[20.0,20.0],2.566248e-05],
[[20.0,30.0],2.467498e-05],
[[20.0,40.0],2.924225e-05],
[[20.0,50.0],2.382513e-05],
[[20.0,60.0],2.733154e-05],
[[25.0,30.0],2.386609e-05],
[[27.0,30.0],2.623339e-05],
[[29.0,30.0],2.861404e-05],
[[30.0,1.0],2.712274e-05],
[[30.0,20.0],2.467498e-05],
[[30.0,25.0],2.386609e-05],
[[30.0,27.0],2.623339e-05],
[[30.0,29.0],2.861404e-05],
[[30.0,30.0],2.222628e-05],
[[30.0,40.0],3.567301e-05],
[[30.0,50.0],2.781037e-05],
[[30.0,60.0],4.485495e-05],
[[32.0,62.0],7.013501e-05],
[[32.0,72.0],0.0001254724],
[[32.0,82.0],0.000144819],
[[32.0,92.0],0.0001940517],
[[32.0,102.0],0.0002138948],
[[32.0,112.0],0.0002542202],
[[32.0,122.0],0.0002938917],
[[32.0,232.0],0.0005736698],
[[32.0,332.0],0.0007078982],
[[35.0,40.0],2.435763e-05],
[[37.0,40.0],2.516103e-05],
[[39.0,40.0],3.01457e-05],
[[40.0,1.0],2.601082e-05],
[[40.0,20.0],2.924225e-05],
[[40.0,30.0],3.567301e-05],
[[40.0,35.0],2.435763e-05],
[[40.0,37.0],2.516103e-05],
[[40.0,39.0],3.01457e-05],
[[40.0,40.0],3.03189e-05],
[[40.0,50.0],4.059185e-05],
[[40.0,60.0],0.000100142],
[[45.0,50.0],7.631696e-05],
[[47.0,50.0],8.699915e-05],
[[49.0,50.0],8.353771e-05],
[[50.0,1.0],2.472093e-05],
[[50.0,20.0],2.382513e-05],
[[50.0,30.0],2.781037e-05],
[[50.0,40.0],4.059185e-05],
[[50.0,45.0],7.631696e-05],
[[50.0,47.0],8.699915e-05],
[[50.0,49.0],8.353771e-05],
[[50.0,50.0],9.86554e-05],
[[50.0,60.0],0.0001265844],
[[52.0,62.0],0.0001487565],
[[52.0,67.0],0.0001945071],
[[52.0,72.0],0.0002026631],
[[52.0,82.0],0.0002250215],
[[52.0,92.0],0.0002528823],
[[52.0,102.0],0.0002666855],
[[52.0,112.0],0.0002916034],
[[52.0,122.0],0.0003510946],
[[52.0,132.0],0.0003972453],
[[52.0,142.0],0.0003914955],
[[52.0,252.0],0.000639485],
[[52.0,352.0],0.0008218226],
[[55.0,60.0],0.0001487887],
[[57.0,60.0],0.0001625818],
[[59.0,60.0],0.0001520818],
[[60.0,1.0],2.540482e-05],
[[60.0,20.0],2.733154e-05],
[[60.0,30.0],4.485495e-05],
[[60.0,40.0],0.000100142],
[[60.0,50.0],0.0001265844],
[[60.0,55.0],0.0001487887],
[[60.0,57.0],0.0001625818],
[[60.0,59.0],0.0001520818],
[[60.0,60.0],0.0001698605],
[[62.0,12.0],2.866491e-05],
[[62.0,32.0],7.013501e-05],
[[62.0,52.0],0.0001487565],
[[67.0,52.0],0.0001945071],
[[72.0,12.0],2.475078e-05],
[[72.0,32.0],0.0001254724],
[[72.0,52.0],0.0002026631],
[[72.0,72.0],0.0002356929],
[[72.0,75.0],0.0002692819],
[[72.0,77.0],0.0002468406],
[[72.0,82.0],0.0003060786],
[[72.0,87.0],0.0002929086],
[[72.0,92.0],0.0003238997],
[[72.0,102.0],0.0003485242],
[[72.0,112.0],0.0003779094],
[[72.0,122.0],0.0004015262],
[[72.0,132.0],0.0004263765],
[[72.0,142.0],0.0004618283],
[[72.0,152.0],0.0004359036],
[[72.0,162.0],0.0004980912],
[[72.0,272.0],0.0007023462],
[[72.0,372.0],0.0008538507],
[[75.0,72.0],0.0002692819],
[[77.0,72.0],0.0002468406],
[[82.0,12.0],7.304444e-05],
[[82.0,32.0],0.000144819],
[[82.0,52.0],0.0002250215],
[[82.0,72.0],0.0003060786],
[[87.0,72.0],0.0002929086],
[[92.0,12.0],0.0001142609],
[[92.0,32.0],0.0001940517],
[[92.0,52.0],0.0002528823],
[[92.0,72.0],0.0003238997],
[[92.0,92.0],0.0003758857],
[[92.0,95.0],0.0003943488],
[[92.0,97.0],0.000402409],
[[92.0,102.0],0.0003950553],
[[92.0,107.0],0.0004127539],
[[92.0,112.0],0.0004033322],
[[92.0,122.0],0.0004366247],
[[92.0,132.0],0.0005003616],
[[92.0,142.0],0.0005048836],
[[92.0,152.0],0.00054488],
[[92.0,162.0],0.0005085538],
[[92.0,172.0],0.000533025],
[[92.0,182.0],0.0005722946],
[[92.0,292.0],0.0007882791],
[[92.0,392.0],0.0009220218],
[[95.0,92.0],0.0003943488],
[[97.0,92.0],0.000402409],
[[102.0,12.0],0.0001472063],
[[102.0,32.0],0.0002138948],
[[102.0,52.0],0.0002666855],
[[102.0,72.0],0.0003485242],
[[102.0,92.0],0.0003950553],
[[102.0,102.0],0.0004490541],
[[102.0,105.0],0.0004556898],
[[102.0,107.0],0.0004296746],
[[102.0,112.0],0.0004336968],
[[102.0,117.0],0.000496046],
[[102.0,122.0],0.0004732062],
[[102.0,132.0],0.0005429975],
[[102.0,142.0],0.0005255523],
[[102.0,152.0],0.0005203916],
[[102.0,162.0],0.0005452285],
[[102.0,172.0],0.0005738017],
[[102.0,182.0],0.0006139947],
[[102.0,192.0],0.0006428558],
[[102.0,302.0],0.0008014136],
[[102.0,402.0],0.0009144204],
[[105.0,102.0],0.0004556898],
[[107.0,92.0],0.0004127539],
[[107.0,102.0],0.0004296746],
[[112.0,32.0],0.0002542202],
[[112.0,52.0],0.0002916034],
[[112.0,72.0],0.0003779094],
[[112.0,92.0],0.0004033322],
[[112.0,102.0],0.0004336968],
[[117.0,102.0],0.000496046],
[[122.0,32.0],0.0002938917],
[[122.0,52.0],0.0003510946],
[[122.0,72.0],0.0004015262],
[[122.0,92.0],0.0004366247],
[[122.0,102.0],0.0004732062],
[[132.0,52.0],0.0003972453],
[[132.0,72.0],0.0004263765],
[[132.0,92.0],0.0005003616],
[[132.0,102.0],0.0005429975],
[[142.0,52.0],0.0003914955],
[[142.0,72.0],0.0004618283],
[[142.0,92.0],0.0005048836],
[[142.0,102.0],0.0005255523],
[[152.0,72.0],0.0004359036],
[[152.0,92.0],0.00054488],
[[152.0,102.0],0.0005203916],
[[152.0,152.0],0.0006444369],
[[152.0,155.0],0.0006606961],
[[152.0,157.0],0.0006473163],
[[152.0,162.0],0.0006755237],
[[152.0,167.0],0.0007263733],
[[152.0,172.0],0.0006835579],
[[152.0,182.0],0.0007672446],
[[152.0,192.0],0.0007902822],
[[152.0,202.0],0.0007686895],
[[152.0,212.0],0.0007868096],
[[152.0,222.0],0.0007715888],
[[152.0,232.0],0.0007956502],
[[152.0,242.0],0.0008465681],
[[152.0,352.0],0.0009884935],
[[152.0,452.0],0.001050491],
[[155.0,152.0],0.0006606961],
[[157.0,152.0],0.0006473163],
[[162.0,72.0],0.0004980912],
[[162.0,92.0],0.0005085538],
[[162.0,102.0],0.0005452285],
[[162.0,152.0],0.0006755237],
[[167.0,152.0],0.0007263733],
[[172.0,92.0],0.000533025],
[[172.0,102.0],0.0005738017],
[[172.0,152.0],0.0006835579],
[[182.0,92.0],0.0005722946],
[[182.0,102.0],0.0006139947],
[[182.0,152.0],0.0007672446],
[[192.0,102.0],0.0006428558],
[[192.0,152.0],0.0007902822],
[[202.0,152.0],0.0007686895],
[[202.0,202.0],0.0008280385],
[[202.0,205.0],0.0008583845],
[[202.0,207.0],0.0008245661],
[[202.0,212.0],0.0008854061],
[[202.0,217.0],0.0008333836],
[[202.0,222.0],0.0008912248],
[[202.0,232.0],0.0009343154],
[[202.0,242.0],0.0008741679],
[[202.0,252.0],0.0008736352],
[[202.0,262.0],0.0009288636],
[[202.0,272.0],0.0009050076],
[[202.0,282.0],0.0009704766],
[[202.0,402.0],0.00106148],
[[202.0,502.0],0.00115641],
[[205.0,202.0],0.0008583845],
[[207.0,202.0],0.0008245661],
[[212.0,12.0],0.0004666259],
[[212.0,152.0],0.0007868096],
[[212.0,202.0],0.0008854061],
[[217.0,202.0],0.0008333836],
[[222.0,152.0],0.0007715888],
[[222.0,202.0],0.0008912248],
[[232.0,32.0],0.0005736698],
[[232.0,152.0],0.0007956502],
[[232.0,202.0],0.0009343154],
[[242.0,152.0],0.0008465681],
[[242.0,202.0],0.0008741679],
[[252.0,52.0],0.000639485],
[[252.0,202.0],0.0008736352],
[[252.0,252.0],0.001013465],
[[252.0,255.0],0.0009924829],
[[252.0,257.0],0.0009800758],
[[252.0,262.0],0.001013006],
[[252.0,267.0],0.001014587],
[[252.0,272.0],0.001017287],
[[252.0,282.0],0.001016532],
[[252.0,292.0],0.001002777],
[[252.0,302.0],0.001074712],
[[252.0,312.0],0.001053114],
[[252.0,322.0],0.001046995],
[[252.0,332.0],0.001063035],
[[252.0,342.0],0.001059838],
[[252.0,452.0],0.001253806],
[[252.0,552.0],0.00123237],
[[255.0,252.0],0.0009924829],
[[257.0,252.0],0.0009800758],
[[262.0,202.0],0.0009288636],
[[262.0,252.0],0.001013006],
[[267.0,252.0],0.001014587],
[[272.0,72.0],0.0007023462],
[[272.0,202.0],0.0009050076],
[[272.0,252.0],0.001017287],
[[282.0,202.0],0.0009704766],
[[282.0,252.0],0.001016532],
[[292.0,92.0],0.0007882791],
[[292.0,252.0],0.001002777],
[[302.0,102.0],0.0008014136],
[[302.0,252.0],0.001074712],
[[302.0,302.0],0.001113083],
[[302.0,305.0],0.001142607],
[[302.0,307.0],0.00106449],
[[302.0,312.0],0.001178529],
[[302.0,317.0],0.001185497],
[[302.0,322.0],0.001106845],
[[302.0,332.0],0.00113586],
[[302.0,342.0],0.001231056],
[[302.0,352.0],0.001178758],
[[302.0,362.0],0.001153396],
[[302.0,372.0],0.001131009],
[[302.0,382.0],0.001175372],
[[302.0,392.0],0.001233095],
[[302.0,502.0],0.001229527],
[[302.0,602.0],0.001291842],
[[305.0,302.0],0.001142607],
[[307.0,302.0],0.00106449],
[[312.0,12.0],0.000660493],
[[312.0,252.0],0.001053114],
[[312.0,302.0],0.001178529],
[[317.0,302.0],0.001185497],
[[322.0,252.0],0.001046995],
[[322.0,302.0],0.001106845],
[[332.0,32.0],0.0007078982],
[[332.0,252.0],0.001063035],
[[332.0,302.0],0.00113586],
[[342.0,252.0],0.001059838],
[[342.0,302.0],0.001231056],
[[352.0,52.0],0.0008218226],
[[352.0,152.0],0.0009884935],
[[352.0,302.0],0.001178758],
[[352.0,352.0],0.00126188],
[[352.0,355.0],0.001251581],
[[352.0,357.0],0.001237704],
[[352.0,362.0],0.001155937],
[[352.0,367.0],0.001257565],
[[352.0,372.0],0.001245615],
[[352.0,382.0],0.001226135],
[[352.0,392.0],0.001272449],
[[352.0,402.0],0.001228234],
[[352.0,412.0],0.001253095],
[[352.0,422.0],0.001252194],
[[352.0,432.0],0.001290969],
[[352.0,442.0],0.001303699],
[[352.0,552.0],0.001363856],
[[352.0,652.0],0.001350702],
[[355.0,352.0],0.001251581],
[[357.0,352.0],0.001237704],
[[362.0,302.0],0.001153396],
[[362.0,352.0],0.001155937],
[[367.0,352.0],0.001257565],
[[372.0,72.0],0.0008538507],
[[372.0,302.0],0.001131009],
[[372.0,352.0],0.001245615],
[[382.0,302.0],0.001175372],
[[382.0,352.0],0.001226135],
[[392.0,92.0],0.0009220218],
[[392.0,302.0],0.001233095],
[[392.0,352.0],0.001272449],
[[402.0,102.0],0.0009144204],
[[402.0,202.0],0.00106148],
[[402.0,352.0],0.001228234],
[[402.0,402.0],0.001318954],
[[402.0,405.0],0.001255508],
[[402.0,407.0],0.001300636],
[[402.0,412.0],0.001381185],
[[402.0,417.0],0.001301163],
[[402.0,422.0],0.001308414],
[[402.0,432.0],0.001341017],
[[402.0,442.0],0.001379947],
[[402.0,452.0],0.001329151],
[[402.0,462.0],0.001350074],
[[402.0,472.0],0.001335216],
[[402.0,482.0],0.001289484],
[[402.0,492.0],0.001295113],
[[402.0,602.0],0.001431527],
[[402.0,702.0],0.001466856],
[[405.0,402.0],0.001255508],
[[407.0,402.0],0.001300636],
[[412.0,352.0],0.001253095],
[[412.0,402.0],0.001381185],
[[417.0,402.0],0.001301163],
[[422.0,352.0],0.001252194],
[[422.0,402.0],0.001308414],
[[432.0,352.0],0.001290969],
[[432.0,402.0],0.001341017],
[[442.0,352.0],0.001303699],
[[442.0,402.0],0.001379947],
[[452.0,152.0],0.001050491],
[[452.0,252.0],0.001253806],
[[452.0,402.0],0.001329151],
[[462.0,402.0],0.001350074],
[[472.0,402.0],0.001335216],
[[482.0,402.0],0.001289484],
[[492.0,402.0],0.001295113],
[[502.0,202.0],0.00115641],
[[502.0,302.0],0.001229527],
[[552.0,252.0],0.00123237],
[[552.0,352.0],0.001363856],
[[602.0,302.0],0.001291842],
[[602.0,402.0],0.001431527],
[[602.0,602.0],0.001522569],
[[602.0,605.0],0.001523609],
[[602.0,607.0],0.001538997],
[[602.0,612.0],0.001481388],
[[602.0,617.0],0.001569339],
[[602.0,622.0],0.00150859],
[[602.0,632.0],0.001531116],
[[602.0,642.0],0.001530197],
[[602.0,652.0],0.001535565],
[[602.0,662.0],0.001535519],
[[602.0,672.0],0.001563966],
[[602.0,682.0],0.001597283],
[[602.0,692.0],0.0016092],
[[602.0,802.0],0.00159625],
[[602.0,902.0],0.00158785],
[[605.0,602.0],0.001523609],
[[607.0,602.0],0.001538997],
[[612.0,602.0],0.001481388],
[[617.0,602.0],0.001569339],
[[622.0,602.0],0.00150859],
[[632.0,602.0],0.001531116],
[[642.0,602.0],0.001530197],
[[652.0,352.0],0.001350702],
[[652.0,602.0],0.001535565],
[[662.0,602.0],0.001535519],
[[672.0,602.0],0.001563966],
[[682.0,602.0],0.001597283],
[[692.0,602.0],0.0016092],
[[702.0,402.0],0.001466856],
[[802.0,602.0],0.00159625],
[[802.0,802.0],0.001632952],
[[802.0,805.0],0.001662802],
[[802.0,807.0],0.001696951],
[[802.0,812.0],0.001669414],
[[802.0,817.0],0.001688226],
[[802.0,822.0],0.001665193],
[[802.0,832.0],0.001677391],
[[802.0,842.0],0.001613352],
[[802.0,852.0],0.001684639],
[[802.0,862.0],0.001719405],
[[802.0,872.0],0.001690888],
[[802.0,882.0],0.001636904],
[[802.0,892.0],0.001664251],
[[802.0,1002.0],0.00174954],
[[802.0,1102.0],0.001835654],
[[805.0,802.0],0.001662802],
[[807.0,802.0],0.001696951],
[[812.0,802.0],0.001669414],
[[817.0,802.0],0.001688226],
[[822.0,802.0],0.001665193],
[[832.0,802.0],0.001677391],
[[842.0,802.0],0.001613352],
[[852.0,802.0],0.001684639],
[[862.0,802.0],0.001719405],
[[872.0,802.0],0.001690888],
[[882.0,802.0],0.001636904],
[[892.0,802.0],0.001664251],
[[902.0,602.0],0.00158785],
[[1002.0,802.0],0.00174954],
[[1002.0,1002.0],0.001710067],
[[1002.0,1005.0],0.001728521],
[[1002.0,1007.0],0.001808328],
[[1002.0,1012.0],0.001739398],
[[1002.0,1017.0],0.001822638],
[[1002.0,1022.0],0.001724562],
[[1002.0,1032.0],0.001725648],
[[1002.0,1042.0],0.001858374],
[[1002.0,1052.0],0.0017709],
[[1002.0,1062.0],0.001753622],
[[1002.0,1072.0],0.001736267],
[[1002.0,1082.0],0.001776743],
[[1002.0,1092.0],0.001930671],
[[1002.0,1202.0],0.001839272],
[[1002.0,1302.0],0.001858059],
[[1005.0,1002.0],0.001728521],
[[1007.0,1002.0],0.001808328],
[[1012.0,1002.0],0.001739398],
[[1017.0,1002.0],0.001822638],
[[1022.0,1002.0],0.001724562],
[[1032.0,1002.0],0.001725648],
[[1042.0,1002.0],0.001858374],
[[1052.0,1002.0],0.0017709],
[[1062.0,1002.0],0.001753622],
[[1072.0,1002.0],0.001736267],
[[1082.0,1002.0],0.001776743],
[[1092.0,1002.0],0.001930671],
[[1102.0,802.0],0.001835654],
[[1202.0,1002.0],0.001839272],
[[1202.0,1202.0],0.001833092],
[[1202.0,1205.0],0.001835692],
[[1202.0,1207.0],0.001921152],
[[1202.0,1212.0],0.001856204],
[[1202.0,1217.0],0.001817703],
[[1202.0,1222.0],0.00184712],
[[1202.0,1232.0],0.001891818],
[[1202.0,1242.0],0.001848796],
[[1202.0,1252.0],0.001863954],
[[1202.0,1262.0],0.001799156],
[[1202.0,1272.0],0.001853248],
[[1202.0,1282.0],0.00188727],
[[1202.0,1292.0],0.00189303],
[[1202.0,1402.0],0.001977444],
[[1202.0,1502.0],0.001986898],
[[1205.0,1202.0],0.001835692],
[[1207.0,1202.0],0.001921152],
[[1212.0,1202.0],0.001856204],
[[1217.0,1202.0],0.001817703],
[[1222.0,1202.0],0.00184712],
[[1232.0,1202.0],0.001891818],
[[1242.0,1202.0],0.001848796],
[[1252.0,1202.0],0.001863954],
[[1262.0,1202.0],0.001799156],
[[1272.0,1202.0],0.001853248],
[[1282.0,1202.0],0.00188727],
[[1292.0,1202.0],0.00189303],
[[1302.0,1002.0],0.001858059],
[[1402.0,1202.0],0.001977444],
[[1402.0,1402.0],0.002014737],
[[1402.0,1405.0],0.001876037],
[[1402.0,1407.0],0.001933141],
[[1402.0,1412.0],0.001871907],
[[1402.0,1417.0],0.001941887],
[[1402.0,1422.0],0.00195093],
[[1402.0,1432.0],0.001888211],
[[1402.0,1442.0],0.001993966],
[[1402.0,1452.0],0.001893487],
[[1402.0,1462.0],0.00194114],
[[1402.0,1472.0],0.001924844],
[[1402.0,1482.0],0.001957682],
[[1402.0,1492.0],0.001934554],
[[1402.0,1602.0],0.001955429],
[[1402.0,1702.0],0.001889094],
[[1405.0,1402.0],0.001876037],
[[1407.0,1402.0],0.001933141],
[[1412.0,1402.0],0.001871907],
[[1417.0,1402.0],0.001941887],
[[1422.0,1402.0],0.00195093],
[[1432.0,1402.0],0.001888211],
[[1442.0,1402.0],0.001993966],
[[1452.0,1402.0],0.001893487],
[[1462.0,1402.0],0.00194114],
[[1472.0,1402.0],0.001924844],
[[1482.0,1402.0],0.001957682],
[[1492.0,1402.0],0.001934554],
[[1502.0,1202.0],0.001986898],
[[1602.0,1402.0],0.001955429],
[[1602.0,1602.0],0.001876038],
[[1602.0,1605.0],0.001930572],
[[1602.0,1607.0],0.001933079],
[[1602.0,1612.0],0.001927393],
[[1602.0,1617.0],0.001900072],
[[1602.0,1622.0],0.001952964],
[[1602.0,1632.0],0.001874728],
[[1602.0,1642.0],0.001897561],
[[1602.0,1652.0],0.00192565],
[[1602.0,1662.0],0.001858536],
[[1602.0,1672.0],0.001886638],
[[1602.0,1682.0],0.001848569],
[[1602.0,1692.0],0.00189309],
[[1602.0,1802.0],0.001997735],
[[1602.0,1902.0],0.001899969],
[[1605.0,1602.0],0.001930572],
[[1607.0,1602.0],0.001933079],
[[1612.0,1602.0],0.001927393],
[[1617.0,1602.0],0.001900072],
[[1622.0,1602.0],0.001952964],
[[1632.0,1602.0],0.001874728],
[[1642.0,1602.0],0.001897561],
[[1652.0,1602.0],0.00192565],
[[1662.0,1602.0],0.001858536],
[[1672.0,1602.0],0.001886638],
[[1682.0,1602.0],0.001848569],
[[1692.0,1602.0],0.00189309],
[[1702.0,1402.0],0.001889094],
[[1802.0,1602.0],0.001997735],
[[1802.0,1802.0],0.001954452],
[[1802.0,1805.0],0.001894702],
[[1802.0,1807.0],0.001866047],
[[1802.0,1812.0],0.001989061],
[[1802.0,1817.0],0.001872877],
[[1802.0,1822.0],0.001814858],
[[1802.0,1832.0],0.001873825],
[[1802.0,1842.0],0.001907464],
[[1802.0,1852.0],0.001953477],
[[1802.0,1862.0],0.001928346],
[[1802.0,1872.0],0.002001226],
[[1802.0,1882.0],0.001857927],
[[1802.0,1892.0],0.001913356],
[[1802.0,2002.0],0.00191452],
[[1802.0,2102.0],0.001864381],
[[1805.0,1802.0],0.001894702],
[[1807.0,1802.0],0.001866047],
[[1812.0,1802.0],0.001989061],
[[1817.0,1802.0],0.001872877],
[[1822.0,1802.0],0.001814858],
[[1832.0,1802.0],0.001873825],
[[1842.0,1802.0],0.001907464],
[[1852.0,1802.0],0.001953477],
[[1862.0,1802.0],0.001928346],
[[1872.0,1802.0],0.002001226],
[[1882.0,1802.0],0.001857927],
[[1892.0,1802.0],0.001913356],
[[1902.0,1602.0],0.001899969],
[[2002.0,1802.0],0.00191452],
[[2002.0,2002.0],0.001943191],
[[2002.0,2005.0],0.001854594],
[[2002.0,2007.0],0.00188665],
[[2002.0,2012.0],0.001864977],
[[2002.0,2017.0],0.001905215],
[[2002.0,2022.0],0.002054008],
[[2002.0,2032.0],0.001883408],
[[2002.0,2042.0],0.001892593],
[[2002.0,2052.0],0.001828004],
[[2002.0,2062.0],0.001905288],
[[2002.0,2072.0],0.001901989],
[[2002.0,2082.0],0.001769498],
[[2002.0,2092.0],0.001941165],
[[2002.0,2202.0],0.001913119],
[[2002.0,2302.0],0.001823379],
[[2005.0,2002.0],0.001854594],
[[2007.0,2002.0],0.00188665],
[[2012.0,2002.0],0.001864977],
[[2017.0,2002.0],0.001905215],
[[2022.0,2002.0],0.002054008],
[[2032.0,2002.0],0.001883408],
[[2042.0,2002.0],0.001892593],
[[2052.0,2002.0],0.001828004],
[[2062.0,2002.0],0.001905288],
[[2072.0,2002.0],0.001901989],
[[2082.0,2002.0],0.001769498],
[[2092.0,2002.0],0.001941165],
[[2102.0,1802.0],0.001864381],
[[2202.0,2002.0],0.001913119],
[[2302.0,2002.0],0.001823379]]
