txName: TRV1nunu
constraint: {(PV > Zprime(1)), (Zprime(1) > nu,nu)}
condition: None
conditionDescription: None
figureUrl: None
source: CMS
validated: N/A
axesMap: [{0: 'x'}]
dataMap: {0: (1, 'mass', GeV)}
finalState: ['MET', 'MET']
efficiencyMap: [[[50.0],7.269804e-06],
[[100.0],4.741313e-05],
[[150.0],0.0001226578],
[[200.0],0.000230483],
[[250.0],0.0003929916],
[[300.0],0.0005551011],
[[350.0],0.0007078285],
[[400.0],0.0009165824],
[[450.0],0.001111941],
[[500.0],0.001348231],
[[550.0],0.001384983],
[[600.0],0.001591877],
[[650.0],0.001527292],
[[700.0],0.001732324],
[[750.0],0.001912095],
[[800.0],0.002039182],
[[850.0],0.002087892],
[[900.0],0.002343513],
[[950.0],0.002081935],
[[1000.0],0.002355941],
[[1050.0],0.002512503],
[[1100.0],0.002496911],
[[1150.0],0.002446362],
[[1200.0],0.002644928],
[[1250.0],0.00276574],
[[1300.0],0.002800845],
[[1350.0],0.002814058],
[[1400.0],0.00269152],
[[1450.0],0.002733035],
[[1500.0],0.002805408],
[[1550.0],0.002852588],
[[1600.0],0.00285939],
[[1650.0],0.002967243],
[[1700.0],0.003022611],
[[1750.0],0.003053855],
[[1800.0],0.002935954],
[[1850.0],0.002906501],
[[1900.0],0.003124445],
[[1950.0],0.003023478],
[[2000.0],0.003351876],
[[2250.0],0.003475102],
[[2500.0],0.003553863],
[[2750.0],0.003728714],
[[3000.0],0.003919501]]
