txName: TChiZISRll
constraint: {(PV > anyBSM(1), MET(3)), (anyBSM(1) > l+,l-,MET(2))}
condition: None
conditionDescription: None
figureUrl: None
source: Recast by MA5
validated: True
axesMap: [{0: 'x', 1: 'y', 2: 'y'}]
dataMap: {0: (1, 'mass', GeV), 1: (2, 'mass', GeV), 2: (3, 'mass', GeV)}
finalState: ['MET', 'MET']
efficiencyMap: [[[10.0,1.0,1.0],3.375208e-08],
[[10.0,5.0,5.0],8.720639e-08],
[[10.0,7.0,7.0],6.944539e-08],
[[10.0,9.0,9.0],1.202431e-06],
[[20.0,1.0,1.0],1.920536e-08],
[[20.0,15.0,15.0],9.94707e-08],
[[20.0,17.0,17.0],3.021352e-07],
[[20.0,19.0,19.0],3.414844e-07],
[[30.0,1.0,1.0],2.009428e-08],
[[30.0,20.0,20.0],4.599103e-08],
[[30.0,25.0,25.0],6.200277e-07],
[[30.0,27.0,27.0],1.943169e-06],
[[30.0,29.0,29.0],3.565577e-07],
[[40.0,1.0,1.0],3.904069e-09],
[[40.0,20.0,20.0],1.637477e-08],
[[40.0,30.0,30.0],1.246885e-07],
[[40.0,35.0,35.0],2.226652e-07],
[[40.0,37.0,37.0],4.936018e-07],
[[40.0,39.0,39.0],7.824709e-07],
[[50.0,1.0,1.0],0.0],
[[50.0,20.0,20.0],7.353917e-09],
[[50.0,30.0,30.0],4.199832e-09],
[[50.0,40.0,40.0],4.12907e-07],
[[50.0,45.0,45.0],1.388908e-06],
[[50.0,47.0,47.0],1.952072e-06],
[[50.0,49.0,49.0],3.394891e-06],
[[60.0,1.0,1.0],0.0],
[[60.0,20.0,20.0],2.75801e-09],
[[60.0,30.0,30.0],1.572929e-07],
[[60.0,40.0,40.0],5.723474e-07],
[[60.0,50.0,50.0],1.341168e-06],
[[60.0,55.0,55.0],2.620017e-06],
[[60.0,57.0,57.0],5.431769e-06],
[[60.0,59.0,59.0],8.646696e-06],
[[61.0,52.0,52.0],1.252634e-06],
[[62.0,2.0,2.0],4.042352e-09],
[[62.0,12.0,12.0],9.531971e-09],
[[62.0,22.0,22.0],1.504822e-08],
[[62.0,32.0,32.0],6.682231e-08],
[[62.0,42.0,42.0],3.823562e-07],
[[63.0,62.0,62.0],6.110892e-06],
[[65.0,62.0,62.0],5.431252e-06],
[[67.0,62.0,62.0],3.043782e-06],
[[69.0,62.0,62.0],2.707959e-06],
[[72.0,2.0,2.0],5.638391e-09],
[[72.0,12.0,12.0],0.0],
[[72.0,22.0,22.0],1.002288e-07],
[[72.0,32.0,32.0],1.507321e-07],
[[72.0,42.0,42.0],3.784588e-07],
[[72.0,52.0,52.0],9.788852e-07],
[[73.0,72.0,72.0],9.701456e-06],
[[75.0,72.0,72.0],7.138539e-06],
[[77.0,72.0,72.0],5.175532e-06],
[[79.0,72.0,72.0],4.468216e-06],
[[82.0,2.0,2.0],3.798499e-09],
[[82.0,12.0,12.0],4.59167e-08],
[[82.0,22.0,22.0],1.792358e-07],
[[82.0,32.0,32.0],3.663165e-07],
[[82.0,42.0,42.0],5.814476e-07],
[[82.0,52.0,52.0],9.94876e-07],
[[82.0,62.0,62.0],1.597134e-06],
[[83.0,82.0,82.0],1.458514e-05],
[[85.0,82.0,82.0],9.858355e-06],
[[87.0,82.0,82.0],8.048206e-06],
[[89.0,82.0,82.0],6.536163e-06],
[[91.0,82.0,82.0],4.612724e-06],
[[92.0,12.0,12.0],1.187359e-07],
[[92.0,22.0,22.0],4.181709e-07],
[[92.0,32.0,32.0],4.512995e-07],
[[92.0,42.0,42.0],5.265153e-07],
[[92.0,52.0,52.0],7.692319e-07],
[[92.0,62.0,62.0],1.71614e-06],
[[92.0,72.0,72.0],2.308459e-06],
[[93.0,92.0,92.0],1.601669e-05],
[[97.0,92.0,92.0],1.118429e-05],
[[99.0,92.0,92.0],9.23861e-06],
[[102.0,22.0,22.0],3.262327e-07],
[[102.0,32.0,32.0],5.704946e-07],
[[102.0,42.0,42.0],5.530883e-07],
[[102.0,52.0,52.0],7.112157e-07],
[[102.0,62.0,62.0],1.381698e-06],
[[102.0,72.0,72.0],1.644519e-06],
[[102.0,82.0,82.0],3.266936e-06],
[[103.0,102.0,102.0],2.022951e-05],
[[107.0,102.0,102.0],1.353977e-05],
[[109.0,102.0,102.0],1.058914e-05],
[[112.0,32.0,32.0],5.262344e-07],
[[112.0,42.0,42.0],5.293197e-07],
[[112.0,52.0,52.0],8.024468e-07],
[[112.0,62.0,62.0],1.056255e-06],
[[112.0,72.0,72.0],2.480974e-06],
[[112.0,82.0,82.0],2.256129e-06],
[[112.0,92.0,92.0],3.90073e-06],
[[122.0,42.0,42.0],9.255729e-07],
[[122.0,52.0,52.0],1.091908e-06],
[[122.0,62.0,62.0],8.966966e-07],
[[122.0,72.0,72.0],1.421036e-06],
[[122.0,82.0,82.0],2.645112e-06],
[[122.0,92.0,92.0],3.275795e-06],
[[122.0,102.0,102.0],5.107893e-06],
[[123.0,122.0,122.0],2.907482e-05],
[[127.0,122.0,122.0],2.084113e-05],
[[129.0,122.0,122.0],1.696486e-05],
[[132.0,52.0,52.0],1.743974e-06],
[[132.0,62.0,62.0],1.702261e-06],
[[132.0,72.0,72.0],1.740578e-06],
[[132.0,82.0,82.0],1.84607e-06],
[[132.0,92.0,92.0],2.705481e-06],
[[132.0,102.0,102.0],4.105391e-06],
[[142.0,62.0,62.0],2.886162e-06],
[[142.0,72.0,72.0],2.134942e-06],
[[142.0,82.0,82.0],2.573424e-06],
[[142.0,92.0,92.0],2.599829e-06],
[[142.0,102.0,102.0],3.018843e-06],
[[142.0,122.0,122.0],7.320127e-06],
[[143.0,142.0,142.0],4.056109e-05],
[[147.0,142.0,142.0],2.75579e-05],
[[149.0,142.0,142.0],2.658537e-05],
[[151.0,142.0,142.0],2.090725e-05],
[[152.0,72.0,72.0],1.915326e-06],
[[152.0,82.0,82.0],2.052228e-06],
[[152.0,92.0,92.0],2.425327e-06],
[[152.0,102.0,102.0],3.203151e-06],
[[152.0,122.0,122.0],6.137559e-06],
[[162.0,82.0,82.0],2.249031e-06],
[[162.0,92.0,92.0],2.718814e-06],
[[162.0,102.0,102.0],2.817776e-06],
[[162.0,122.0,122.0],4.752409e-06],
[[162.0,142.0,142.0],1.106519e-05],
[[163.0,162.0,162.0],4.94412e-05],
[[167.0,162.0,162.0],3.847025e-05],
[[169.0,162.0,162.0],3.181939e-05],
[[171.0,162.0,162.0],2.622058e-05],
[[172.0,92.0,92.0],2.447036e-06],
[[172.0,102.0,102.0],3.579466e-06],
[[172.0,122.0,122.0],4.476544e-06],
[[172.0,142.0,142.0],8.580238e-06],
[[182.0,102.0,102.0],3.048371e-06],
[[182.0,122.0,122.0],4.478506e-06],
[[182.0,142.0,142.0],6.019704e-06],
[[182.0,162.0,162.0],1.391879e-05],
[[183.0,182.0,182.0],6.581621e-05],
[[187.0,182.0,182.0],5.371843e-05],
[[189.0,182.0,182.0],3.911625e-05],
[[191.0,182.0,182.0],3.671269e-05],
[[192.0,122.0,122.0],4.441556e-06],
[[192.0,142.0,142.0],5.267537e-06],
[[192.0,162.0,162.0],1.015734e-05],
[[202.0,122.0,122.0],3.609837e-06],
[[202.0,142.0,142.0],5.671199e-06],
[[202.0,162.0,162.0],7.492471e-06],
[[202.0,182.0,182.0],1.64588e-05],
[[203.0,202.0,202.0],8.045532e-05],
[[207.0,202.0,202.0],6.178373e-05],
[[209.0,202.0,202.0],5.189671e-05],
[[211.0,202.0,202.0],4.492346e-05],
[[212.0,142.0,142.0],5.367918e-06],
[[212.0,162.0,162.0],7.664276e-06],
[[212.0,182.0,182.0],1.335425e-05],
[[222.0,142.0,142.0],4.790309e-06],
[[222.0,162.0,162.0],7.279893e-06],
[[222.0,182.0,182.0],1.013482e-05],
[[222.0,202.0,202.0],2.06472e-05],
[[223.0,222.0,222.0],8.112595e-05],
[[227.0,222.0,222.0],6.73785e-05],
[[229.0,222.0,222.0],5.70917e-05],
[[231.0,222.0,222.0],4.678211e-05],
[[232.0,162.0,162.0],7.933856e-06],
[[232.0,182.0,182.0],1.623897e-05],
[[232.0,202.0,202.0],1.626091e-05],
[[242.0,162.0,162.0],5.792556e-06],
[[242.0,182.0,182.0],9.253031e-06],
[[242.0,202.0,202.0],1.134477e-05],
[[242.0,222.0,222.0],2.881296e-05],
[[243.0,242.0,242.0],8.491221e-05],
[[247.0,242.0,242.0],7.194241e-05],
[[249.0,242.0,242.0],6.449848e-05],
[[251.0,242.0,242.0],5.683773e-05],
[[252.0,182.0,182.0],8.563828e-06],
[[252.0,202.0,202.0],1.050832e-05],
[[252.0,222.0,222.0],1.852262e-05],
[[262.0,182.0,182.0],7.054626e-06],
[[262.0,202.0,202.0],1.118457e-05],
[[262.0,222.0,222.0],1.496141e-05],
[[262.0,242.0,242.0],3.081265e-05],
[[263.0,262.0,262.0],9.9577e-05],
[[267.0,262.0,262.0],8.655343e-05],
[[269.0,262.0,262.0],6.805026e-05],
[[272.0,202.0,202.0],9.840159e-06],
[[272.0,222.0,222.0],1.524549e-05],
[[272.0,242.0,242.0],1.852925e-05],
[[282.0,202.0,202.0],1.146862e-05],
[[282.0,222.0,222.0],1.335151e-05],
[[282.0,242.0,242.0],1.830982e-05],
[[282.0,262.0,262.0],3.513732e-05],
[[283.0,282.0,282.0],0.0001042177],
[[287.0,282.0,282.0],9.6736e-05],
[[289.0,282.0,282.0],8.146883e-05],
[[292.0,222.0,222.0],9.829754e-06],
[[292.0,242.0,242.0],1.237466e-05],
[[292.0,262.0,262.0],3.557079e-05],
[[302.0,222.0,222.0],8.803221e-06],
[[302.0,242.0,242.0],1.383434e-05],
[[302.0,262.0,262.0],2.175504e-05],
[[302.0,282.0,282.0],3.284268e-05],
[[303.0,302.0,302.0],0.0001227048],
[[307.0,302.0,302.0],0.0001132456],
[[309.0,302.0,302.0],8.883451e-05],
[[312.0,242.0,242.0],1.260145e-05],
[[312.0,262.0,262.0],1.578526e-05],
[[312.0,282.0,282.0],2.51767e-05],
[[322.0,242.0,242.0],8.2446e-06],
[[322.0,262.0,262.0],1.777185e-05],
[[322.0,282.0,282.0],1.725841e-05],
[[322.0,302.0,302.0],4.520104e-05],
[[323.0,322.0,322.0],0.0001271246],
[[327.0,322.0,322.0],0.0001120157],
[[329.0,322.0,322.0],0.0001034794],
[[332.0,262.0,262.0],1.293987e-05],
[[332.0,282.0,282.0],1.917772e-05],
[[332.0,302.0,302.0],2.817553e-05],
[[342.0,262.0,262.0],1.190723e-05],
[[342.0,282.0,282.0],1.424067e-05],
[[342.0,302.0,302.0],2.543867e-05],
[[342.0,322.0,322.0],4.478647e-05],
[[343.0,342.0,342.0],0.0001271975],
[[347.0,342.0,342.0],0.0001181331],
[[349.0,342.0,342.0],0.0001036867],
[[352.0,282.0,282.0],1.401464e-05],
[[352.0,302.0,302.0],1.867213e-05],
[[352.0,322.0,322.0],2.936666e-05],
[[362.0,282.0,282.0],1.451221e-05],
[[362.0,302.0,302.0],1.696091e-05],
[[362.0,322.0,322.0],2.731043e-05],
[[362.0,342.0,342.0],4.585742e-05],
[[363.0,362.0,362.0],0.0001479053],
[[367.0,362.0,362.0],0.0001210493],
[[369.0,362.0,362.0],0.0001122696],
[[372.0,302.0,302.0],2.038015e-05],
[[372.0,342.0,342.0],3.429899e-05],
[[382.0,302.0,302.0],1.380955e-05],
[[382.0,322.0,322.0],1.747587e-05],
[[382.0,362.0,362.0],5.380874e-05],
[[383.0,382.0,382.0],0.0001450341],
[[387.0,382.0,382.0],0.0001358183],
[[389.0,382.0,382.0],0.0001184983],
[[391.0,382.0,382.0],0.0001129391],
[[392.0,322.0,322.0],1.431962e-05],
[[392.0,342.0,342.0],2.107149e-05],
[[392.0,362.0,362.0],3.316283e-05],
[[402.0,322.0,322.0],1.636444e-05],
[[402.0,342.0,342.0],2.420102e-05],
[[402.0,362.0,362.0],2.961061e-05],
[[402.0,382.0,382.0],5.531918e-05],
[[403.0,402.0,402.0],0.0001485041],
[[412.0,342.0,342.0],1.578478e-05],
[[412.0,362.0,362.0],2.340227e-05],
[[412.0,382.0,382.0],4.141209e-05],
[[413.0,402.0,402.0],0.0001001967],
[[417.0,402.0,402.0],8.381782e-05],
[[422.0,342.0,342.0],1.972541e-05],
[[422.0,362.0,362.0],1.798374e-05],
[[422.0,382.0,382.0],2.988509e-05],
[[422.0,402.0,402.0],6.458357e-05],
[[432.0,362.0,362.0],2.00951e-05],
[[432.0,382.0,382.0],2.365908e-05],
[[432.0,402.0,402.0],3.908468e-05],
[[442.0,362.0,362.0],1.768728e-05],
[[442.0,382.0,382.0],2.382183e-05],
[[452.0,382.0,382.0],1.810647e-05],
[[452.0,402.0,402.0],2.884196e-05],
[[462.0,382.0,382.0],1.766311e-05],
[[462.0,402.0,402.0],2.396832e-05],
[[482.0,402.0,402.0],1.825853e-05],
[[503.0,502.0,502.0],0.0001848316],
[[513.0,502.0,502.0],0.0001308211],
[[517.0,502.0,502.0],0.0001079183],
[[522.0,502.0,502.0],7.403216e-05],
[[532.0,502.0,502.0],5.072602e-05],
[[552.0,502.0,502.0],3.472564e-05],
[[582.0,502.0,502.0],2.182546e-05],
[[603.0,602.0,602.0],0.0002090567],
[[613.0,602.0,602.0],0.0001584506],
[[617.0,602.0,602.0],0.0001228813],
[[622.0,602.0,602.0],9.746079e-05],
[[632.0,602.0,602.0],6.49158e-05],
[[652.0,602.0,602.0],3.965023e-05],
[[682.0,602.0,602.0],3.278169e-05],
[[703.0,702.0,702.0],0.0002425405],
[[713.0,702.0,702.0],0.0001755802],
[[717.0,702.0,702.0],0.0001444057],
[[722.0,702.0,702.0],0.0001088994],
[[732.0,702.0,702.0],6.942071e-05],
[[752.0,702.0,702.0],4.083404e-05],
[[782.0,702.0,702.0],2.941747e-05],
[[803.0,802.0,802.0],0.0002502453],
[[813.0,802.0,802.0],0.0001869192],
[[817.0,802.0,802.0],0.0001502374],
[[822.0,802.0,802.0],0.0001266379],
[[832.0,802.0,802.0],7.55898e-05],
[[852.0,802.0,802.0],4.289824e-05],
[[882.0,802.0,802.0],3.193216e-05],
[[903.0,902.0,902.0],0.0002661877],
[[913.0,902.0,902.0],0.0002107114],
[[917.0,902.0,902.0],0.0001703814],
[[922.0,902.0,902.0],0.0001309011],
[[932.0,902.0,902.0],8.93429e-05],
[[952.0,902.0,902.0],4.735266e-05],
[[982.0,902.0,902.0],3.178768e-05],
[[1003.0,1002.0,1002.0],0.000285037],
[[1013.0,1002.0,1002.0],0.0002184895],
[[1017.0,1002.0,1002.0],0.0001816726],
[[1022.0,1002.0,1002.0],0.0001309253],
[[1032.0,1002.0,1002.0],8.192202e-05],
[[1052.0,1002.0,1002.0],5.015966e-05],
[[1082.0,1002.0,1002.0],3.475568e-05],
[[1103.0,1102.0,1102.0],0.0002836519],
[[1113.0,1102.0,1102.0],0.0002261419],
[[1117.0,1102.0,1102.0],0.0001849897],
[[1122.0,1102.0,1102.0],0.0001351613],
[[1132.0,1102.0,1102.0],8.924612e-05],
[[1152.0,1102.0,1102.0],5.673384e-05],
[[1182.0,1102.0,1102.0],3.400869e-05],
[[1203.0,1202.0,1202.0],0.0002816541],
[[1213.0,1202.0,1202.0],0.0002304462],
[[1217.0,1202.0,1202.0],0.000188069],
[[1222.0,1202.0,1202.0],0.0001380094],
[[1232.0,1202.0,1202.0],9.230207e-05],
[[1252.0,1202.0,1202.0],5.182639e-05],
[[1282.0,1202.0,1202.0],3.654901e-05],
[[1303.0,1302.0,1302.0],0.0002803673],
[[1313.0,1302.0,1302.0],0.0002409671],
[[1317.0,1302.0,1302.0],0.0001832918],
[[1322.0,1302.0,1302.0],0.0001509704],
[[1332.0,1302.0,1302.0],9.000656e-05],
[[1352.0,1302.0,1302.0],4.929705e-05],
[[1382.0,1302.0,1302.0],3.389591e-05],
[[1403.0,1402.0,1402.0],0.0002826765],
[[1413.0,1402.0,1402.0],0.0002523573],
[[1417.0,1402.0,1402.0],0.0001906988],
[[1422.0,1402.0,1402.0],0.0001422677],
[[1432.0,1402.0,1402.0],8.910743e-05],
[[1452.0,1402.0,1402.0],5.846441e-05],
[[1482.0,1402.0,1402.0],3.593876e-05],
[[1503.0,1502.0,1502.0],0.0003011003],
[[1513.0,1502.0,1502.0],0.0002403728],
[[1517.0,1502.0,1502.0],0.000199464],
[[1522.0,1502.0,1502.0],0.00014554],
[[1532.0,1502.0,1502.0],8.617599e-05],
[[1552.0,1502.0,1502.0],5.729375e-05],
[[1582.0,1502.0,1502.0],3.706968e-05],
[[1603.0,1602.0,1602.0],0.0003126704],
[[1613.0,1602.0,1602.0],0.0002426134],
[[1617.0,1602.0,1602.0],0.0001982307],
[[1622.0,1602.0,1602.0],0.0001614351],
[[1632.0,1602.0,1602.0],0.0001037709],
[[1652.0,1602.0,1602.0],5.433567e-05],
[[1682.0,1602.0,1602.0],3.210909e-05],
[[1703.0,1702.0,1702.0],0.0002847179],
[[1713.0,1702.0,1702.0],0.0002517521],
[[1717.0,1702.0,1702.0],0.0001991729],
[[1722.0,1702.0,1702.0],0.0001492794],
[[1732.0,1702.0,1702.0],8.356017e-05],
[[1752.0,1702.0,1702.0],5.515443e-05],
[[1782.0,1702.0,1702.0],3.959629e-05],
[[1803.0,1802.0,1802.0],0.0002924664],
[[1813.0,1802.0,1802.0],0.0002390129],
[[1817.0,1802.0,1802.0],0.000197297],
[[1822.0,1802.0,1802.0],0.0001465772],
[[1832.0,1802.0,1802.0],8.917067e-05],
[[1852.0,1802.0,1802.0],5.190061e-05],
[[1872.0,1802.0,1802.0],4.482579e-05],
[[1882.0,1802.0,1802.0],3.123249e-05],
[[1903.0,1902.0,1902.0],0.0003020279],
[[1913.0,1902.0,1902.0],0.0002522867],
[[1917.0,1902.0,1902.0],0.0001946422],
[[1922.0,1902.0,1902.0],0.0001509969],
[[1942.0,1902.0,1902.0],7.804704e-05],
[[1952.0,1902.0,1902.0],5.156729e-05],
[[1982.0,1902.0,1902.0],3.168596e-05],
[[2003.0,2002.0,2002.0],0.0002759795],
[[2013.0,2002.0,2002.0],0.0002811197],
[[2017.0,2002.0,2002.0],0.0002105761],
[[2022.0,2002.0,2002.0],0.0001548734],
[[2032.0,2002.0,2002.0],9.824533e-05],
[[2042.0,2002.0,2002.0],7.297068e-05],
[[2052.0,2002.0,2002.0],5.362947e-05],
[[2072.0,2002.0,2002.0],4.691771e-05],
[[2082.0,2002.0,2002.0],3.006914e-05]]
