txName: TChiISR
constraint: {(PV > MET(1), MET(2))}
condition: None
conditionDescription: None
figureUrl: None
source: Recast by MA5
validated: True
axesMap: [{0: 'x', 1: 'y'}]
dataMap: {0: (1, 'mass', GeV), 1: (2, 'mass', GeV)}
finalState: ['MET', 'MET']
efficiencyMap: [[[1.0,10.0],9.752957e-07],
[[1.0,20.0],1.693539e-06],
[[1.0,30.0],7.740381e-07],
[[1.0,40.0],5.911015e-07],
[[1.0,50.0],7.494169e-07],
[[1.0,60.0],6.343696e-07],
[[5.0,10.0],9.067879e-07],
[[7.0,10.0],7.578289e-07],
[[9.0,10.0],8.137579e-07],
[[10.0,1.0],9.752957e-07],
[[10.0,5.0],9.067879e-07],
[[10.0,7.0],7.578289e-07],
[[10.0,9.0],8.137579e-07],
[[10.0,10.0],2.164388e-06],
[[12.0,62.0],5.786488e-07],
[[12.0,72.0],1.381386e-06],
[[12.0,82.0],3.682101e-06],
[[12.0,92.0],5.876523e-06],
[[12.0,102.0],5.735364e-06],
[[12.0,212.0],3.669878e-05],
[[12.0,312.0],6.028395e-05],
[[15.0,20.0],1.281215e-06],
[[17.0,20.0],1.023818e-06],
[[19.0,20.0],9.741408e-07],
[[20.0,1.0],1.693539e-06],
[[20.0,15.0],1.281215e-06],
[[20.0,17.0],1.023818e-06],
[[20.0,19.0],9.741408e-07],
[[20.0,20.0],5.265374e-07],
[[20.0,30.0],1.337917e-06],
[[20.0,40.0],7.239483e-07],
[[20.0,50.0],1.97353e-06],
[[20.0,60.0],1.306619e-06],
[[25.0,30.0],1.494547e-06],
[[27.0,30.0],6.009046e-07],
[[29.0,30.0],6.12293e-07],
[[30.0,1.0],7.740381e-07],
[[30.0,20.0],1.337917e-06],
[[30.0,25.0],1.494547e-06],
[[30.0,27.0],6.009046e-07],
[[30.0,29.0],6.12293e-07],
[[30.0,30.0],7.893107e-07],
[[30.0,40.0],2.083957e-06],
[[30.0,50.0],6.788336e-07],
[[30.0,60.0],1.782998e-06],
[[32.0,62.0],2.139866e-06],
[[32.0,72.0],4.523252e-06],
[[32.0,82.0],1.26177e-05],
[[32.0,92.0],8.819012e-06],
[[32.0,102.0],1.183372e-05],
[[32.0,112.0],1.405817e-05],
[[32.0,122.0],1.629095e-05],
[[32.0,232.0],4.19809e-05],
[[32.0,332.0],6.721297e-05],
[[35.0,40.0],7.953694e-07],
[[37.0,40.0],6.931013e-07],
[[39.0,40.0],8.754727e-07],
[[40.0,1.0],5.911015e-07],
[[40.0,20.0],7.239483e-07],
[[40.0,30.0],2.083957e-06],
[[40.0,35.0],7.953694e-07],
[[40.0,37.0],6.931013e-07],
[[40.0,39.0],8.754727e-07],
[[40.0,40.0],6.717202e-07],
[[40.0,50.0],2.823766e-06],
[[40.0,60.0],4.367134e-06],
[[45.0,50.0],2.735514e-06],
[[47.0,50.0],2.910848e-06],
[[49.0,50.0],3.521285e-06],
[[50.0,1.0],7.494169e-07],
[[50.0,20.0],1.97353e-06],
[[50.0,30.0],6.788336e-07],
[[50.0,40.0],2.823766e-06],
[[50.0,45.0],2.735514e-06],
[[50.0,47.0],2.910848e-06],
[[50.0,49.0],3.521285e-06],
[[50.0,50.0],3.849764e-06],
[[50.0,60.0],5.709313e-06],
[[52.0,62.0],6.898471e-06],
[[52.0,67.0],8.637728e-06],
[[52.0,72.0],9.9304e-06],
[[52.0,82.0],1.144508e-05],
[[52.0,92.0],1.149017e-05],
[[52.0,102.0],1.467339e-05],
[[52.0,112.0],1.7494e-05],
[[52.0,122.0],3.000871e-05],
[[52.0,132.0],1.862622e-05],
[[52.0,142.0],2.149777e-05],
[[52.0,252.0],5.594407e-05],
[[52.0,352.0],8.295118e-05],
[[55.0,60.0],6.76931e-06],
[[57.0,60.0],8.275045e-06],
[[59.0,60.0],8.109335e-06],
[[60.0,1.0],6.343696e-07],
[[60.0,20.0],1.306619e-06],
[[60.0,30.0],1.782998e-06],
[[60.0,40.0],4.367134e-06],
[[60.0,50.0],5.709313e-06],
[[60.0,55.0],6.76931e-06],
[[60.0,57.0],8.275045e-06],
[[60.0,59.0],8.109335e-06],
[[60.0,60.0],9.693472e-06],
[[62.0,12.0],5.786488e-07],
[[62.0,32.0],2.139866e-06],
[[62.0,52.0],6.898471e-06],
[[67.0,52.0],8.637728e-06],
[[72.0,12.0],1.381386e-06],
[[72.0,32.0],4.523252e-06],
[[72.0,52.0],9.9304e-06],
[[72.0,72.0],1.324029e-05],
[[72.0,75.0],1.407474e-05],
[[72.0,77.0],1.273771e-05],
[[72.0,82.0],1.951988e-05],
[[72.0,87.0],1.333627e-05],
[[72.0,92.0],1.66852e-05],
[[72.0,102.0],2.105621e-05],
[[72.0,112.0],2.256781e-05],
[[72.0,122.0],2.493753e-05],
[[72.0,132.0],2.409977e-05],
[[72.0,142.0],3.026075e-05],
[[72.0,152.0],3.900198e-05],
[[72.0,162.0],3.33523e-05],
[[72.0,272.0],6.170325e-05],
[[72.0,372.0],8.700802e-05],
[[75.0,72.0],1.407474e-05],
[[77.0,72.0],1.273771e-05],
[[82.0,12.0],3.682101e-06],
[[82.0,32.0],1.26177e-05],
[[82.0,52.0],1.144508e-05],
[[82.0,72.0],1.951988e-05],
[[87.0,72.0],1.333627e-05],
[[92.0,12.0],5.876523e-06],
[[92.0,32.0],8.819012e-06],
[[92.0,52.0],1.149017e-05],
[[92.0,72.0],1.66852e-05],
[[92.0,92.0],2.335281e-05],
[[92.0,95.0],1.994177e-05],
[[92.0,97.0],2.580791e-05],
[[92.0,102.0],2.043627e-05],
[[92.0,107.0],2.220382e-05],
[[92.0,112.0],2.905623e-05],
[[92.0,122.0],2.740674e-05],
[[92.0,132.0],3.275323e-05],
[[92.0,142.0],3.198636e-05],
[[92.0,152.0],3.637543e-05],
[[92.0,162.0],3.269151e-05],
[[92.0,172.0],3.910251e-05],
[[92.0,182.0],4.784948e-05],
[[92.0,292.0],7.420207e-05],
[[92.0,392.0],0.0001021383],
[[95.0,92.0],1.994177e-05],
[[97.0,92.0],2.580791e-05],
[[102.0,12.0],5.735364e-06],
[[102.0,32.0],1.183372e-05],
[[102.0,52.0],1.467339e-05],
[[102.0,72.0],2.105621e-05],
[[102.0,92.0],2.043627e-05],
[[102.0,102.0],2.693982e-05],
[[102.0,105.0],3.359457e-05],
[[102.0,107.0],2.636224e-05],
[[102.0,112.0],2.775082e-05],
[[102.0,117.0],3.284759e-05],
[[102.0,122.0],3.539926e-05],
[[102.0,132.0],3.20882e-05],
[[102.0,142.0],4.321927e-05],
[[102.0,152.0],3.855991e-05],
[[102.0,162.0],4.348997e-05],
[[102.0,172.0],4.32081e-05],
[[102.0,182.0],4.675647e-05],
[[102.0,192.0],5.306412e-05],
[[102.0,302.0],7.70425e-05],
[[102.0,402.0],9.72201e-05],
[[105.0,102.0],3.359457e-05],
[[107.0,92.0],2.220382e-05],
[[107.0,102.0],2.636224e-05],
[[112.0,32.0],1.405817e-05],
[[112.0,52.0],1.7494e-05],
[[112.0,72.0],2.256781e-05],
[[112.0,92.0],2.905623e-05],
[[112.0,102.0],2.775082e-05],
[[117.0,102.0],3.284759e-05],
[[122.0,32.0],1.629095e-05],
[[122.0,52.0],3.000871e-05],
[[122.0,72.0],2.493753e-05],
[[122.0,92.0],2.740674e-05],
[[122.0,102.0],3.539926e-05],
[[132.0,52.0],1.862622e-05],
[[132.0,72.0],2.409977e-05],
[[132.0,92.0],3.275323e-05],
[[132.0,102.0],3.20882e-05],
[[142.0,52.0],2.149777e-05],
[[142.0,72.0],3.026075e-05],
[[142.0,92.0],3.198636e-05],
[[142.0,102.0],4.321927e-05],
[[152.0,72.0],3.900198e-05],
[[152.0,92.0],3.637543e-05],
[[152.0,102.0],3.855991e-05],
[[152.0,152.0],4.875109e-05],
[[152.0,155.0],5.211737e-05],
[[152.0,157.0],5.827193e-05],
[[152.0,162.0],5.287191e-05],
[[152.0,167.0],5.219206e-05],
[[152.0,172.0],5.342909e-05],
[[152.0,182.0],6.140454e-05],
[[152.0,192.0],6.719794e-05],
[[152.0,202.0],6.685871e-05],
[[152.0,212.0],5.848788e-05],
[[152.0,222.0],6.34904e-05],
[[152.0,232.0],7.785519e-05],
[[152.0,242.0],7.449061e-05],
[[152.0,352.0],0.0001085166],
[[152.0,452.0],0.0001274856],
[[155.0,152.0],5.211737e-05],
[[157.0,152.0],5.827193e-05],
[[162.0,72.0],3.33523e-05],
[[162.0,92.0],3.269151e-05],
[[162.0,102.0],4.348997e-05],
[[162.0,152.0],5.287191e-05],
[[167.0,152.0],5.219206e-05],
[[172.0,92.0],3.910251e-05],
[[172.0,102.0],4.32081e-05],
[[172.0,152.0],5.342909e-05],
[[182.0,92.0],4.784948e-05],
[[182.0,102.0],4.675647e-05],
[[182.0,152.0],6.140454e-05],
[[192.0,102.0],5.306412e-05],
[[192.0,152.0],6.719794e-05],
[[202.0,152.0],6.685871e-05],
[[202.0,202.0],8.475061e-05],
[[202.0,205.0],8.599551e-05],
[[202.0,207.0],8.703919e-05],
[[202.0,212.0],7.319198e-05],
[[202.0,217.0],8.008043e-05],
[[202.0,222.0],8.510523e-05],
[[202.0,232.0],7.456638e-05],
[[202.0,242.0],8.728739e-05],
[[202.0,252.0],9.808263e-05],
[[202.0,262.0],0.0001015586],
[[202.0,272.0],8.956085e-05],
[[202.0,282.0],0.0001110224],
[[202.0,402.0],0.0001196894],
[[202.0,502.0],0.0001446884],
[[205.0,202.0],8.599551e-05],
[[207.0,202.0],8.703919e-05],
[[212.0,12.0],3.669878e-05],
[[212.0,152.0],5.848788e-05],
[[212.0,202.0],7.319198e-05],
[[217.0,202.0],8.008043e-05],
[[222.0,152.0],6.34904e-05],
[[222.0,202.0],8.510523e-05],
[[232.0,32.0],4.19809e-05],
[[232.0,152.0],7.785519e-05],
[[232.0,202.0],7.456638e-05],
[[242.0,152.0],7.449061e-05],
[[242.0,202.0],8.728739e-05],
[[252.0,52.0],5.594407e-05],
[[252.0,202.0],9.808263e-05],
[[252.0,252.0],0.0001023048],
[[252.0,255.0],0.0001067732],
[[252.0,257.0],9.395202e-05],
[[252.0,262.0],0.0001029583],
[[252.0,267.0],0.0001105212],
[[252.0,272.0],0.0001062624],
[[252.0,282.0],0.0001126008],
[[252.0,292.0],0.00010741],
[[252.0,302.0],0.0001087763],
[[252.0,312.0],0.0001174568],
[[252.0,322.0],0.0001106463],
[[252.0,332.0],0.000113049],
[[252.0,342.0],0.000123967],
[[252.0,452.0],0.0001319339],
[[252.0,552.0],0.0001522819],
[[255.0,252.0],0.0001067732],
[[257.0,252.0],9.395202e-05],
[[262.0,202.0],0.0001015586],
[[262.0,252.0],0.0001029583],
[[267.0,252.0],0.0001105212],
[[272.0,72.0],6.170325e-05],
[[272.0,202.0],8.956085e-05],
[[272.0,252.0],0.0001062624],
[[282.0,202.0],0.0001110224],
[[282.0,252.0],0.0001126008],
[[292.0,92.0],7.420207e-05],
[[292.0,252.0],0.00010741],
[[302.0,102.0],7.70425e-05],
[[302.0,252.0],0.0001087763],
[[302.0,302.0],0.0001130576],
[[302.0,305.0],0.0001217495],
[[302.0,307.0],0.0001157635],
[[302.0,312.0],0.0001163693],
[[302.0,317.0],0.0001316031],
[[302.0,322.0],0.0001328501],
[[302.0,332.0],0.0001399006],
[[302.0,342.0],0.00013097],
[[302.0,352.0],0.0001266038],
[[302.0,362.0],0.0001411847],
[[302.0,372.0],0.0001353059],
[[302.0,382.0],0.0001455464],
[[302.0,392.0],0.0001366553],
[[302.0,502.0],0.0001658942],
[[302.0,602.0],0.0001684387],
[[305.0,302.0],0.0001217495],
[[307.0,302.0],0.0001157635],
[[312.0,12.0],6.028395e-05],
[[312.0,252.0],0.0001174568],
[[312.0,302.0],0.0001163693],
[[317.0,302.0],0.0001316031],
[[322.0,252.0],0.0001106463],
[[322.0,302.0],0.0001328501],
[[332.0,32.0],6.721297e-05],
[[332.0,252.0],0.000113049],
[[332.0,302.0],0.0001399006],
[[342.0,252.0],0.000123967],
[[342.0,302.0],0.00013097],
[[352.0,52.0],8.295118e-05],
[[352.0,152.0],0.0001085166],
[[352.0,302.0],0.0001266038],
[[352.0,352.0],0.0001357981],
[[352.0,355.0],0.0001568462],
[[352.0,357.0],0.000144804],
[[352.0,362.0],0.0001446421],
[[352.0,367.0],0.0001455453],
[[352.0,372.0],0.0001420815],
[[352.0,382.0],0.0001386781],
[[352.0,392.0],0.000138639],
[[352.0,402.0],0.0001518524],
[[352.0,412.0],0.0001528828],
[[352.0,422.0],0.0001489584],
[[352.0,432.0],0.0001462527],
[[352.0,442.0],0.0001630579],
[[352.0,552.0],0.0001694194],
[[352.0,652.0],0.0001819251],
[[355.0,352.0],0.0001568462],
[[357.0,352.0],0.000144804],
[[362.0,302.0],0.0001411847],
[[362.0,352.0],0.0001446421],
[[367.0,352.0],0.0001455453],
[[372.0,72.0],8.700802e-05],
[[372.0,302.0],0.0001353059],
[[372.0,352.0],0.0001420815],
[[382.0,302.0],0.0001455464],
[[382.0,352.0],0.0001386781],
[[392.0,92.0],0.0001021383],
[[392.0,302.0],0.0001366553],
[[392.0,352.0],0.000138639],
[[402.0,102.0],9.72201e-05],
[[402.0,202.0],0.0001196894],
[[402.0,352.0],0.0001518524],
[[402.0,402.0],0.0001508998],
[[402.0,405.0],0.0001711189],
[[402.0,407.0],0.0001545553],
[[402.0,412.0],0.0001557646],
[[402.0,417.0],0.0001677665],
[[402.0,422.0],0.0001692622],
[[402.0,432.0],0.0001714112],
[[402.0,442.0],0.0001639532],
[[402.0,452.0],0.0001543707],
[[402.0,462.0],0.0001700252],
[[402.0,472.0],0.0001682431],
[[402.0,482.0],0.0001654831],
[[402.0,492.0],0.0001725645],
[[402.0,602.0],0.0001769795],
[[402.0,702.0],0.0001951419],
[[405.0,402.0],0.0001711189],
[[407.0,402.0],0.0001545553],
[[412.0,352.0],0.0001528828],
[[412.0,402.0],0.0001557646],
[[417.0,402.0],0.0001677665],
[[422.0,352.0],0.0001489584],
[[422.0,402.0],0.0001692622],
[[432.0,352.0],0.0001462527],
[[432.0,402.0],0.0001714112],
[[442.0,352.0],0.0001630579],
[[442.0,402.0],0.0001639532],
[[452.0,152.0],0.0001274856],
[[452.0,252.0],0.0001319339],
[[452.0,402.0],0.0001543707],
[[462.0,402.0],0.0001700252],
[[472.0,402.0],0.0001682431],
[[482.0,402.0],0.0001654831],
[[492.0,402.0],0.0001725645],
[[502.0,202.0],0.0001446884],
[[502.0,302.0],0.0001658942],
[[552.0,252.0],0.0001522819],
[[552.0,352.0],0.0001694194],
[[602.0,302.0],0.0001684387],
[[602.0,402.0],0.0001769795],
[[602.0,602.0],0.0002091803],
[[602.0,605.0],0.0002190034],
[[602.0,607.0],0.0001990529],
[[602.0,612.0],0.0002163985],
[[602.0,617.0],0.0002315273],
[[602.0,622.0],0.0002008201],
[[602.0,632.0],0.0002185959],
[[602.0,642.0],0.0002105034],
[[602.0,652.0],0.0002266446],
[[602.0,662.0],0.000212194],
[[602.0,672.0],0.0002145944],
[[602.0,682.0],0.0002304844],
[[602.0,692.0],0.0002250493],
[[602.0,802.0],0.0002284192],
[[602.0,902.0],0.0002320651],
[[605.0,602.0],0.0002190034],
[[607.0,602.0],0.0001990529],
[[612.0,602.0],0.0002163985],
[[617.0,602.0],0.0002315273],
[[622.0,602.0],0.0002008201],
[[632.0,602.0],0.0002185959],
[[642.0,602.0],0.0002105034],
[[652.0,352.0],0.0001819251],
[[652.0,602.0],0.0002266446],
[[662.0,602.0],0.000212194],
[[672.0,602.0],0.0002145944],
[[682.0,602.0],0.0002304844],
[[692.0,602.0],0.0002250493],
[[702.0,402.0],0.0001951419],
[[802.0,602.0],0.0002284192],
[[802.0,802.0],0.0002413559],
[[802.0,805.0],0.0002503561],
[[802.0,807.0],0.0002499008],
[[802.0,812.0],0.0002432876],
[[802.0,817.0],0.0002591145],
[[802.0,822.0],0.0002428683],
[[802.0,832.0],0.0002520114],
[[802.0,842.0],0.0002479914],
[[802.0,852.0],0.0002553786],
[[802.0,862.0],0.0002532707],
[[802.0,872.0],0.0002592687],
[[802.0,882.0],0.0002498692],
[[802.0,892.0],0.0002372371],
[[802.0,1002.0],0.0002432502],
[[802.0,1102.0],0.000264118],
[[805.0,802.0],0.0002503561],
[[807.0,802.0],0.0002499008],
[[812.0,802.0],0.0002432876],
[[817.0,802.0],0.0002591145],
[[822.0,802.0],0.0002428683],
[[832.0,802.0],0.0002520114],
[[842.0,802.0],0.0002479914],
[[852.0,802.0],0.0002553786],
[[862.0,802.0],0.0002532707],
[[872.0,802.0],0.0002592687],
[[882.0,802.0],0.0002498692],
[[892.0,802.0],0.0002372371],
[[902.0,602.0],0.0002320651],
[[1002.0,802.0],0.0002432502],
[[1002.0,1002.0],0.0002696572],
[[1002.0,1005.0],0.0002667081],
[[1002.0,1007.0],0.0002776179],
[[1002.0,1012.0],0.0002814757],
[[1002.0,1017.0],0.0002627846],
[[1002.0,1022.0],0.0002591416],
[[1002.0,1032.0],0.0002737916],
[[1002.0,1042.0],0.000275059],
[[1002.0,1052.0],0.000277836],
[[1002.0,1062.0],0.0002743385],
[[1002.0,1072.0],0.000266624],
[[1002.0,1082.0],0.0002687488],
[[1002.0,1092.0],0.0002756526],
[[1002.0,1202.0],0.0002782902],
[[1002.0,1302.0],0.0002732358],
[[1005.0,1002.0],0.0002667081],
[[1007.0,1002.0],0.0002776179],
[[1012.0,1002.0],0.0002814757],
[[1017.0,1002.0],0.0002627846],
[[1022.0,1002.0],0.0002591416],
[[1032.0,1002.0],0.0002737916],
[[1042.0,1002.0],0.000275059],
[[1052.0,1002.0],0.000277836],
[[1062.0,1002.0],0.0002743385],
[[1072.0,1002.0],0.000266624],
[[1082.0,1002.0],0.0002687488],
[[1092.0,1002.0],0.0002756526],
[[1102.0,802.0],0.000264118],
[[1202.0,1002.0],0.0002782902],
[[1202.0,1202.0],0.0002969511],
[[1202.0,1205.0],0.0003004913],
[[1202.0,1207.0],0.000275111],
[[1202.0,1212.0],0.0002917114],
[[1202.0,1217.0],0.0002796324],
[[1202.0,1222.0],0.0002749944],
[[1202.0,1232.0],0.0002714724],
[[1202.0,1242.0],0.0002649181],
[[1202.0,1252.0],0.0002833574],
[[1202.0,1262.0],0.0003064366],
[[1202.0,1272.0],0.0002794988],
[[1202.0,1282.0],0.000281864],
[[1202.0,1292.0],0.0002902101],
[[1202.0,1402.0],0.0002846069],
[[1202.0,1502.0],0.0002816774],
[[1205.0,1202.0],0.0003004913],
[[1207.0,1202.0],0.000275111],
[[1212.0,1202.0],0.0002917114],
[[1217.0,1202.0],0.0002796324],
[[1222.0,1202.0],0.0002749944],
[[1232.0,1202.0],0.0002714724],
[[1242.0,1202.0],0.0002649181],
[[1252.0,1202.0],0.0002833574],
[[1262.0,1202.0],0.0003064366],
[[1272.0,1202.0],0.0002794988],
[[1282.0,1202.0],0.000281864],
[[1292.0,1202.0],0.0002902101],
[[1302.0,1002.0],0.0002732358],
[[1402.0,1202.0],0.0002846069],
[[1402.0,1402.0],0.0002835408],
[[1402.0,1405.0],0.000292805],
[[1402.0,1407.0],0.0002873695],
[[1402.0,1412.0],0.0002892074],
[[1402.0,1417.0],0.0002853174],
[[1402.0,1422.0],0.0003072847],
[[1402.0,1432.0],0.0002816394],
[[1402.0,1442.0],0.0002963725],
[[1402.0,1452.0],0.0002933769],
[[1402.0,1462.0],0.0002916081],
[[1402.0,1472.0],0.000295462],
[[1402.0,1482.0],0.0003017225],
[[1402.0,1492.0],0.0002976316],
[[1402.0,1602.0],0.0003002935],
[[1402.0,1702.0],0.0002918854],
[[1405.0,1402.0],0.000292805],
[[1407.0,1402.0],0.0002873695],
[[1412.0,1402.0],0.0002892074],
[[1417.0,1402.0],0.0002853174],
[[1422.0,1402.0],0.0003072847],
[[1432.0,1402.0],0.0002816394],
[[1442.0,1402.0],0.0002963725],
[[1452.0,1402.0],0.0002933769],
[[1462.0,1402.0],0.0002916081],
[[1472.0,1402.0],0.000295462],
[[1482.0,1402.0],0.0003017225],
[[1492.0,1402.0],0.0002976316],
[[1502.0,1202.0],0.0002816774],
[[1602.0,1402.0],0.0003002935],
[[1602.0,1602.0],0.0002870017],
[[1602.0,1605.0],0.0002889658],
[[1602.0,1607.0],0.0003100342],
[[1602.0,1612.0],0.0003035881],
[[1602.0,1617.0],0.0002831268],
[[1602.0,1622.0],0.0003102718],
[[1602.0,1632.0],0.0003016861],
[[1602.0,1642.0],0.0003144179],
[[1602.0,1652.0],0.0002817776],
[[1602.0,1662.0],0.0002866749],
[[1602.0,1672.0],0.0002759048],
[[1602.0,1682.0],0.0002966438],
[[1602.0,1692.0],0.0002823508],
[[1602.0,1802.0],0.000291863],
[[1602.0,1902.0],0.0002904144],
[[1605.0,1602.0],0.0002889658],
[[1607.0,1602.0],0.0003100342],
[[1612.0,1602.0],0.0003035881],
[[1617.0,1602.0],0.0002831268],
[[1622.0,1602.0],0.0003102718],
[[1632.0,1602.0],0.0003016861],
[[1642.0,1602.0],0.0003144179],
[[1652.0,1602.0],0.0002817776],
[[1662.0,1602.0],0.0002866749],
[[1672.0,1602.0],0.0002759048],
[[1682.0,1602.0],0.0002966438],
[[1692.0,1602.0],0.0002823508],
[[1702.0,1402.0],0.0002918854],
[[1802.0,1602.0],0.000291863],
[[1802.0,1802.0],0.0002922384],
[[1802.0,1805.0],0.0003007723],
[[1802.0,1807.0],0.0003055775],
[[1802.0,1812.0],0.0003008813],
[[1802.0,1817.0],0.0002949042],
[[1802.0,1822.0],0.0003040961],
[[1802.0,1832.0],0.0003114411],
[[1802.0,1842.0],0.0003007204],
[[1802.0,1852.0],0.0003110606],
[[1802.0,1862.0],0.0003012662],
[[1802.0,1872.0],0.0002879253],
[[1802.0,1882.0],0.0003077653],
[[1802.0,1892.0],0.0002938022],
[[1802.0,2002.0],0.0003011727],
[[1802.0,2102.0],0.0003122862],
[[1805.0,1802.0],0.0003007723],
[[1807.0,1802.0],0.0003055775],
[[1812.0,1802.0],0.0003008813],
[[1817.0,1802.0],0.0002949042],
[[1822.0,1802.0],0.0003040961],
[[1832.0,1802.0],0.0003114411],
[[1842.0,1802.0],0.0003007204],
[[1852.0,1802.0],0.0003110606],
[[1862.0,1802.0],0.0003012662],
[[1872.0,1802.0],0.0002879253],
[[1882.0,1802.0],0.0003077653],
[[1892.0,1802.0],0.0002938022],
[[1902.0,1602.0],0.0002904144],
[[2002.0,1802.0],0.0003011727],
[[2002.0,2002.0],0.0003057669],
[[2002.0,2005.0],0.0002794501],
[[2002.0,2007.0],0.0002870104],
[[2002.0,2012.0],0.000303615],
[[2002.0,2017.0],0.0003023909],
[[2002.0,2022.0],0.0003107576],
[[2002.0,2032.0],0.0002970325],
[[2002.0,2042.0],0.0003115709],
[[2002.0,2052.0],0.0002995174],
[[2002.0,2062.0],0.0002960322],
[[2002.0,2072.0],0.0003026635],
[[2002.0,2082.0],0.0002923869],
[[2002.0,2092.0],0.0002963444],
[[2002.0,2202.0],0.0002948203],
[[2002.0,2302.0],0.0002931403],
[[2005.0,2002.0],0.0002794501],
[[2007.0,2002.0],0.0002870104],
[[2012.0,2002.0],0.000303615],
[[2017.0,2002.0],0.0003023909],
[[2022.0,2002.0],0.0003107576],
[[2032.0,2002.0],0.0002970325],
[[2042.0,2002.0],0.0003115709],
[[2052.0,2002.0],0.0002995174],
[[2062.0,2002.0],0.0002960322],
[[2072.0,2002.0],0.0003026635],
[[2082.0,2002.0],0.0002923869],
[[2092.0,2002.0],0.0002963444],
[[2102.0,1802.0],0.0003122862],
[[2202.0,2002.0],0.0002948203],
[[2302.0,2002.0],0.0002931403]]
