txName: TRV1nunu
constraint: {(PV > Zprime(1)), (Zprime(1) > nu,nu)}
condition: None
conditionDescription: None
figureUrl: None
source: CMS
validated: N/A
axesMap: [{0: 'x'}]
dataMap: {0: (1, 'mass', GeV)}
finalState: ['MET', 'MET']
efficiencyMap: [[[50.0],3.636999e-07],
[[100.0],1.502164e-06],
[[150.0],6.798403e-06],
[[200.0],1.196887e-05],
[[250.0],2.516305e-05],
[[300.0],3.841331e-05],
[[350.0],5.877328e-05],
[[400.0],7.123454e-05],
[[450.0],9.641063e-05],
[[500.0],0.0001233108],
[[550.0],0.0001524815],
[[600.0],0.0001730938],
[[650.0],0.0002023],
[[700.0],0.000228122],
[[750.0],0.0002385302],
[[800.0],0.0002649915],
[[850.0],0.0003027416],
[[900.0],0.0003286511],
[[950.0],0.0003621258],
[[1000.0],0.0004059985],
[[1050.0],0.0004207822],
[[1100.0],0.0004259352],
[[1150.0],0.0004480818],
[[1200.0],0.000453487],
[[1250.0],0.0005028858],
[[1300.0],0.0005276128],
[[1350.0],0.0005333045],
[[1400.0],0.0005451872],
[[1450.0],0.0005568753],
[[1500.0],0.0005807982],
[[1550.0],0.0005854861],
[[1600.0],0.0005246829],
[[1650.0],0.0005704634],
[[1700.0],0.0006520441],
[[1750.0],0.0006215334],
[[1800.0],0.0006775305],
[[1850.0],0.0006632199],
[[1900.0],0.0006153057],
[[1950.0],0.0006552946],
[[2000.0],0.0007463588],
[[2250.0],0.0007391036],
[[2500.0],0.0008168374],
[[2750.0],0.0008036409],
[[3000.0],0.0008385766]]
