txName: TChiWZoff
constraint: {(PV > anyBSM(1),anyBSM(2)), (anyBSM(1) > mu+,mu-,MET(3)), (anyBSM(2) > jet,jet,MET(4))}
condition: None
conditionDescription: None
figureUrl: None
source: HackAnalysis recast by Mark Goodsell and others, https://doi.org/10.48550/arXiv.2506.21676
validated: True
axesMap: [{0: 'x', 1: 'y', 2: 'x', 3: 'y'}]
dataMap: {0: (1, 'mass', GeV), 1: (3, 'mass', GeV), 2: (2, 'mass', GeV), 3: (4, 'mass', GeV)}
finalState: ['MET', 'MET']
efficiencyMap: [[[120.0,70.0,120.0,70.0],0.0001562627],
[[120.0,72.0,120.0,72.0],0.0001768925],
[[120.0,74.0,120.0,74.0],0.000228609],
[[120.0,76.0,120.0,76.0],0.0002346507],
[[120.0,78.0,120.0,78.0],0.0002976925],
[[120.0,80.0,120.0,80.0],0.0003342388],
[[120.0,82.0,120.0,82.0],0.0004394925],
[[120.0,84.0,120.0,84.0],0.0005412239],
[[120.0,86.0,120.0,86.0],0.0006096119],
[[120.0,88.0,120.0,88.0],0.000738209],
[[120.0,90.0,120.0,90.0],0.0007769254],
[[120.0,92.0,120.0,92.0],0.0007608657],
[[120.0,94.0,120.0,94.0],0.0007155522],
[[120.0,96.0,120.0,96.0],0.0005636418],
[[120.0,98.0,120.0,98.0],0.0002973761],
[[120.0,100.0,120.0,100.0],3.685075e-05],
[[120.0,102.0,120.0,102.0],4.242388e-05],
[[120.0,104.0,120.0,104.0],3.66806e-05],
[[120.0,106.0,120.0,106.0],4.490149e-05],
[[120.0,108.0,120.0,108.0],4.190448e-05],
[[120.0,110.0,120.0,110.0],3.383582e-05],
[[120.0,112.0,120.0,112.0],3.016716e-05],
[[120.0,114.0,120.0,114.0],2.11791e-05],
[[120.0,116.0,120.0,116.0],9.669254e-06],
[[130.0,80.0,130.0,80.0],0.0001842507],
[[130.0,82.0,130.0,82.0],0.0002152746],
[[130.0,84.0,130.0,84.0],0.0002310119],
[[130.0,86.0,130.0,86.0],0.0002847791],
[[130.0,88.0,130.0,88.0],0.0003608657],
[[130.0,90.0,130.0,90.0],0.0004191045],
[[130.0,92.0,130.0,92.0],0.0004672239],
[[130.0,94.0,130.0,94.0],0.0005607463],
[[130.0,96.0,130.0,96.0],0.0007419104],
[[130.0,98.0,130.0,98.0],0.0008145373],
[[130.0,100.0,130.0,100.0],0.000918],
[[130.0,102.0,130.0,102.0],0.0009246866],
[[130.0,104.0,130.0,104.0],0.0007391045],
[[130.0,106.0,130.0,106.0],0.0006053731],
[[130.0,108.0,130.0,108.0],0.0003375821],
[[130.0,110.0,130.0,110.0],4.668358e-05],
[[130.0,112.0,130.0,112.0],4.150149e-05],
[[130.0,114.0,130.0,114.0],4.389851e-05],
[[130.0,116.0,130.0,116.0],4.725672e-05],
[[130.0,118.0,130.0,118.0],3.395224e-05],
[[130.0,120.0,130.0,120.0],4.872239e-05],
[[130.0,122.0,130.0,122.0],2.681463e-05],
[[130.0,124.0,130.0,124.0],2.069463e-05],
[[130.0,126.0,130.0,126.0],6.156418e-06],
[[140.0,90.0,140.0,90.0],0.0002005045],
[[140.0,92.0,140.0,92.0],0.000215197],
[[140.0,94.0,140.0,94.0],0.0002860448],
[[140.0,96.0,140.0,96.0],0.0003354328],
[[140.0,98.0,140.0,98.0],0.0002933134],
[[140.0,100.0,140.0,100.0],0.0004563284],
[[140.0,102.0,140.0,102.0],0.0005884478],
[[140.0,104.0,140.0,104.0],0.0006913731],
[[140.0,106.0,140.0,106.0],0.0008298507],
[[140.0,108.0,140.0,108.0],0.0009494328],
[[140.0,110.0,140.0,110.0],0.001028567],
[[140.0,112.0,140.0,112.0],0.001033851],
[[140.0,114.0,140.0,114.0],0.0008484478],
[[140.0,116.0,140.0,116.0],0.0006627164],
[[140.0,118.0,140.0,118.0],0.0003093433],
[[140.0,120.0,140.0,120.0],6.432537e-05],
[[140.0,122.0,140.0,122.0],3.83194e-05],
[[140.0,124.0,140.0,124.0],5.609254e-05],
[[140.0,126.0,140.0,126.0],5.621493e-05],
[[140.0,128.0,140.0,128.0],5.68597e-05],
[[140.0,130.0,140.0,130.0],4.868358e-05],
[[140.0,132.0,140.0,132.0],3.138806e-05],
[[140.0,134.0,140.0,134.0],1.981731e-05],
[[140.0,136.0,140.0,136.0],8.552537e-06],
[[150.0,100.0,150.0,100.0],0.0002373104],
[[150.0,102.0,150.0,102.0],0.0002693075],
[[150.0,104.0,150.0,104.0],0.0003095224],
[[150.0,106.0,150.0,106.0],0.00033],
[[150.0,108.0,150.0,108.0],0.0004263881],
[[150.0,110.0,150.0,110.0],0.0005210448],
[[150.0,112.0,150.0,112.0],0.0006215224],
[[150.0,114.0,150.0,114.0],0.0007410448],
[[150.0,116.0,150.0,116.0],0.0009215522],
[[150.0,118.0,150.0,118.0],0.001029701],
[[150.0,120.0,150.0,120.0],0.001180985],
[[150.0,122.0,150.0,122.0],0.00116209],
[[150.0,124.0,150.0,124.0],0.0009908955],
[[150.0,126.0,150.0,126.0],0.0007061493],
[[150.0,128.0,150.0,128.0],0.0004173433],
[[150.0,130.0,150.0,130.0],4.910746e-05],
[[150.0,132.0,150.0,132.0],4.583881e-05],
[[150.0,134.0,150.0,134.0],5.544478e-05],
[[150.0,136.0,150.0,136.0],5.33791e-05],
[[150.0,138.0,150.0,138.0],4.885373e-05],
[[150.0,140.0,150.0,140.0],4.544478e-05],
[[150.0,142.0,150.0,142.0],3.209254e-05],
[[150.0,144.0,150.0,144.0],1.067104e-05],
[[150.0,146.0,150.0,146.0],7.445373e-06],
[[160.0,110.0,160.0,110.0],0.000206597],
[[160.0,112.0,160.0,112.0],0.0002412567],
[[160.0,114.0,160.0,114.0],0.0003744179],
[[160.0,116.0,160.0,116.0],0.0003945672],
[[160.0,118.0,160.0,118.0],0.0004744776],
[[160.0,120.0,160.0,120.0],0.000526],
[[160.0,122.0,160.0,122.0],0.0006536119],
[[160.0,124.0,160.0,124.0],0.0007691343],
[[160.0,126.0,160.0,126.0],0.0009484776],
[[160.0,128.0,160.0,128.0],0.001170627],
[[160.0,130.0,160.0,130.0],0.001327851],
[[160.0,132.0,160.0,132.0],0.001228179],
[[160.0,134.0,160.0,134.0],0.001063761],
[[160.0,136.0,160.0,136.0],0.0008311045],
[[160.0,138.0,160.0,138.0],0.0004372537],
[[160.0,140.0,160.0,140.0],6.349552e-05],
[[160.0,142.0,160.0,142.0],4.441194e-05],
[[160.0,144.0,160.0,144.0],5.481791e-05],
[[160.0,146.0,160.0,146.0],5.22597e-05],
[[160.0,148.0,160.0,148.0],5.685075e-05],
[[160.0,150.0,160.0,150.0],3.373731e-05],
[[160.0,152.0,160.0,152.0],3.40806e-05],
[[160.0,154.0,160.0,154.0],1.553403e-05],
[[160.0,156.0,160.0,156.0],6.238507e-06],
[[170.0,120.0,170.0,120.0],0.000227791],
[[170.0,122.0,170.0,122.0],0.000321194],
[[170.0,124.0,170.0,124.0],0.0003306269],
[[170.0,126.0,170.0,126.0],0.0003857612],
[[170.0,128.0,170.0,128.0],0.0004832537],
[[170.0,130.0,170.0,130.0],0.0005781194],
[[170.0,132.0,170.0,132.0],0.0007437313],
[[170.0,134.0,170.0,134.0],0.0008476119],
[[170.0,136.0,170.0,136.0],0.001040388],
[[170.0,138.0,170.0,138.0],0.001245045],
[[170.0,140.0,170.0,140.0],0.001409493],
[[170.0,142.0,170.0,142.0],0.001324985],
[[170.0,144.0,170.0,144.0],0.001274657],
[[170.0,146.0,170.0,146.0],0.0009238209],
[[170.0,148.0,170.0,148.0],0.0004549254],
[[170.0,150.0,170.0,150.0],7.201791e-05],
[[170.0,152.0,170.0,152.0],4.893134e-05],
[[170.0,154.0,170.0,154.0],5.894925e-05],
[[170.0,156.0,170.0,156.0],6.680299e-05],
[[170.0,158.0,170.0,158.0],4.994925e-05],
[[170.0,160.0,170.0,160.0],5.283881e-05],
[[170.0,162.0,170.0,162.0],3.356119e-05],
[[170.0,164.0,170.0,164.0],1.352e-05],
[[170.0,166.0,170.0,166.0],6.929851e-06],
[[180.0,130.0,180.0,130.0],0.0002636358],
[[180.0,132.0,180.0,132.0],0.0003156119],
[[180.0,134.0,180.0,134.0],0.0003511642],
[[180.0,136.0,180.0,136.0],0.0004460299],
[[180.0,138.0,180.0,138.0],0.0005256418],
[[180.0,140.0,180.0,140.0],0.0006482985],
[[180.0,142.0,180.0,142.0],0.0007339403],
[[180.0,144.0,180.0,144.0],0.0008693134],
[[180.0,146.0,180.0,146.0],0.00120603],
[[180.0,148.0,180.0,148.0],0.001337731],
[[180.0,150.0,180.0,150.0],0.001500418],
[[180.0,152.0,180.0,152.0],0.001387761],
[[180.0,154.0,180.0,154.0],0.001286567],
[[180.0,156.0,180.0,156.0],0.0009372836],
[[180.0,158.0,180.0,158.0],0.0005002687],
[[180.0,160.0,180.0,160.0],7.734925e-05],
[[180.0,162.0,180.0,162.0],6.101791e-05],
[[180.0,164.0,180.0,164.0],4.700597e-05],
[[180.0,166.0,180.0,166.0],6.405672e-05],
[[180.0,168.0,180.0,168.0],6.568955e-05],
[[180.0,170.0,180.0,170.0],3.983582e-05],
[[180.0,172.0,180.0,172.0],3.506567e-05],
[[180.0,174.0,180.0,174.0],1.666687e-05],
[[180.0,176.0,180.0,176.0],0.0],
[[190.0,140.0,190.0,140.0],0.0002627254],
[[190.0,142.0,190.0,142.0],0.0002936],
[[190.0,144.0,190.0,144.0],0.0003796119],
[[190.0,146.0,190.0,146.0],0.0004191045],
[[190.0,148.0,190.0,148.0],0.0005372239],
[[190.0,150.0,190.0,150.0],0.0006307463],
[[190.0,152.0,190.0,152.0],0.0008522985],
[[190.0,154.0,190.0,154.0],0.0009951045],
[[190.0,156.0,190.0,156.0],0.001186239],
[[190.0,158.0,190.0,158.0],0.001465881],
[[190.0,160.0,190.0,160.0],0.001602179],
[[190.0,162.0,190.0,162.0],0.001554239],
[[190.0,164.0,190.0,164.0],0.00136203],
[[190.0,166.0,190.0,166.0],0.0009581493],
[[190.0,168.0,190.0,168.0],0.0005561791],
[[190.0,170.0,190.0,170.0],8.473134e-05],
[[190.0,172.0,190.0,172.0],6.36597e-05],
[[190.0,174.0,190.0,174.0],6.594328e-05],
[[190.0,176.0,190.0,176.0],5.939104e-05],
[[190.0,178.0,190.0,178.0],5.914328e-05],
[[190.0,180.0,190.0,180.0],3.450448e-05],
[[190.0,182.0,190.0,182.0],3.619104e-05],
[[190.0,184.0,190.0,184.0],1.954149e-05],
[[190.0,186.0,190.0,186.0],2.660716e-06],
[[200.0,150.0,200.0,150.0],0.0002886776],
[[200.0,152.0,200.0,152.0],0.0003482687],
[[200.0,154.0,200.0,154.0],0.0004198806],
[[200.0,156.0,200.0,156.0],0.0005476716],
[[200.0,158.0,200.0,158.0],0.000546209],
[[200.0,160.0,200.0,160.0],0.000726806],
[[200.0,162.0,200.0,162.0],0.0008378806],
[[200.0,164.0,200.0,164.0],0.001074687],
[[200.0,166.0,200.0,166.0],0.001307343],
[[200.0,168.0,200.0,168.0],0.001627493],
[[200.0,170.0,200.0,170.0],0.001652746],
[[200.0,172.0,200.0,172.0],0.001588806],
[[200.0,174.0,200.0,174.0],0.001434418],
[[200.0,176.0,200.0,176.0],0.001102179],
[[200.0,178.0,200.0,178.0],0.0005655821],
[[200.0,180.0,200.0,180.0],8.480597e-05],
[[200.0,182.0,200.0,182.0],5.922388e-05],
[[200.0,184.0,200.0,184.0],5.720299e-05],
[[200.0,186.0,200.0,186.0],7.547463e-05],
[[200.0,188.0,200.0,188.0],6.368358e-05],
[[200.0,190.0,200.0,190.0],5.470448e-05],
[[200.0,192.0,200.0,192.0],3.151045e-05],
[[200.0,194.0,200.0,194.0],1.919552e-05],
[[200.0,196.0,200.0,196.0],0.0],
[[210.0,160.0,210.0,160.0],0.0003250746],
[[210.0,162.0,210.0,162.0],0.000333403],
[[210.0,164.0,210.0,164.0],0.0003793433],
[[210.0,166.0,210.0,166.0],0.0004836716],
[[210.0,168.0,210.0,168.0],0.0006193731],
[[210.0,170.0,210.0,170.0],0.0007404478],
[[210.0,172.0,210.0,172.0],0.0008691045],
[[210.0,174.0,210.0,174.0],0.001074627],
[[210.0,176.0,210.0,176.0],0.001391403],
[[210.0,178.0,210.0,178.0],0.001622567],
[[210.0,180.0,210.0,180.0],0.001892209],
[[210.0,182.0,210.0,182.0],0.001754567],
[[210.0,184.0,210.0,184.0],0.001498716],
[[210.0,186.0,210.0,186.0],0.001163582],
[[210.0,188.0,210.0,188.0],0.0005392836],
[[210.0,190.0,210.0,190.0],0.0001068239],
[[210.0,192.0,210.0,192.0],7.156418e-05],
[[210.0,194.0,210.0,194.0],8.55791e-05],
[[210.0,196.0,210.0,196.0],8.000597e-05],
[[210.0,198.0,210.0,198.0],6.968657e-05],
[[210.0,200.0,210.0,200.0],3.920597e-05],
[[210.0,202.0,210.0,202.0],4.219104e-05],
[[210.0,204.0,210.0,204.0],1.116209e-05],
[[210.0,206.0,210.0,206.0],1.108627e-05],
[[220.0,170.0,220.0,170.0],0.0003157015],
[[220.0,172.0,220.0,172.0],0.0003366866],
[[220.0,174.0,220.0,174.0],0.0004367164],
[[220.0,176.0,220.0,176.0],0.0005706567],
[[220.0,178.0,220.0,178.0],0.0006076119],
[[220.0,180.0,220.0,180.0],0.0007974925],
[[220.0,182.0,220.0,182.0],0.001005373],
[[220.0,184.0,220.0,184.0],0.001167761],
[[220.0,186.0,220.0,186.0],0.001441134],
[[220.0,188.0,220.0,188.0],0.001740687],
[[220.0,190.0,220.0,190.0],0.001897791],
[[220.0,192.0,220.0,192.0],0.001825045],
[[220.0,194.0,220.0,194.0],0.001586597],
[[220.0,196.0,220.0,196.0],0.001123821],
[[220.0,198.0,220.0,198.0],0.0006252239],
[[220.0,200.0,220.0,200.0],9.874925e-05],
[[220.0,202.0,220.0,202.0],6.236119e-05],
[[220.0,204.0,220.0,204.0],7.594328e-05],
[[220.0,206.0,220.0,206.0],7.949851e-05],
[[220.0,208.0,220.0,208.0],5.932239e-05],
[[220.0,210.0,220.0,210.0],5.467463e-05],
[[220.0,212.0,220.0,212.0],4.009552e-05],
[[220.0,214.0,220.0,214.0],2.66791e-05],
[[220.0,216.0,220.0,216.0],0.0],
[[230.0,180.0,230.0,180.0],0.0003287761],
[[230.0,182.0,230.0,182.0],0.0003641194],
[[230.0,184.0,230.0,184.0],0.0004457015],
[[230.0,186.0,230.0,186.0],0.0005291343],
[[230.0,188.0,230.0,188.0],0.0006730448],
[[230.0,190.0,230.0,190.0],0.0007583284],
[[230.0,192.0,230.0,192.0],0.0009885373],
[[230.0,194.0,230.0,194.0],0.001228627],
[[230.0,196.0,230.0,196.0],0.001539821],
[[230.0,198.0,230.0,198.0],0.001707821],
[[230.0,200.0,230.0,200.0],0.001950328],
[[230.0,202.0,230.0,202.0],0.001860149],
[[230.0,204.0,230.0,204.0],0.001680657],
[[230.0,206.0,230.0,206.0],0.001214209],
[[230.0,208.0,230.0,208.0],0.0006506269],
[[230.0,210.0,230.0,210.0],8.685075e-05],
[[230.0,212.0,230.0,212.0],6.405373e-05],
[[230.0,214.0,230.0,214.0],6.82597e-05],
[[230.0,216.0,230.0,216.0],8.84597e-05],
[[230.0,218.0,230.0,218.0],7.833134e-05],
[[230.0,220.0,230.0,220.0],5.078806e-05],
[[230.0,222.0,230.0,222.0],2.184896e-05],
[[230.0,224.0,230.0,224.0],1.333672e-05],
[[230.0,226.0,230.0,226.0],0.0],
[[240.0,190.0,240.0,190.0],0.0003037313],
[[240.0,192.0,240.0,192.0],0.000317403],
[[240.0,194.0,240.0,194.0],0.000457194],
[[240.0,196.0,240.0,196.0],0.0005636418],
[[240.0,198.0,240.0,198.0],0.0006689254],
[[240.0,200.0,240.0,200.0],0.0009040896],
[[240.0,202.0,240.0,202.0],0.0009974328],
[[240.0,204.0,240.0,204.0],0.001262328],
[[240.0,206.0,240.0,206.0],0.001480806],
[[240.0,208.0,240.0,208.0],0.001832],
[[240.0,210.0,240.0,210.0],0.00202809],
[[240.0,212.0,240.0,212.0],0.001953164],
[[240.0,214.0,240.0,214.0],0.001653284],
[[240.0,216.0,240.0,216.0],0.001341403],
[[240.0,218.0,240.0,218.0],0.0006357313],
[[240.0,220.0,240.0,220.0],0.000112209],
[[240.0,222.0,240.0,222.0],7.268358e-05],
[[240.0,224.0,240.0,224.0],7.728657e-05],
[[240.0,226.0,240.0,226.0],6.478806e-05],
[[240.0,228.0,240.0,228.0],7.667761e-05],
[[240.0,230.0,240.0,230.0],5.43194e-05],
[[240.0,232.0,240.0,232.0],4.419104e-05],
[[240.0,234.0,240.0,234.0],1.992e-05],
[[240.0,236.0,240.0,236.0],1.144925e-05],
[[250.0,200.0,250.0,200.0],0.0003589851],
[[250.0,202.0,250.0,202.0],0.000382597],
[[250.0,204.0,250.0,204.0],0.0004535821],
[[250.0,206.0,250.0,206.0],0.000604597],
[[250.0,208.0,250.0,208.0],0.000709403],
[[250.0,210.0,250.0,210.0],0.0008515821],
[[250.0,212.0,250.0,212.0],0.001041075],
[[250.0,214.0,250.0,214.0],0.001327851],
[[250.0,216.0,250.0,216.0],0.001536597],
[[250.0,218.0,250.0,218.0],0.001888925],
[[250.0,220.0,250.0,220.0],0.002205433],
[[250.0,222.0,250.0,222.0],0.002066388],
[[250.0,224.0,250.0,224.0],0.001690776],
[[250.0,226.0,250.0,226.0],0.001284448],
[[250.0,228.0,250.0,228.0],0.0006348955],
[[250.0,230.0,250.0,230.0],0.0001117075],
[[250.0,232.0,250.0,232.0],7.693433e-05],
[[250.0,234.0,250.0,234.0],6.846866e-05],
[[250.0,236.0,250.0,236.0],6.208358e-05],
[[250.0,238.0,250.0,238.0],6.039701e-05],
[[250.0,240.0,250.0,240.0],5.742687e-05],
[[250.0,242.0,250.0,242.0],3.10209e-05],
[[250.0,244.0,250.0,244.0],2.388985e-05],
[[250.0,246.0,250.0,246.0],1.15591e-05],
[[260.0,210.0,260.0,210.0],0.0003523582],
[[260.0,212.0,260.0,212.0],0.0003926269],
[[260.0,214.0,260.0,214.0],0.0004686269],
[[260.0,216.0,260.0,216.0],0.0006008358],
[[260.0,218.0,260.0,218.0],0.0007075522],
[[260.0,220.0,260.0,220.0],0.000929194],
[[260.0,222.0,260.0,222.0],0.001092687],
[[260.0,224.0,260.0,224.0],0.001252119],
[[260.0,226.0,260.0,226.0],0.001608269],
[[260.0,228.0,260.0,228.0],0.002003582],
[[260.0,230.0,260.0,230.0],0.002177433],
[[260.0,232.0,260.0,232.0],0.002116269],
[[260.0,234.0,260.0,234.0],0.001730896],
[[260.0,236.0,260.0,236.0],0.001282358],
[[260.0,238.0,260.0,238.0],0.0006744478],
[[260.0,240.0,260.0,240.0],0.0001165642],
[[260.0,242.0,260.0,242.0],5.817612e-05],
[[260.0,244.0,260.0,244.0],7.839701e-05],
[[260.0,246.0,260.0,246.0],7.577612e-05],
[[260.0,248.0,260.0,248.0],8.124179e-05],
[[260.0,250.0,260.0,250.0],5.303284e-05],
[[260.0,252.0,260.0,252.0],3.402687e-05],
[[260.0,254.0,260.0,254.0],2.026597e-05],
[[260.0,256.0,260.0,256.0],0.0],
[[270.0,220.0,270.0,220.0],0.0003799701],
[[270.0,222.0,270.0,222.0],0.0004376119],
[[270.0,224.0,270.0,224.0],0.000445194],
[[270.0,226.0,270.0,226.0],0.0005949254],
[[270.0,228.0,270.0,228.0],0.0007170448],
[[270.0,230.0,270.0,230.0],0.0009150448],
[[270.0,232.0,270.0,232.0],0.001174776],
[[270.0,234.0,270.0,234.0],0.001396716],
[[270.0,236.0,270.0,236.0],0.001646806],
[[270.0,238.0,270.0,238.0],0.001972687],
[[270.0,240.0,270.0,240.0],0.002253821],
[[270.0,242.0,270.0,242.0],0.002198985],
[[270.0,244.0,270.0,244.0],0.001956209],
[[270.0,246.0,270.0,246.0],0.001346896],
[[270.0,248.0,270.0,248.0],0.0007483284],
[[270.0,250.0,270.0,250.0],0.0001160597],
[[270.0,252.0,270.0,252.0],8.625672e-05],
[[270.0,254.0,270.0,254.0],9.076119e-05],
[[270.0,256.0,270.0,256.0],6.879104e-05],
[[270.0,258.0,270.0,258.0],5.629254e-05],
[[270.0,260.0,270.0,260.0],5.363284e-05],
[[270.0,262.0,270.0,262.0],3.772836e-05],
[[270.0,264.0,270.0,264.0],1.62603e-05],
[[270.0,266.0,270.0,266.0],0.0],
[[280.0,230.0,280.0,230.0],0.000376209],
[[280.0,232.0,280.0,232.0],0.000425791],
[[280.0,234.0,280.0,234.0],0.0005209254],
[[280.0,236.0,280.0,236.0],0.0006468955],
[[280.0,238.0,280.0,238.0],0.0007087164],
[[280.0,240.0,280.0,240.0],0.0009586269],
[[280.0,242.0,280.0,242.0],0.00118203],
[[280.0,244.0,280.0,244.0],0.001342687],
[[280.0,246.0,280.0,246.0],0.001749761],
[[280.0,248.0,280.0,248.0],0.00213206],
[[280.0,250.0,280.0,250.0],0.002466896],
[[280.0,252.0,280.0,252.0],0.002214955],
[[280.0,254.0,280.0,254.0],0.001957881],
[[280.0,256.0,280.0,256.0],0.001500716],
[[280.0,258.0,280.0,258.0],0.0007005373],
[[280.0,260.0,280.0,260.0],0.000102394],
[[280.0,262.0,280.0,262.0],8.258209e-05],
[[280.0,264.0,280.0,264.0],0.0001033284],
[[280.0,266.0,280.0,266.0],8.821791e-05],
[[280.0,268.0,280.0,268.0],7.838507e-05],
[[280.0,270.0,280.0,270.0],7.474328e-05],
[[280.0,272.0,280.0,272.0],3.361791e-05],
[[280.0,274.0,280.0,274.0],1.200985e-05],
[[280.0,276.0,280.0,276.0],0.0],
[[290.0,240.0,290.0,240.0],0.0003545672],
[[290.0,242.0,290.0,242.0],0.0004455821],
[[290.0,244.0,290.0,244.0],0.000553194],
[[290.0,246.0,290.0,246.0],0.000632209],
[[290.0,248.0,290.0,248.0],0.0008840597],
[[290.0,250.0,290.0,250.0],0.0009698507],
[[290.0,252.0,290.0,252.0],0.001165343],
[[290.0,254.0,290.0,254.0],0.001459642],
[[290.0,256.0,290.0,256.0],0.00180606],
[[290.0,258.0,290.0,258.0],0.002131164],
[[290.0,260.0,290.0,260.0],0.002392925],
[[290.0,262.0,290.0,262.0],0.002286],
[[290.0,264.0,290.0,264.0],0.001948507],
[[290.0,266.0,290.0,266.0],0.001495015],
[[290.0,268.0,290.0,268.0],0.0008147463],
[[290.0,270.0,290.0,270.0],0.0001038388],
[[290.0,272.0,290.0,272.0],5.789254e-05],
[[290.0,274.0,290.0,274.0],8.66806e-05],
[[290.0,276.0,290.0,276.0],8.844478e-05],
[[290.0,278.0,290.0,278.0],5.818507e-05],
[[290.0,280.0,290.0,280.0],5.89403e-05],
[[290.0,282.0,290.0,282.0],4.581493e-05],
[[290.0,284.0,290.0,284.0],1.662567e-05],
[[290.0,286.0,290.0,286.0],0.0],
[[300.0,250.0,300.0,250.0],0.0003593134],
[[300.0,252.0,300.0,252.0],0.0004125075],
[[300.0,254.0,300.0,254.0],0.0005552537],
[[300.0,256.0,300.0,256.0],0.0006580299],
[[300.0,258.0,300.0,258.0],0.0008270149],
[[300.0,260.0,300.0,260.0],0.0009822687],
[[300.0,262.0,300.0,262.0],0.001202985],
[[300.0,264.0,300.0,264.0],0.001559851],
[[300.0,266.0,300.0,266.0],0.001881104],
[[300.0,268.0,300.0,268.0],0.002221373],
[[300.0,270.0,300.0,270.0],0.002483463],
[[300.0,272.0,300.0,272.0],0.002410478],
[[300.0,274.0,300.0,274.0],0.002144836],
[[300.0,276.0,300.0,276.0],0.001520806],
[[300.0,278.0,300.0,278.0],0.0007875522],
[[300.0,280.0,300.0,280.0],0.0001044955],
[[300.0,282.0,300.0,282.0],7.720299e-05],
[[300.0,284.0,300.0,284.0],7.752239e-05],
[[300.0,286.0,300.0,286.0],7.939104e-05],
[[300.0,288.0,300.0,288.0],5.753433e-05],
[[300.0,290.0,300.0,290.0],5.035821e-05],
[[300.0,292.0,300.0,292.0],3.101493e-05],
[[300.0,294.0,300.0,294.0],1.233433e-05],
[[300.0,296.0,300.0,296.0],1.206746e-05],
[[310.0,270.0,310.0,270.0],0.001059104],
[[310.0,272.0,310.0,272.0],0.001200358],
[[310.0,274.0,310.0,274.0],0.001472925],
[[310.0,276.0,310.0,276.0],0.001811522],
[[310.0,278.0,310.0,278.0],0.002164],
[[310.0,280.0,310.0,280.0],0.002631701],
[[310.0,282.0,310.0,282.0],0.002451642],
[[310.0,284.0,310.0,284.0],0.002170716],
[[310.0,286.0,310.0,286.0],0.001568716],
[[310.0,288.0,310.0,288.0],0.0008632537],
[[310.0,290.0,310.0,290.0],0.0001153284],
[[310.0,292.0,310.0,292.0],9.390746e-05],
[[310.0,294.0,310.0,294.0],9.921194e-05],
[[310.0,296.0,310.0,296.0],8.821194e-05],
[[310.0,298.0,310.0,298.0],7.67403e-05],
[[310.0,300.0,310.0,300.0],3.697313e-05],
[[310.0,302.0,310.0,302.0],3.593731e-05],
[[310.0,304.0,310.0,304.0],2.452418e-05],
[[310.0,306.0,310.0,306.0],1.703075e-05],
[[320.0,280.0,320.0,280.0],0.00104194],
[[320.0,282.0,320.0,282.0],0.001202896],
[[320.0,284.0,320.0,284.0],0.001476925],
[[320.0,286.0,320.0,286.0],0.001938925],
[[320.0,288.0,320.0,288.0],0.002354239],
[[320.0,290.0,320.0,290.0],0.002608746],
[[320.0,292.0,320.0,292.0],0.002381612],
[[320.0,294.0,320.0,294.0],0.002107493],
[[320.0,296.0,320.0,296.0],0.001596239],
[[320.0,298.0,320.0,298.0],0.0007762985],
[[320.0,300.0,320.0,300.0],0.0001199224],
[[320.0,302.0,320.0,302.0],7.775821e-05],
[[320.0,304.0,320.0,304.0],9.855522e-05],
[[320.0,306.0,320.0,306.0],8.473433e-05],
[[320.0,308.0,320.0,308.0],8.075821e-05],
[[320.0,310.0,320.0,310.0],5.299104e-05],
[[320.0,312.0,320.0,312.0],4.413134e-05],
[[320.0,314.0,320.0,314.0],1.253552e-05],
[[320.0,316.0,320.0,316.0],0.0],
[[330.0,290.0,330.0,290.0],0.00096],
[[330.0,292.0,330.0,292.0],0.001321254],
[[330.0,294.0,330.0,294.0],0.001581134],
[[330.0,296.0,330.0,296.0],0.002150537],
[[330.0,298.0,330.0,298.0],0.002447821],
[[330.0,300.0,330.0,300.0],0.002632925],
[[330.0,302.0,330.0,302.0],0.002582746],
[[330.0,304.0,330.0,304.0],0.002198209],
[[330.0,306.0,330.0,306.0],0.001633284],
[[330.0,308.0,330.0,308.0],0.0008247164],
[[330.0,310.0,330.0,310.0],0.0001310597],
[[330.0,312.0,330.0,312.0],8.532239e-05],
[[330.0,314.0,330.0,314.0],8.647164e-05],
[[330.0,316.0,330.0,316.0],8.000597e-05],
[[330.0,318.0,330.0,318.0],8.320299e-05],
[[330.0,320.0,330.0,320.0],6.646567e-05],
[[330.0,322.0,330.0,322.0],3.818209e-05],
[[330.0,326.0,330.0,326.0],0.0],
[[340.0,300.0,340.0,300.0],0.001078269],
[[340.0,302.0,340.0,302.0],0.001210418],
[[340.0,304.0,340.0,304.0],0.001603164],
[[340.0,306.0,340.0,306.0],0.002094687],
[[340.0,308.0,340.0,308.0],0.002439493],
[[340.0,310.0,340.0,310.0],0.002599224],
[[340.0,312.0,340.0,312.0],0.002618179],
[[340.0,314.0,340.0,314.0],0.002243403],
[[340.0,316.0,340.0,316.0],0.001632299],
[[340.0,318.0,340.0,318.0],0.0007868358],
[[340.0,320.0,340.0,320.0],0.0001434209],
[[340.0,322.0,340.0,322.0],9.185075e-05],
[[340.0,324.0,340.0,324.0],0.0001031104],
[[340.0,326.0,340.0,326.0],7.224776e-05],
[[340.0,328.0,340.0,328.0],7.677313e-05],
[[340.0,330.0,340.0,330.0],5.478806e-05],
[[340.0,332.0,340.0,332.0],4.056716e-05],
[[340.0,334.0,340.0,334.0],1.238179e-05],
[[340.0,336.0,340.0,336.0],0.0],
[[350.0,310.0,350.0,310.0],0.001097791],
[[350.0,312.0,350.0,312.0],0.001270418],
[[350.0,314.0,350.0,314.0],0.001583134],
[[350.0,316.0,350.0,316.0],0.001984597],
[[350.0,318.0,350.0,318.0],0.002489164],
[[350.0,320.0,350.0,320.0],0.002644507],
[[350.0,322.0,350.0,322.0],0.002527015],
[[350.0,324.0,350.0,324.0],0.002280716],
[[350.0,326.0,350.0,326.0],0.00171809],
[[350.0,328.0,350.0,328.0],0.0008692836],
[[350.0,330.0,350.0,330.0],0.0001154418],
[[350.0,332.0,350.0,332.0],7.891045e-05],
[[350.0,334.0,350.0,334.0],9.535522e-05],
[[350.0,336.0,350.0,336.0],8.419701e-05],
[[350.0,338.0,350.0,338.0],7.301194e-05],
[[350.0,340.0,350.0,340.0],5.064776e-05],
[[350.0,342.0,350.0,342.0],3.567761e-05],
[[350.0,344.0,350.0,344.0],2.529642e-05],
[[350.0,346.0,350.0,346.0],2.799791e-06],
[[360.0,320.0,360.0,320.0],0.001144925],
[[360.0,322.0,360.0,322.0],0.001349642],
[[360.0,324.0,360.0,324.0],0.001679463],
[[360.0,326.0,360.0,326.0],0.002189045],
[[360.0,328.0,360.0,328.0],0.002502388],
[[360.0,330.0,360.0,330.0],0.002788358],
[[360.0,332.0,360.0,332.0],0.00275994],
[[360.0,334.0,360.0,334.0],0.002282209],
[[360.0,336.0,360.0,336.0],0.001752866],
[[360.0,338.0,360.0,338.0],0.0008749254],
[[360.0,340.0,360.0,340.0],0.0001687552],
[[360.0,342.0,360.0,342.0],0.0001015194],
[[360.0,344.0,360.0,344.0],8.701791e-05],
[[360.0,346.0,360.0,346.0],8.519403e-05],
[[360.0,348.0,360.0,348.0],8.199403e-05],
[[360.0,350.0,360.0,350.0],5.023881e-05],
[[360.0,352.0,360.0,352.0],3.753731e-05],
[[360.0,354.0,360.0,354.0],1.254507e-05],
[[360.0,356.0,360.0,356.0],0.0],
[[370.0,330.0,370.0,330.0],0.001145224],
[[370.0,332.0,370.0,332.0],0.001354119],
[[370.0,334.0,370.0,334.0],0.001745313],
[[370.0,336.0,370.0,336.0],0.002132985],
[[370.0,338.0,370.0,338.0],0.002682],
[[370.0,340.0,370.0,340.0],0.002897104],
[[370.0,342.0,370.0,342.0],0.002776209],
[[370.0,344.0,370.0,344.0],0.00234791],
[[370.0,346.0,370.0,346.0],0.001769552],
[[370.0,348.0,370.0,348.0],0.0009053731],
[[370.0,350.0,370.0,350.0],0.0001479194],
[[370.0,352.0,370.0,352.0],8.488358e-05],
[[370.0,354.0,370.0,354.0],9.02e-05],
[[370.0,356.0,370.0,356.0],0.000101194],
[[370.0,358.0,370.0,358.0],6.657015e-05],
[[370.0,360.0,370.0,360.0],5.448955e-05],
[[370.0,362.0,370.0,362.0],3.074627e-05],
[[370.0,364.0,370.0,364.0],1.262687e-05],
[[370.0,366.0,370.0,366.0],0.0],
[[380.0,340.0,380.0,340.0],0.001192597],
[[380.0,342.0,380.0,342.0],0.001502418],
[[380.0,344.0,380.0,344.0],0.001761015],
[[380.0,346.0,380.0,346.0],0.002150985],
[[380.0,348.0,380.0,348.0],0.00261994],
[[380.0,350.0,380.0,350.0],0.002796806],
[[380.0,352.0,380.0,352.0],0.002775313],
[[380.0,354.0,380.0,354.0],0.002462388],
[[380.0,356.0,380.0,356.0],0.001768209],
[[380.0,358.0,380.0,358.0],0.0008453731],
[[380.0,360.0,380.0,360.0],0.0001155313],
[[380.0,362.0,380.0,362.0],8.559701e-05],
[[380.0,364.0,380.0,364.0],8.086866e-05],
[[380.0,366.0,380.0,366.0],7.340299e-05],
[[380.0,368.0,380.0,368.0],6.331045e-05],
[[380.0,370.0,380.0,370.0],5.854925e-05],
[[380.0,372.0,380.0,372.0],2.559701e-05],
[[380.0,374.0,380.0,374.0],0.0],
[[380.0,376.0,380.0,376.0],0.0],
[[390.0,350.0,390.0,350.0],0.001168149],
[[390.0,352.0,390.0,352.0],0.001430328],
[[390.0,354.0,390.0,354.0],0.001826239],
[[390.0,356.0,390.0,356.0],0.002240448],
[[390.0,358.0,390.0,358.0],0.002631821],
[[390.0,360.0,390.0,360.0],0.002947463],
[[390.0,362.0,390.0,362.0],0.00274203],
[[390.0,364.0,390.0,364.0],0.002407045],
[[390.0,366.0,390.0,366.0],0.001801731],
[[390.0,368.0,390.0,368.0],0.0009243881],
[[390.0,370.0,390.0,370.0],0.0001203851],
[[390.0,372.0,390.0,372.0],8.268657e-05],
[[390.0,374.0,390.0,374.0],9.147463e-05],
[[390.0,376.0,390.0,376.0],8.151642e-05],
[[390.0,378.0,390.0,378.0],6.772836e-05],
[[390.0,380.0,390.0,380.0],4.224179e-05],
[[390.0,382.0,390.0,382.0],3.558806e-05],
[[390.0,384.0,390.0,384.0],0.0],
[[390.0,386.0,390.0,386.0],0.0],
[[400.0,360.0,400.0,360.0],0.001195522],
[[400.0,362.0,400.0,362.0],0.001405731],
[[400.0,364.0,400.0,364.0],0.001801522],
[[400.0,368.0,400.0,368.0],0.002839493],
[[400.0,370.0,400.0,370.0],0.002928687],
[[400.0,372.0,400.0,372.0],0.002843284],
[[400.0,374.0,400.0,374.0],0.002448896],
[[400.0,376.0,400.0,376.0],0.001857851],
[[400.0,378.0,400.0,378.0],0.0009969254],
[[400.0,380.0,400.0,380.0],0.000148606],
[[400.0,382.0,400.0,382.0],9.118507e-05],
[[400.0,384.0,400.0,384.0],7.735522e-05],
[[400.0,386.0,400.0,386.0],7.633134e-05],
[[400.0,388.0,400.0,388.0],8.217015e-05],
[[400.0,390.0,400.0,390.0],6.153731e-05],
[[400.0,392.0,400.0,392.0],3.780299e-05],
[[400.0,394.0,400.0,394.0],1.286627e-05],
[[400.0,396.0,400.0,396.0],1.281493e-05]]
