txName: TChiWWISRqq
constraint: {(PV > anyBSM(1), anyBSM(3)), (anyBSM(1) > q, q, MET(2)), (anyBSM(3) > q, q, MET(4))}
condition: None
conditionDescription: None
figureUrl: None
source: Recast by MA5
validated: True
axesMap: [{0: 'x', 1: 'y', 2: 'x', 3: 'y'}]
dataMap: {0: (1, 'mass', GeV), 1: (2, 'mass', GeV), 2: (3, 'mass', GeV), 3: (4, 'mass', GeV)}
finalState: ['MET', 'MET']
intermediateState: None
efficiencyMap: [[[10.0,1.0,10.0,1.0],0.0],
[[10.0,3.0,10.0,3.0],0.0],
[[10.0,5.0,10.0,5.0],0.0],
[[10.0,7.0,10.0,7.0],0.0],
[[10.0,9.0,10.0,9.0],0.0],
[[11.0,10.0,11.0,10.0],0.0],
[[13.0,10.0,13.0,10.0],0.0],
[[15.0,10.0,15.0,10.0],0.0],
[[20.0,10.0,20.0,10.0],0.0],
[[21.0,20.0,21.0,20.0],0.0],
[[23.0,20.0,23.0,20.0],0.0],
[[25.0,20.0,25.0,20.0],0.0],
[[30.0,10.0,30.0,10.0],0.0],
[[30.0,20.0,30.0,20.0],0.0],
[[31.0,30.0,31.0,30.0],2.690398e-09],
[[33.0,30.0,33.0,30.0],0.0],
[[35.0,30.0,35.0,30.0],0.0],
[[40.0,20.0,40.0,20.0],0.0],
[[40.0,30.0,40.0,30.0],0.0],
[[41.0,40.0,41.0,40.0],6.298263e-08],
[[43.0,40.0,43.0,40.0],0.0],
[[45.0,40.0,45.0,40.0],0.0],
[[50.0,10.0,50.0,10.0],0.0],
[[50.0,30.0,50.0,30.0],0.0],
[[50.0,40.0,50.0,40.0],0.0],
[[51.0,50.0,51.0,50.0],8.761937e-07],
[[53.0,50.0,53.0,50.0],2.255719e-08],
[[55.0,50.0,55.0,50.0],1.444735e-08],
[[60.0,20.0,60.0,20.0],6.74088e-09],
[[60.0,40.0,60.0,40.0],1.536707e-08],
[[60.0,50.0,60.0,50.0],1.913083e-08],
[[61.0,60.0,61.0,60.0],8.045606e-07],
[[63.0,60.0,63.0,60.0],2.409814e-07],
[[65.0,60.0,65.0,60.0],7.580333e-08],
[[70.0,10.0,70.0,10.0],0.0],
[[70.0,30.0,70.0,30.0],0.0],
[[70.0,50.0,70.0,50.0],0.0],
[[70.0,60.0,70.0,60.0],3.856753e-08],
[[71.0,70.0,71.0,70.0],4.32064e-06],
[[73.0,70.0,73.0,70.0],3.853774e-07],
[[75.0,70.0,75.0,70.0],1.72679e-07],
[[80.0,20.0,80.0,20.0],0.0],
[[80.0,40.0,80.0,40.0],0.0],
[[80.0,60.0,80.0,60.0],2.4763e-08],
[[80.0,70.0,80.0,70.0],4.497558e-08],
[[81.0,80.0,81.0,80.0],2.884797e-06],
[[83.0,80.0,83.0,80.0],1.495519e-06],
[[85.0,80.0,85.0,80.0],4.622211e-07],
[[90.0,10.0,90.0,10.0],0.0],
[[90.0,30.0,90.0,30.0],0.0],
[[90.0,50.0,90.0,50.0],0.0],
[[90.0,70.0,90.0,70.0],7.537904e-09],
[[90.0,80.0,90.0,80.0],1.565394e-07],
[[91.0,90.0,91.0,90.0],4.376257e-06],
[[93.0,90.0,93.0,90.0],1.32167e-06],
[[95.0,90.0,95.0,90.0],1.815255e-06],
[[100.0,20.0,100.0,20.0],0.0],
[[100.0,40.0,100.0,40.0],0.0],
[[100.0,60.0,100.0,60.0],3.106182e-08],
[[100.0,80.0,100.0,80.0],7.981205e-08],
[[100.0,90.0,100.0,90.0],2.234143e-07],
[[101.0,100.0,101.0,100.0],9.931434e-06],
[[103.0,100.0,103.0,100.0],3.247705e-06],
[[103.0,102.0,103.0,102.0],9.309828e-06],
[[105.0,100.0,105.0,100.0],1.633244e-06],
[[105.0,102.0,105.0,102.0],2.541167e-06],
[[107.0,102.0,107.0,102.0],1.043226e-06],
[[110.0,30.0,110.0,30.0],6.755209e-09],
[[110.0,50.0,110.0,50.0],2.290905e-08],
[[110.0,70.0,110.0,70.0],2.412595e-08],
[[110.0,90.0,110.0,90.0],9.552845e-08],
[[110.0,100.0,110.0,100.0],7.328625e-07],
[[112.0,102.0,112.0,102.0],4.597323e-07],
[[120.0,40.0,120.0,40.0],2.423393e-08],
[[120.0,60.0,120.0,60.0],0.0],
[[120.0,80.0,120.0,80.0],3.712028e-08],
[[120.0,100.0,120.0,100.0],1.828048e-07],
[[122.0,102.0,122.0,102.0],2.016512e-07],
[[123.0,122.0,123.0,122.0],1.21504e-05],
[[125.0,122.0,125.0,122.0],6.172296e-06],
[[127.0,122.0,127.0,122.0],2.722258e-06],
[[130.0,50.0,130.0,50.0],0.0],
[[130.0,70.0,130.0,70.0],5.764683e-08],
[[130.0,90.0,130.0,90.0],5.232848e-08],
[[132.0,122.0,132.0,122.0],1.198663e-06],
[[140.0,60.0,140.0,60.0],2.963752e-08],
[[140.0,80.0,140.0,80.0],1.36219e-08],
[[140.0,100.0,140.0,100.0],7.774425e-08],
[[142.0,102.0,142.0,102.0],3.268909e-07],
[[142.0,122.0,142.0,122.0],6.489622e-07],
[[143.0,142.0,143.0,142.0],1.494299e-05],
[[145.0,142.0,145.0,142.0],1.057186e-05],
[[147.0,142.0,147.0,142.0],5.72909e-06],
[[150.0,70.0,150.0,70.0],1.409903e-08],
[[150.0,90.0,150.0,90.0],8.427427e-08],
[[152.0,142.0,152.0,142.0],3.526884e-06],
[[160.0,80.0,160.0,80.0],4.111122e-08],
[[160.0,100.0,160.0,100.0],3.938489e-08],
[[162.0,102.0,162.0,102.0],7.367402e-08],
[[162.0,122.0,162.0,122.0],5.936166e-07],
[[162.0,142.0,162.0,142.0],9.712465e-07],
[[163.0,162.0,163.0,162.0],2.071693e-05],
[[165.0,162.0,165.0,162.0],1.61952e-05],
[[167.0,162.0,167.0,162.0],2.571272e-05],
[[170.0,90.0,170.0,90.0],1.042408e-07],
[[172.0,162.0,172.0,162.0],7.273996e-06],
[[180.0,100.0,180.0,100.0],1.186451e-07],
[[182.0,102.0,182.0,102.0],2.194425e-07],
[[182.0,122.0,182.0,122.0],1.847358e-07],
[[182.0,142.0,182.0,142.0],5.81666e-07],
[[182.0,162.0,182.0,162.0],1.805745e-06],
[[183.0,182.0,183.0,182.0],2.546946e-05],
[[185.0,182.0,185.0,182.0],2.169992e-05],
[[187.0,182.0,187.0,182.0],1.77294e-05],
[[192.0,182.0,192.0,182.0],6.119528e-06],
[[202.0,122.0,202.0,122.0],3.060757e-07],
[[202.0,142.0,202.0,142.0],4.658243e-07],
[[202.0,162.0,202.0,162.0],1.100728e-06],
[[202.0,182.0,202.0,182.0],3.187175e-06],
[[203.0,202.0,203.0,202.0],3.545345e-05],
[[205.0,202.0,205.0,202.0],3.792281e-05],
[[207.0,202.0,207.0,202.0],2.682969e-05],
[[212.0,202.0,212.0,202.0],1.086287e-05],
[[222.0,142.0,222.0,142.0],4.167367e-07],
[[222.0,162.0,222.0,162.0],7.355008e-07],
[[222.0,182.0,222.0,182.0],1.478758e-06],
[[222.0,202.0,222.0,202.0],5.345017e-06],
[[223.0,222.0,223.0,222.0],4.215741e-05],
[[225.0,222.0,225.0,222.0],4.007897e-05],
[[227.0,222.0,227.0,222.0],2.859732e-05],
[[232.0,222.0,232.0,222.0],1.323163e-05],
[[242.0,162.0,242.0,162.0],7.55674e-07],
[[242.0,182.0,242.0,182.0],1.713742e-06],
[[242.0,202.0,242.0,202.0],2.339892e-06],
[[242.0,222.0,242.0,222.0],6.827345e-06],
[[243.0,242.0,243.0,242.0],5.226215e-05],
[[245.0,242.0,245.0,242.0],4.698437e-05],
[[247.0,242.0,247.0,242.0],4.157998e-05],
[[252.0,242.0,252.0,242.0],1.752549e-05],
[[262.0,182.0,262.0,182.0],8.871583e-07],
[[262.0,202.0,262.0,202.0],2.009413e-06],
[[262.0,222.0,262.0,222.0],4.186127e-06],
[[262.0,242.0,262.0,242.0],9.626033e-06],
[[263.0,262.0,263.0,262.0],7.544678e-05],
[[265.0,262.0,265.0,262.0],5.413325e-05],
[[267.0,262.0,267.0,262.0],4.857758e-05],
[[272.0,262.0,272.0,262.0],2.83439e-05],
[[282.0,202.0,282.0,202.0],1.554479e-06],
[[282.0,222.0,282.0,222.0],3.213653e-06],
[[282.0,242.0,282.0,242.0],6.301505e-06],
[[282.0,262.0,282.0,262.0],1.326535e-05],
[[283.0,282.0,283.0,282.0],7.414375e-05],
[[285.0,282.0,285.0,282.0],7.604605e-05],
[[287.0,282.0,287.0,282.0],6.159901e-05],
[[292.0,282.0,292.0,282.0],3.334139e-05],
[[302.0,222.0,302.0,222.0],2.046047e-06],
[[302.0,242.0,302.0,242.0],4.034143e-06],
[[302.0,262.0,302.0,262.0],6.9439e-06],
[[302.0,282.0,302.0,282.0],1.850811e-05],
[[303.0,302.0,303.0,302.0],8.900763e-05],
[[305.0,302.0,305.0,302.0],8.515532e-05],
[[307.0,302.0,307.0,302.0],7.265469e-05],
[[312.0,302.0,312.0,302.0],4.769947e-05],
[[322.0,242.0,322.0,242.0],2.971484e-06],
[[322.0,262.0,322.0,262.0],3.658774e-06],
[[322.0,282.0,322.0,282.0],9.373904e-06],
[[322.0,302.0,322.0,302.0],2.112516e-05],
[[323.0,322.0,323.0,322.0],0.0001021436],
[[325.0,322.0,325.0,322.0],0.0001002789],
[[327.0,322.0,327.0,322.0],9.414312e-05],
[[332.0,322.0,332.0,322.0],7.345461e-05],
[[342.0,262.0,342.0,262.0],5.248259e-06],
[[342.0,282.0,342.0,282.0],5.776142e-06],
[[342.0,302.0,342.0,302.0],1.058664e-05],
[[342.0,322.0,342.0,322.0],2.596417e-05],
[[343.0,342.0,343.0,342.0],0.0001165999],
[[345.0,342.0,345.0,342.0],0.0001109762],
[[347.0,342.0,347.0,342.0],0.0001105069],
[[352.0,342.0,352.0,342.0],6.974834e-05],
[[362.0,282.0,362.0,282.0],3.99742e-06],
[[362.0,302.0,362.0,302.0],7.673002e-06],
[[362.0,322.0,362.0,322.0],1.287802e-05],
[[362.0,342.0,362.0,342.0],3.384995e-05],
[[363.0,362.0,363.0,362.0],0.000125523],
[[365.0,362.0,365.0,362.0],0.0001254084],
[[367.0,362.0,367.0,362.0],0.0001102657],
[[372.0,362.0,372.0,362.0],8.722839e-05],
[[382.0,302.0,382.0,302.0],7.44331e-06],
[[382.0,322.0,382.0,322.0],1.437821e-05],
[[382.0,342.0,382.0,342.0],2.189034e-05],
[[382.0,362.0,382.0,362.0],4.387605e-05],
[[383.0,382.0,383.0,382.0],0.0001401961],
[[385.0,382.0,385.0,382.0],0.0001231217],
[[387.0,382.0,387.0,382.0],0.0001278717],
[[392.0,382.0,392.0,382.0],9.512985e-05],
[[402.0,322.0,402.0,322.0],8.958563e-06],
[[402.0,342.0,402.0,342.0],1.078088e-05],
[[402.0,362.0,402.0,362.0],2.734217e-05],
[[402.0,382.0,402.0,382.0],5.210781e-05],
[[403.0,402.0,403.0,402.0],0.0001607142],
[[405.0,402.0,405.0,402.0],0.0001509164],
[[407.0,402.0,407.0,402.0],0.0001384738],
[[412.0,402.0,412.0,402.0],9.545539e-05],
[[422.0,342.0,422.0,342.0],8.622073e-06],
[[422.0,362.0,422.0,362.0],1.554754e-05],
[[422.0,382.0,422.0,382.0],2.93401e-05],
[[422.0,402.0,422.0,402.0],5.640036e-05],
[[442.0,362.0,442.0,362.0],1.044592e-05],
[[442.0,382.0,442.0,382.0],1.946202e-05],
[[442.0,402.0,442.0,402.0],3.262893e-05],
[[462.0,382.0,462.0,382.0],1.798169e-05],
[[462.0,402.0,462.0,402.0],2.165043e-05],
[[482.0,402.0,482.0,402.0],1.538676e-05],
[[503.0,502.0,503.0,502.0],0.0002112366],
[[505.0,502.0,505.0,502.0],0.0002222379],
[[507.0,502.0,507.0,502.0],0.0002200877],
[[512.0,502.0,512.0,502.0],0.000188002],
[[522.0,502.0,522.0,502.0],0.0001148421],
[[542.0,502.0,542.0,502.0],6.415472e-05],
[[562.0,502.0,562.0,502.0],4.4206e-05],
[[582.0,502.0,582.0,502.0],3.526645e-05],
[[603.0,602.0,603.0,602.0],0.000297835],
[[605.0,602.0,605.0,602.0],0.0002973047],
[[607.0,602.0,607.0,602.0],0.0002728118],
[[612.0,602.0,612.0,602.0],0.0002506963],
[[622.0,602.0,622.0,602.0],0.0001755238],
[[642.0,602.0,642.0,602.0],9.694819e-05],
[[662.0,602.0,662.0,602.0],6.979421e-05],
[[682.0,602.0,682.0,602.0],4.759116e-05],
[[703.0,702.0,703.0,702.0],0.0003478857],
[[705.0,702.0,705.0,702.0],0.0003485309],
[[707.0,702.0,707.0,702.0],0.0003558881],
[[712.0,702.0,712.0,702.0],0.0003162108],
[[722.0,702.0,722.0,702.0],0.0002368085],
[[742.0,702.0,742.0,702.0],0.0001487433],
[[762.0,702.0,762.0,702.0],0.0001006816],
[[782.0,702.0,782.0,702.0],7.87738e-05],
[[803.0,802.0,803.0,802.0],0.0004108286],
[[805.0,802.0,805.0,802.0],0.0004056725],
[[807.0,802.0,807.0,802.0],0.0003992445],
[[812.0,802.0,812.0,802.0],0.0003827805],
[[822.0,802.0,822.0,802.0],0.0002907777],
[[842.0,802.0,842.0,802.0],0.0001707832],
[[862.0,802.0,862.0,802.0],0.0001175814],
[[882.0,802.0,882.0,802.0],9.12182e-05],
[[903.0,902.0,903.0,902.0],0.0004688154],
[[905.0,902.0,905.0,902.0],0.0004770659],
[[907.0,902.0,907.0,902.0],0.000470367],
[[912.0,902.0,912.0,902.0],0.0004299806],
[[922.0,902.0,922.0,902.0],0.0003655797],
[[942.0,902.0,942.0,902.0],0.0002117817],
[[962.0,902.0,962.0,902.0],0.0001599799],
[[982.0,902.0,982.0,902.0],0.0001293776],
[[1003.0,1002.0,1003.0,1002.0],0.0005244403],
[[1005.0,1002.0,1005.0,1002.0],0.0005022989],
[[1007.0,1002.0,1007.0,1002.0],0.0005022226],
[[1012.0,1002.0,1012.0,1002.0],0.0005033936],
[[1022.0,1002.0,1022.0,1002.0],0.0004065754],
[[1042.0,1002.0,1042.0,1002.0],0.0002611222],
[[1062.0,1002.0,1062.0,1002.0],0.0001823569],
[[1082.0,1002.0,1082.0,1002.0],0.0001432459],
[[1103.0,1102.0,1103.0,1102.0],0.0005646226],
[[1105.0,1102.0,1105.0,1102.0],0.0005411165],
[[1107.0,1102.0,1107.0,1102.0],0.000546463],
[[1112.0,1102.0,1112.0,1102.0],0.0005547821],
[[1122.0,1102.0,1122.0,1102.0],0.0004421373],
[[1142.0,1102.0,1142.0,1102.0],0.0002933845],
[[1162.0,1102.0,1162.0,1102.0],0.0001996889],
[[1182.0,1102.0,1182.0,1102.0],0.0001607575],
[[1203.0,1202.0,1203.0,1202.0],0.0005723036],
[[1205.0,1202.0,1205.0,1202.0],0.0005982659],
[[1207.0,1202.0,1207.0,1202.0],0.0005719904],
[[1212.0,1202.0,1212.0,1202.0],0.0005615429],
[[1222.0,1202.0,1222.0,1202.0],0.0004996922],
[[1242.0,1202.0,1242.0,1202.0],0.0003327361],
[[1262.0,1202.0,1262.0,1202.0],0.0002525094],
[[1282.0,1202.0,1282.0,1202.0],0.0001812281],
[[1303.0,1302.0,1303.0,1302.0],0.000590606],
[[1305.0,1302.0,1305.0,1302.0],0.0006458515],
[[1307.0,1302.0,1307.0,1302.0],0.0006253077],
[[1312.0,1302.0,1312.0,1302.0],0.0006059082],
[[1322.0,1302.0,1322.0,1302.0],0.0005407952],
[[1342.0,1302.0,1342.0,1302.0],0.0003581171],
[[1362.0,1302.0,1362.0,1302.0],0.0002658281],
[[1382.0,1302.0,1382.0,1302.0],0.0001901347],
[[1403.0,1402.0,1403.0,1402.0],0.0006263879],
[[1405.0,1402.0,1405.0,1402.0],0.000631311],
[[1407.0,1402.0,1407.0,1402.0],0.0006267425],
[[1412.0,1402.0,1412.0,1402.0],0.0006076445],
[[1422.0,1402.0,1422.0,1402.0],0.0005297848],
[[1442.0,1402.0,1442.0,1402.0],0.0004029817],
[[1462.0,1402.0,1462.0,1402.0],0.0002694385],
[[1482.0,1402.0,1482.0,1402.0],0.000195973],
[[1503.0,1502.0,1503.0,1502.0],0.0006390137],
[[1505.0,1502.0,1505.0,1502.0],0.0006761662],
[[1507.0,1502.0,1507.0,1502.0],0.000691695],
[[1512.0,1502.0,1512.0,1502.0],0.0006282514],
[[1522.0,1502.0,1522.0,1502.0],0.0005729537],
[[1542.0,1502.0,1542.0,1502.0],0.0004024893],
[[1562.0,1502.0,1562.0,1502.0],0.0002958831],
[[1582.0,1502.0,1582.0,1502.0],0.0002211634],
[[1603.0,1602.0,1603.0,1602.0],0.0006609041],
[[1605.0,1602.0,1605.0,1602.0],0.0006546778],
[[1607.0,1602.0,1607.0,1602.0],0.0006711277],
[[1612.0,1602.0,1612.0,1602.0],0.0006354444],
[[1622.0,1602.0,1622.0,1602.0],0.0005584154],
[[1642.0,1602.0,1642.0,1602.0],0.0004166244],
[[1662.0,1602.0,1662.0,1602.0],0.0002996297],
[[1682.0,1602.0,1682.0,1602.0],0.0002411903],
[[1703.0,1702.0,1703.0,1702.0],0.000677625],
[[1705.0,1702.0,1705.0,1702.0],0.0006838662],
[[1707.0,1702.0,1707.0,1702.0],0.0006818338],
[[1712.0,1702.0,1712.0,1702.0],0.0006428122],
[[1722.0,1702.0,1722.0,1702.0],0.0005888908],
[[1742.0,1702.0,1742.0,1702.0],0.0004617589],
[[1762.0,1702.0,1762.0,1702.0],0.0003077311],
[[1782.0,1702.0,1782.0,1702.0],0.0002380893],
[[1803.0,1802.0,1803.0,1802.0],0.0006717894],
[[1805.0,1802.0,1805.0,1802.0],0.0006749271],
[[1807.0,1802.0,1807.0,1802.0],0.0006668249],
[[1812.0,1802.0,1812.0,1802.0],0.0006782987],
[[1822.0,1802.0,1822.0,1802.0],0.0006213269],
[[1842.0,1802.0,1842.0,1802.0],0.000440608],
[[1862.0,1802.0,1862.0,1802.0],0.0003255058],
[[1882.0,1802.0,1882.0,1802.0],0.0002605423],
[[1903.0,1902.0,1903.0,1902.0],0.0006791484],
[[1905.0,1902.0,1905.0,1902.0],0.0007071992],
[[1907.0,1902.0,1907.0,1902.0],0.0006833015],
[[1912.0,1902.0,1912.0,1902.0],0.0006633972],
[[1922.0,1902.0,1922.0,1902.0],0.0006212239],
[[1942.0,1902.0,1942.0,1902.0],0.000470631],
[[1962.0,1902.0,1962.0,1902.0],0.0003337297],
[[1982.0,1902.0,1982.0,1902.0],0.0002510398],
[[2003.0,2002.0,2003.0,2002.0],0.0006963206],
[[2005.0,2002.0,2005.0,2002.0],0.0006861896],
[[2007.0,2002.0,2007.0,2002.0],0.0006841469],
[[2012.0,2002.0,2012.0,2002.0],0.0006710502],
[[2022.0,2002.0,2022.0,2002.0],0.0006162372],
[[2042.0,2002.0,2042.0,2002.0],0.0004687715],
[[2062.0,2002.0,2062.0,2002.0],0.0003450006],
[[2082.0,2002.0,2082.0,2002.0],0.0002698632]]
