txName: TChiISR
constraint: {(PV > MET(1), MET(2))}
condition: None
conditionDescription: None
figureUrl: None
source: Recast by MA5
validated: True
axesMap: [{0: 'x', 1: 'y'}]
dataMap: {0: (1, 'mass', GeV), 1: (2, 'mass', GeV)}
finalState: ['MET', 'MET']
efficiencyMap: [[[1.0,10.0],1.419869e-07],
[[1.0,20.0],9.587407e-08],
[[1.0,30.0],2.396348e-07],
[[1.0,40.0],1.129306e-07],
[[1.0,50.0],1.134668e-06],
[[1.0,60.0],1.20953e-07],
[[5.0,10.0],7.314359e-08],
[[7.0,10.0],7.979446e-08],
[[9.0,10.0],9.036538e-08],
[[10.0,1.0],1.419869e-07],
[[10.0,5.0],7.314359e-08],
[[10.0,7.0],7.979446e-08],
[[10.0,9.0],9.036538e-08],
[[10.0,10.0],9.442749e-07],
[[12.0,62.0],4.612392e-07],
[[12.0,72.0],6.393817e-07],
[[12.0,82.0],7.327074e-07],
[[12.0,92.0],2.828342e-06],
[[12.0,102.0],1.818048e-06],
[[12.0,212.0],1.485665e-05],
[[12.0,312.0],4.430334e-05],
[[15.0,20.0],2.093939e-07],
[[17.0,20.0],8.504386e-08],
[[19.0,20.0],6.042564e-08],
[[20.0,1.0],9.587407e-08],
[[20.0,15.0],2.093939e-07],
[[20.0,17.0],8.504386e-08],
[[20.0,19.0],6.042564e-08],
[[20.0,20.0],5.94098e-08],
[[20.0,30.0],1.435763e-07],
[[20.0,40.0],4.526202e-07],
[[20.0,50.0],1.157223e-07],
[[20.0,60.0],1.61492e-07],
[[25.0,30.0],1.243327e-07],
[[27.0,30.0],1.086327e-06],
[[29.0,30.0],2.462869e-06],
[[30.0,1.0],2.396348e-07],
[[30.0,20.0],1.435763e-07],
[[30.0,25.0],1.243327e-07],
[[30.0,27.0],1.086327e-06],
[[30.0,29.0],2.462869e-06],
[[30.0,30.0],1.884002e-07],
[[30.0,40.0],1.308083e-07],
[[30.0,50.0],3.706725e-07],
[[30.0,60.0],2.379416e-06],
[[32.0,62.0],5.670725e-07],
[[32.0,72.0],1.750888e-06],
[[32.0,82.0],2.04581e-06],
[[32.0,92.0],2.58811e-06],
[[32.0,102.0],3.626844e-06],
[[32.0,112.0],4.718102e-06],
[[32.0,122.0],9.457525e-06],
[[32.0,232.0],2.342781e-05],
[[32.0,332.0],5.35203e-05],
[[35.0,40.0],4.737072e-07],
[[37.0,40.0],1.422841e-07],
[[39.0,40.0],9.800643e-07],
[[40.0,1.0],1.129306e-07],
[[40.0,20.0],4.526202e-07],
[[40.0,30.0],1.308083e-07],
[[40.0,35.0],4.737072e-07],
[[40.0,37.0],1.422841e-07],
[[40.0,39.0],9.800643e-07],
[[40.0,40.0],3.428103e-07],
[[40.0,50.0],8.031766e-07],
[[40.0,60.0],1.691509e-06],
[[45.0,50.0],2.720326e-06],
[[47.0,50.0],9.314149e-07],
[[49.0,50.0],1.174042e-06],
[[50.0,1.0],1.134668e-06],
[[50.0,20.0],1.157223e-07],
[[50.0,30.0],3.706725e-07],
[[50.0,40.0],8.031766e-07],
[[50.0,45.0],2.720326e-06],
[[50.0,47.0],9.314149e-07],
[[50.0,49.0],1.174042e-06],
[[50.0,50.0],8.884338e-07],
[[50.0,60.0],4.762136e-06],
[[52.0,62.0],2.366848e-06],
[[52.0,67.0],2.494048e-06],
[[52.0,72.0],3.120943e-06],
[[52.0,82.0],4.096335e-06],
[[52.0,92.0],3.882304e-06],
[[52.0,102.0],7.644514e-06],
[[52.0,112.0],8.677718e-06],
[[52.0,122.0],7.316237e-06],
[[52.0,132.0],1.6263e-05],
[[52.0,142.0],2.862691e-05],
[[52.0,252.0],3.156343e-05],
[[52.0,352.0],6.503064e-05],
[[55.0,60.0],1.770666e-06],
[[57.0,60.0],2.0093e-06],
[[59.0,60.0],2.478728e-06],
[[60.0,1.0],1.20953e-07],
[[60.0,20.0],1.61492e-07],
[[60.0,30.0],2.379416e-06],
[[60.0,40.0],1.691509e-06],
[[60.0,50.0],4.762136e-06],
[[60.0,55.0],1.770666e-06],
[[60.0,57.0],2.0093e-06],
[[60.0,59.0],2.478728e-06],
[[60.0,60.0],2.37158e-06],
[[62.0,12.0],4.612392e-07],
[[62.0,32.0],5.670725e-07],
[[62.0,52.0],2.366848e-06],
[[67.0,52.0],2.494048e-06],
[[72.0,12.0],6.393817e-07],
[[72.0,32.0],1.750888e-06],
[[72.0,52.0],3.120943e-06],
[[72.0,72.0],5.454211e-06],
[[72.0,75.0],9.892092e-06],
[[72.0,77.0],4.786433e-06],
[[72.0,82.0],8.243518e-06],
[[72.0,87.0],5.936316e-06],
[[72.0,92.0],8.37682e-06],
[[72.0,102.0],1.251544e-05],
[[72.0,112.0],1.209346e-05],
[[72.0,122.0],9.593158e-06],
[[72.0,132.0],1.288778e-05],
[[72.0,142.0],1.487808e-05],
[[72.0,152.0],1.825477e-05],
[[72.0,162.0],1.985979e-05],
[[72.0,272.0],4.366565e-05],
[[72.0,372.0],7.83239e-05],
[[75.0,72.0],9.892092e-06],
[[77.0,72.0],4.786433e-06],
[[82.0,12.0],7.327074e-07],
[[82.0,32.0],2.04581e-06],
[[82.0,52.0],4.096335e-06],
[[82.0,72.0],8.243518e-06],
[[87.0,72.0],5.936316e-06],
[[92.0,12.0],2.828342e-06],
[[92.0,32.0],2.58811e-06],
[[92.0,52.0],3.882304e-06],
[[92.0,72.0],8.37682e-06],
[[92.0,92.0],1.491486e-05],
[[92.0,95.0],8.73979e-06],
[[92.0,97.0],1.136677e-05],
[[92.0,102.0],1.502076e-05],
[[92.0,107.0],1.982756e-05],
[[92.0,112.0],1.46582e-05],
[[92.0,122.0],1.470898e-05],
[[92.0,132.0],2.159734e-05],
[[92.0,142.0],1.903411e-05],
[[92.0,152.0],1.698838e-05],
[[92.0,162.0],2.238926e-05],
[[92.0,172.0],2.740508e-05],
[[92.0,182.0],2.8027e-05],
[[92.0,292.0],5.883267e-05],
[[92.0,392.0],8.65392e-05],
[[95.0,92.0],8.73979e-06],
[[97.0,92.0],1.136677e-05],
[[102.0,12.0],1.818048e-06],
[[102.0,32.0],3.626844e-06],
[[102.0,52.0],7.644514e-06],
[[102.0,72.0],1.251544e-05],
[[102.0,92.0],1.502076e-05],
[[102.0,102.0],1.200668e-05],
[[102.0,105.0],1.038839e-05],
[[102.0,107.0],1.511376e-05],
[[102.0,112.0],1.397603e-05],
[[102.0,117.0],1.538741e-05],
[[102.0,122.0],1.684051e-05],
[[102.0,132.0],1.760107e-05],
[[102.0,142.0],2.149955e-05],
[[102.0,152.0],2.339092e-05],
[[102.0,162.0],2.89489e-05],
[[102.0,172.0],3.496678e-05],
[[102.0,182.0],2.617494e-05],
[[102.0,192.0],3.123728e-05],
[[102.0,302.0],8.211737e-05],
[[102.0,402.0],0.0001017693],
[[105.0,102.0],1.038839e-05],
[[107.0,92.0],1.982756e-05],
[[107.0,102.0],1.511376e-05],
[[112.0,32.0],4.718102e-06],
[[112.0,52.0],8.677718e-06],
[[112.0,72.0],1.209346e-05],
[[112.0,92.0],1.46582e-05],
[[112.0,102.0],1.397603e-05],
[[117.0,102.0],1.538741e-05],
[[122.0,32.0],9.457525e-06],
[[122.0,52.0],7.316237e-06],
[[122.0,72.0],9.593158e-06],
[[122.0,92.0],1.470898e-05],
[[122.0,102.0],1.684051e-05],
[[132.0,52.0],1.6263e-05],
[[132.0,72.0],1.288778e-05],
[[132.0,92.0],2.159734e-05],
[[132.0,102.0],1.760107e-05],
[[142.0,52.0],2.862691e-05],
[[142.0,72.0],1.487808e-05],
[[142.0,92.0],1.903411e-05],
[[142.0,102.0],2.149955e-05],
[[152.0,72.0],1.825477e-05],
[[152.0,92.0],1.698838e-05],
[[152.0,102.0],2.339092e-05],
[[152.0,152.0],3.908504e-05],
[[152.0,155.0],3.191297e-05],
[[152.0,157.0],3.318588e-05],
[[152.0,162.0],4.565077e-05],
[[152.0,167.0],3.534038e-05],
[[152.0,172.0],3.325382e-05],
[[152.0,182.0],4.581843e-05],
[[152.0,192.0],4.231647e-05],
[[152.0,202.0],5.731574e-05],
[[152.0,212.0],5.170503e-05],
[[152.0,222.0],5.53494e-05],
[[152.0,232.0],6.647193e-05],
[[152.0,242.0],7.152061e-05],
[[152.0,352.0],9.7166e-05],
[[152.0,452.0],0.0001310905],
[[155.0,152.0],3.191297e-05],
[[157.0,152.0],3.318588e-05],
[[162.0,72.0],1.985979e-05],
[[162.0,92.0],2.238926e-05],
[[162.0,102.0],2.89489e-05],
[[162.0,152.0],4.565077e-05],
[[167.0,152.0],3.534038e-05],
[[172.0,92.0],2.740508e-05],
[[172.0,102.0],3.496678e-05],
[[172.0,152.0],3.325382e-05],
[[182.0,92.0],2.8027e-05],
[[182.0,102.0],2.617494e-05],
[[182.0,152.0],4.581843e-05],
[[192.0,102.0],3.123728e-05],
[[192.0,152.0],4.231647e-05],
[[202.0,152.0],5.731574e-05],
[[202.0,202.0],6.827659e-05],
[[202.0,205.0],5.468427e-05],
[[202.0,207.0],6.145608e-05],
[[202.0,212.0],6.166591e-05],
[[202.0,217.0],7.228298e-05],
[[202.0,222.0],6.4942e-05],
[[202.0,232.0],7.716966e-05],
[[202.0,242.0],6.784182e-05],
[[202.0,252.0],8.003076e-05],
[[202.0,262.0],7.579985e-05],
[[202.0,272.0],8.182279e-05],
[[202.0,282.0],8.043292e-05],
[[202.0,292.0],8.861166e-05],
[[202.0,402.0],0.0001324974],
[[202.0,502.0],0.0001773737],
[[205.0,202.0],5.468427e-05],
[[207.0,202.0],6.145608e-05],
[[212.0,12.0],1.485665e-05],
[[212.0,152.0],5.170503e-05],
[[212.0,202.0],6.166591e-05],
[[217.0,202.0],7.228298e-05],
[[222.0,152.0],5.53494e-05],
[[222.0,202.0],6.4942e-05],
[[232.0,32.0],2.342781e-05],
[[232.0,152.0],6.647193e-05],
[[232.0,202.0],7.716966e-05],
[[242.0,152.0],7.152061e-05],
[[242.0,202.0],6.784182e-05],
[[252.0,52.0],3.156343e-05],
[[252.0,202.0],8.003076e-05],
[[252.0,252.0],0.0001290085],
[[252.0,255.0],0.00010612],
[[252.0,257.0],9.681616e-05],
[[252.0,262.0],0.0001234583],
[[252.0,267.0],0.0001043628],
[[252.0,272.0],0.000114856],
[[252.0,282.0],9.859292e-05],
[[252.0,292.0],0.0001146618],
[[252.0,302.0],0.0001126831],
[[252.0,312.0],0.000125966],
[[252.0,322.0],0.000109572],
[[252.0,332.0],0.0001236303],
[[252.0,342.0],0.0001406734],
[[252.0,452.0],0.0001665656],
[[252.0,552.0],0.0002071635],
[[255.0,252.0],0.00010612],
[[257.0,252.0],9.681616e-05],
[[262.0,202.0],7.579985e-05],
[[262.0,252.0],0.0001234583],
[[267.0,252.0],0.0001043628],
[[272.0,72.0],4.366565e-05],
[[272.0,202.0],8.182279e-05],
[[272.0,252.0],0.000114856],
[[282.0,202.0],8.043292e-05],
[[282.0,252.0],9.859292e-05],
[[292.0,92.0],5.883267e-05],
[[292.0,202.0],8.861166e-05],
[[292.0,252.0],0.0001146618],
[[302.0,102.0],8.211737e-05],
[[302.0,252.0],0.0001126831],
[[302.0,302.0],0.0001167634],
[[302.0,305.0],0.0001295839],
[[302.0,307.0],0.0001247228],
[[302.0,312.0],0.0001362213],
[[302.0,317.0],0.0001274188],
[[302.0,322.0],0.0001283481],
[[302.0,332.0],0.0001453545],
[[302.0,342.0],0.00015382],
[[302.0,352.0],0.0001581991],
[[302.0,362.0],0.0001521768],
[[302.0,372.0],0.0001567205],
[[302.0,382.0],0.0001732311],
[[302.0,392.0],0.0001585632],
[[302.0,502.0],0.0002181398],
[[302.0,602.0],0.0002606875],
[[305.0,302.0],0.0001295839],
[[307.0,302.0],0.0001247228],
[[312.0,12.0],4.430334e-05],
[[312.0,252.0],0.000125966],
[[312.0,302.0],0.0001362213],
[[317.0,302.0],0.0001274188],
[[322.0,252.0],0.000109572],
[[322.0,302.0],0.0001283481],
[[332.0,32.0],5.35203e-05],
[[332.0,252.0],0.0001236303],
[[332.0,302.0],0.0001453545],
[[342.0,252.0],0.0001406734],
[[342.0,302.0],0.00015382],
[[352.0,52.0],6.503064e-05],
[[352.0,152.0],9.7166e-05],
[[352.0,302.0],0.0001581991],
[[352.0,352.0],0.0001670349],
[[352.0,355.0],0.0001789026],
[[352.0,357.0],0.000181129],
[[352.0,362.0],0.0001885923],
[[352.0,367.0],0.0001858272],
[[352.0,372.0],0.0001775584],
[[352.0,382.0],0.0001937738],
[[352.0,392.0],0.0001872378],
[[352.0,402.0],0.0002100799],
[[352.0,412.0],0.0001994462],
[[352.0,422.0],0.0001886854],
[[352.0,432.0],0.0001924565],
[[352.0,442.0],0.0002062803],
[[352.0,552.0],0.0002438819],
[[352.0,652.0],0.0002723246],
[[355.0,352.0],0.0001789026],
[[357.0,352.0],0.000181129],
[[362.0,302.0],0.0001521768],
[[362.0,352.0],0.0001885923],
[[367.0,352.0],0.0001858272],
[[372.0,72.0],7.83239e-05],
[[372.0,302.0],0.0001567205],
[[372.0,352.0],0.0001775584],
[[382.0,302.0],0.0001732311],
[[382.0,352.0],0.0001937738],
[[392.0,92.0],8.65392e-05],
[[392.0,302.0],0.0001585632],
[[392.0,352.0],0.0001872378],
[[402.0,102.0],0.0001017693],
[[402.0,202.0],0.0001324974],
[[402.0,352.0],0.0002100799],
[[402.0,402.0],0.0002343715],
[[402.0,405.0],0.0002140495],
[[402.0,407.0],0.0002044032],
[[402.0,412.0],0.0001946383],
[[402.0,417.0],0.0002218487],
[[402.0,422.0],0.0002091925],
[[402.0,432.0],0.0002344308],
[[402.0,442.0],0.0002386063],
[[402.0,452.0],0.0002501685],
[[402.0,462.0],0.0002224332],
[[402.0,472.0],0.0002377346],
[[402.0,482.0],0.0002344199],
[[402.0,492.0],0.0002590533],
[[402.0,602.0],0.0002811316],
[[402.0,702.0],0.0003206495],
[[405.0,402.0],0.0002140495],
[[407.0,402.0],0.0002044032],
[[412.0,352.0],0.0001994462],
[[412.0,402.0],0.0001946383],
[[417.0,402.0],0.0002218487],
[[422.0,352.0],0.0001886854],
[[422.0,402.0],0.0002091925],
[[432.0,352.0],0.0001924565],
[[432.0,402.0],0.0002344308],
[[442.0,352.0],0.0002062803],
[[442.0,402.0],0.0002386063],
[[452.0,152.0],0.0001310905],
[[452.0,252.0],0.0001665656],
[[452.0,402.0],0.0002501685],
[[462.0,402.0],0.0002224332],
[[472.0,402.0],0.0002377346],
[[482.0,402.0],0.0002344199],
[[492.0,402.0],0.0002590533],
[[502.0,202.0],0.0001773737],
[[502.0,302.0],0.0002181398],
[[552.0,252.0],0.0002071635],
[[552.0,352.0],0.0002438819],
[[602.0,302.0],0.0002606875],
[[602.0,402.0],0.0002811316],
[[602.0,602.0],0.0003614859],
[[602.0,605.0],0.0003438265],
[[602.0,607.0],0.0003429725],
[[602.0,612.0],0.0003483482],
[[602.0,617.0],0.000353182],
[[602.0,622.0],0.0003684044],
[[602.0,632.0],0.0003538138],
[[602.0,642.0],0.0003417511],
[[602.0,652.0],0.0003717475],
[[602.0,662.0],0.0003662783],
[[602.0,672.0],0.0003706544],
[[602.0,682.0],0.0003942362],
[[602.0,692.0],0.0003834329],
[[602.0,802.0],0.0004046022],
[[602.0,902.0],0.0004487086],
[[605.0,602.0],0.0003438265],
[[607.0,602.0],0.0003429725],
[[612.0,602.0],0.0003483482],
[[617.0,602.0],0.000353182],
[[622.0,602.0],0.0003684044],
[[632.0,602.0],0.0003538138],
[[642.0,602.0],0.0003417511],
[[652.0,352.0],0.0002723246],
[[652.0,602.0],0.0003717475],
[[662.0,602.0],0.0003662783],
[[672.0,602.0],0.0003706544],
[[682.0,602.0],0.0003942362],
[[692.0,602.0],0.0003834329],
[[702.0,402.0],0.0003206495],
[[802.0,602.0],0.0004046022],
[[802.0,802.0],0.0004591056],
[[802.0,805.0],0.0004787923],
[[802.0,807.0],0.0004817282],
[[802.0,812.0],0.0004573334],
[[802.0,817.0],0.00047108],
[[802.0,822.0],0.000471207],
[[802.0,832.0],0.0004759084],
[[802.0,842.0],0.0004549436],
[[802.0,852.0],0.0005166768],
[[802.0,862.0],0.0004876487],
[[802.0,872.0],0.0004943449],
[[802.0,882.0],0.0004922851],
[[802.0,892.0],0.0005072135],
[[802.0,1002.0],0.0005178657],
[[802.0,1102.0],0.0005269878],
[[805.0,802.0],0.0004787923],
[[807.0,802.0],0.0004817282],
[[812.0,802.0],0.0004573334],
[[817.0,802.0],0.00047108],
[[822.0,802.0],0.000471207],
[[832.0,802.0],0.0004759084],
[[842.0,802.0],0.0004549436],
[[852.0,802.0],0.0005166768],
[[862.0,802.0],0.0004876487],
[[872.0,802.0],0.0004943449],
[[882.0,802.0],0.0004922851],
[[892.0,802.0],0.0005072135],
[[902.0,602.0],0.0004487086],
[[1002.0,802.0],0.0005178657],
[[1002.0,1002.0],0.000564308],
[[1002.0,1005.0],0.0005539644],
[[1002.0,1007.0],0.0005605614],
[[1002.0,1012.0],0.0005616266],
[[1002.0,1017.0],0.0005673102],
[[1002.0,1022.0],0.0005691519],
[[1002.0,1032.0],0.0005656524],
[[1002.0,1042.0],0.0005544884],
[[1002.0,1052.0],0.0005604502],
[[1002.0,1062.0],0.0005740917],
[[1002.0,1072.0],0.0005680322],
[[1002.0,1082.0],0.0005609221],
[[1002.0,1092.0],0.0005660229],
[[1002.0,1202.0],0.0005846105],
[[1002.0,1302.0],0.0006035208],
[[1005.0,1002.0],0.0005539644],
[[1007.0,1002.0],0.0005605614],
[[1012.0,1002.0],0.0005616266],
[[1017.0,1002.0],0.0005673102],
[[1022.0,1002.0],0.0005691519],
[[1032.0,1002.0],0.0005656524],
[[1042.0,1002.0],0.0005544884],
[[1052.0,1002.0],0.0005604502],
[[1062.0,1002.0],0.0005740917],
[[1072.0,1002.0],0.0005680322],
[[1082.0,1002.0],0.0005609221],
[[1092.0,1002.0],0.0005660229],
[[1102.0,802.0],0.0005269878],
[[1202.0,1002.0],0.0005846105],
[[1202.0,1202.0],0.0005990765],
[[1202.0,1205.0],0.0005748586],
[[1202.0,1207.0],0.0006021927],
[[1202.0,1212.0],0.0005960681],
[[1202.0,1217.0],0.0006028254],
[[1202.0,1222.0],0.000606795],
[[1202.0,1232.0],0.0006385159],
[[1202.0,1242.0],0.0006105282],
[[1202.0,1252.0],0.0006031398],
[[1202.0,1262.0],0.0006381533],
[[1202.0,1272.0],0.0006226973],
[[1202.0,1282.0],0.0006070946],
[[1202.0,1292.0],0.0006221166],
[[1202.0,1402.0],0.0006300129],
[[1202.0,1502.0],0.0006275133],
[[1205.0,1202.0],0.0005748586],
[[1207.0,1202.0],0.0006021927],
[[1212.0,1202.0],0.0005960681],
[[1217.0,1202.0],0.0006028254],
[[1222.0,1202.0],0.000606795],
[[1232.0,1202.0],0.0006385159],
[[1242.0,1202.0],0.0006105282],
[[1252.0,1202.0],0.0006031398],
[[1262.0,1202.0],0.0006381533],
[[1272.0,1202.0],0.0006226973],
[[1282.0,1202.0],0.0006070946],
[[1292.0,1202.0],0.0006221166],
[[1302.0,1002.0],0.0006035208],
[[1402.0,1202.0],0.0006300129],
[[1402.0,1402.0],0.0006261157],
[[1402.0,1405.0],0.0006512755],
[[1402.0,1407.0],0.0006597523],
[[1402.0,1412.0],0.0006644742],
[[1402.0,1417.0],0.0006586535],
[[1402.0,1422.0],0.0006601618],
[[1402.0,1432.0],0.0006501096],
[[1402.0,1442.0],0.0006419018],
[[1402.0,1452.0],0.0006646029],
[[1402.0,1462.0],0.0006559605],
[[1402.0,1472.0],0.000637752],
[[1402.0,1482.0],0.0006524666],
[[1402.0,1492.0],0.0006550932],
[[1402.0,1602.0],0.0006302758],
[[1402.0,1702.0],0.0006398997],
[[1405.0,1402.0],0.0006512755],
[[1407.0,1402.0],0.0006597523],
[[1412.0,1402.0],0.0006644742],
[[1417.0,1402.0],0.0006586535],
[[1422.0,1402.0],0.0006601618],
[[1432.0,1402.0],0.0006501096],
[[1442.0,1402.0],0.0006419018],
[[1452.0,1402.0],0.0006646029],
[[1462.0,1402.0],0.0006559605],
[[1472.0,1402.0],0.000637752],
[[1482.0,1402.0],0.0006524666],
[[1492.0,1402.0],0.0006550932],
[[1502.0,1202.0],0.0006275133],
[[1602.0,1402.0],0.0006302758],
[[1602.0,1602.0],0.0006699262],
[[1602.0,1605.0],0.0006520789],
[[1602.0,1607.0],0.0006734729],
[[1602.0,1612.0],0.0006370268],
[[1602.0,1617.0],0.0006437118],
[[1602.0,1622.0],0.0006672475],
[[1602.0,1632.0],0.0006737174],
[[1602.0,1642.0],0.0006703594],
[[1602.0,1652.0],0.0006512253],
[[1602.0,1662.0],0.0006712023],
[[1602.0,1672.0],0.0006641766],
[[1602.0,1682.0],0.000683992],
[[1602.0,1692.0],0.0006629659],
[[1602.0,1802.0],0.0006700573],
[[1602.0,1902.0],0.0006607198],
[[1605.0,1602.0],0.0006520789],
[[1607.0,1602.0],0.0006734729],
[[1612.0,1602.0],0.0006370268],
[[1617.0,1602.0],0.0006437118],
[[1622.0,1602.0],0.0006672475],
[[1632.0,1602.0],0.0006737174],
[[1642.0,1602.0],0.0006703594],
[[1652.0,1602.0],0.0006512253],
[[1662.0,1602.0],0.0006712023],
[[1672.0,1602.0],0.0006641766],
[[1682.0,1602.0],0.000683992],
[[1692.0,1602.0],0.0006629659],
[[1702.0,1402.0],0.0006398997],
[[1802.0,1602.0],0.0006700573],
[[1802.0,1802.0],0.0006964808],
[[1802.0,1805.0],0.0006857507],
[[1802.0,1807.0],0.0006943061],
[[1802.0,1812.0],0.0006595813],
[[1802.0,1817.0],0.0006900994],
[[1802.0,1822.0],0.0006745914],
[[1802.0,1832.0],0.0006798121],
[[1802.0,1842.0],0.00065668],
[[1802.0,1852.0],0.0006614096],
[[1802.0,1862.0],0.0006839432],
[[1802.0,1872.0],0.0006806067],
[[1802.0,1882.0],0.0006828115],
[[1802.0,1892.0],0.0006740009],
[[1802.0,2002.0],0.000660034],
[[1802.0,2102.0],0.0006739243],
[[1805.0,1802.0],0.0006857507],
[[1807.0,1802.0],0.0006943061],
[[1812.0,1802.0],0.0006595813],
[[1817.0,1802.0],0.0006900994],
[[1822.0,1802.0],0.0006745914],
[[1832.0,1802.0],0.0006798121],
[[1842.0,1802.0],0.00065668],
[[1852.0,1802.0],0.0006614096],
[[1862.0,1802.0],0.0006839432],
[[1872.0,1802.0],0.0006806067],
[[1882.0,1802.0],0.0006828115],
[[1892.0,1802.0],0.0006740009],
[[1902.0,1602.0],0.0006607198],
[[2002.0,1802.0],0.000660034],
[[2002.0,2002.0],0.0006914213],
[[2002.0,2005.0],0.000681191],
[[2002.0,2007.0],0.0006649976],
[[2002.0,2012.0],0.000663357],
[[2002.0,2017.0],0.0006753895],
[[2002.0,2022.0],0.0006821075],
[[2002.0,2032.0],0.0006705696],
[[2002.0,2042.0],0.0006783496],
[[2002.0,2052.0],0.0006725277],
[[2002.0,2062.0],0.0006854552],
[[2002.0,2072.0],0.0006687883],
[[2002.0,2082.0],0.0006662622],
[[2002.0,2092.0],0.000673057],
[[2002.0,2202.0],0.0006901202],
[[2002.0,2302.0],0.0006767566],
[[2005.0,2002.0],0.000681191],
[[2007.0,2002.0],0.0006649976],
[[2012.0,2002.0],0.000663357],
[[2017.0,2002.0],0.0006753895],
[[2022.0,2002.0],0.0006821075],
[[2032.0,2002.0],0.0006705696],
[[2042.0,2002.0],0.0006783496],
[[2052.0,2002.0],0.0006725277],
[[2062.0,2002.0],0.0006854552],
[[2072.0,2002.0],0.0006687883],
[[2082.0,2002.0],0.0006662622],
[[2092.0,2002.0],0.000673057],
[[2102.0,1802.0],0.0006739243],
[[2202.0,2002.0],0.0006901202],
[[2302.0,2002.0],0.0006767566]]
