txName: TRV1
constraint: {(PV > Zprime(1)), (Zprime(1) > MET(2),MET(3))}
condition: None
conditionDescription: None
figureUrl: https://atlas.web.cern.ch/Atlas/GROUPS/PHYSICS/PAPERS/EXOT-2018-06/figaux_06.png
source: CMS
validated: True
axesMap: [{0: 'x', 1: 'y', 2: 'y'}]
dataMap: {0: (1, 'mass', GeV), 1: (2, 'mass', GeV), 2: (3, 'mass', GeV)}
finalState: ['MET', 'MET']
efficiencyMap: [[[100.0,0.0,0.0],2.354004e-06],
[[100.0,50.0,50.0],6.560963e-07],
[[200.0,0.0,0.0],1.613576e-06],
[[200.0,50.0,50.0],1.257426e-06],
[[200.0,100.0,100.0],1.323576e-06],
[[300.0,0.0,0.0],4.968728e-06],
[[300.0,50.0,50.0],4.265347e-06],
[[300.0,100.0,100.0],7.790106e-06],
[[300.0,150.0,150.0],6.35649e-06],
[[400.0,0.0,0.0],1.106879e-05],
[[400.0,50.0,50.0],1.078464e-05],
[[400.0,100.0,100.0],8.01124e-06],
[[400.0,150.0,150.0],1.222274e-05],
[[400.0,200.0,200.0],1.619246e-05],
[[500.0,0.0,0.0],2.292437e-05],
[[500.0,50.0,50.0],1.921816e-05],
[[500.0,100.0,100.0],1.822713e-05],
[[500.0,150.0,150.0],2.681752e-05],
[[500.0,200.0,200.0],1.917112e-05],
[[500.0,250.0,250.0],2.511582e-05],
[[600.0,0.0,0.0],2.783545e-05],
[[600.0,50.0,50.0],3.397339e-05],
[[600.0,100.0,100.0],3.555604e-05],
[[600.0,150.0,150.0],3.505805e-05],
[[600.0,200.0,200.0],4.810895e-05],
[[600.0,250.0,250.0],3.632638e-05],
[[600.0,300.0,300.0],5.389923e-05],
[[700.0,0.0,0.0],4.515022e-05],
[[700.0,50.0,50.0],4.828004e-05],
[[700.0,100.0,100.0],4.914955e-05],
[[700.0,150.0,150.0],5.751259e-05],
[[700.0,200.0,200.0],5.165664e-05],
[[700.0,250.0,250.0],4.431744e-05],
[[700.0,300.0,300.0],4.665661e-05],
[[700.0,350.0,350.0],5.395079e-05],
[[800.0,0.0,0.0],6.49364e-05],
[[800.0,50.0,50.0],6.230446e-05],
[[800.0,100.0,100.0],6.189039e-05],
[[800.0,150.0,150.0],7.03774e-05],
[[800.0,200.0,200.0],7.653026e-05],
[[800.0,250.0,250.0],5.976276e-05],
[[800.0,300.0,300.0],7.134185e-05],
[[800.0,350.0,350.0],7.064422e-05],
[[800.0,400.0,400.0],7.434283e-05],
[[900.0,0.0,0.0],8.967153e-05],
[[900.0,50.0,50.0],8.303978e-05],
[[900.0,100.0,100.0],8.340484e-05],
[[900.0,150.0,150.0],8.242099e-05],
[[900.0,200.0,200.0],8.721022e-05],
[[900.0,250.0,250.0],8.626088e-05],
[[900.0,300.0,300.0],0.0001011008],
[[900.0,350.0,350.0],8.956787e-05],
[[900.0,400.0,400.0],0.0001023891],
[[900.0,450.0,450.0],9.739546e-05],
[[1000.0,0.0,0.0],0.0001007761],
[[1000.0,50.0,50.0],0.0001101598],
[[1000.0,100.0,100.0],0.0001103209],
[[1000.0,150.0,150.0],0.000105024],
[[1000.0,200.0,200.0],0.0001071228],
[[1000.0,250.0,250.0],0.0001212673],
[[1000.0,300.0,300.0],0.0001148228],
[[1000.0,350.0,350.0],0.0001152475],
[[1000.0,400.0,400.0],0.000109192],
[[1000.0,450.0,450.0],0.0001240868],
[[1000.0,500.0,500.0],0.0001298833],
[[1100.0,0.0,0.0],0.0001300899],
[[1100.0,50.0,50.0],0.0001353554],
[[1100.0,100.0,100.0],0.0001330162],
[[1100.0,150.0,150.0],0.0001277645],
[[1100.0,200.0,200.0],0.0001432769],
[[1100.0,250.0,250.0],0.0001372377],
[[1100.0,300.0,300.0],0.0001390422],
[[1100.0,350.0,350.0],0.0001356925],
[[1100.0,400.0,400.0],0.0001396832],
[[1100.0,450.0,450.0],0.0001446732],
[[1100.0,500.0,500.0],0.0001548468],
[[1100.0,550.0,550.0],0.000170668],
[[1200.0,0.0,0.0],0.0001556743],
[[1200.0,50.0,50.0],0.0001478203],
[[1200.0,100.0,100.0],0.0001638891],
[[1200.0,150.0,150.0],0.0001594365],
[[1200.0,200.0,200.0],0.000170329],
[[1200.0,250.0,250.0],0.0001641928],
[[1200.0,300.0,300.0],0.0001750113],
[[1200.0,350.0,350.0],0.0001761538],
[[1200.0,400.0,400.0],0.0001739849],
[[1200.0,450.0,450.0],0.0001683956],
[[1200.0,500.0,500.0],0.0001761616],
[[1200.0,550.0,550.0],0.0001721144],
[[1200.0,600.0,600.0],0.0001983004],
[[1300.0,0.0,0.0],0.0001854302],
[[1300.0,50.0,50.0],0.0001801081],
[[1300.0,100.0,100.0],0.0001774511],
[[1300.0,150.0,150.0],0.0001939015],
[[1300.0,200.0,200.0],0.0001891201],
[[1300.0,250.0,250.0],0.0001846904],
[[1300.0,300.0,300.0],0.0002070687],
[[1300.0,350.0,350.0],0.0002039212],
[[1300.0,400.0,400.0],0.0001963325],
[[1300.0,450.0,450.0],0.0002168877],
[[1300.0,500.0,500.0],0.0002091607],
[[1300.0,550.0,550.0],0.0002160615],
[[1300.0,600.0,600.0],0.000220157],
[[1300.0,650.0,650.0],0.0002160692],
[[1400.0,0.0,0.0],0.000213595],
[[1400.0,50.0,50.0],0.0002124726],
[[1400.0,100.0,100.0],0.0002274271],
[[1400.0,150.0,150.0],0.0002284558],
[[1400.0,200.0,200.0],0.0002199704],
[[1400.0,250.0,250.0],0.0002330318],
[[1400.0,300.0,300.0],0.0002257932],
[[1400.0,350.0,350.0],0.0002168925],
[[1400.0,400.0,400.0],0.0002363769],
[[1400.0,450.0,450.0],0.0002567857],
[[1400.0,500.0,500.0],0.0002407929],
[[1400.0,550.0,550.0],0.0002371443],
[[1400.0,600.0,600.0],0.0002431786],
[[1400.0,650.0,650.0],0.0002292482],
[[1400.0,700.0,700.0],0.0002458744],
[[1500.0,0.0,0.0],0.0002465046],
[[1500.0,50.0,50.0],0.0002253447],
[[1500.0,100.0,100.0],0.0002427449],
[[1500.0,150.0,150.0],0.0002550531],
[[1500.0,200.0,200.0],0.0002537439],
[[1500.0,250.0,250.0],0.0002634278],
[[1500.0,300.0,300.0],0.0002611852],
[[1500.0,350.0,350.0],0.0002523132],
[[1500.0,400.0,400.0],0.0002649649],
[[1500.0,450.0,450.0],0.0002458627],
[[1500.0,500.0,500.0],0.0002463837],
[[1500.0,550.0,550.0],0.000263813],
[[1500.0,600.0,600.0],0.000268343],
[[1500.0,650.0,650.0],0.0002797754],
[[1500.0,700.0,700.0],0.0002650222],
[[1500.0,750.0,750.0],0.0002766696],
[[1600.0,0.0,0.0],0.0002678548],
[[1600.0,50.0,50.0],0.0002616021],
[[1600.0,100.0,100.0],0.0002679783],
[[1600.0,150.0,150.0],0.0002688625],
[[1600.0,200.0,200.0],0.0002877501],
[[1600.0,250.0,250.0],0.0002697209],
[[1600.0,300.0,300.0],0.0002798812],
[[1600.0,350.0,350.0],0.0002959492],
[[1600.0,400.0,400.0],0.0003001481],
[[1600.0,450.0,450.0],0.0002942222],
[[1600.0,500.0,500.0],0.0002772145],
[[1600.0,550.0,550.0],0.0002915613],
[[1600.0,600.0,600.0],0.0002952308],
[[1600.0,650.0,650.0],0.0002858654],
[[1600.0,700.0,700.0],0.000282667],
[[1600.0,750.0,750.0],0.000321325],
[[1600.0,800.0,800.0],0.0003216106],
[[1700.0,0.0,0.0],0.0002966804],
[[1700.0,50.0,50.0],0.000298821],
[[1700.0,100.0,100.0],0.0002959617],
[[1700.0,150.0,150.0],0.0003061784],
[[1700.0,200.0,200.0],0.0002967825],
[[1700.0,250.0,250.0],0.0002999085],
[[1700.0,300.0,300.0],0.0003143148],
[[1700.0,350.0,350.0],0.0003187077],
[[1700.0,400.0,400.0],0.0003098606],
[[1700.0,450.0,450.0],0.000313394],
[[1700.0,500.0,500.0],0.0003083965],
[[1700.0,550.0,550.0],0.0003150914],
[[1700.0,600.0,600.0],0.0003137055],
[[1700.0,650.0,650.0],0.0003296465],
[[1700.0,700.0,700.0],0.0003152776],
[[1700.0,750.0,750.0],0.0003392547],
[[1700.0,800.0,800.0],0.0003512458],
[[1700.0,850.0,850.0],0.0003391093],
[[1800.0,0.0,0.0],0.0003078456],
[[1800.0,50.0,50.0],0.0003119761],
[[1800.0,100.0,100.0],0.0003082708],
[[1800.0,150.0,150.0],0.0003274609],
[[1800.0,200.0,200.0],0.0003225095],
[[1800.0,250.0,250.0],0.0003472375],
[[1800.0,300.0,300.0],0.0003356548],
[[1800.0,350.0,350.0],0.0003339679],
[[1800.0,400.0,400.0],0.0003667226],
[[1800.0,450.0,450.0],0.0003274975],
[[1800.0,500.0,500.0],0.0003448421],
[[1800.0,550.0,550.0],0.0003544202],
[[1800.0,600.0,600.0],0.0003429552],
[[1800.0,650.0,650.0],0.0003698111],
[[1800.0,700.0,700.0],0.0003368227],
[[1800.0,750.0,750.0],0.0003658814],
[[1800.0,800.0,800.0],0.0003425308],
[[1800.0,850.0,850.0],0.0003582661],
[[1800.0,900.0,900.0],0.0004122591],
[[1900.0,0.0,0.0],0.0003299189],
[[1900.0,50.0,50.0],0.0003274443],
[[1900.0,100.0,100.0],0.0003464364],
[[1900.0,150.0,150.0],0.0003632959],
[[1900.0,200.0,200.0],0.0003550831],
[[1900.0,250.0,250.0],0.0003503222],
[[1900.0,300.0,300.0],0.0003804744],
[[1900.0,350.0,350.0],0.0003579732],
[[1900.0,400.0,400.0],0.0003717082],
[[1900.0,450.0,450.0],0.0003750436],
[[1900.0,500.0,500.0],0.0003753002],
[[1900.0,550.0,550.0],0.0003614517],
[[1900.0,600.0,600.0],0.0003787495],
[[1900.0,650.0,650.0],0.0003638896],
[[1900.0,700.0,700.0],0.0003764016],
[[1900.0,750.0,750.0],0.0003924666],
[[1900.0,800.0,800.0],0.0003774138],
[[1900.0,850.0,850.0],0.0003818843],
[[1900.0,900.0,900.0],0.0003777843],
[[1900.0,950.0,950.0],0.0004119637],
[[2000.0,0.0,0.0],0.0003545009],
[[2000.0,50.0,50.0],0.0003649114],
[[2000.0,100.0,100.0],0.0003528919],
[[2000.0,150.0,150.0],0.0003736652],
[[2000.0,200.0,200.0],0.0003634887],
[[2000.0,250.0,250.0],0.0003821628],
[[2000.0,300.0,300.0],0.0003916148],
[[2000.0,350.0,350.0],0.0003801543],
[[2000.0,400.0,400.0],0.0003902171],
[[2000.0,450.0,450.0],0.0004007768],
[[2000.0,500.0,500.0],0.0003969647],
[[2000.0,550.0,550.0],0.0004040395],
[[2000.0,600.0,600.0],0.0004012083],
[[2000.0,650.0,650.0],0.0004043581],
[[2000.0,700.0,700.0],0.0003876599],
[[2000.0,750.0,750.0],0.0003973422],
[[2000.0,800.0,800.0],0.0004096088],
[[2000.0,850.0,850.0],0.0004007391],
[[2000.0,900.0,900.0],0.0004151701],
[[2000.0,950.0,950.0],0.0004225565],
[[2000.0,1000.0,1000.0],0.0004360065],
[[2100.0,0.0,0.0],0.0003791918],
[[2100.0,50.0,50.0],0.0003736277],
[[2100.0,100.0,100.0],0.000373432],
[[2100.0,150.0,150.0],0.0003808895],
[[2100.0,200.0,200.0],0.0003846098],
[[2100.0,250.0,250.0],0.0004020757],
[[2100.0,300.0,300.0],0.000412526],
[[2100.0,350.0,350.0],0.0003999044],
[[2100.0,400.0,400.0],0.0004056336],
[[2100.0,450.0,450.0],0.0004103775],
[[2100.0,500.0,500.0],0.0004262678],
[[2100.0,550.0,550.0],0.0004175422],
[[2100.0,600.0,600.0],0.0004301058],
[[2100.0,650.0,650.0],0.0004591122],
[[2100.0,700.0,700.0],0.000426799],
[[2100.0,750.0,750.0],0.0004643226],
[[2100.0,800.0,800.0],0.0004293827],
[[2100.0,850.0,850.0],0.0004372823],
[[2100.0,900.0,900.0],0.0004381416],
[[2100.0,950.0,950.0],0.0004386923],
[[2100.0,1000.0,1000.0],0.0004382603],
[[2100.0,1050.0,1050.0],0.0004400098],
[[2200.0,0.0,0.0],0.0003872457],
[[2200.0,50.0,50.0],0.0004056144],
[[2200.0,100.0,100.0],0.0003962704],
[[2200.0,150.0,150.0],0.0004134878],
[[2200.0,200.0,200.0],0.0004123299],
[[2200.0,250.0,250.0],0.0004367074],
[[2200.0,300.0,300.0],0.000408788],
[[2200.0,350.0,350.0],0.0004198553],
[[2200.0,400.0,400.0],0.000432237],
[[2200.0,450.0,450.0],0.0004332882],
[[2200.0,500.0,500.0],0.0004571807],
[[2200.0,550.0,550.0],0.0004525539],
[[2200.0,600.0,600.0],0.0004586327],
[[2200.0,650.0,650.0],0.0004416538],
[[2200.0,700.0,700.0],0.0004430801],
[[2200.0,750.0,750.0],0.0004637222],
[[2200.0,800.0,800.0],0.0004484775],
[[2200.0,850.0,850.0],0.0004507065],
[[2200.0,900.0,900.0],0.0004498312],
[[2200.0,950.0,950.0],0.0004472224],
[[2200.0,1000.0,1000.0],0.000448368],
[[2200.0,1050.0,1050.0],0.0004720379],
[[2200.0,1100.0,1100.0],0.0004843774]]
