txName: TChiISR
constraint: {(PV > MET(1), MET(2))}
condition: None
conditionDescription: None
figureUrl: None
source: Recast by MA5
validated: True
axesMap: [{0: 'x', 1: 'y'}]
dataMap: {0: (1, 'mass', GeV), 1: (2, 'mass', GeV)}
finalState: ['MET', 'MET']
efficiencyMap: [[[1.0,10.0],0.0007658311],
[[1.0,20.0],0.0008119645],
[[1.0,30.0],0.0008068597],
[[1.0,40.0],0.0007927911],
[[1.0,50.0],0.0007665503],
[[1.0,60.0],0.0007506203],
[[5.0,10.0],0.0007772571],
[[7.0,10.0],0.0008445392],
[[9.0,10.0],0.0008190341],
[[10.0,1.0],0.0007658311],
[[10.0,5.0],0.0007772571],
[[10.0,7.0],0.0008445392],
[[10.0,9.0],0.0008190341],
[[10.0,10.0],0.0008363547],
[[12.0,62.0],0.0008305796],
[[12.0,72.0],0.001016784],
[[12.0,82.0],0.002311012],
[[12.0,92.0],0.003711878],
[[12.0,102.0],0.005102278],
[[12.0,212.0],0.01723154],
[[12.0,312.0],0.02652917],
[[15.0,20.0],0.0008400714],
[[17.0,20.0],0.0008413529],
[[19.0,20.0],0.0008168734],
[[20.0,1.0],0.0008119645],
[[20.0,15.0],0.0008400714],
[[20.0,17.0],0.0008413529],
[[20.0,19.0],0.0008168734],
[[20.0,20.0],0.0008233395],
[[20.0,30.0],0.0007682268],
[[20.0,40.0],0.00076258],
[[20.0,50.0],0.0008323779],
[[20.0,60.0],0.0008156919],
[[25.0,30.0],0.0008553215],
[[27.0,30.0],0.0008188373],
[[29.0,30.0],0.0008088089],
[[30.0,1.0],0.0008068597],
[[30.0,20.0],0.0007682268],
[[30.0,25.0],0.0008553215],
[[30.0,27.0],0.0008188373],
[[30.0,29.0],0.0008088089],
[[30.0,30.0],0.000810779],
[[30.0,40.0],0.0008168194],
[[30.0,50.0],0.0008618794],
[[30.0,60.0],0.001434748],
[[32.0,62.0],0.002339551],
[[32.0,72.0],0.003684679],
[[32.0,82.0],0.004833244],
[[32.0,92.0],0.006259004],
[[32.0,102.0],0.007291163],
[[32.0,112.0],0.0082041],
[[32.0,122.0],0.009321902],
[[32.0,232.0],0.02061208],
[[32.0,332.0],0.02926401],
[[35.0,40.0],0.0008458035],
[[37.0,40.0],0.0008777666],
[[39.0,40.0],0.0008436249],
[[40.0,1.0],0.0007927911],
[[40.0,20.0],0.00076258],
[[40.0,30.0],0.0008168194],
[[40.0,35.0],0.0008458035],
[[40.0,37.0],0.0008777666],
[[40.0,39.0],0.0008436249],
[[40.0,40.0],0.0008844007],
[[40.0,50.0],0.001431321],
[[40.0,60.0],0.003016314],
[[45.0,50.0],0.002447832],
[[47.0,50.0],0.002544091],
[[49.0,50.0],0.002960308],
[[50.0,1.0],0.0007665503],
[[50.0,20.0],0.0008323779],
[[50.0,30.0],0.0008618794],
[[50.0,40.0],0.001431321],
[[50.0,45.0],0.002447832],
[[50.0,47.0],0.002544091],
[[50.0,49.0],0.002960308],
[[50.0,50.0],0.003091087],
[[50.0,60.0],0.004249584],
[[52.0,62.0],0.00481971],
[[52.0,67.0],0.005358926],
[[52.0,72.0],0.006123697],
[[52.0,82.0],0.007318289],
[[52.0,92.0],0.00843844],
[[52.0,102.0],0.009450864],
[[52.0,112.0],0.01042166],
[[52.0,122.0],0.01181068],
[[52.0,132.0],0.01239697],
[[52.0,142.0],0.01355451],
[[52.0,252.0],0.02436961],
[[52.0,352.0],0.03222747],
[[55.0,60.0],0.004807273],
[[57.0,60.0],0.005129166],
[[59.0,60.0],0.005294583],
[[60.0,1.0],0.0007506203],
[[60.0,20.0],0.0008156919],
[[60.0,30.0],0.001434748],
[[60.0,40.0],0.003016314],
[[60.0,50.0],0.004249584],
[[60.0,55.0],0.004807273],
[[60.0,57.0],0.005129166],
[[60.0,59.0],0.005294583],
[[60.0,60.0],0.005478046],
[[62.0,12.0],0.0008305796],
[[62.0,32.0],0.002339551],
[[62.0,52.0],0.00481971],
[[67.0,52.0],0.005358926],
[[72.0,12.0],0.001016784],
[[72.0,32.0],0.003684679],
[[72.0,52.0],0.006123697],
[[72.0,72.0],0.008179164],
[[72.0,75.0],0.008412517],
[[72.0,77.0],0.008789676],
[[72.0,82.0],0.009578904],
[[72.0,87.0],0.01004523],
[[72.0,92.0],0.01078155],
[[72.0,102.0],0.01199257],
[[72.0,112.0],0.01287305],
[[72.0,122.0],0.01355653],
[[72.0,132.0],0.0149312],
[[72.0,142.0],0.01548545],
[[72.0,152.0],0.01695843],
[[72.0,162.0],0.017956],
[[72.0,272.0],0.02770352],
[[72.0,372.0],0.0351778],
[[75.0,72.0],0.008412517],
[[77.0,72.0],0.008789676],
[[82.0,12.0],0.002311012],
[[82.0,32.0],0.004833244],
[[82.0,52.0],0.007318289],
[[82.0,72.0],0.009578904],
[[87.0,72.0],0.01004523],
[[92.0,12.0],0.003711878],
[[92.0,32.0],0.006259004],
[[92.0,52.0],0.00843844],
[[92.0,72.0],0.01078155],
[[92.0,92.0],0.01278494],
[[92.0,95.0],0.01329836],
[[92.0,97.0],0.01303627],
[[92.0,102.0],0.01370947],
[[92.0,107.0],0.01439141],
[[92.0,112.0],0.01461559],
[[92.0,122.0],0.01615455],
[[92.0,132.0],0.01655089],
[[92.0,142.0],0.0181573],
[[92.0,152.0],0.01878608],
[[92.0,162.0],0.01985592],
[[92.0,172.0],0.02088394],
[[92.0,182.0],0.02183913],
[[92.0,292.0],0.03093979],
[[92.0,392.0],0.03793775],
[[95.0,92.0],0.01329836],
[[97.0,92.0],0.01303627],
[[102.0,12.0],0.005102278],
[[102.0,32.0],0.007291163],
[[102.0,52.0],0.009450864],
[[102.0,72.0],0.01199257],
[[102.0,92.0],0.01370947],
[[102.0,102.0],0.01492061],
[[102.0,105.0],0.01558107],
[[102.0,107.0],0.01542123],
[[102.0,112.0],0.01616539],
[[102.0,117.0],0.01610736],
[[102.0,122.0],0.01644262],
[[102.0,132.0],0.01786319],
[[102.0,142.0],0.01874596],
[[102.0,152.0],0.01961864],
[[102.0,162.0],0.02091804],
[[102.0,172.0],0.02143017],
[[102.0,182.0],0.02259188],
[[102.0,192.0],0.02340142],
[[102.0,302.0],0.0322711],
[[102.0,402.0],0.03908871],
[[105.0,102.0],0.01558107],
[[107.0,92.0],0.01439141],
[[107.0,102.0],0.01542123],
[[112.0,32.0],0.0082041],
[[112.0,52.0],0.01042166],
[[112.0,72.0],0.01287305],
[[112.0,92.0],0.01461559],
[[112.0,102.0],0.01616539],
[[117.0,102.0],0.01610736],
[[122.0,32.0],0.009321902],
[[122.0,52.0],0.01181068],
[[122.0,72.0],0.01355653],
[[122.0,92.0],0.01615455],
[[122.0,102.0],0.01644262],
[[132.0,52.0],0.01239697],
[[132.0,72.0],0.0149312],
[[132.0,92.0],0.01655089],
[[132.0,102.0],0.01786319],
[[142.0,52.0],0.01355451],
[[142.0,72.0],0.01548545],
[[142.0,92.0],0.0181573],
[[142.0,102.0],0.01874596],
[[152.0,72.0],0.01695843],
[[152.0,92.0],0.01878608],
[[152.0,102.0],0.01961864],
[[152.0,152.0],0.02458207],
[[152.0,155.0],0.02512232],
[[152.0,157.0],0.0251332],
[[152.0,162.0],0.02597551],
[[152.0,167.0],0.02568027],
[[152.0,172.0],0.02667257],
[[152.0,182.0],0.02729225],
[[152.0,192.0],0.02849863],
[[152.0,202.0],0.02913322],
[[152.0,212.0],0.02983722],
[[152.0,222.0],0.03034384],
[[152.0,232.0],0.03122872],
[[152.0,242.0],0.03257563],
[[152.0,352.0],0.0396976],
[[152.0,452.0],0.04520052],
[[155.0,152.0],0.02512232],
[[157.0,152.0],0.0251332],
[[162.0,72.0],0.017956],
[[162.0,92.0],0.01985592],
[[162.0,102.0],0.02091804],
[[162.0,152.0],0.02597551],
[[167.0,152.0],0.02568027],
[[172.0,92.0],0.02088394],
[[172.0,102.0],0.02143017],
[[172.0,152.0],0.02667257],
[[182.0,92.0],0.02183913],
[[182.0,102.0],0.02259188],
[[182.0,152.0],0.02729225],
[[192.0,102.0],0.02340142],
[[192.0,152.0],0.02849863],
[[202.0,152.0],0.02913322],
[[202.0,202.0],0.03327208],
[[202.0,205.0],0.03346124],
[[202.0,207.0],0.03377289],
[[202.0,212.0],0.03398698],
[[202.0,217.0],0.03435674],
[[202.0,222.0],0.03499221],
[[202.0,232.0],0.0354425],
[[202.0,242.0],0.03612119],
[[202.0,252.0],0.0367481],
[[202.0,262.0],0.03757204],
[[202.0,272.0],0.03849484],
[[202.0,282.0],0.03837713],
[[202.0,292.0],0.0393932],
[[202.0,402.0],0.0454557],
[[202.0,502.0],0.05086298],
[[205.0,202.0],0.03346124],
[[207.0,202.0],0.03377289],
[[212.0,12.0],0.01723154],
[[212.0,152.0],0.02983722],
[[212.0,202.0],0.03398698],
[[217.0,202.0],0.03435674],
[[222.0,152.0],0.03034384],
[[222.0,202.0],0.03499221],
[[232.0,32.0],0.02061208],
[[232.0,152.0],0.03122872],
[[232.0,202.0],0.0354425],
[[242.0,152.0],0.03257563],
[[242.0,202.0],0.03612119],
[[252.0,52.0],0.02436961],
[[252.0,202.0],0.0367481],
[[252.0,252.0],0.04066546],
[[252.0,255.0],0.0404331],
[[252.0,257.0],0.04104239],
[[252.0,262.0],0.04147597],
[[252.0,267.0],0.04121567],
[[252.0,272.0],0.04139107],
[[252.0,282.0],0.04210078],
[[252.0,292.0],0.04292342],
[[252.0,302.0],0.04345659],
[[252.0,312.0],0.04417331],
[[252.0,322.0],0.04451176],
[[252.0,332.0],0.04506742],
[[252.0,342.0],0.04566706],
[[252.0,452.0],0.05125296],
[[252.0,552.0],0.05539217],
[[255.0,252.0],0.0404331],
[[257.0,252.0],0.04104239],
[[262.0,202.0],0.03757204],
[[262.0,252.0],0.04147597],
[[267.0,252.0],0.04121567],
[[272.0,72.0],0.02770352],
[[272.0,202.0],0.03849484],
[[272.0,252.0],0.04139107],
[[282.0,202.0],0.03837713],
[[282.0,252.0],0.04210078],
[[292.0,92.0],0.03093979],
[[292.0,202.0],0.0393932],
[[292.0,252.0],0.04292342],
[[302.0,102.0],0.0322711],
[[302.0,252.0],0.04345659],
[[302.0,302.0],0.04728366],
[[302.0,305.0],0.04724684],
[[302.0,307.0],0.04736859],
[[302.0,312.0],0.04777083],
[[302.0,317.0],0.04766903],
[[302.0,322.0],0.04800057],
[[302.0,332.0],0.04894476],
[[302.0,342.0],0.0488551],
[[302.0,352.0],0.04915528],
[[302.0,362.0],0.04968983],
[[302.0,372.0],0.05081375],
[[302.0,382.0],0.0510136],
[[302.0,392.0],0.05136578],
[[302.0,502.0],0.05610099],
[[302.0,602.0],0.06002771],
[[305.0,302.0],0.04724684],
[[307.0,302.0],0.04736859],
[[312.0,12.0],0.02652917],
[[312.0,252.0],0.04417331],
[[312.0,302.0],0.04777083],
[[317.0,302.0],0.04766903],
[[322.0,252.0],0.04451176],
[[322.0,302.0],0.04800057],
[[332.0,32.0],0.02926401],
[[332.0,252.0],0.04506742],
[[332.0,302.0],0.04894476],
[[342.0,252.0],0.04566706],
[[342.0,302.0],0.0488551],
[[352.0,52.0],0.03222747],
[[352.0,152.0],0.0396976],
[[352.0,302.0],0.04915528],
[[352.0,352.0],0.05249497],
[[352.0,355.0],0.05288431],
[[352.0,357.0],0.05313241],
[[352.0,362.0],0.05328112],
[[352.0,367.0],0.05324672],
[[352.0,372.0],0.05344338],
[[352.0,382.0],0.05356212],
[[352.0,392.0],0.05387365],
[[352.0,402.0],0.05449913],
[[352.0,412.0],0.05560385],
[[352.0,422.0],0.05535185],
[[352.0,432.0],0.05617554],
[[352.0,442.0],0.05613436],
[[352.0,552.0],0.06042299],
[[352.0,652.0],0.0635649],
[[355.0,352.0],0.05288431],
[[357.0,352.0],0.05313241],
[[362.0,302.0],0.04968983],
[[362.0,352.0],0.05328112],
[[367.0,352.0],0.05324672],
[[372.0,72.0],0.0351778],
[[372.0,302.0],0.05081375],
[[372.0,352.0],0.05344338],
[[382.0,302.0],0.0510136],
[[382.0,352.0],0.05356212],
[[392.0,92.0],0.03793775],
[[392.0,302.0],0.05136578],
[[392.0,352.0],0.05387365],
[[402.0,102.0],0.03908871],
[[402.0,202.0],0.0454557],
[[402.0,352.0],0.05449913],
[[402.0,402.0],0.05750414],
[[402.0,405.0],0.05783776],
[[402.0,407.0],0.05810225],
[[402.0,412.0],0.05812232],
[[402.0,417.0],0.05809924],
[[402.0,422.0],0.05822757],
[[402.0,432.0],0.05846198],
[[402.0,442.0],0.05913807],
[[402.0,452.0],0.05895699],
[[402.0,462.0],0.05957571],
[[402.0,472.0],0.05974115],
[[402.0,482.0],0.06068622],
[[402.0,492.0],0.06044434],
[[402.0,602.0],0.06390499],
[[402.0,702.0],0.06682036],
[[405.0,402.0],0.05783776],
[[407.0,402.0],0.05810225],
[[412.0,352.0],0.05560385],
[[412.0,402.0],0.05812232],
[[417.0,402.0],0.05809924],
[[422.0,352.0],0.05535185],
[[422.0,402.0],0.05822757],
[[432.0,352.0],0.05617554],
[[432.0,402.0],0.05846198],
[[442.0,352.0],0.05613436],
[[442.0,402.0],0.05913807],
[[452.0,152.0],0.04520052],
[[452.0,252.0],0.05125296],
[[452.0,402.0],0.05895699],
[[462.0,402.0],0.05957571],
[[472.0,402.0],0.05974115],
[[482.0,402.0],0.06068622],
[[492.0,402.0],0.06044434],
[[502.0,202.0],0.05086298],
[[502.0,302.0],0.05610099],
[[552.0,252.0],0.05539217],
[[552.0,352.0],0.06042299],
[[602.0,302.0],0.06002771],
[[602.0,402.0],0.06390499],
[[602.0,602.0],0.07211758],
[[602.0,605.0],0.07233792],
[[602.0,607.0],0.07239592],
[[602.0,612.0],0.07253555],
[[602.0,617.0],0.07264496],
[[602.0,622.0],0.07301662],
[[602.0,632.0],0.07273691],
[[602.0,642.0],0.07332804],
[[602.0,652.0],0.07331163],
[[602.0,662.0],0.0735166],
[[602.0,672.0],0.07381544],
[[602.0,682.0],0.07385115],
[[602.0,692.0],0.07406313],
[[602.0,802.0],0.07631591],
[[602.0,902.0],0.07852046],
[[605.0,602.0],0.07233792],
[[607.0,602.0],0.07239592],
[[612.0,602.0],0.07253555],
[[617.0,602.0],0.07264496],
[[622.0,602.0],0.07301662],
[[632.0,602.0],0.07273691],
[[642.0,602.0],0.07332804],
[[652.0,352.0],0.0635649],
[[652.0,602.0],0.07331163],
[[662.0,602.0],0.0735166],
[[672.0,602.0],0.07381544],
[[682.0,602.0],0.07385115],
[[692.0,602.0],0.07406313],
[[702.0,402.0],0.06682036],
[[802.0,602.0],0.07631591],
[[802.0,802.0],0.0821183],
[[802.0,805.0],0.08150722],
[[802.0,807.0],0.08209961],
[[802.0,812.0],0.08230797],
[[802.0,817.0],0.08253602],
[[802.0,822.0],0.08195419],
[[802.0,832.0],0.08230752],
[[802.0,842.0],0.08217441],
[[802.0,852.0],0.08273387],
[[802.0,862.0],0.08318006],
[[802.0,872.0],0.08297511],
[[802.0,882.0],0.08305838],
[[802.0,892.0],0.08324313],
[[802.0,1002.0],0.08473561],
[[802.0,1102.0],0.08634914],
[[805.0,802.0],0.08150722],
[[807.0,802.0],0.08209961],
[[812.0,802.0],0.08230797],
[[817.0,802.0],0.08253602],
[[822.0,802.0],0.08195419],
[[832.0,802.0],0.08230752],
[[842.0,802.0],0.08217441],
[[852.0,802.0],0.08273387],
[[862.0,802.0],0.08318006],
[[872.0,802.0],0.08297511],
[[882.0,802.0],0.08305838],
[[892.0,802.0],0.08324313],
[[902.0,602.0],0.07852046],
[[1002.0,802.0],0.08473561],
[[1002.0,1002.0],0.08869106],
[[1002.0,1005.0],0.08968362],
[[1002.0,1007.0],0.08890986],
[[1002.0,1012.0],0.08864265],
[[1002.0,1017.0],0.08858547],
[[1002.0,1022.0],0.08869126],
[[1002.0,1032.0],0.08826411],
[[1002.0,1042.0],0.08878356],
[[1002.0,1052.0],0.08972457],
[[1002.0,1062.0],0.08969847],
[[1002.0,1072.0],0.08944463],
[[1002.0,1082.0],0.08967695],
[[1002.0,1092.0],0.08997217],
[[1002.0,1202.0],0.09121268],
[[1002.0,1302.0],0.09235818],
[[1005.0,1002.0],0.08968362],
[[1007.0,1002.0],0.08890986],
[[1012.0,1002.0],0.08864265],
[[1017.0,1002.0],0.08858547],
[[1022.0,1002.0],0.08869126],
[[1032.0,1002.0],0.08826411],
[[1042.0,1002.0],0.08878356],
[[1052.0,1002.0],0.08972457],
[[1062.0,1002.0],0.08969847],
[[1072.0,1002.0],0.08944463],
[[1082.0,1002.0],0.08967695],
[[1092.0,1002.0],0.08997217],
[[1102.0,802.0],0.08634914],
[[1202.0,1002.0],0.09121268],
[[1202.0,1202.0],0.09377997],
[[1202.0,1205.0],0.09474631],
[[1202.0,1207.0],0.09361423],
[[1202.0,1212.0],0.09423979],
[[1202.0,1217.0],0.09490607],
[[1202.0,1222.0],0.09444563],
[[1202.0,1232.0],0.09477605],
[[1202.0,1242.0],0.0943794],
[[1202.0,1252.0],0.09406263],
[[1202.0,1262.0],0.09453609],
[[1202.0,1272.0],0.09387609],
[[1202.0,1282.0],0.09423587],
[[1202.0,1292.0],0.09439445],
[[1202.0,1402.0],0.09476849],
[[1202.0,1502.0],0.09593297],
[[1205.0,1202.0],0.09474631],
[[1207.0,1202.0],0.09361423],
[[1212.0,1202.0],0.09423979],
[[1217.0,1202.0],0.09490607],
[[1222.0,1202.0],0.09444563],
[[1232.0,1202.0],0.09477605],
[[1242.0,1202.0],0.0943794],
[[1252.0,1202.0],0.09406263],
[[1262.0,1202.0],0.09453609],
[[1272.0,1202.0],0.09387609],
[[1282.0,1202.0],0.09423587],
[[1292.0,1202.0],0.09439445],
[[1302.0,1002.0],0.09235818],
[[1402.0,1202.0],0.09476849],
[[1402.0,1402.0],0.09673408],
[[1402.0,1405.0],0.0968139],
[[1402.0,1407.0],0.09622509],
[[1402.0,1412.0],0.09705003],
[[1402.0,1417.0],0.09644081],
[[1402.0,1422.0],0.09739484],
[[1402.0,1432.0],0.09599677],
[[1402.0,1442.0],0.09661408],
[[1402.0,1452.0],0.09668418],
[[1402.0,1462.0],0.09645662],
[[1402.0,1472.0],0.09681274],
[[1402.0,1482.0],0.09655458],
[[1402.0,1492.0],0.09749532],
[[1402.0,1602.0],0.09784635],
[[1402.0,1702.0],0.09760844],
[[1405.0,1402.0],0.0968139],
[[1407.0,1402.0],0.09622509],
[[1412.0,1402.0],0.09705003],
[[1417.0,1402.0],0.09644081],
[[1422.0,1402.0],0.09739484],
[[1432.0,1402.0],0.09599677],
[[1442.0,1402.0],0.09661408],
[[1452.0,1402.0],0.09668418],
[[1462.0,1402.0],0.09645662],
[[1472.0,1402.0],0.09681274],
[[1482.0,1402.0],0.09655458],
[[1492.0,1402.0],0.09749532],
[[1502.0,1202.0],0.09593297],
[[1602.0,1402.0],0.09784635],
[[1602.0,1602.0],0.09816466],
[[1602.0,1605.0],0.09800124],
[[1602.0,1607.0],0.09864737],
[[1602.0,1612.0],0.09878539],
[[1602.0,1617.0],0.0983278],
[[1602.0,1622.0],0.09822358],
[[1602.0,1632.0],0.09802412],
[[1602.0,1642.0],0.0978226],
[[1602.0,1652.0],0.09804426],
[[1602.0,1662.0],0.09779244],
[[1602.0,1672.0],0.09795635],
[[1602.0,1682.0],0.09925455],
[[1602.0,1692.0],0.09868033],
[[1602.0,1802.0],0.09899677],
[[1602.0,1902.0],0.09849444],
[[1605.0,1602.0],0.09800124],
[[1607.0,1602.0],0.09864737],
[[1612.0,1602.0],0.09878539],
[[1617.0,1602.0],0.0983278],
[[1622.0,1602.0],0.09822358],
[[1632.0,1602.0],0.09802412],
[[1642.0,1602.0],0.0978226],
[[1652.0,1602.0],0.09804426],
[[1662.0,1602.0],0.09779244],
[[1672.0,1602.0],0.09795635],
[[1682.0,1602.0],0.09925455],
[[1692.0,1602.0],0.09868033],
[[1702.0,1402.0],0.09760844],
[[1802.0,1602.0],0.09899677],
[[1802.0,1802.0],0.09812848],
[[1802.0,1805.0],0.09790157],
[[1802.0,1807.0],0.09801213],
[[1802.0,1812.0],0.09924835],
[[1802.0,1817.0],0.09795459],
[[1802.0,1822.0],0.09910385],
[[1802.0,1832.0],0.09927592],
[[1802.0,1842.0],0.09885222],
[[1802.0,1852.0],0.09947519],
[[1802.0,1862.0],0.09866164],
[[1802.0,1872.0],0.09956657],
[[1802.0,1882.0],0.09940045],
[[1802.0,1892.0],0.09811712],
[[1802.0,2002.0],0.09805689],
[[1802.0,2102.0],0.09908195],
[[1805.0,1802.0],0.09790157],
[[1807.0,1802.0],0.09801213],
[[1812.0,1802.0],0.09924835],
[[1817.0,1802.0],0.09795459],
[[1822.0,1802.0],0.09910385],
[[1832.0,1802.0],0.09927592],
[[1842.0,1802.0],0.09885222],
[[1852.0,1802.0],0.09947519],
[[1862.0,1802.0],0.09866164],
[[1872.0,1802.0],0.09956657],
[[1882.0,1802.0],0.09940045],
[[1892.0,1802.0],0.09811712],
[[1902.0,1602.0],0.09849444],
[[2002.0,1802.0],0.09805689],
[[2002.0,2002.0],0.09910377],
[[2002.0,2005.0],0.09897895],
[[2002.0,2007.0],0.09826328],
[[2002.0,2012.0],0.09902986],
[[2002.0,2017.0],0.09921149],
[[2002.0,2022.0],0.09838465],
[[2002.0,2032.0],0.09891555],
[[2002.0,2042.0],0.09870366],
[[2002.0,2052.0],0.0981837],
[[2002.0,2062.0],0.09897991],
[[2002.0,2072.0],0.09777031],
[[2002.0,2082.0],0.09819487],
[[2002.0,2092.0],0.09872785],
[[2002.0,2202.0],0.09811428],
[[2002.0,2302.0],0.0986495],
[[2005.0,2002.0],0.09897895],
[[2007.0,2002.0],0.09826328],
[[2012.0,2002.0],0.09902986],
[[2017.0,2002.0],0.09921149],
[[2022.0,2002.0],0.09838465],
[[2032.0,2002.0],0.09891555],
[[2042.0,2002.0],0.09870366],
[[2052.0,2002.0],0.0981837],
[[2062.0,2002.0],0.09897991],
[[2072.0,2002.0],0.09777031],
[[2082.0,2002.0],0.09819487],
[[2092.0,2002.0],0.09872785],
[[2102.0,1802.0],0.09908195],
[[2202.0,2002.0],0.09811428],
[[2302.0,2002.0],0.0986495]]
