txName: TChiISR
constraint: {(PV > MET(1), MET(2))}
condition: None
conditionDescription: None
figureUrl: None
source: Recast by MA5
validated: True
axesMap: [{0: 'x', 1: 'y'}]
dataMap: {0: (1, 'mass', GeV), 1: (2, 'mass', GeV)}
finalState: ['MET', 'MET']
intermediateState: None
efficiencyMap: [[[1.0,10.0],3.869986e-06],
[[1.0,20.0],2.98894e-06],
[[1.0,30.0],5.843767e-06],
[[1.0,40.0],4.716278e-06],
[[1.0,50.0],4.605594e-06],
[[1.0,60.0],3.176404e-06],
[[5.0,10.0],2.784843e-06],
[[7.0,10.0],3.73148e-06],
[[9.0,10.0],3.830958e-06],
[[10.0,1.0],3.869986e-06],
[[10.0,5.0],2.784843e-06],
[[10.0,7.0],3.73148e-06],
[[10.0,9.0],3.830958e-06],
[[10.0,10.0],3.140943e-06],
[[12.0,62.0],3.926093e-06],
[[12.0,72.0],3.999303e-06],
[[12.0,82.0],9.234801e-06],
[[12.0,92.0],2.089791e-05],
[[12.0,102.0],2.247914e-05],
[[12.0,212.0],0.0001006828],
[[12.0,312.0],0.0001349105],
[[15.0,20.0],7.120023e-06],
[[17.0,20.0],4.63088e-06],
[[19.0,20.0],3.863135e-06],
[[20.0,1.0],2.98894e-06],
[[20.0,15.0],7.120023e-06],
[[20.0,17.0],4.63088e-06],
[[20.0,19.0],3.863135e-06],
[[20.0,20.0],2.656034e-06],
[[20.0,30.0],2.78999e-06],
[[20.0,40.0],3.497405e-06],
[[20.0,50.0],2.578989e-06],
[[20.0,60.0],4.636259e-06],
[[25.0,30.0],3.9671e-06],
[[27.0,30.0],2.457371e-06],
[[29.0,30.0],4.382845e-06],
[[30.0,1.0],5.843767e-06],
[[30.0,20.0],2.78999e-06],
[[30.0,25.0],3.9671e-06],
[[30.0,27.0],2.457371e-06],
[[30.0,29.0],4.382845e-06],
[[30.0,30.0],3.139243e-06],
[[30.0,40.0],4.17984e-06],
[[30.0,50.0],3.405154e-06],
[[30.0,60.0],5.757737e-06],
[[32.0,62.0],1.134812e-05],
[[32.0,72.0],1.81563e-05],
[[32.0,82.0],2.552665e-05],
[[32.0,92.0],2.769436e-05],
[[32.0,102.0],3.559207e-05],
[[32.0,112.0],4.049108e-05],
[[32.0,122.0],4.84061e-05],
[[32.0,232.0],0.0001064228],
[[32.0,332.0],0.0001510868],
[[35.0,40.0],2.931746e-06],
[[37.0,40.0],3.798373e-06],
[[39.0,40.0],3.010854e-06],
[[40.0,1.0],4.716278e-06],
[[40.0,20.0],3.497405e-06],
[[40.0,30.0],4.17984e-06],
[[40.0,35.0],2.931746e-06],
[[40.0,37.0],3.798373e-06],
[[40.0,39.0],3.010854e-06],
[[40.0,40.0],2.752079e-06],
[[40.0,50.0],7.422476e-06],
[[40.0,60.0],1.400487e-05],
[[45.0,50.0],1.185195e-05],
[[47.0,50.0],1.116943e-05],
[[49.0,50.0],1.391299e-05],
[[50.0,1.0],4.605594e-06],
[[50.0,20.0],2.578989e-06],
[[50.0,30.0],3.405154e-06],
[[50.0,40.0],7.422476e-06],
[[50.0,45.0],1.185195e-05],
[[50.0,47.0],1.116943e-05],
[[50.0,49.0],1.391299e-05],
[[50.0,50.0],1.616274e-05],
[[50.0,60.0],1.834324e-05],
[[52.0,62.0],2.357082e-05],
[[52.0,67.0],2.789052e-05],
[[52.0,72.0],3.633674e-05],
[[52.0,82.0],3.472797e-05],
[[52.0,92.0],4.560592e-05],
[[52.0,102.0],4.423213e-05],
[[52.0,112.0],4.94488e-05],
[[52.0,122.0],5.306988e-05],
[[52.0,132.0],6.765861e-05],
[[52.0,142.0],7.731044e-05],
[[52.0,252.0],0.0001270204],
[[52.0,352.0],0.0001710343],
[[55.0,60.0],2.107141e-05],
[[57.0,60.0],2.154997e-05],
[[59.0,60.0],2.509781e-05],
[[60.0,1.0],3.176404e-06],
[[60.0,20.0],4.636259e-06],
[[60.0,30.0],5.757737e-06],
[[60.0,40.0],1.400487e-05],
[[60.0,50.0],1.834324e-05],
[[60.0,55.0],2.107141e-05],
[[60.0,57.0],2.154997e-05],
[[60.0,59.0],2.509781e-05],
[[60.0,60.0],3.017033e-05],
[[62.0,12.0],3.926093e-06],
[[62.0,32.0],1.134812e-05],
[[62.0,52.0],2.357082e-05],
[[67.0,52.0],2.789052e-05],
[[72.0,12.0],3.999303e-06],
[[72.0,32.0],1.81563e-05],
[[72.0,52.0],3.633674e-05],
[[72.0,72.0],3.399116e-05],
[[72.0,75.0],3.754722e-05],
[[72.0,77.0],5.624634e-05],
[[72.0,82.0],4.425195e-05],
[[72.0,87.0],5.317895e-05],
[[72.0,92.0],4.945679e-05],
[[72.0,102.0],6.223337e-05],
[[72.0,112.0],6.54291e-05],
[[72.0,122.0],7.180229e-05],
[[72.0,132.0],7.760191e-05],
[[72.0,142.0],8.268006e-05],
[[72.0,152.0],9.440958e-05],
[[72.0,162.0],9.270159e-05],
[[72.0,272.0],0.0001489763],
[[72.0,372.0],0.0001858038],
[[75.0,72.0],3.754722e-05],
[[77.0,72.0],5.624634e-05],
[[82.0,12.0],9.234801e-06],
[[82.0,32.0],2.552665e-05],
[[82.0,52.0],3.472797e-05],
[[82.0,72.0],4.425195e-05],
[[87.0,72.0],5.317895e-05],
[[92.0,12.0],2.089791e-05],
[[92.0,32.0],2.769436e-05],
[[92.0,52.0],4.560592e-05],
[[92.0,72.0],4.945679e-05],
[[92.0,92.0],5.889177e-05],
[[92.0,95.0],6.893618e-05],
[[92.0,97.0],7.144805e-05],
[[92.0,102.0],6.684804e-05],
[[92.0,107.0],8.332895e-05],
[[92.0,112.0],7.10453e-05],
[[92.0,122.0],7.999085e-05],
[[92.0,132.0],9.088427e-05],
[[92.0,142.0],8.887713e-05],
[[92.0,152.0],0.0001008231],
[[92.0,162.0],0.0001043858],
[[92.0,172.0],0.0001000362],
[[92.0,182.0],0.0001031049],
[[92.0,292.0],0.0001659176],
[[92.0,392.0],0.0002075832],
[[95.0,92.0],6.893618e-05],
[[97.0,92.0],7.144805e-05],
[[102.0,12.0],2.247914e-05],
[[102.0,32.0],3.559207e-05],
[[102.0,52.0],4.423213e-05],
[[102.0,72.0],6.223337e-05],
[[102.0,92.0],6.684804e-05],
[[102.0,102.0],7.78058e-05],
[[102.0,105.0],8.883198e-05],
[[102.0,107.0],8.924389e-05],
[[102.0,112.0],8.005888e-05],
[[102.0,117.0],7.324904e-05],
[[102.0,122.0],7.784949e-05],
[[102.0,132.0],9.251726e-05],
[[102.0,142.0],9.782967e-05],
[[102.0,152.0],0.0001145857],
[[102.0,162.0],0.0001070406],
[[102.0,172.0],0.0001102562],
[[102.0,182.0],0.0001155141],
[[102.0,192.0],0.0001273232],
[[102.0,302.0],0.0001814606],
[[102.0,402.0],0.0001989514],
[[105.0,102.0],8.883198e-05],
[[107.0,92.0],8.332895e-05],
[[107.0,102.0],8.924389e-05],
[[112.0,32.0],4.049108e-05],
[[112.0,52.0],4.94488e-05],
[[112.0,72.0],6.54291e-05],
[[112.0,92.0],7.10453e-05],
[[112.0,102.0],8.005888e-05],
[[117.0,102.0],7.324904e-05],
[[122.0,32.0],4.84061e-05],
[[122.0,52.0],5.306988e-05],
[[122.0,72.0],7.180229e-05],
[[122.0,92.0],7.999085e-05],
[[122.0,102.0],7.784949e-05],
[[132.0,52.0],6.765861e-05],
[[132.0,72.0],7.760191e-05],
[[132.0,92.0],9.088427e-05],
[[132.0,102.0],9.251726e-05],
[[142.0,52.0],7.731044e-05],
[[142.0,72.0],8.268006e-05],
[[142.0,92.0],8.887713e-05],
[[142.0,102.0],9.782967e-05],
[[152.0,72.0],9.440958e-05],
[[152.0,92.0],0.0001008231],
[[152.0,102.0],0.0001145857],
[[152.0,152.0],0.0001419974],
[[152.0,155.0],0.0001365447],
[[152.0,157.0],0.000136763],
[[152.0,162.0],0.0001305856],
[[152.0,167.0],0.0001326113],
[[152.0,172.0],0.0001381463],
[[152.0,182.0],0.0001314054],
[[152.0,192.0],0.000151503],
[[152.0,202.0],0.0001495728],
[[152.0,212.0],0.0001772452],
[[152.0,222.0],0.0001587354],
[[152.0,232.0],0.000163658],
[[152.0,242.0],0.0001755616],
[[152.0,352.0],0.0002038557],
[[152.0,452.0],0.0002421322],
[[155.0,152.0],0.0001365447],
[[157.0,152.0],0.000136763],
[[162.0,72.0],9.270159e-05],
[[162.0,92.0],0.0001043858],
[[162.0,102.0],0.0001070406],
[[162.0,152.0],0.0001305856],
[[167.0,152.0],0.0001326113],
[[172.0,92.0],0.0001000362],
[[172.0,102.0],0.0001102562],
[[172.0,152.0],0.0001381463],
[[182.0,92.0],0.0001031049],
[[182.0,102.0],0.0001155141],
[[182.0,152.0],0.0001314054],
[[192.0,102.0],0.0001273232],
[[192.0,152.0],0.000151503],
[[202.0,152.0],0.0001495728],
[[202.0,202.0],0.0001678148],
[[202.0,205.0],0.0001608006],
[[202.0,207.0],0.0001752462],
[[202.0,212.0],0.0001730583],
[[202.0,217.0],0.0001825441],
[[202.0,222.0],0.0001753871],
[[202.0,232.0],0.0001892745],
[[202.0,242.0],0.0001867921],
[[202.0,252.0],0.0001900268],
[[202.0,262.0],0.000197004],
[[202.0,272.0],0.0001988184],
[[202.0,282.0],0.0001952094],
[[202.0,402.0],0.0002428358],
[[202.0,502.0],0.0002709681],
[[205.0,202.0],0.0001608006],
[[207.0,202.0],0.0001752462],
[[212.0,12.0],0.0001006828],
[[212.0,152.0],0.0001772452],
[[212.0,202.0],0.0001730583],
[[217.0,202.0],0.0001825441],
[[222.0,152.0],0.0001587354],
[[222.0,202.0],0.0001753871],
[[232.0,32.0],0.0001064228],
[[232.0,152.0],0.000163658],
[[232.0,202.0],0.0001892745],
[[242.0,152.0],0.0001755616],
[[242.0,202.0],0.0001867921],
[[252.0,52.0],0.0001270204],
[[252.0,202.0],0.0001900268],
[[252.0,252.0],0.0002056503],
[[252.0,255.0],0.0002224799],
[[252.0,257.0],0.0002186181],
[[252.0,262.0],0.00024457],
[[252.0,267.0],0.0002190437],
[[252.0,272.0],0.0002344753],
[[252.0,282.0],0.0002160572],
[[252.0,292.0],0.0002145495],
[[252.0,302.0],0.0002440923],
[[252.0,312.0],0.0002471274],
[[252.0,322.0],0.0002389587],
[[252.0,332.0],0.0002475402],
[[252.0,342.0],0.0002354095],
[[252.0,452.0],0.000286556],
[[252.0,552.0],0.0002955268],
[[255.0,252.0],0.0002224799],
[[257.0,252.0],0.0002186181],
[[262.0,202.0],0.000197004],
[[262.0,252.0],0.00024457],
[[267.0,252.0],0.0002190437],
[[272.0,72.0],0.0001489763],
[[272.0,202.0],0.0001988184],
[[272.0,252.0],0.0002344753],
[[282.0,202.0],0.0001952094],
[[282.0,252.0],0.0002160572],
[[292.0,92.0],0.0001659176],
[[292.0,252.0],0.0002145495],
[[302.0,102.0],0.0001814606],
[[302.0,252.0],0.0002440923],
[[302.0,302.0],0.0002695485],
[[302.0,305.0],0.0002455444],
[[302.0,307.0],0.0002571233],
[[302.0,312.0],0.0002533282],
[[302.0,317.0],0.0002623363],
[[302.0,322.0],0.000276242],
[[302.0,332.0],0.0002471995],
[[302.0,342.0],0.0002498353],
[[302.0,352.0],0.0002710371],
[[302.0,362.0],0.0002704108],
[[302.0,372.0],0.0002791561],
[[302.0,382.0],0.0002945162],
[[302.0,392.0],0.0002743395],
[[302.0,502.0],0.0002887056],
[[302.0,602.0],0.0003132405],
[[305.0,302.0],0.0002455444],
[[307.0,302.0],0.0002571233],
[[312.0,12.0],0.0001349105],
[[312.0,252.0],0.0002471274],
[[312.0,302.0],0.0002533282],
[[317.0,302.0],0.0002623363],
[[322.0,252.0],0.0002389587],
[[322.0,302.0],0.000276242],
[[332.0,32.0],0.0001510868],
[[332.0,252.0],0.0002475402],
[[332.0,302.0],0.0002471995],
[[342.0,252.0],0.0002354095],
[[342.0,302.0],0.0002498353],
[[352.0,52.0],0.0001710343],
[[352.0,152.0],0.0002038557],
[[352.0,302.0],0.0002710371],
[[352.0,352.0],0.0002677639],
[[352.0,355.0],0.0002737178],
[[352.0,357.0],0.0002770083],
[[352.0,362.0],0.0002828575],
[[352.0,367.0],0.0002802369],
[[352.0,372.0],0.0002884297],
[[352.0,382.0],0.0002931402],
[[352.0,392.0],0.0002922291],
[[352.0,402.0],0.0002944263],
[[352.0,412.0],0.0002875337],
[[352.0,422.0],0.000302202],
[[352.0,432.0],0.0003132313],
[[352.0,442.0],0.0003022662],
[[352.0,552.0],0.0003460577],
[[352.0,652.0],0.0003462116],
[[355.0,352.0],0.0002737178],
[[357.0,352.0],0.0002770083],
[[362.0,302.0],0.0002704108],
[[362.0,352.0],0.0002828575],
[[367.0,352.0],0.0002802369],
[[372.0,72.0],0.0001858038],
[[372.0,302.0],0.0002791561],
[[372.0,352.0],0.0002884297],
[[382.0,302.0],0.0002945162],
[[382.0,352.0],0.0002931402],
[[392.0,92.0],0.0002075832],
[[392.0,302.0],0.0002743395],
[[392.0,352.0],0.0002922291],
[[402.0,102.0],0.0001989514],
[[402.0,202.0],0.0002428358],
[[402.0,352.0],0.0002944263],
[[402.0,402.0],0.0003256991],
[[402.0,405.0],0.0003110048],
[[402.0,407.0],0.0003164391],
[[402.0,412.0],0.0003209836],
[[402.0,417.0],0.000310269],
[[402.0,422.0],0.0003006331],
[[402.0,432.0],0.0003137983],
[[402.0,442.0],0.0003323297],
[[402.0,452.0],0.0003068861],
[[402.0,462.0],0.0003221048],
[[402.0,472.0],0.0003110682],
[[402.0,482.0],0.000309657],
[[402.0,492.0],0.0003233762],
[[402.0,602.0],0.0003541522],
[[402.0,702.0],0.0003686639],
[[405.0,402.0],0.0003110048],
[[407.0,402.0],0.0003164391],
[[412.0,352.0],0.0002875337],
[[412.0,402.0],0.0003209836],
[[417.0,402.0],0.000310269],
[[422.0,352.0],0.000302202],
[[422.0,402.0],0.0003006331],
[[432.0,352.0],0.0003132313],
[[432.0,402.0],0.0003137983],
[[442.0,352.0],0.0003022662],
[[442.0,402.0],0.0003323297],
[[452.0,152.0],0.0002421322],
[[452.0,252.0],0.000286556],
[[452.0,402.0],0.0003068861],
[[462.0,402.0],0.0003221048],
[[472.0,402.0],0.0003110682],
[[482.0,402.0],0.000309657],
[[492.0,402.0],0.0003233762],
[[502.0,202.0],0.0002709681],
[[502.0,302.0],0.0002887056],
[[552.0,252.0],0.0002955268],
[[552.0,352.0],0.0003460577],
[[602.0,302.0],0.0003132405],
[[602.0,402.0],0.0003541522],
[[602.0,602.0],0.0003734622],
[[602.0,605.0],0.0003826966],
[[602.0,607.0],0.0003515332],
[[602.0,612.0],0.00036898],
[[602.0,617.0],0.0003774194],
[[602.0,622.0],0.0003835864],
[[602.0,632.0],0.0003709089],
[[602.0,642.0],0.0003884239],
[[602.0,652.0],0.0003836268],
[[602.0,662.0],0.0003900842],
[[602.0,672.0],0.0003748342],
[[602.0,682.0],0.0003959068],
[[602.0,692.0],0.0003890962],
[[602.0,802.0],0.0003967392],
[[602.0,902.0],0.0003922297],
[[605.0,602.0],0.0003826966],
[[607.0,602.0],0.0003515332],
[[612.0,602.0],0.00036898],
[[617.0,602.0],0.0003774194],
[[622.0,602.0],0.0003835864],
[[632.0,602.0],0.0003709089],
[[642.0,602.0],0.0003884239],
[[652.0,352.0],0.0003462116],
[[652.0,602.0],0.0003836268],
[[662.0,602.0],0.0003900842],
[[672.0,602.0],0.0003748342],
[[682.0,602.0],0.0003959068],
[[692.0,602.0],0.0003890962],
[[702.0,402.0],0.0003686639],
[[802.0,602.0],0.0003967392],
[[802.0,802.0],0.0004348928],
[[802.0,805.0],0.0004282888],
[[802.0,807.0],0.0004189407],
[[802.0,812.0],0.0004445921],
[[802.0,817.0],0.0004264257],
[[802.0,822.0],0.0004345548],
[[802.0,832.0],0.0004293534],
[[802.0,842.0],0.0004343727],
[[802.0,852.0],0.0004173274],
[[802.0,862.0],0.0004287091],
[[802.0,872.0],0.0004003961],
[[802.0,882.0],0.0004099849],
[[802.0,892.0],0.0004044531],
[[802.0,1002.0],0.0004157591],
[[802.0,1102.0],0.0004357652],
[[805.0,802.0],0.0004282888],
[[807.0,802.0],0.0004189407],
[[812.0,802.0],0.0004445921],
[[817.0,802.0],0.0004264257],
[[822.0,802.0],0.0004345548],
[[832.0,802.0],0.0004293534],
[[842.0,802.0],0.0004343727],
[[852.0,802.0],0.0004173274],
[[862.0,802.0],0.0004287091],
[[872.0,802.0],0.0004003961],
[[882.0,802.0],0.0004099849],
[[892.0,802.0],0.0004044531],
[[902.0,602.0],0.0003922297],
[[1002.0,802.0],0.0004157591],
[[1002.0,1002.0],0.000447424],
[[1002.0,1005.0],0.0004614533],
[[1002.0,1007.0],0.0004486543],
[[1002.0,1012.0],0.0004414578],
[[1002.0,1017.0],0.0004587477],
[[1002.0,1022.0],0.0004276383],
[[1002.0,1032.0],0.0004466801],
[[1002.0,1042.0],0.0004415365],
[[1002.0,1052.0],0.0004441269],
[[1002.0,1062.0],0.0004754499],
[[1002.0,1072.0],0.0004422262],
[[1002.0,1082.0],0.0004695212],
[[1002.0,1092.0],0.0004584794],
[[1002.0,1202.0],0.0004373259],
[[1002.0,1302.0],0.0004750953],
[[1005.0,1002.0],0.0004614533],
[[1007.0,1002.0],0.0004486543],
[[1012.0,1002.0],0.0004414578],
[[1017.0,1002.0],0.0004587477],
[[1022.0,1002.0],0.0004276383],
[[1032.0,1002.0],0.0004466801],
[[1042.0,1002.0],0.0004415365],
[[1052.0,1002.0],0.0004441269],
[[1062.0,1002.0],0.0004754499],
[[1072.0,1002.0],0.0004422262],
[[1082.0,1002.0],0.0004695212],
[[1092.0,1002.0],0.0004584794],
[[1102.0,802.0],0.0004357652],
[[1202.0,1002.0],0.0004373259],
[[1202.0,1202.0],0.0004599628],
[[1202.0,1205.0],0.0004674992],
[[1202.0,1207.0],0.0004663116],
[[1202.0,1212.0],0.0004665353],
[[1202.0,1217.0],0.0004541273],
[[1202.0,1222.0],0.0004484481],
[[1202.0,1232.0],0.000458851],
[[1202.0,1242.0],0.0004541174],
[[1202.0,1252.0],0.0004539845],
[[1202.0,1262.0],0.0004492584],
[[1202.0,1272.0],0.0004667774],
[[1202.0,1282.0],0.0004759341],
[[1202.0,1292.0],0.0005058489],
[[1202.0,1402.0],0.0004542761],
[[1202.0,1502.0],0.0004894223],
[[1205.0,1202.0],0.0004674992],
[[1207.0,1202.0],0.0004663116],
[[1212.0,1202.0],0.0004665353],
[[1217.0,1202.0],0.0004541273],
[[1222.0,1202.0],0.0004484481],
[[1232.0,1202.0],0.000458851],
[[1242.0,1202.0],0.0004541174],
[[1252.0,1202.0],0.0004539845],
[[1262.0,1202.0],0.0004492584],
[[1272.0,1202.0],0.0004667774],
[[1282.0,1202.0],0.0004759341],
[[1292.0,1202.0],0.0005058489],
[[1302.0,1002.0],0.0004750953],
[[1402.0,1202.0],0.0004542761],
[[1402.0,1402.0],0.0005208882],
[[1402.0,1405.0],0.0004623478],
[[1402.0,1407.0],0.0004771655],
[[1402.0,1412.0],0.0004787949],
[[1402.0,1417.0],0.0004869992],
[[1402.0,1422.0],0.0004987639],
[[1402.0,1432.0],0.0004853416],
[[1402.0,1442.0],0.0004813908],
[[1402.0,1452.0],0.0004854305],
[[1402.0,1462.0],0.0004809304],
[[1402.0,1472.0],0.0004794405],
[[1402.0,1482.0],0.0005177728],
[[1402.0,1492.0],0.0004655661],
[[1402.0,1602.0],0.0004987865],
[[1402.0,1702.0],0.0005238519],
[[1405.0,1402.0],0.0004623478],
[[1407.0,1402.0],0.0004771655],
[[1412.0,1402.0],0.0004787949],
[[1417.0,1402.0],0.0004869992],
[[1422.0,1402.0],0.0004987639],
[[1432.0,1402.0],0.0004853416],
[[1442.0,1402.0],0.0004813908],
[[1452.0,1402.0],0.0004854305],
[[1462.0,1402.0],0.0004809304],
[[1472.0,1402.0],0.0004794405],
[[1482.0,1402.0],0.0005177728],
[[1492.0,1402.0],0.0004655661],
[[1502.0,1202.0],0.0004894223],
[[1602.0,1402.0],0.0004987865],
[[1602.0,1602.0],0.0004841719],
[[1602.0,1605.0],0.0005255919],
[[1602.0,1607.0],0.0004947918],
[[1602.0,1612.0],0.0004790859],
[[1602.0,1617.0],0.0004976177],
[[1602.0,1622.0],0.0005310093],
[[1602.0,1632.0],0.0004981755],
[[1602.0,1642.0],0.0005120415],
[[1602.0,1652.0],0.000495387],
[[1602.0,1662.0],0.0004953657],
[[1602.0,1672.0],0.0004920504],
[[1602.0,1682.0],0.0005256103],
[[1602.0,1692.0],0.0005335052],
[[1602.0,1802.0],0.0005225515],
[[1602.0,1902.0],0.0005217991],
[[1605.0,1602.0],0.0005255919],
[[1607.0,1602.0],0.0004947918],
[[1612.0,1602.0],0.0004790859],
[[1617.0,1602.0],0.0004976177],
[[1622.0,1602.0],0.0005310093],
[[1632.0,1602.0],0.0004981755],
[[1642.0,1602.0],0.0005120415],
[[1652.0,1602.0],0.000495387],
[[1662.0,1602.0],0.0004953657],
[[1672.0,1602.0],0.0004920504],
[[1682.0,1602.0],0.0005256103],
[[1692.0,1602.0],0.0005335052],
[[1702.0,1402.0],0.0005238519],
[[1802.0,1602.0],0.0005225515],
[[1802.0,1802.0],0.0004912384],
[[1802.0,1805.0],0.000496748],
[[1802.0,1807.0],0.000511283],
[[1802.0,1812.0],0.0005227878],
[[1802.0,1817.0],0.000514014],
[[1802.0,1822.0],0.0005042726],
[[1802.0,1832.0],0.0005003778],
[[1802.0,1842.0],0.0005054576],
[[1802.0,1852.0],0.0004937843],
[[1802.0,1862.0],0.0005193401],
[[1802.0,1872.0],0.0005187539],
[[1802.0,1882.0],0.0005178511],
[[1802.0,1892.0],0.000479394],
[[1802.0,2002.0],0.0005166168],
[[1802.0,2102.0],0.0005153206],
[[1805.0,1802.0],0.000496748],
[[1807.0,1802.0],0.000511283],
[[1812.0,1802.0],0.0005227878],
[[1817.0,1802.0],0.000514014],
[[1822.0,1802.0],0.0005042726],
[[1832.0,1802.0],0.0005003778],
[[1842.0,1802.0],0.0005054576],
[[1852.0,1802.0],0.0004937843],
[[1862.0,1802.0],0.0005193401],
[[1872.0,1802.0],0.0005187539],
[[1882.0,1802.0],0.0005178511],
[[1892.0,1802.0],0.000479394],
[[1902.0,1602.0],0.0005217991],
[[2002.0,1802.0],0.0005166168],
[[2002.0,2002.0],0.0004991565],
[[2002.0,2005.0],0.0004879852],
[[2002.0,2007.0],0.0004737149],
[[2002.0,2012.0],0.0005374896],
[[2002.0,2017.0],0.0005066848],
[[2002.0,2022.0],0.0005121574],
[[2002.0,2032.0],0.0005296622],
[[2002.0,2042.0],0.0005349652],
[[2002.0,2052.0],0.0004933129],
[[2002.0,2062.0],0.0005029502],
[[2002.0,2072.0],0.0005025813],
[[2002.0,2082.0],0.000468311],
[[2002.0,2092.0],0.0005177602],
[[2002.0,2202.0],0.0005208129],
[[2002.0,2302.0],0.0004632555],
[[2005.0,2002.0],0.0004879852],
[[2007.0,2002.0],0.0004737149],
[[2012.0,2002.0],0.0005374896],
[[2017.0,2002.0],0.0005066848],
[[2022.0,2002.0],0.0005121574],
[[2032.0,2002.0],0.0005296622],
[[2042.0,2002.0],0.0005349652],
[[2052.0,2002.0],0.0004933129],
[[2062.0,2002.0],0.0005029502],
[[2072.0,2002.0],0.0005025813],
[[2082.0,2002.0],0.000468311],
[[2092.0,2002.0],0.0005177602],
[[2102.0,1802.0],0.0005153206],
[[2202.0,2002.0],0.0005208129],
[[2302.0,2002.0],0.0004632555]]
