txName: TChiWWISRqq
constraint: {(PV > anyBSM(1), anyBSM(3)), (anyBSM(1) > q, q, MET(2)), (anyBSM(3) > q, q, MET(4))}
condition: None
conditionDescription: None
figureUrl: None
source: MA5
validated: True
axesMap: [{0: 'x', 1: 'y', 2: 'x', 3: 'y'}]
dataMap: {0: (1, 'mass', GeV), 1: (2, 'mass', GeV), 2: (3, 'mass', GeV), 3: (4, 'mass', GeV)}
finalState: ['MET', 'MET']
efficiencyMap: [[[10.0,1.0,10.0,1.0],0.0],
[[10.0,3.0,10.0,3.0],1.5406e-08],
[[10.0,5.0,10.0,5.0],2.601983e-08],
[[10.0,7.0,10.0,7.0],1.105739e-07],
[[10.0,9.0,10.0,9.0],3.745646e-07],
[[11.0,10.0,11.0,10.0],2.315078e-06],
[[13.0,10.0,13.0,10.0],8.251435e-08],
[[15.0,10.0,15.0,10.0],3.758343e-08],
[[20.0,10.0,20.0,10.0],1.298279e-08],
[[21.0,20.0,21.0,20.0],1.411974e-05],
[[23.0,20.0,23.0,20.0],2.215192e-06],
[[25.0,20.0,25.0,20.0],1.41538e-07],
[[30.0,10.0,30.0,10.0],7.695685e-09],
[[30.0,20.0,30.0,20.0],6.290706e-08],
[[31.0,30.0,31.0,30.0],5.257358e-05],
[[33.0,30.0,33.0,30.0],5.015092e-06],
[[35.0,30.0,35.0,30.0],4.635083e-07],
[[40.0,20.0,40.0,20.0],3.711356e-08],
[[40.0,30.0,40.0,30.0],5.207699e-08],
[[41.0,40.0,41.0,40.0],3.964307e-05],
[[43.0,40.0,43.0,40.0],6.479652e-06],
[[45.0,40.0,45.0,40.0],1.74889e-06],
[[50.0,10.0,50.0,10.0],6.041603e-08],
[[50.0,30.0,50.0,30.0],4.197371e-07],
[[50.0,40.0,50.0,40.0],2.214763e-06],
[[51.0,50.0,51.0,50.0],0.0001250676],
[[53.0,50.0,53.0,50.0],5.52568e-05],
[[55.0,50.0,55.0,50.0],2.178297e-05],
[[60.0,20.0,60.0,20.0],5.653204e-07],
[[60.0,40.0,60.0,40.0],2.987042e-06],
[[60.0,50.0,60.0,50.0],1.153081e-05],
[[61.0,60.0,61.0,60.0],0.0002219469],
[[63.0,60.0,63.0,60.0],0.0001572353],
[[65.0,60.0,65.0,60.0],9.005075e-05],
[[70.0,10.0,70.0,10.0],7.435095e-07],
[[70.0,30.0,70.0,30.0],3.652607e-06],
[[70.0,50.0,70.0,50.0],1.185524e-05],
[[70.0,60.0,70.0,60.0],3.627944e-05],
[[71.0,70.0,71.0,70.0],0.0003908178],
[[73.0,70.0,73.0,70.0],0.0002514606],
[[75.0,70.0,75.0,70.0],0.0001403785],
[[80.0,20.0,80.0,20.0],2.038853e-06],
[[80.0,40.0,80.0,40.0],3.849229e-06],
[[80.0,60.0,80.0,60.0],1.675874e-05],
[[80.0,70.0,80.0,70.0],5.786222e-05],
[[81.0,80.0,81.0,80.0],0.0005434302],
[[83.0,80.0,83.0,80.0],0.000428489],
[[85.0,80.0,85.0,80.0],0.0002518376],
[[90.0,10.0,90.0,10.0],1.891945e-05],
[[90.0,30.0,90.0,30.0],3.809021e-06],
[[90.0,50.0,90.0,50.0],9.123755e-06],
[[90.0,70.0,90.0,70.0],3.315896e-05],
[[90.0,80.0,90.0,80.0],0.0001012809],
[[91.0,90.0,91.0,90.0],0.0007098572],
[[93.0,90.0,93.0,90.0],0.0005642817],
[[95.0,90.0,95.0,90.0],0.0003505342],
[[100.0,20.0,100.0,20.0],7.346282e-06],
[[100.0,40.0,100.0,40.0],8.104778e-06],
[[100.0,60.0,100.0,60.0],1.858552e-05],
[[100.0,80.0,100.0,80.0],7.186035e-05],
[[100.0,90.0,100.0,90.0],0.0001812213],
[[101.0,100.0,101.0,100.0],0.0008859209],
[[103.0,100.0,103.0,100.0],0.0007463515],
[[103.0,102.0,103.0,102.0],0.0008699733],
[[105.0,100.0,105.0,100.0],0.0005308238],
[[105.0,102.0,105.0,102.0],0.000797824],
[[107.0,102.0,107.0,102.0],0.0005824989],
[[110.0,30.0,110.0,30.0],6.183363e-06],
[[110.0,50.0,110.0,50.0],1.091611e-05],
[[110.0,70.0,110.0,70.0],3.610728e-05],
[[110.0,90.0,110.0,90.0],0.0001016518],
[[110.0,100.0,110.0,100.0],0.0002321474],
[[112.0,102.0,112.0,102.0],0.0002447446],
[[120.0,40.0,120.0,40.0],8.510531e-06],
[[120.0,60.0,120.0,60.0],3.2335e-05],
[[120.0,80.0,120.0,80.0],4.759508e-05],
[[120.0,100.0,120.0,100.0],0.0001336745],
[[122.0,102.0,122.0,102.0],0.0001355519],
[[123.0,122.0,123.0,122.0],0.001331784],
[[125.0,122.0,125.0,122.0],0.001239889],
[[127.0,122.0,127.0,122.0],0.0009382341],
[[130.0,50.0,130.0,50.0],1.965949e-05],
[[130.0,70.0,130.0,70.0],2.729339e-05],
[[130.0,90.0,130.0,90.0],6.153316e-05],
[[132.0,122.0,132.0,122.0],0.0004973566],
[[140.0,60.0,140.0,60.0],2.309809e-05],
[[140.0,80.0,140.0,80.0],4.565518e-05],
[[140.0,100.0,140.0,100.0],9.175507e-05],
[[142.0,102.0,142.0,102.0],9.344941e-05],
[[142.0,122.0,142.0,122.0],0.0002735198],
[[143.0,142.0,143.0,142.0],0.0018739],
[[145.0,142.0,145.0,142.0],0.001711902],
[[147.0,142.0,147.0,142.0],0.001428459],
[[150.0,70.0,150.0,70.0],4.152112e-05],
[[150.0,90.0,150.0,90.0],6.238477e-05],
[[152.0,142.0,152.0,142.0],0.000854397],
[[160.0,80.0,160.0,80.0],4.454473e-05],
[[160.0,100.0,160.0,100.0],7.876479e-05],
[[162.0,102.0,162.0,102.0],8.414775e-05],
[[162.0,122.0,162.0,122.0],0.0002250457],
[[162.0,142.0,162.0,142.0],0.000502965],
[[163.0,162.0,163.0,162.0],0.002349366],
[[165.0,162.0,165.0,162.0],0.002207501],
[[167.0,162.0,167.0,162.0],0.002019797],
[[170.0,90.0,170.0,90.0],7.206176e-05],
[[172.0,162.0,172.0,162.0],0.001224316],
[[180.0,100.0,180.0,100.0],8.732165e-05],
[[182.0,102.0,182.0,102.0],9.965667e-05],
[[182.0,122.0,182.0,122.0],0.0001577966],
[[182.0,142.0,182.0,142.0],0.0002870194],
[[182.0,162.0,182.0,162.0],0.0007263211],
[[183.0,182.0,183.0,182.0],0.002937702],
[[185.0,182.0,185.0,182.0],0.002877684],
[[187.0,182.0,187.0,182.0],0.00254235],
[[192.0,182.0,192.0,182.0],0.001678433],
[[202.0,122.0,202.0,122.0],0.0001431467],
[[202.0,142.0,202.0,142.0],0.0002388552],
[[202.0,162.0,202.0,162.0],0.000438171],
[[202.0,182.0,202.0,182.0],0.001033376],
[[203.0,202.0,203.0,202.0],0.003525802],
[[205.0,202.0,205.0,202.0],0.003366171],
[[207.0,202.0,207.0,202.0],0.003214663],
[[212.0,202.0,212.0,202.0],0.002360738],
[[222.0,142.0,222.0,142.0],0.0002114038],
[[222.0,162.0,222.0,162.0],0.000337042],
[[222.0,182.0,222.0,182.0],0.0006163653],
[[222.0,202.0,222.0,202.0],0.001377105],
[[223.0,222.0,223.0,222.0],0.004189049],
[[225.0,222.0,225.0,222.0],0.004114175],
[[227.0,222.0,227.0,222.0],0.003800219],
[[232.0,222.0,232.0,222.0],0.002909857],
[[242.0,162.0,242.0,162.0],0.0002958224],
[[242.0,182.0,242.0,182.0],0.0004744478],
[[242.0,202.0,242.0,202.0],0.0008422848],
[[242.0,222.0,242.0,222.0],0.001784986],
[[243.0,242.0,243.0,242.0],0.004861244],
[[245.0,242.0,245.0,242.0],0.004818002],
[[247.0,242.0,247.0,242.0],0.004428243],
[[252.0,242.0,252.0,242.0],0.003474272],
[[262.0,182.0,262.0,182.0],0.0004338354],
[[262.0,202.0,262.0,202.0],0.0006519081],
[[262.0,222.0,262.0,222.0],0.001034041],
[[262.0,242.0,262.0,242.0],0.002213754],
[[263.0,262.0,263.0,262.0],0.005479842],
[[265.0,262.0,265.0,262.0],0.005289042],
[[267.0,262.0,267.0,262.0],0.005089452],
[[272.0,262.0,272.0,262.0],0.004246547],
[[282.0,202.0,282.0,202.0],0.0005292981],
[[282.0,222.0,282.0,222.0],0.000836903],
[[282.0,242.0,282.0,242.0],0.001354576],
[[282.0,262.0,282.0,262.0],0.002656119],
[[283.0,282.0,283.0,282.0],0.006114887],
[[285.0,282.0,285.0,282.0],0.005942564],
[[287.0,282.0,287.0,282.0],0.005762277],
[[292.0,282.0,292.0,282.0],0.00483876],
[[302.0,222.0,302.0,222.0],0.0007327703],
[[302.0,242.0,302.0,242.0],0.001051861],
[[302.0,262.0,302.0,262.0],0.001615043],
[[302.0,282.0,302.0,282.0],0.003329026],
[[303.0,302.0,303.0,302.0],0.006670429],
[[305.0,302.0,305.0,302.0],0.006598568],
[[307.0,302.0,307.0,302.0],0.006417962],
[[312.0,302.0,312.0,302.0],0.005435685],
[[322.0,242.0,322.0,242.0],0.0008313172],
[[322.0,262.0,322.0,262.0],0.001215155],
[[322.0,282.0,322.0,282.0],0.001972412],
[[322.0,302.0,322.0,302.0],0.003804379],
[[323.0,322.0,323.0,322.0],0.007459256],
[[325.0,322.0,325.0,322.0],0.007313803],
[[327.0,322.0,327.0,322.0],0.006997765],
[[332.0,322.0,332.0,322.0],0.006133514],
[[342.0,262.0,342.0,262.0],0.0009802327],
[[342.0,282.0,342.0,282.0],0.001427702],
[[342.0,302.0,342.0,302.0],0.002344288],
[[342.0,322.0,342.0,322.0],0.0043956],
[[343.0,342.0,343.0,342.0],0.007974108],
[[345.0,342.0,345.0,342.0],0.007850341],
[[347.0,342.0,347.0,342.0],0.007658984],
[[352.0,342.0,352.0,342.0],0.006756121],
[[362.0,282.0,362.0,282.0],0.001167097],
[[362.0,302.0,362.0,302.0],0.001692069],
[[362.0,322.0,362.0,322.0],0.002604841],
[[362.0,342.0,362.0,342.0],0.004768868],
[[363.0,362.0,363.0,362.0],0.008583522],
[[365.0,362.0,365.0,362.0],0.008506742],
[[367.0,362.0,367.0,362.0],0.008412964],
[[372.0,362.0,372.0,362.0],0.007270252],
[[382.0,302.0,382.0,302.0],0.001408479],
[[382.0,322.0,382.0,322.0],0.00201949],
[[382.0,342.0,382.0,342.0],0.00298436],
[[382.0,362.0,382.0,362.0],0.005320726],
[[383.0,382.0,383.0,382.0],0.009319895],
[[385.0,382.0,385.0,382.0],0.00923717],
[[387.0,382.0,387.0,382.0],0.009088325],
[[392.0,382.0,392.0,382.0],0.008126626],
[[402.0,322.0,402.0,322.0],0.001545065],
[[402.0,342.0,402.0,342.0],0.002191882],
[[402.0,362.0,402.0,362.0],0.00336913],
[[402.0,382.0,402.0,382.0],0.005939835],
[[403.0,402.0,403.0,402.0],0.009885459],
[[405.0,402.0,405.0,402.0],0.009776362],
[[407.0,402.0,407.0,402.0],0.009584698],
[[412.0,402.0,412.0,402.0],0.008511541],
[[422.0,342.0,422.0,342.0],0.001753484],
[[422.0,362.0,422.0,362.0],0.002531103],
[[422.0,382.0,422.0,382.0],0.003840985],
[[422.0,402.0,422.0,402.0],0.00646876],
[[442.0,362.0,442.0,362.0],0.001947251],
[[442.0,382.0,442.0,382.0],0.002801562],
[[442.0,402.0,442.0,402.0],0.004181986],
[[462.0,382.0,462.0,382.0],0.002214323],
[[462.0,402.0,462.0,402.0],0.003040614],
[[482.0,402.0,482.0,402.0],0.00244928],
[[503.0,502.0,503.0,502.0],0.01269148],
[[505.0,502.0,505.0,502.0],0.01271455],
[[507.0,502.0,507.0,502.0],0.01239002],
[[512.0,502.0,512.0,502.0],0.01164893],
[[522.0,502.0,522.0,502.0],0.009432405],
[[542.0,502.0,542.0,502.0],0.006180465],
[[562.0,502.0,562.0,502.0],0.00460127],
[[582.0,502.0,582.0,502.0],0.003603857],
[[603.0,602.0,603.0,602.0],0.01528623],
[[605.0,602.0,605.0,602.0],0.01525089],
[[607.0,602.0,607.0,602.0],0.01492144],
[[612.0,602.0,612.0,602.0],0.01427189],
[[622.0,602.0,622.0,602.0],0.01167663],
[[642.0,602.0,642.0,602.0],0.008049782],
[[662.0,602.0,662.0,602.0],0.005948447],
[[682.0,602.0,682.0,602.0],0.004798853],
[[703.0,702.0,703.0,702.0],0.01730063],
[[705.0,702.0,705.0,702.0],0.01720365],
[[707.0,702.0,707.0,702.0],0.0172854],
[[712.0,702.0,712.0,702.0],0.0165388],
[[722.0,702.0,722.0,702.0],0.01415791],
[[742.0,702.0,742.0,702.0],0.01000151],
[[762.0,702.0,762.0,702.0],0.007413205],
[[782.0,702.0,782.0,702.0],0.005910586],
[[803.0,802.0,803.0,802.0],0.0194372],
[[805.0,802.0,805.0,802.0],0.01930875],
[[807.0,802.0,807.0,802.0],0.01914489],
[[812.0,802.0,812.0,802.0],0.01857242],
[[822.0,802.0,822.0,802.0],0.01622813],
[[842.0,802.0,842.0,802.0],0.01156168],
[[862.0,802.0,862.0,802.0],0.008682546],
[[882.0,802.0,882.0,802.0],0.006867827],
[[903.0,902.0,903.0,902.0],0.02105934],
[[905.0,902.0,905.0,902.0],0.02089813],
[[907.0,902.0,907.0,902.0],0.02101731],
[[912.0,902.0,912.0,902.0],0.02034764],
[[922.0,902.0,922.0,902.0],0.01817377],
[[942.0,902.0,942.0,902.0],0.01311249],
[[962.0,902.0,962.0,902.0],0.009921282],
[[982.0,902.0,982.0,902.0],0.007662014],
[[1003.0,1002.0,1003.0,1002.0],0.02259243],
[[1005.0,1002.0,1005.0,1002.0],0.02233001],
[[1007.0,1002.0,1007.0,1002.0],0.0223355],
[[1012.0,1002.0,1012.0,1002.0],0.02196436],
[[1022.0,1002.0,1022.0,1002.0],0.01980528],
[[1042.0,1002.0,1042.0,1002.0],0.01442399],
[[1062.0,1002.0,1062.0,1002.0],0.0108775],
[[1082.0,1002.0,1082.0,1002.0],0.008559371],
[[1103.0,1102.0,1103.0,1102.0],0.02347355],
[[1105.0,1102.0,1105.0,1102.0],0.02355795],
[[1107.0,1102.0,1107.0,1102.0],0.02343364],
[[1112.0,1102.0,1112.0,1102.0],0.02308577],
[[1122.0,1102.0,1122.0,1102.0],0.02083955],
[[1142.0,1102.0,1142.0,1102.0],0.01574996],
[[1162.0,1102.0,1162.0,1102.0],0.01156963],
[[1182.0,1102.0,1182.0,1102.0],0.00917642],
[[1203.0,1202.0,1203.0,1202.0],0.02446909],
[[1205.0,1202.0,1205.0,1202.0],0.02438426],
[[1207.0,1202.0,1207.0,1202.0],0.02433795],
[[1212.0,1202.0,1212.0,1202.0],0.02382555],
[[1222.0,1202.0,1222.0,1202.0],0.02192112],
[[1242.0,1202.0,1242.0,1202.0],0.0166275],
[[1262.0,1202.0,1262.0,1202.0],0.0126414],
[[1282.0,1202.0,1282.0,1202.0],0.01001676],
[[1303.0,1302.0,1303.0,1302.0],0.02530624],
[[1305.0,1302.0,1305.0,1302.0],0.02520034],
[[1307.0,1302.0,1307.0,1302.0],0.02529739],
[[1312.0,1302.0,1312.0,1302.0],0.02473686],
[[1322.0,1302.0,1322.0,1302.0],0.02288764],
[[1342.0,1302.0,1342.0,1302.0],0.01738819],
[[1362.0,1302.0,1362.0,1302.0],0.01315622],
[[1382.0,1302.0,1382.0,1302.0],0.01050049],
[[1403.0,1402.0,1403.0,1402.0],0.02575824],
[[1405.0,1402.0,1405.0,1402.0],0.02585236],
[[1407.0,1402.0,1407.0,1402.0],0.02566451],
[[1412.0,1402.0,1412.0,1402.0],0.02532818],
[[1422.0,1402.0,1422.0,1402.0],0.02352839],
[[1442.0,1402.0,1442.0,1402.0],0.01811033],
[[1462.0,1402.0,1462.0,1402.0],0.0138053],
[[1482.0,1402.0,1482.0,1402.0],0.01098803],
[[1503.0,1502.0,1503.0,1502.0],0.02632346],
[[1505.0,1502.0,1505.0,1502.0],0.02626579],
[[1507.0,1502.0,1507.0,1502.0],0.02613715],
[[1512.0,1502.0,1512.0,1502.0],0.02563071],
[[1522.0,1502.0,1522.0,1502.0],0.02441833],
[[1542.0,1502.0,1542.0,1502.0],0.01888971],
[[1562.0,1502.0,1562.0,1502.0],0.01436449],
[[1582.0,1502.0,1582.0,1502.0],0.01171058],
[[1603.0,1602.0,1603.0,1602.0],0.026608],
[[1605.0,1602.0,1605.0,1602.0],0.02670745],
[[1607.0,1602.0,1607.0,1602.0],0.02667182],
[[1612.0,1602.0,1612.0,1602.0],0.02625525],
[[1622.0,1602.0,1622.0,1602.0],0.02456216],
[[1642.0,1602.0,1642.0,1602.0],0.01915877],
[[1662.0,1602.0,1662.0,1602.0],0.01498714],
[[1682.0,1602.0,1682.0,1602.0],0.0119514],
[[1703.0,1702.0,1703.0,1702.0],0.02664932],
[[1705.0,1702.0,1705.0,1702.0],0.02661249],
[[1707.0,1702.0,1707.0,1702.0],0.02655515],
[[1712.0,1702.0,1712.0,1702.0],0.02637129],
[[1722.0,1702.0,1722.0,1702.0],0.02493883],
[[1742.0,1702.0,1742.0,1702.0],0.01967485],
[[1762.0,1702.0,1762.0,1702.0],0.01532941],
[[1782.0,1702.0,1782.0,1702.0],0.01200804],
[[1803.0,1802.0,1803.0,1802.0],0.02706547],
[[1805.0,1802.0,1805.0,1802.0],0.02700143],
[[1807.0,1802.0,1807.0,1802.0],0.0266555],
[[1812.0,1802.0,1812.0,1802.0],0.02632997],
[[1822.0,1802.0,1822.0,1802.0],0.02530598],
[[1842.0,1802.0,1842.0,1802.0],0.01981608],
[[1862.0,1802.0,1862.0,1802.0],0.01579648],
[[1882.0,1802.0,1882.0,1802.0],0.01244673],
[[1903.0,1902.0,1903.0,1902.0],0.02728822],
[[1905.0,1902.0,1905.0,1902.0],0.02680931],
[[1907.0,1902.0,1907.0,1902.0],0.02673107],
[[1912.0,1902.0,1912.0,1902.0],0.02680058],
[[1922.0,1902.0,1922.0,1902.0],0.02520086],
[[1942.0,1902.0,1942.0,1902.0],0.02040482],
[[1962.0,1902.0,1962.0,1902.0],0.01602005],
[[1982.0,1902.0,1982.0,1902.0],0.01282902],
[[2003.0,2002.0,2003.0,2002.0],0.0270481],
[[2005.0,2002.0,2005.0,2002.0],0.02696935],
[[2007.0,2002.0,2007.0,2002.0],0.02700901],
[[2012.0,2002.0,2012.0,2002.0],0.02662312],
[[2022.0,2002.0,2022.0,2002.0],0.02548766],
[[2042.0,2002.0,2042.0,2002.0],0.0204428],
[[2062.0,2002.0,2062.0,2002.0],0.01632275],
[[2082.0,2002.0,2082.0,2002.0],0.01304499]]
