txName: TRV1
constraint: {(PV > Zprime(1)), (Zprime(1) > MET(2),MET(3))}
condition: None
conditionDescription: None
figureUrl: https://atlas.web.cern.ch/Atlas/GROUPS/PHYSICS/PAPERS/EXOT-2018-06/figaux_06.png
source: MA5
validated: True
axesMap: [{0: 'x', 1: 'y', 2: 'y'}]
dataMap: {0: (1, 'mass', GeV), 1: (2, 'mass', GeV), 2: (3, 'mass', GeV)}
finalState: ['MET', 'MET']
efficiencyMap: [[[100.0,0.0,0.0],5.737189e-05],
[[100.0,50.0,50.0],7.867305e-05],
[[200.0,0.0,0.0],0.0002677019],
[[200.0,50.0,50.0],0.0002752522],
[[200.0,100.0,100.0],0.0003399405],
[[300.0,0.0,0.0],0.0007511277],
[[300.0,50.0,50.0],0.0007333559],
[[300.0,100.0,100.0],0.0007337736],
[[300.0,150.0,150.0],0.0008691445],
[[400.0,0.0,0.0],0.001394769],
[[400.0,50.0,50.0],0.001415334],
[[400.0,100.0,100.0],0.001497657],
[[400.0,150.0,150.0],0.001470168],
[[400.0,200.0,200.0],0.00171742],
[[500.0,0.0,0.0],0.002370249],
[[500.0,50.0,50.0],0.002308268],
[[500.0,100.0,100.0],0.002437689],
[[500.0,150.0,150.0],0.002464581],
[[500.0,200.0,200.0],0.002529541],
[[500.0,250.0,250.0],0.002800861],
[[600.0,0.0,0.0],0.003395372],
[[600.0,50.0,50.0],0.003457901],
[[600.0,100.0,100.0],0.003513107],
[[600.0,150.0,150.0],0.0034839],
[[600.0,200.0,200.0],0.003594752],
[[600.0,250.0,250.0],0.003675387],
[[600.0,300.0,300.0],0.004052326],
[[700.0,0.0,0.0],0.004605876],
[[700.0,50.0,50.0],0.004614626],
[[700.0,100.0,100.0],0.004614146],
[[700.0,150.0,150.0],0.004642879],
[[700.0,200.0,200.0],0.00474941],
[[700.0,250.0,250.0],0.004783751],
[[700.0,300.0,300.0],0.004891431],
[[700.0,350.0,350.0],0.005343463],
[[800.0,0.0,0.0],0.005722691],
[[800.0,50.0,50.0],0.005776983],
[[800.0,100.0,100.0],0.005768203],
[[800.0,150.0,150.0],0.005808143],
[[800.0,200.0,200.0],0.005958458],
[[800.0,250.0,250.0],0.006016371],
[[800.0,300.0,300.0],0.006048117],
[[800.0,350.0,350.0],0.006307439],
[[800.0,400.0,400.0],0.006754217],
[[900.0,0.0,0.0],0.006972464],
[[900.0,50.0,50.0],0.006936289],
[[900.0,100.0,100.0],0.007061453],
[[900.0,150.0,150.0],0.007050179],
[[900.0,200.0,200.0],0.007139885],
[[900.0,250.0,250.0],0.007195896],
[[900.0,300.0,300.0],0.007326883],
[[900.0,350.0,350.0],0.007405447],
[[900.0,400.0,400.0],0.0075999],
[[900.0,450.0,450.0],0.008173842],
[[1000.0,0.0,0.0],0.008017367],
[[1000.0,50.0,50.0],0.008123527],
[[1000.0,100.0,100.0],0.008286098],
[[1000.0,150.0,150.0],0.008304971],
[[1000.0,200.0,200.0],0.008375272],
[[1000.0,250.0,250.0],0.008545438],
[[1000.0,300.0,300.0],0.008531158],
[[1000.0,350.0,350.0],0.008657334],
[[1000.0,400.0,400.0],0.008655495],
[[1000.0,450.0,450.0],0.009021752],
[[1000.0,500.0,500.0],0.009350769],
[[1100.0,0.0,0.0],0.009231145],
[[1100.0,50.0,50.0],0.00924454],
[[1100.0,100.0,100.0],0.009413888],
[[1100.0,150.0,150.0],0.009409271],
[[1100.0,200.0,200.0],0.009527724],
[[1100.0,250.0,250.0],0.009661134],
[[1100.0,300.0,300.0],0.009839474],
[[1100.0,350.0,350.0],0.009882844],
[[1100.0,400.0,400.0],0.009736266],
[[1100.0,450.0,450.0],0.009963322],
[[1100.0,500.0,500.0],0.01020768],
[[1100.0,550.0,550.0],0.01071474],
[[1200.0,0.0,0.0],0.01035167],
[[1200.0,50.0,50.0],0.01038482],
[[1200.0,100.0,100.0],0.01054223],
[[1200.0,150.0,150.0],0.01067562],
[[1200.0,200.0,200.0],0.01071492],
[[1200.0,250.0,250.0],0.01079189],
[[1200.0,300.0,300.0],0.01090496],
[[1200.0,350.0,350.0],0.01092536],
[[1200.0,400.0,400.0],0.01113112],
[[1200.0,450.0,450.0],0.0112423],
[[1200.0,500.0,500.0],0.01120485],
[[1200.0,550.0,550.0],0.01142636],
[[1200.0,600.0,600.0],0.01223214],
[[1300.0,0.0,0.0],0.01130091],
[[1300.0,50.0,50.0],0.01134843],
[[1300.0,100.0,100.0],0.01160151],
[[1300.0,150.0,150.0],0.01160267],
[[1300.0,200.0,200.0],0.01189878],
[[1300.0,250.0,250.0],0.011877],
[[1300.0,300.0,300.0],0.01203561],
[[1300.0,350.0,350.0],0.01208615],
[[1300.0,400.0,400.0],0.01201455],
[[1300.0,450.0,450.0],0.01242353],
[[1300.0,500.0,500.0],0.01253082],
[[1300.0,550.0,550.0],0.01256836],
[[1300.0,600.0,600.0],0.01275425],
[[1300.0,650.0,650.0],0.0131783],
[[1400.0,0.0,0.0],0.01238154],
[[1400.0,50.0,50.0],0.01245793],
[[1400.0,100.0,100.0],0.01269284],
[[1400.0,150.0,150.0],0.01261566],
[[1400.0,200.0,200.0],0.01279693],
[[1400.0,250.0,250.0],0.01305676],
[[1400.0,300.0,300.0],0.01307553],
[[1400.0,350.0,350.0],0.0130661],
[[1400.0,400.0,400.0],0.0133653],
[[1400.0,450.0,450.0],0.0135107],
[[1400.0,500.0,500.0],0.01333915],
[[1400.0,550.0,550.0],0.01351255],
[[1400.0,600.0,600.0],0.01374519],
[[1400.0,650.0,650.0],0.01383719],
[[1400.0,700.0,700.0],0.01435496],
[[1500.0,0.0,0.0],0.0134129],
[[1500.0,50.0,50.0],0.01333447],
[[1500.0,100.0,100.0],0.01371239],
[[1500.0,150.0,150.0],0.01370444],
[[1500.0,200.0,200.0],0.01400131],
[[1500.0,250.0,250.0],0.01406941],
[[1500.0,300.0,300.0],0.01413553],
[[1500.0,350.0,350.0],0.01413317],
[[1500.0,400.0,400.0],0.01430989],
[[1500.0,450.0,450.0],0.01439228],
[[1500.0,500.0,500.0],0.01458955],
[[1500.0,550.0,550.0],0.01449096],
[[1500.0,600.0,600.0],0.01471436],
[[1500.0,650.0,650.0],0.01481005],
[[1500.0,700.0,700.0],0.01494351],
[[1500.0,750.0,750.0],0.01557715],
[[1600.0,0.0,0.0],0.01421435],
[[1600.0,50.0,50.0],0.01430623],
[[1600.0,100.0,100.0],0.0145227],
[[1600.0,150.0,150.0],0.01467935],
[[1600.0,200.0,200.0],0.01504086],
[[1600.0,250.0,250.0],0.01504763],
[[1600.0,300.0,300.0],0.01503398],
[[1600.0,350.0,350.0],0.01510704],
[[1600.0,400.0,400.0],0.01517781],
[[1600.0,450.0,450.0],0.0153207],
[[1600.0,500.0,500.0],0.01541451],
[[1600.0,550.0,550.0],0.01551608],
[[1600.0,600.0,600.0],0.01563436],
[[1600.0,650.0,650.0],0.01578223],
[[1600.0,700.0,700.0],0.01586061],
[[1600.0,750.0,750.0],0.01593731],
[[1600.0,800.0,800.0],0.01649981],
[[1700.0,0.0,0.0],0.01506006],
[[1700.0,50.0,50.0],0.01514612],
[[1700.0,100.0,100.0],0.01533984],
[[1700.0,150.0,150.0],0.01559824],
[[1700.0,200.0,200.0],0.01576637],
[[1700.0,250.0,250.0],0.01592838],
[[1700.0,300.0,300.0],0.01598103],
[[1700.0,350.0,350.0],0.01603767],
[[1700.0,400.0,400.0],0.0161277],
[[1700.0,450.0,450.0],0.01630063],
[[1700.0,500.0,500.0],0.01652229],
[[1700.0,550.0,550.0],0.016414],
[[1700.0,600.0,600.0],0.01668345],
[[1700.0,650.0,650.0],0.01665843],
[[1700.0,700.0,700.0],0.01669364],
[[1700.0,750.0,750.0],0.01688212],
[[1700.0,800.0,800.0],0.0170028],
[[1700.0,850.0,850.0],0.01761197],
[[1800.0,0.0,0.0],0.01584117],
[[1800.0,50.0,50.0],0.01576715],
[[1800.0,100.0,100.0],0.01616905],
[[1800.0,150.0,150.0],0.01642781],
[[1800.0,200.0,200.0],0.01655115],
[[1800.0,250.0,250.0],0.01661018],
[[1800.0,300.0,300.0],0.01670841],
[[1800.0,350.0,350.0],0.01701913],
[[1800.0,400.0,400.0],0.01713742],
[[1800.0,450.0,450.0],0.01716032],
[[1800.0,500.0,500.0],0.01725915],
[[1800.0,550.0,550.0],0.01732752],
[[1800.0,600.0,600.0],0.01734526],
[[1800.0,650.0,650.0],0.01749491],
[[1800.0,700.0,700.0],0.01761779],
[[1800.0,750.0,750.0],0.01781165],
[[1800.0,800.0,800.0],0.01792805],
[[1800.0,850.0,850.0],0.01811109],
[[1800.0,900.0,900.0],0.01875048],
[[1900.0,0.0,0.0],0.01645399],
[[1900.0,50.0,50.0],0.01676013],
[[1900.0,100.0,100.0],0.01681964],
[[1900.0,150.0,150.0],0.01696453],
[[1900.0,200.0,200.0],0.01712891],
[[1900.0,250.0,250.0],0.01752445],
[[1900.0,300.0,300.0],0.0176934],
[[1900.0,350.0,350.0],0.01767505],
[[1900.0,400.0,400.0],0.0179626],
[[1900.0,450.0,450.0],0.01801839],
[[1900.0,500.0,500.0],0.01807059],
[[1900.0,550.0,550.0],0.01825301],
[[1900.0,600.0,600.0],0.01832755],
[[1900.0,650.0,650.0],0.01838211],
[[1900.0,700.0,700.0],0.01831761],
[[1900.0,750.0,750.0],0.01868054],
[[1900.0,800.0,800.0],0.01864263],
[[1900.0,850.0,850.0],0.01873206],
[[1900.0,900.0,900.0],0.01893931],
[[1900.0,950.0,950.0],0.01950027],
[[2000.0,0.0,0.0],0.01704435],
[[2000.0,50.0,50.0],0.0173402],
[[2000.0,100.0,100.0],0.01752986],
[[2000.0,150.0,150.0],0.01776458],
[[2000.0,200.0,200.0],0.01791287],
[[2000.0,250.0,250.0],0.01820557],
[[2000.0,300.0,300.0],0.01840282],
[[2000.0,350.0,350.0],0.01842573],
[[2000.0,400.0,400.0],0.01847946],
[[2000.0,450.0,450.0],0.01863826],
[[2000.0,500.0,500.0],0.01879376],
[[2000.0,550.0,550.0],0.01903094],
[[2000.0,600.0,600.0],0.01897563],
[[2000.0,650.0,650.0],0.01923748],
[[2000.0,700.0,700.0],0.01920012],
[[2000.0,750.0,750.0],0.01899135],
[[2000.0,800.0,800.0],0.0193782],
[[2000.0,850.0,850.0],0.0193159],
[[2000.0,900.0,900.0],0.01946764],
[[2000.0,950.0,950.0],0.01966744],
[[2000.0,1000.0,1000.0],0.02021835],
[[2100.0,0.0,0.0],0.01757361],
[[2100.0,50.0,50.0],0.01777931],
[[2100.0,100.0,100.0],0.01822773],
[[2100.0,150.0,150.0],0.01857981],
[[2100.0,200.0,200.0],0.01854102],
[[2100.0,250.0,250.0],0.01889258],
[[2100.0,300.0,300.0],0.01898474],
[[2100.0,350.0,350.0],0.01915321],
[[2100.0,400.0,400.0],0.01928377],
[[2100.0,450.0,450.0],0.0194008],
[[2100.0,500.0,500.0],0.01956739],
[[2100.0,550.0,550.0],0.01976284],
[[2100.0,600.0,600.0],0.01976624],
[[2100.0,650.0,650.0],0.01988103],
[[2100.0,700.0,700.0],0.02009561],
[[2100.0,750.0,750.0],0.01993837],
[[2100.0,800.0,800.0],0.02000111],
[[2100.0,850.0,850.0],0.02030118],
[[2100.0,900.0,900.0],0.02023621],
[[2100.0,950.0,950.0],0.02048733],
[[2100.0,1000.0,1000.0],0.02055825],
[[2100.0,1050.0,1050.0],0.02110373],
[[2200.0,0.0,0.0],0.01793311],
[[2200.0,50.0,50.0],0.01836979],
[[2200.0,100.0,100.0],0.01868929],
[[2200.0,150.0,150.0],0.01886526],
[[2200.0,200.0,200.0],0.01916853],
[[2200.0,250.0,250.0],0.01942925],
[[2200.0,300.0,300.0],0.01955306],
[[2200.0,350.0,350.0],0.01983702],
[[2200.0,400.0,400.0],0.01984868],
[[2200.0,450.0,450.0],0.0201355],
[[2200.0,500.0,500.0],0.02015604],
[[2200.0,550.0,550.0],0.02041122],
[[2200.0,600.0,600.0],0.02060964],
[[2200.0,650.0,650.0],0.0205056],
[[2200.0,700.0,700.0],0.02065857],
[[2200.0,750.0,750.0],0.02072249],
[[2200.0,800.0,800.0],0.02085075],
[[2200.0,850.0,850.0],0.02101642],
[[2200.0,900.0,900.0],0.0208487],
[[2200.0,950.0,950.0],0.02107904],
[[2200.0,1000.0,1000.0],0.02115652],
[[2200.0,1050.0,1050.0],0.02139085],
[[2200.0,1100.0,1100.0],0.02180924]]
