dataId: SR_2016_7
dataType: efficiencyMap
observedN: 8298
expectedBG: 8473.070068
bgError: 168.65450658076114
upperLimit: 1.809*fb
expectedUpperLimit: 1.983*fb
