txName: TChiWWISRqq
constraint: {(PV > anyBSM(1), anyBSM(3)), (anyBSM(1) > q, q, MET(2)), (anyBSM(3) > q, q, MET(4))}
condition: None
conditionDescription: None
figureUrl: None
source: Recast by MA5
validated: True
axesMap: [{0: 'x', 1: 'y', 2: 'x', 3: 'y'}]
dataMap: {0: (1, 'mass', GeV), 1: (2, 'mass', GeV), 2: (3, 'mass', GeV), 3: (4, 'mass', GeV)}
finalState: ['MET', 'MET']
intermediateState: None
efficiencyMap: [[[11.0,10.0,11.0,10.0],3.893199e-07],
[[13.0,10.0,13.0,10.0],2.719166e-08],
[[15.0,10.0,15.0,10.0],2.182641e-08],
[[20.0,10.0,20.0,10.0],0.0],
[[21.0,20.0,21.0,20.0],2.046549e-06],
[[23.0,20.0,23.0,20.0],2.536011e-07],
[[25.0,20.0,25.0,20.0],6.47537e-08],
[[30.0,10.0,30.0,10.0],0.0],
[[30.0,20.0,30.0,20.0],1.838028e-08],
[[31.0,30.0,31.0,30.0],2.237013e-06],
[[33.0,30.0,33.0,30.0],5.865156e-07],
[[35.0,30.0,35.0,30.0],8.413397e-08],
[[40.0,20.0,40.0,20.0],0.0],
[[40.0,30.0,40.0,30.0],1.379558e-07],
[[41.0,40.0,41.0,40.0],2.021431e-06],
[[43.0,40.0,43.0,40.0],1.050308e-06],
[[45.0,40.0,45.0,40.0],4.277079e-07],
[[50.0,10.0,50.0,10.0],9.685365e-09],
[[50.0,30.0,50.0,30.0],7.480623e-08],
[[50.0,40.0,50.0,40.0],2.285349e-07],
[[51.0,50.0,51.0,50.0],4.410657e-06],
[[53.0,50.0,53.0,50.0],3.64511e-06],
[[55.0,50.0,55.0,50.0],2.125446e-06],
[[60.0,20.0,60.0,20.0],4.765541e-08],
[[60.0,40.0,60.0,40.0],2.247788e-07],
[[60.0,50.0,60.0,50.0],1.070459e-06],
[[61.0,60.0,61.0,60.0],1.055128e-05],
[[63.0,60.0,63.0,60.0],8.315508e-06],
[[65.0,60.0,65.0,60.0],4.137416e-06],
[[70.0,10.0,70.0,10.0],1.380054e-07],
[[70.0,30.0,70.0,30.0],2.39122e-07],
[[70.0,50.0,70.0,50.0],1.34644e-06],
[[70.0,60.0,70.0,60.0],2.559273e-06],
[[71.0,70.0,71.0,70.0],1.40548e-05],
[[73.0,70.0,73.0,70.0],1.157321e-05],
[[75.0,70.0,75.0,70.0],7.649706e-06],
[[80.0,20.0,80.0,20.0],1.908253e-07],
[[80.0,40.0,80.0,40.0],3.159737e-07],
[[80.0,60.0,80.0,60.0],1.294242e-06],
[[80.0,70.0,80.0,70.0],4.965597e-06],
[[81.0,80.0,81.0,80.0],2.008941e-05],
[[83.0,80.0,83.0,80.0],2.120325e-05],
[[85.0,80.0,85.0,80.0],1.474393e-05],
[[90.0,10.0,90.0,10.0],2.120632e-07],
[[90.0,30.0,90.0,30.0],2.937768e-07],
[[90.0,50.0,90.0,50.0],1.389741e-06],
[[90.0,70.0,90.0,70.0],2.733729e-06],
[[90.0,80.0,90.0,80.0],8.237438e-06],
[[91.0,90.0,91.0,90.0],2.403519e-05],
[[93.0,90.0,93.0,90.0],2.415969e-05],
[[95.0,90.0,95.0,90.0],2.023384e-05],
[[100.0,20.0,100.0,20.0],3.273124e-07],
[[100.0,40.0,100.0,40.0],6.727878e-07],
[[100.0,60.0,100.0,60.0],2.260626e-06],
[[100.0,80.0,100.0,80.0],5.679573e-06],
[[100.0,90.0,100.0,90.0],1.086004e-05],
[[101.0,100.0,101.0,100.0],3.348716e-05],
[[103.0,100.0,103.0,100.0],3.179153e-05],
[[103.0,102.0,103.0,102.0],3.489709e-05],
[[105.0,100.0,105.0,100.0],3.012308e-05],
[[105.0,102.0,105.0,102.0],3.000407e-05],
[[107.0,102.0,107.0,102.0],3.524243e-05],
[[110.0,30.0,110.0,30.0],4.56476e-07],
[[110.0,50.0,110.0,50.0],9.496698e-07],
[[110.0,70.0,110.0,70.0],2.324453e-06],
[[110.0,90.0,110.0,90.0],6.529863e-06],
[[110.0,100.0,110.0,100.0],1.625257e-05],
[[112.0,102.0,112.0,102.0],1.473232e-05],
[[120.0,40.0,120.0,40.0],2.036486e-06],
[[120.0,60.0,120.0,60.0],2.535662e-06],
[[120.0,80.0,120.0,80.0],4.106812e-06],
[[120.0,100.0,120.0,100.0],9.485022e-06],
[[122.0,102.0,122.0,102.0],9.092397e-06],
[[123.0,122.0,123.0,122.0],4.321024e-05],
[[125.0,122.0,125.0,122.0],5.169686e-05],
[[127.0,122.0,127.0,122.0],3.884069e-05],
[[130.0,50.0,130.0,50.0],1.755618e-06],
[[130.0,70.0,130.0,70.0],2.847857e-06],
[[130.0,90.0,130.0,90.0],6.687121e-06],
[[132.0,122.0,132.0,122.0],2.859176e-05],
[[140.0,60.0,140.0,60.0],3.67204e-06],
[[140.0,80.0,140.0,80.0],6.283478e-06],
[[140.0,100.0,140.0,100.0],6.294887e-06],
[[142.0,102.0,142.0,102.0],6.465739e-06],
[[142.0,122.0,142.0,122.0],1.558917e-05],
[[143.0,142.0,143.0,142.0],5.819026e-05],
[[145.0,142.0,145.0,142.0],5.824062e-05],
[[147.0,142.0,147.0,142.0],6.05558e-05],
[[150.0,70.0,150.0,70.0],4.78817e-06],
[[150.0,90.0,150.0,90.0],9.11177e-06],
[[152.0,142.0,152.0,142.0],4.084398e-05],
[[160.0,80.0,160.0,80.0],5.507209e-06],
[[160.0,100.0,160.0,100.0],7.893975e-06],
[[162.0,102.0,162.0,102.0],8.274117e-06],
[[162.0,122.0,162.0,122.0],1.782907e-05],
[[162.0,142.0,162.0,142.0],2.560964e-05],
[[163.0,162.0,163.0,162.0],7.634533e-05],
[[165.0,162.0,165.0,162.0],8.00138e-05],
[[167.0,162.0,167.0,162.0],8.025761e-05],
[[170.0,90.0,170.0,90.0],7.960161e-06],
[[172.0,162.0,172.0,162.0],5.377526e-05],
[[180.0,100.0,180.0,100.0],7.606887e-06],
[[182.0,102.0,182.0,102.0],1.389684e-05],
[[182.0,122.0,182.0,122.0],1.137367e-05],
[[182.0,142.0,182.0,142.0],1.676123e-05],
[[182.0,162.0,182.0,162.0],4.449359e-05],
[[183.0,182.0,183.0,182.0],8.806912e-05],
[[185.0,182.0,185.0,182.0],9.357447e-05],
[[187.0,182.0,187.0,182.0],8.749756e-05],
[[192.0,182.0,192.0,182.0],8.280537e-05],
[[202.0,122.0,202.0,122.0],1.337773e-05],
[[202.0,142.0,202.0,142.0],2.291334e-05],
[[202.0,162.0,202.0,162.0],2.806547e-05],
[[202.0,182.0,202.0,182.0],4.525194e-05],
[[203.0,202.0,203.0,202.0],0.0001076209],
[[205.0,202.0,205.0,202.0],0.0001050275],
[[207.0,202.0,207.0,202.0],9.687705e-05],
[[212.0,202.0,212.0,202.0],8.780615e-05],
[[222.0,142.0,222.0,142.0],2.799313e-05],
[[222.0,162.0,222.0,162.0],2.712703e-05],
[[222.0,182.0,222.0,182.0],3.490641e-05],
[[222.0,202.0,222.0,202.0],5.822948e-05],
[[223.0,222.0,223.0,222.0],0.0001225934],
[[225.0,222.0,225.0,222.0],0.000121168],
[[227.0,222.0,227.0,222.0],0.000122936],
[[232.0,222.0,232.0,222.0],0.0001111995],
[[242.0,162.0,242.0,162.0],3.112371e-05],
[[242.0,182.0,242.0,182.0],3.297842e-05],
[[242.0,202.0,242.0,202.0],4.319916e-05],
[[242.0,222.0,242.0,222.0],6.870872e-05],
[[243.0,242.0,243.0,242.0],0.0001323907],
[[245.0,242.0,245.0,242.0],0.0001395745],
[[247.0,242.0,247.0,242.0],0.0001310692],
[[252.0,242.0,252.0,242.0],0.0001140572],
[[262.0,182.0,262.0,182.0],3.788967e-05],
[[262.0,202.0,262.0,202.0],4.487338e-05],
[[262.0,222.0,262.0,222.0],5.307423e-05],
[[262.0,242.0,262.0,242.0],8.665333e-05],
[[263.0,262.0,263.0,262.0],0.0001473587],
[[265.0,262.0,265.0,262.0],0.0001419207],
[[267.0,262.0,267.0,262.0],0.0001480896],
[[272.0,262.0,272.0,262.0],0.0001368811],
[[282.0,202.0,282.0,202.0],3.927579e-05],
[[282.0,222.0,282.0,222.0],4.385669e-05],
[[282.0,242.0,282.0,242.0],6.278204e-05],
[[282.0,262.0,282.0,262.0],0.0001015029],
[[283.0,282.0,283.0,282.0],0.0001554832],
[[285.0,282.0,285.0,282.0],0.0001710198],
[[287.0,282.0,287.0,282.0],0.0001521476],
[[292.0,282.0,292.0,282.0],0.0001383299],
[[302.0,222.0,302.0,222.0],4.79709e-05],
[[302.0,242.0,302.0,242.0],5.898061e-05],
[[302.0,262.0,302.0,262.0],7.243626e-05],
[[302.0,282.0,302.0,282.0],0.000116465],
[[303.0,302.0,303.0,302.0],0.0001834902],
[[305.0,302.0,305.0,302.0],0.0001628901],
[[307.0,302.0,307.0,302.0],0.0001710641],
[[312.0,302.0,312.0,302.0],0.0001523892],
[[322.0,242.0,322.0,242.0],5.679826e-05],
[[322.0,262.0,322.0,262.0],7.492603e-05],
[[322.0,282.0,322.0,282.0],8.807032e-05],
[[322.0,302.0,322.0,302.0],0.0001302135],
[[323.0,322.0,323.0,322.0],0.0001972331],
[[325.0,322.0,325.0,322.0],0.0001778778],
[[327.0,322.0,327.0,322.0],0.0001938292],
[[332.0,322.0,332.0,322.0],0.0001703487],
[[342.0,262.0,342.0,262.0],7.674798e-05],
[[342.0,282.0,342.0,282.0],7.872198e-05],
[[342.0,302.0,342.0,302.0],0.0001002018],
[[342.0,322.0,342.0,322.0],0.0001313487],
[[343.0,342.0,343.0,342.0],0.0001868081],
[[345.0,342.0,345.0,342.0],0.0002076096],
[[347.0,342.0,347.0,342.0],0.0001946242],
[[352.0,342.0,352.0,342.0],0.0001761646],
[[362.0,282.0,362.0,282.0],7.105121e-05],
[[362.0,302.0,362.0,302.0],8.541368e-05],
[[362.0,322.0,362.0,322.0],9.982045e-05],
[[362.0,342.0,362.0,342.0],0.0001517139],
[[363.0,362.0,363.0,362.0],0.0002128863],
[[365.0,362.0,365.0,362.0],0.0001983873],
[[367.0,362.0,367.0,362.0],0.0002016728],
[[372.0,362.0,372.0,362.0],0.0001855765],
[[382.0,302.0,382.0,302.0],8.235291e-05],
[[382.0,322.0,382.0,322.0],9.98662e-05],
[[382.0,342.0,382.0,342.0],0.0001165217],
[[382.0,362.0,382.0,362.0],0.0001506191],
[[383.0,382.0,383.0,382.0],0.000217372],
[[385.0,382.0,385.0,382.0],0.00021242],
[[387.0,382.0,387.0,382.0],0.0002110979],
[[392.0,382.0,392.0,382.0],0.0002077575],
[[402.0,322.0,402.0,322.0],9.545755e-05],
[[402.0,342.0,402.0,342.0],0.0001074445],
[[402.0,362.0,402.0,362.0],0.0001235051],
[[402.0,382.0,402.0,382.0],0.000173833],
[[403.0,402.0,403.0,402.0],0.0002275009],
[[405.0,402.0,405.0,402.0],0.0002242257],
[[407.0,402.0,407.0,402.0],0.0002150527],
[[412.0,402.0,412.0,402.0],0.0002145755],
[[422.0,342.0,422.0,342.0],0.0001033236],
[[422.0,362.0,422.0,362.0],0.0001120819],
[[422.0,382.0,422.0,382.0],0.0001330327],
[[422.0,402.0,422.0,402.0],0.0001801997],
[[442.0,362.0,442.0,362.0],0.0001090324],
[[442.0,382.0,442.0,382.0],0.0001235783],
[[442.0,402.0,442.0,402.0],0.0001486337],
[[462.0,382.0,462.0,382.0],0.0001114861],
[[462.0,402.0,462.0,402.0],0.0001272112],
[[482.0,402.0,482.0,402.0],0.0001270841],
[[503.0,502.0,503.0,502.0],0.000266172],
[[505.0,502.0,505.0,502.0],0.0002750615],
[[507.0,502.0,507.0,502.0],0.0002645496],
[[512.0,502.0,512.0,502.0],0.0002712239],
[[522.0,502.0,522.0,502.0],0.0002442322],
[[542.0,502.0,542.0,502.0],0.0001827857],
[[562.0,502.0,562.0,502.0],0.0001631149],
[[582.0,502.0,582.0,502.0],0.0001606887],
[[603.0,602.0,603.0,602.0],0.0003152806],
[[605.0,602.0,605.0,602.0],0.000308549],
[[607.0,602.0,607.0,602.0],0.0003042023],
[[612.0,602.0,612.0,602.0],0.0002836951],
[[622.0,602.0,622.0,602.0],0.0002766465],
[[642.0,602.0,642.0,602.0],0.0002113087],
[[662.0,602.0,662.0,602.0],0.0001927978],
[[682.0,602.0,682.0,602.0],0.000181478],
[[703.0,702.0,703.0,702.0],0.0003439],
[[705.0,702.0,705.0,702.0],0.0003295514],
[[707.0,702.0,707.0,702.0],0.0003380892],
[[712.0,702.0,712.0,702.0],0.0003215753],
[[722.0,702.0,722.0,702.0],0.0003025352],
[[742.0,702.0,742.0,702.0],0.0002602659],
[[762.0,702.0,762.0,702.0],0.0002303164],
[[782.0,702.0,782.0,702.0],0.000229951],
[[803.0,802.0,803.0,802.0],0.0003634494],
[[805.0,802.0,805.0,802.0],0.0003559559],
[[807.0,802.0,807.0,802.0],0.0003593957],
[[812.0,802.0,812.0,802.0],0.000361067],
[[822.0,802.0,822.0,802.0],0.0003416672],
[[842.0,802.0,842.0,802.0],0.0002620225],
[[862.0,802.0,862.0,802.0],0.0002505228],
[[882.0,802.0,882.0,802.0],0.000248443],
[[903.0,902.0,903.0,902.0],0.0003762614],
[[905.0,902.0,905.0,902.0],0.0003796521],
[[907.0,902.0,907.0,902.0],0.0003563339],
[[912.0,902.0,912.0,902.0],0.0003803692],
[[922.0,902.0,922.0,902.0],0.0003512228],
[[942.0,902.0,942.0,902.0],0.0003043933],
[[962.0,902.0,962.0,902.0],0.0002660803],
[[982.0,902.0,982.0,902.0],0.0002539687],
[[1003.0,1002.0,1003.0,1002.0],0.0003822941],
[[1005.0,1002.0,1005.0,1002.0],0.0003884552],
[[1007.0,1002.0,1007.0,1002.0],0.0003865973],
[[1012.0,1002.0,1012.0,1002.0],0.0003772082],
[[1022.0,1002.0,1022.0,1002.0],0.0003681723],
[[1042.0,1002.0,1042.0,1002.0],0.0003246188],
[[1062.0,1002.0,1062.0,1002.0],0.000264149],
[[1082.0,1002.0,1082.0,1002.0],0.0002902463],
[[1103.0,1102.0,1103.0,1102.0],0.000413871],
[[1105.0,1102.0,1105.0,1102.0],0.0003948877],
[[1107.0,1102.0,1107.0,1102.0],0.000408773],
[[1112.0,1102.0,1112.0,1102.0],0.0003906995],
[[1122.0,1102.0,1122.0,1102.0],0.0003745078],
[[1142.0,1102.0,1142.0,1102.0],0.0003300107],
[[1162.0,1102.0,1162.0,1102.0],0.0003111797],
[[1182.0,1102.0,1182.0,1102.0],0.0002976291],
[[1203.0,1202.0,1203.0,1202.0],0.0004090147],
[[1205.0,1202.0,1205.0,1202.0],0.0004142127],
[[1207.0,1202.0,1207.0,1202.0],0.0004237058],
[[1212.0,1202.0,1212.0,1202.0],0.000415423],
[[1222.0,1202.0,1222.0,1202.0],0.0004014241],
[[1242.0,1202.0,1242.0,1202.0],0.0003310387],
[[1262.0,1202.0,1262.0,1202.0],0.0003106966],
[[1282.0,1202.0,1282.0,1202.0],0.0002872747],
[[1303.0,1302.0,1303.0,1302.0],0.0004246327],
[[1305.0,1302.0,1305.0,1302.0],0.0004369538],
[[1307.0,1302.0,1307.0,1302.0],0.0004352036],
[[1312.0,1302.0,1312.0,1302.0],0.0004306287],
[[1322.0,1302.0,1322.0,1302.0],0.0003767224],
[[1342.0,1302.0,1342.0,1302.0],0.0003602151],
[[1362.0,1302.0,1362.0,1302.0],0.0003259817],
[[1382.0,1302.0,1382.0,1302.0],0.0003254496],
[[1403.0,1402.0,1403.0,1402.0],0.0004451221],
[[1405.0,1402.0,1405.0,1402.0],0.0004295586],
[[1407.0,1402.0,1407.0,1402.0],0.000423434],
[[1412.0,1402.0,1412.0,1402.0],0.0004441557],
[[1422.0,1402.0,1422.0,1402.0],0.0004185683],
[[1442.0,1402.0,1442.0,1402.0],0.0003562643],
[[1462.0,1402.0,1462.0,1402.0],0.0003249031],
[[1482.0,1402.0,1482.0,1402.0],0.0003173692],
[[1503.0,1502.0,1503.0,1502.0],0.0004375996],
[[1505.0,1502.0,1505.0,1502.0],0.0004384212],
[[1507.0,1502.0,1507.0,1502.0],0.000429786],
[[1512.0,1502.0,1512.0,1502.0],0.0004235835],
[[1522.0,1502.0,1522.0,1502.0],0.00040044],
[[1542.0,1502.0,1542.0,1502.0],0.0003532737],
[[1562.0,1502.0,1562.0,1502.0],0.0003546358],
[[1582.0,1502.0,1582.0,1502.0],0.0003212736],
[[1603.0,1602.0,1603.0,1602.0],0.00043927],
[[1605.0,1602.0,1605.0,1602.0],0.0004275392],
[[1607.0,1602.0,1607.0,1602.0],0.0004364327],
[[1612.0,1602.0,1612.0,1602.0],0.0004432818],
[[1622.0,1602.0,1622.0,1602.0],0.0004420728],
[[1642.0,1602.0,1642.0,1602.0],0.0003728331],
[[1662.0,1602.0,1662.0,1602.0],0.0003424741],
[[1682.0,1602.0,1682.0,1602.0],0.000323925],
[[1703.0,1702.0,1703.0,1702.0],0.0004486194],
[[1705.0,1702.0,1705.0,1702.0],0.0004641726],
[[1707.0,1702.0,1707.0,1702.0],0.0004619451],
[[1712.0,1702.0,1712.0,1702.0],0.0004634775],
[[1722.0,1702.0,1722.0,1702.0],0.0004623272],
[[1742.0,1702.0,1742.0,1702.0],0.0003576279],
[[1762.0,1702.0,1762.0,1702.0],0.0003196182],
[[1782.0,1702.0,1782.0,1702.0],0.000319936],
[[1803.0,1802.0,1803.0,1802.0],0.0004653331],
[[1805.0,1802.0,1805.0,1802.0],0.0004601338],
[[1807.0,1802.0,1807.0,1802.0],0.0004684837],
[[1812.0,1802.0,1812.0,1802.0],0.0004427671],
[[1822.0,1802.0,1822.0,1802.0],0.0004324327],
[[1842.0,1802.0,1842.0,1802.0],0.0003957323],
[[1862.0,1802.0,1862.0,1802.0],0.0003626039],
[[1882.0,1802.0,1882.0,1802.0],0.0003615646],
[[1903.0,1902.0,1903.0,1902.0],0.0005068243],
[[1905.0,1902.0,1905.0,1902.0],0.0004413119],
[[1907.0,1902.0,1907.0,1902.0],0.0004603628],
[[1912.0,1902.0,1912.0,1902.0],0.0004769023],
[[1922.0,1902.0,1922.0,1902.0],0.000430307],
[[1942.0,1902.0,1942.0,1902.0],0.0003892554],
[[1962.0,1902.0,1962.0,1902.0],0.000393175],
[[1982.0,1902.0,1982.0,1902.0],0.0003737009],
[[2003.0,2002.0,2003.0,2002.0],0.0004464285],
[[2005.0,2002.0,2005.0,2002.0],0.0004799657],
[[2007.0,2002.0,2007.0,2002.0],0.0004829614],
[[2012.0,2002.0,2012.0,2002.0],0.000474785],
[[2022.0,2002.0,2022.0,2002.0],0.000491231],
[[2042.0,2002.0,2042.0,2002.0],0.0003861724],
[[2062.0,2002.0,2062.0,2002.0],0.0003890142],
[[2082.0,2002.0,2082.0,2002.0],0.0003345612]]
