txName: TRV1nunu
constraint: {(PV > Zprime(1)), (Zprime(1) > nu,nu)}
condition: None
conditionDescription: None
figureUrl: None
source: CMS
validated: N/A
axesMap: [{0: 'x'}]
dataMap: {0: (1, 'mass', GeV)}
finalState: ['MET', 'MET']
efficiencyMap: [[[50.0],6.966263e-07],
[[100.0],4.084029e-06],
[[150.0],1.285479e-05],
[[200.0],3.032146e-05],
[[250.0],5.275787e-05],
[[300.0],8.357019e-05],
[[350.0],0.0001255491],
[[400.0],0.0001727338],
[[450.0],0.0001892877],
[[500.0],0.0002639404],
[[550.0],0.0002813413],
[[600.0],0.0004002622],
[[650.0],0.0003762552],
[[700.0],0.0004539679],
[[750.0],0.0004826523],
[[800.0],0.0005674835],
[[850.0],0.0006208712],
[[900.0],0.0006101947],
[[950.0],0.0006117188],
[[1000.0],0.0006413203],
[[1050.0],0.0006456771],
[[1100.0],0.0008060873],
[[1150.0],0.0007402756],
[[1200.0],0.0008591623],
[[1250.0],0.0008081606],
[[1300.0],0.0008781346],
[[1350.0],0.0008834689],
[[1400.0],0.0008320861],
[[1450.0],0.0008645781],
[[1500.0],0.0009201784],
[[1550.0],0.0009264324],
[[1600.0],0.0009619253],
[[1650.0],0.0009610397],
[[1700.0],0.001057827],
[[1750.0],0.0009322476],
[[1800.0],0.001032133],
[[1850.0],0.001003354],
[[1900.0],0.001079961],
[[1950.0],0.0009753635],
[[2000.0],0.001185207],
[[2250.0],0.001263681],
[[2500.0],0.001319395],
[[2750.0],0.00133699],
[[3000.0],0.001420657]]
