txName: TChiISR
constraint: {(PV > MET(1), MET(2))}
condition: None
conditionDescription: None
figureUrl: None
source: MA5
validated: True
axesMap: [{0: 'x', 1: 'y'}]
dataMap: {0: (1, 'mass', GeV), 1: (2, 'mass', GeV)}
finalState: ['MET', 'MET']
efficiencyMap: [[[1.0,10.0],0.0007152299],
[[1.0,20.0],0.0007659977],
[[1.0,30.0],0.0007503055],
[[1.0,40.0],0.0007355465],
[[1.0,50.0],0.000736802],
[[1.0,60.0],0.0007151821],
[[5.0,10.0],0.0007180332],
[[7.0,10.0],0.0007134727],
[[9.0,10.0],0.0007175418],
[[10.0,1.0],0.0007152299],
[[10.0,5.0],0.0007180332],
[[10.0,7.0],0.0007134727],
[[10.0,9.0],0.0007175418],
[[10.0,10.0],0.0007314349],
[[12.0,62.0],0.0007874341],
[[12.0,72.0],0.0008879524],
[[12.0,82.0],0.001888529],
[[12.0,92.0],0.00279577],
[[12.0,102.0],0.003483874],
[[12.0,212.0],0.00891556],
[[12.0,312.0],0.01200162],
[[15.0,20.0],0.0007122686],
[[17.0,20.0],0.0007319597],
[[19.0,20.0],0.00076169],
[[20.0,1.0],0.0007659977],
[[20.0,15.0],0.0007122686],
[[20.0,17.0],0.0007319597],
[[20.0,19.0],0.00076169],
[[20.0,20.0],0.0007315036],
[[20.0,30.0],0.0007747377],
[[20.0,40.0],0.000756908],
[[20.0,50.0],0.0007376189],
[[20.0,60.0],0.0007766997],
[[25.0,30.0],0.0007119094],
[[27.0,30.0],0.0007581772],
[[29.0,30.0],0.0007590475],
[[30.0,1.0],0.0007503055],
[[30.0,20.0],0.0007747377],
[[30.0,25.0],0.0007119094],
[[30.0,27.0],0.0007581772],
[[30.0,29.0],0.0007590475],
[[30.0,30.0],0.0007641004],
[[30.0,40.0],0.0007678656],
[[30.0,50.0],0.0007680007],
[[30.0,60.0],0.001231913],
[[32.0,62.0],0.001880377],
[[32.0,72.0],0.002847153],
[[32.0,82.0],0.003590562],
[[32.0,92.0],0.004110089],
[[32.0,102.0],0.004796669],
[[32.0,112.0],0.005317888],
[[32.0,122.0],0.00612657],
[[32.0,232.0],0.01021719],
[[32.0,332.0],0.01250339],
[[35.0,40.0],0.0008071521],
[[37.0,40.0],0.0008085886],
[[39.0,40.0],0.0007777098],
[[40.0,1.0],0.0007355465],
[[40.0,20.0],0.000756908],
[[40.0,30.0],0.0007678656],
[[40.0,35.0],0.0008071521],
[[40.0,37.0],0.0008085886],
[[40.0,39.0],0.0007777098],
[[40.0,40.0],0.0007597812],
[[40.0,50.0],0.001206674],
[[40.0,60.0],0.002321447],
[[45.0,50.0],0.001861552],
[[47.0,50.0],0.00208794],
[[49.0,50.0],0.00227873],
[[50.0,1.0],0.000736802],
[[50.0,20.0],0.0007376189],
[[50.0,30.0],0.0007680007],
[[50.0,40.0],0.001206674],
[[50.0,45.0],0.001861552],
[[50.0,47.0],0.00208794],
[[50.0,49.0],0.00227873],
[[50.0,50.0],0.002297495],
[[50.0,60.0],0.003086045],
[[52.0,62.0],0.00378862],
[[52.0,67.0],0.003898599],
[[52.0,72.0],0.004254683],
[[52.0,82.0],0.004834841],
[[52.0,92.0],0.00523662],
[[52.0,102.0],0.005833967],
[[52.0,112.0],0.006391057],
[[52.0,122.0],0.006934208],
[[52.0,132.0],0.006977769],
[[52.0,142.0],0.007589536],
[[52.0,252.0],0.01100249],
[[52.0,352.0],0.01316806],
[[55.0,60.0],0.003432203],
[[57.0,60.0],0.003537042],
[[59.0,60.0],0.003685393],
[[60.0,1.0],0.0007151821],
[[60.0,20.0],0.0007766997],
[[60.0,30.0],0.001231913],
[[60.0,40.0],0.002321447],
[[60.0,50.0],0.003086045],
[[60.0,55.0],0.003432203],
[[60.0,57.0],0.003537042],
[[60.0,59.0],0.003685393],
[[60.0,60.0],0.00368078],
[[62.0,12.0],0.0007874341],
[[62.0,32.0],0.001880377],
[[62.0,52.0],0.00378862],
[[67.0,52.0],0.003898599],
[[72.0,12.0],0.0008879524],
[[72.0,32.0],0.002847153],
[[72.0,52.0],0.004254683],
[[72.0,72.0],0.005379985],
[[72.0,75.0],0.005723428],
[[72.0,77.0],0.005808523],
[[72.0,82.0],0.00599587],
[[72.0,87.0],0.006709342],
[[72.0,92.0],0.006467353],
[[72.0,102.0],0.006901593],
[[72.0,112.0],0.007466339],
[[72.0,122.0],0.007684945],
[[72.0,132.0],0.008279168],
[[72.0,142.0],0.00845545],
[[72.0,152.0],0.008890658],
[[72.0,162.0],0.00926425],
[[72.0,272.0],0.01201063],
[[72.0,372.0],0.01392308],
[[75.0,72.0],0.005723428],
[[77.0,72.0],0.005808523],
[[82.0,12.0],0.001888529],
[[82.0,32.0],0.003590562],
[[82.0,52.0],0.004834841],
[[82.0,72.0],0.00599587],
[[87.0,72.0],0.006709342],
[[92.0,12.0],0.00279577],
[[92.0,32.0],0.004110089],
[[92.0,52.0],0.00523662],
[[92.0,72.0],0.006467353],
[[92.0,92.0],0.007789465],
[[92.0,95.0],0.007641643],
[[92.0,97.0],0.007582596],
[[92.0,102.0],0.008215504],
[[92.0,107.0],0.008185037],
[[92.0,112.0],0.008147847],
[[92.0,122.0],0.008350418],
[[92.0,132.0],0.009073252],
[[92.0,142.0],0.009750074],
[[92.0,152.0],0.009882417],
[[92.0,162.0],0.009879781],
[[92.0,172.0],0.01027334],
[[92.0,182.0],0.01085109],
[[92.0,292.0],0.01302705],
[[92.0,392.0],0.01462825],
[[95.0,92.0],0.007641643],
[[97.0,92.0],0.007582596],
[[102.0,12.0],0.003483874],
[[102.0,32.0],0.004796669],
[[102.0,52.0],0.005833967],
[[102.0,72.0],0.006901593],
[[102.0,92.0],0.008215504],
[[102.0,102.0],0.008562279],
[[102.0,105.0],0.008571391],
[[102.0,107.0],0.008548114],
[[102.0,112.0],0.008767067],
[[102.0,117.0],0.008801636],
[[102.0,122.0],0.00903101],
[[102.0,132.0],0.009517624],
[[102.0,142.0],0.009879009],
[[102.0,152.0],0.01004917],
[[102.0,162.0],0.01025756],
[[102.0,172.0],0.01094804],
[[102.0,182.0],0.01076737],
[[102.0,192.0],0.01119769],
[[102.0,302.0],0.01338897],
[[102.0,402.0],0.01484977],
[[105.0,102.0],0.008571391],
[[107.0,92.0],0.008185037],
[[107.0,102.0],0.008548114],
[[112.0,32.0],0.005317888],
[[112.0,52.0],0.006391057],
[[112.0,72.0],0.007466339],
[[112.0,92.0],0.008147847],
[[112.0,102.0],0.008767067],
[[117.0,102.0],0.008801636],
[[122.0,32.0],0.00612657],
[[122.0,52.0],0.006934208],
[[122.0,72.0],0.007684945],
[[122.0,92.0],0.008350418],
[[122.0,102.0],0.00903101],
[[132.0,52.0],0.006977769],
[[132.0,72.0],0.008279168],
[[132.0,92.0],0.009073252],
[[132.0,102.0],0.009517624],
[[142.0,52.0],0.007589536],
[[142.0,72.0],0.00845545],
[[142.0,92.0],0.009750074],
[[142.0,102.0],0.009879009],
[[152.0,72.0],0.008890658],
[[152.0,92.0],0.009882417],
[[152.0,102.0],0.01004917],
[[152.0,152.0],0.01175776],
[[152.0,155.0],0.01164055],
[[152.0,157.0],0.01207074],
[[152.0,162.0],0.01163116],
[[152.0,167.0],0.01216613],
[[152.0,172.0],0.01226825],
[[152.0,182.0],0.01246808],
[[152.0,192.0],0.0124053],
[[152.0,202.0],0.01267087],
[[152.0,212.0],0.01317266],
[[152.0,222.0],0.0131107],
[[152.0,232.0],0.0132957],
[[152.0,242.0],0.01347233],
[[152.0,352.0],0.01527581],
[[152.0,452.0],0.01608244],
[[155.0,152.0],0.01164055],
[[157.0,152.0],0.01207074],
[[162.0,72.0],0.00926425],
[[162.0,92.0],0.009879781],
[[162.0,102.0],0.01025756],
[[162.0,152.0],0.01163116],
[[167.0,152.0],0.01216613],
[[172.0,92.0],0.01027334],
[[172.0,102.0],0.01094804],
[[172.0,152.0],0.01226825],
[[182.0,92.0],0.01085109],
[[182.0,102.0],0.01076737],
[[182.0,152.0],0.01246808],
[[192.0,102.0],0.01119769],
[[192.0,152.0],0.0124053],
[[202.0,152.0],0.01267087],
[[202.0,202.0],0.01353101],
[[202.0,205.0],0.01401695],
[[202.0,207.0],0.01420423],
[[202.0,212.0],0.01397876],
[[202.0,217.0],0.01384247],
[[202.0,222.0],0.01430673],
[[202.0,232.0],0.01434692],
[[202.0,242.0],0.01484619],
[[202.0,252.0],0.01457229],
[[202.0,262.0],0.01497059],
[[202.0,272.0],0.01533834],
[[202.0,282.0],0.01517249],
[[202.0,292.0],0.01490989],
[[202.0,402.0],0.01629426],
[[202.0,502.0],0.01721259],
[[205.0,202.0],0.01401695],
[[207.0,202.0],0.01420423],
[[212.0,12.0],0.00891556],
[[212.0,152.0],0.01317266],
[[212.0,202.0],0.01397876],
[[217.0,202.0],0.01384247],
[[222.0,152.0],0.0131107],
[[222.0,202.0],0.01430673],
[[232.0,32.0],0.01021719],
[[232.0,152.0],0.0132957],
[[232.0,202.0],0.01434692],
[[242.0,152.0],0.01347233],
[[242.0,202.0],0.01484619],
[[252.0,52.0],0.01100249],
[[252.0,202.0],0.01457229],
[[252.0,252.0],0.0158399],
[[252.0,255.0],0.01591345],
[[252.0,257.0],0.01600564],
[[252.0,262.0],0.01573137],
[[252.0,267.0],0.01586667],
[[252.0,272.0],0.01632017],
[[252.0,282.0],0.01595033],
[[252.0,292.0],0.01592348],
[[252.0,302.0],0.01613366],
[[252.0,312.0],0.01638979],
[[252.0,322.0],0.01655702],
[[252.0,332.0],0.01653843],
[[252.0,342.0],0.0166014],
[[252.0,452.0],0.01734837],
[[252.0,552.0],0.01810604],
[[255.0,252.0],0.01591345],
[[257.0,252.0],0.01600564],
[[262.0,202.0],0.01497059],
[[262.0,252.0],0.01573137],
[[267.0,252.0],0.01586667],
[[272.0,72.0],0.01201063],
[[272.0,202.0],0.01533834],
[[272.0,252.0],0.01632017],
[[282.0,202.0],0.01517249],
[[282.0,252.0],0.01595033],
[[292.0,92.0],0.01302705],
[[292.0,202.0],0.01490989],
[[292.0,252.0],0.01592348],
[[302.0,102.0],0.01338897],
[[302.0,252.0],0.01613366],
[[302.0,302.0],0.01716117],
[[302.0,305.0],0.01707065],
[[302.0,307.0],0.016984],
[[302.0,312.0],0.01683683],
[[302.0,317.0],0.01743665],
[[302.0,322.0],0.0171122],
[[302.0,332.0],0.01744794],
[[302.0,342.0],0.01734374],
[[302.0,352.0],0.01709702],
[[302.0,362.0],0.01735662],
[[302.0,372.0],0.01758231],
[[302.0,382.0],0.0175533],
[[302.0,392.0],0.01760536],
[[302.0,502.0],0.01888054],
[[302.0,602.0],0.01900841],
[[305.0,302.0],0.01707065],
[[307.0,302.0],0.016984],
[[312.0,12.0],0.01200162],
[[312.0,252.0],0.01638979],
[[312.0,302.0],0.01683683],
[[317.0,302.0],0.01743665],
[[322.0,252.0],0.01655702],
[[322.0,302.0],0.0171122],
[[332.0,32.0],0.01250339],
[[332.0,252.0],0.01653843],
[[332.0,302.0],0.01744794],
[[342.0,252.0],0.0166014],
[[342.0,302.0],0.01734374],
[[352.0,52.0],0.01316806],
[[352.0,152.0],0.01527581],
[[352.0,302.0],0.01709702],
[[352.0,352.0],0.01800679],
[[352.0,355.0],0.01798325],
[[352.0,357.0],0.01802002],
[[352.0,362.0],0.01780897],
[[352.0,367.0],0.01802244],
[[352.0,372.0],0.01828271],
[[352.0,382.0],0.01803172],
[[352.0,392.0],0.01803822],
[[352.0,402.0],0.01838294],
[[352.0,412.0],0.01853278],
[[352.0,422.0],0.01858748],
[[352.0,432.0],0.01807457],
[[352.0,442.0],0.01834413],
[[352.0,552.0],0.01883561],
[[352.0,652.0],0.01959357],
[[355.0,352.0],0.01798325],
[[357.0,352.0],0.01802002],
[[362.0,302.0],0.01735662],
[[362.0,352.0],0.01780897],
[[367.0,352.0],0.01802244],
[[372.0,72.0],0.01392308],
[[372.0,302.0],0.01758231],
[[372.0,352.0],0.01828271],
[[382.0,302.0],0.0175533],
[[382.0,352.0],0.01803172],
[[392.0,92.0],0.01462825],
[[392.0,302.0],0.01760536],
[[392.0,352.0],0.01803822],
[[402.0,102.0],0.01484977],
[[402.0,202.0],0.01629426],
[[402.0,352.0],0.01838294],
[[402.0,402.0],0.0185516],
[[402.0,405.0],0.01889383],
[[402.0,407.0],0.01889224],
[[402.0,412.0],0.01853752],
[[402.0,417.0],0.01883454],
[[402.0,422.0],0.01919578],
[[402.0,432.0],0.019099],
[[402.0,442.0],0.01868239],
[[402.0,452.0],0.01911585],
[[402.0,462.0],0.01950948],
[[402.0,472.0],0.01931287],
[[402.0,482.0],0.01937399],
[[402.0,492.0],0.01951066],
[[402.0,602.0],0.01987288],
[[402.0,702.0],0.02033497],
[[405.0,402.0],0.01889383],
[[407.0,402.0],0.01889224],
[[412.0,352.0],0.01853278],
[[412.0,402.0],0.01853752],
[[417.0,402.0],0.01883454],
[[422.0,352.0],0.01858748],
[[422.0,402.0],0.01919578],
[[432.0,352.0],0.01807457],
[[432.0,402.0],0.019099],
[[442.0,352.0],0.01834413],
[[442.0,402.0],0.01868239],
[[452.0,152.0],0.01608244],
[[452.0,252.0],0.01734837],
[[452.0,402.0],0.01911585],
[[462.0,402.0],0.01950948],
[[472.0,402.0],0.01931287],
[[482.0,402.0],0.01937399],
[[492.0,402.0],0.01951066],
[[502.0,202.0],0.01721259],
[[502.0,302.0],0.01888054],
[[552.0,252.0],0.01810604],
[[552.0,352.0],0.01883561],
[[602.0,302.0],0.01900841],
[[602.0,402.0],0.01987288],
[[602.0,602.0],0.02123923],
[[602.0,605.0],0.02131057],
[[602.0,607.0],0.02138172],
[[602.0,612.0],0.02123406],
[[602.0,617.0],0.02140283],
[[602.0,622.0],0.02118426],
[[602.0,632.0],0.02137063],
[[602.0,642.0],0.02145987],
[[602.0,652.0],0.02151743],
[[602.0,662.0],0.02124717],
[[602.0,672.0],0.02139695],
[[602.0,682.0],0.02177833],
[[602.0,692.0],0.02119709],
[[602.0,802.0],0.02243486],
[[602.0,902.0],0.02390739],
[[605.0,602.0],0.02131057],
[[607.0,602.0],0.02138172],
[[612.0,602.0],0.02123406],
[[617.0,602.0],0.02140283],
[[622.0,602.0],0.02118426],
[[632.0,602.0],0.02137063],
[[642.0,602.0],0.02145987],
[[652.0,352.0],0.01959357],
[[652.0,602.0],0.02151743],
[[662.0,602.0],0.02124717],
[[672.0,602.0],0.02139695],
[[682.0,602.0],0.02177833],
[[692.0,602.0],0.02119709],
[[702.0,402.0],0.02033497],
[[802.0,602.0],0.02243486],
[[802.0,802.0],0.02340804],
[[802.0,805.0],0.02335095],
[[802.0,807.0],0.0235061],
[[802.0,812.0],0.02328772],
[[802.0,817.0],0.02290249],
[[802.0,822.0],0.02426935],
[[802.0,832.0],0.02355933],
[[802.0,842.0],0.02385444],
[[802.0,852.0],0.02438581],
[[802.0,862.0],0.02429091],
[[802.0,872.0],0.02414215],
[[802.0,882.0],0.02447183],
[[802.0,892.0],0.02437492],
[[802.0,1002.0],0.02574696],
[[802.0,1102.0],0.02606085],
[[805.0,802.0],0.02335095],
[[807.0,802.0],0.0235061],
[[812.0,802.0],0.02328772],
[[817.0,802.0],0.02290249],
[[822.0,802.0],0.02426935],
[[832.0,802.0],0.02355933],
[[842.0,802.0],0.02385444],
[[852.0,802.0],0.02438581],
[[862.0,802.0],0.02429091],
[[872.0,802.0],0.02414215],
[[882.0,802.0],0.02447183],
[[892.0,802.0],0.02437492],
[[902.0,602.0],0.02390739],
[[1002.0,802.0],0.02574696],
[[1002.0,1002.0],0.02634682],
[[1002.0,1005.0],0.02592109],
[[1002.0,1007.0],0.02586452],
[[1002.0,1012.0],0.02624382],
[[1002.0,1017.0],0.02610595],
[[1002.0,1022.0],0.02605148],
[[1002.0,1032.0],0.02581572],
[[1002.0,1042.0],0.02650177],
[[1002.0,1052.0],0.02605655],
[[1002.0,1062.0],0.0261448],
[[1002.0,1072.0],0.02606415],
[[1002.0,1082.0],0.02661504],
[[1002.0,1092.0],0.02611143],
[[1002.0,1202.0],0.02588828],
[[1002.0,1302.0],0.02589855],
[[1005.0,1002.0],0.02592109],
[[1007.0,1002.0],0.02586452],
[[1012.0,1002.0],0.02624382],
[[1017.0,1002.0],0.02610595],
[[1022.0,1002.0],0.02605148],
[[1032.0,1002.0],0.02581572],
[[1042.0,1002.0],0.02650177],
[[1052.0,1002.0],0.02605655],
[[1062.0,1002.0],0.0261448],
[[1072.0,1002.0],0.02606415],
[[1082.0,1002.0],0.02661504],
[[1092.0,1002.0],0.02611143],
[[1102.0,802.0],0.02606085],
[[1202.0,1002.0],0.02588828],
[[1202.0,1202.0],0.02693587],
[[1202.0,1205.0],0.02618122],
[[1202.0,1207.0],0.02632952],
[[1202.0,1212.0],0.02644716],
[[1202.0,1217.0],0.02678861],
[[1202.0,1222.0],0.02690966],
[[1202.0,1232.0],0.02635939],
[[1202.0,1242.0],0.02554863],
[[1202.0,1252.0],0.02623762],
[[1202.0,1262.0],0.02653081],
[[1202.0,1272.0],0.02639863],
[[1202.0,1282.0],0.02619551],
[[1202.0,1292.0],0.02635699],
[[1202.0,1402.0],0.02608338],
[[1202.0,1502.0],0.02621491],
[[1205.0,1202.0],0.02618122],
[[1207.0,1202.0],0.02632952],
[[1212.0,1202.0],0.02644716],
[[1217.0,1202.0],0.02678861],
[[1222.0,1202.0],0.02690966],
[[1232.0,1202.0],0.02635939],
[[1242.0,1202.0],0.02554863],
[[1252.0,1202.0],0.02623762],
[[1262.0,1202.0],0.02653081],
[[1272.0,1202.0],0.02639863],
[[1282.0,1202.0],0.02619551],
[[1292.0,1202.0],0.02635699],
[[1302.0,1002.0],0.02589855],
[[1402.0,1202.0],0.02608338],
[[1402.0,1402.0],0.02631818],
[[1402.0,1405.0],0.02613737],
[[1402.0,1407.0],0.02611085],
[[1402.0,1412.0],0.02571828],
[[1402.0,1417.0],0.02648553],
[[1402.0,1422.0],0.02646582],
[[1402.0,1432.0],0.02683949],
[[1402.0,1442.0],0.02598069],
[[1402.0,1452.0],0.02655401],
[[1402.0,1462.0],0.02611135],
[[1402.0,1472.0],0.02650301],
[[1402.0,1482.0],0.02603962],
[[1402.0,1492.0],0.02630701],
[[1402.0,1602.0],0.02628862],
[[1402.0,1702.0],0.0265272],
[[1405.0,1402.0],0.02613737],
[[1407.0,1402.0],0.02611085],
[[1412.0,1402.0],0.02571828],
[[1417.0,1402.0],0.02648553],
[[1422.0,1402.0],0.02646582],
[[1432.0,1402.0],0.02683949],
[[1442.0,1402.0],0.02598069],
[[1452.0,1402.0],0.02655401],
[[1462.0,1402.0],0.02611135],
[[1472.0,1402.0],0.02650301],
[[1482.0,1402.0],0.02603962],
[[1492.0,1402.0],0.02630701],
[[1502.0,1202.0],0.02621491],
[[1602.0,1402.0],0.02628862],
[[1602.0,1602.0],0.02674934],
[[1602.0,1605.0],0.02669553],
[[1602.0,1607.0],0.02636641],
[[1602.0,1612.0],0.02626346],
[[1602.0,1617.0],0.02680291],
[[1602.0,1622.0],0.0260864],
[[1602.0,1632.0],0.02699845],
[[1602.0,1642.0],0.02625431],
[[1602.0,1652.0],0.02668849],
[[1602.0,1662.0],0.02638317],
[[1602.0,1672.0],0.0268011],
[[1602.0,1682.0],0.02651047],
[[1602.0,1692.0],0.02649273],
[[1602.0,1802.0],0.02650206],
[[1602.0,1902.0],0.02692636],
[[1605.0,1602.0],0.02669553],
[[1607.0,1602.0],0.02636641],
[[1612.0,1602.0],0.02626346],
[[1617.0,1602.0],0.02680291],
[[1622.0,1602.0],0.0260864],
[[1632.0,1602.0],0.02699845],
[[1642.0,1602.0],0.02625431],
[[1652.0,1602.0],0.02668849],
[[1662.0,1602.0],0.02638317],
[[1672.0,1602.0],0.0268011],
[[1682.0,1602.0],0.02651047],
[[1692.0,1602.0],0.02649273],
[[1702.0,1402.0],0.0265272],
[[1802.0,1602.0],0.02650206],
[[1802.0,1802.0],0.02664318],
[[1802.0,1805.0],0.02678346],
[[1802.0,1807.0],0.0264649],
[[1802.0,1812.0],0.02644964],
[[1802.0,1817.0],0.02650572],
[[1802.0,1822.0],0.02661362],
[[1802.0,1832.0],0.02605092],
[[1802.0,1842.0],0.02707903],
[[1802.0,1852.0],0.02651122],
[[1802.0,1862.0],0.02659399],
[[1802.0,1872.0],0.0266437],
[[1802.0,1882.0],0.02626261],
[[1802.0,1892.0],0.02650278],
[[1802.0,2002.0],0.0268145],
[[1802.0,2102.0],0.02702638],
[[1805.0,1802.0],0.02678346],
[[1807.0,1802.0],0.0264649],
[[1812.0,1802.0],0.02644964],
[[1817.0,1802.0],0.02650572],
[[1822.0,1802.0],0.02661362],
[[1832.0,1802.0],0.02605092],
[[1842.0,1802.0],0.02707903],
[[1852.0,1802.0],0.02651122],
[[1862.0,1802.0],0.02659399],
[[1872.0,1802.0],0.0266437],
[[1882.0,1802.0],0.02626261],
[[1892.0,1802.0],0.02650278],
[[1902.0,1602.0],0.02692636],
[[2002.0,1802.0],0.0268145],
[[2002.0,2002.0],0.0267258],
[[2002.0,2005.0],0.02661569],
[[2002.0,2007.0],0.02706464],
[[2002.0,2012.0],0.02663451],
[[2002.0,2017.0],0.02641941],
[[2002.0,2022.0],0.02621628],
[[2002.0,2032.0],0.02676495],
[[2002.0,2042.0],0.0267236],
[[2002.0,2052.0],0.02631223],
[[2002.0,2062.0],0.02588281],
[[2002.0,2072.0],0.02648883],
[[2002.0,2082.0],0.0266761],
[[2002.0,2092.0],0.02654101],
[[2002.0,2202.0],0.02660149],
[[2002.0,2302.0],0.02605542],
[[2005.0,2002.0],0.02661569],
[[2007.0,2002.0],0.02706464],
[[2012.0,2002.0],0.02663451],
[[2017.0,2002.0],0.02641941],
[[2022.0,2002.0],0.02621628],
[[2032.0,2002.0],0.02676495],
[[2042.0,2002.0],0.0267236],
[[2052.0,2002.0],0.02631223],
[[2062.0,2002.0],0.02588281],
[[2072.0,2002.0],0.02648883],
[[2082.0,2002.0],0.0266761],
[[2092.0,2002.0],0.02654101],
[[2102.0,1802.0],0.02702638],
[[2202.0,2002.0],0.02660149],
[[2302.0,2002.0],0.02605542]]
