txName: TChiWWISRqq
constraint: {(PV > anyBSM(1), anyBSM(3)), (anyBSM(1) > q, q, MET(2)), (anyBSM(3) > q, q, MET(4))}
condition: None
conditionDescription: None
figureUrl: None
source: Recast by MA5
validated: True
axesMap: [{0: 'x', 1: 'y', 2: 'x', 3: 'y'}]
dataMap: {0: (1, 'mass', GeV), 1: (2, 'mass', GeV), 2: (3, 'mass', GeV), 3: (4, 'mass', GeV)}
finalState: ['MET', 'MET']
intermediateState: None
efficiencyMap: [[[10.0,1.0,10.0,1.0],6.4598e-06],
[[10.0,3.0,10.0,3.0],4.362721e-06],
[[10.0,5.0,10.0,5.0],1.216634e-05],
[[10.0,7.0,10.0,7.0],3.962724e-05],
[[10.0,9.0,10.0,9.0],0.0003996188],
[[11.0,10.0,11.0,10.0],0.0004477297],
[[13.0,10.0,13.0,10.0],8.523245e-05],
[[15.0,10.0,15.0,10.0],3.632846e-05],
[[20.0,10.0,20.0,10.0],2.036408e-05],
[[21.0,20.0,21.0,20.0],0.0006415337],
[[23.0,20.0,23.0,20.0],0.0003820466],
[[25.0,20.0,25.0,20.0],0.0001404129],
[[30.0,10.0,30.0,10.0],5.729557e-06],
[[30.0,20.0,30.0,20.0],5.007622e-05],
[[31.0,30.0,31.0,30.0],0.0006865117],
[[33.0,30.0,33.0,30.0],0.0004858365],
[[35.0,30.0,35.0,30.0],0.0002682919],
[[40.0,20.0,40.0,20.0],1.504594e-05],
[[40.0,30.0,40.0,30.0],8.309099e-05],
[[41.0,40.0,41.0,40.0],0.0006901018],
[[43.0,40.0,43.0,40.0],0.0006109208],
[[45.0,40.0,45.0,40.0],0.0004712629],
[[50.0,10.0,50.0,10.0],2.45388e-05],
[[50.0,30.0,50.0,30.0],0.000102364],
[[50.0,40.0,50.0,40.0],0.0003543325],
[[51.0,50.0,51.0,50.0],0.00157169],
[[53.0,50.0,53.0,50.0],0.00163143],
[[55.0,50.0,55.0,50.0],0.001578475],
[[60.0,20.0,60.0,20.0],0.0001116663],
[[60.0,40.0,60.0,40.0],0.0003350767],
[[60.0,50.0,60.0,50.0],0.000951647],
[[61.0,60.0,61.0,60.0],0.002760043],
[[63.0,60.0,63.0,60.0],0.002904554],
[[65.0,60.0,65.0,60.0],0.002627959],
[[70.0,10.0,70.0,10.0],0.0001681336],
[[70.0,30.0,70.0,30.0],0.0002290352],
[[70.0,50.0,70.0,50.0],0.0007447885],
[[70.0,60.0,70.0,60.0],0.001813123],
[[71.0,70.0,71.0,70.0],0.003826764],
[[73.0,70.0,73.0,70.0],0.003671984],
[[75.0,70.0,75.0,70.0],0.003656241],
[[80.0,20.0,80.0,20.0],0.0003115114],
[[80.0,40.0,80.0,40.0],0.0003895978],
[[80.0,60.0,80.0,60.0],0.001158283],
[[80.0,70.0,80.0,70.0],0.002770449],
[[81.0,80.0,81.0,80.0],0.00474488],
[[83.0,80.0,83.0,80.0],0.00480935],
[[85.0,80.0,85.0,80.0],0.004461803],
[[90.0,10.0,90.0,10.0],0.0003138754],
[[90.0,30.0,90.0,30.0],0.0003590117],
[[90.0,50.0,90.0,50.0],0.000730875],
[[90.0,70.0,90.0,70.0],0.001691536],
[[90.0,80.0,90.0,80.0],0.003549139],
[[91.0,90.0,91.0,90.0],0.005767301],
[[93.0,90.0,93.0,90.0],0.005619561],
[[95.0,90.0,95.0,90.0],0.005491835],
[[100.0,20.0,100.0,20.0],0.0004947017],
[[100.0,40.0,100.0,40.0],0.0006754288],
[[100.0,60.0,100.0,60.0],0.001157034],
[[100.0,80.0,100.0,80.0],0.002383825],
[[100.0,90.0,100.0,90.0],0.004480182],
[[101.0,100.0,101.0,100.0],0.006590115],
[[103.0,100.0,103.0,100.0],0.006627391],
[[103.0,102.0,103.0,102.0],0.006614859],
[[105.0,100.0,105.0,100.0],0.006171725],
[[105.0,102.0,105.0,102.0],0.006695467],
[[107.0,102.0,107.0,102.0],0.006501077],
[[110.0,30.0,110.0,30.0],0.0007634319],
[[110.0,50.0,110.0,50.0],0.0008223336],
[[110.0,70.0,110.0,70.0],0.001441301],
[[110.0,90.0,110.0,90.0],0.003168934],
[[110.0,100.0,110.0,100.0],0.005353953],
[[112.0,102.0,112.0,102.0],0.005675721],
[[120.0,40.0,120.0,40.0],0.001060274],
[[120.0,60.0,120.0,60.0],0.001320712],
[[120.0,80.0,120.0,80.0],0.001894895],
[[120.0,100.0,120.0,100.0],0.003743907],
[[122.0,102.0,122.0,102.0],0.004103654],
[[123.0,122.0,123.0,122.0],0.007965468],
[[125.0,122.0,125.0,122.0],0.008178372],
[[127.0,122.0,127.0,122.0],0.008065522],
[[130.0,50.0,130.0,50.0],0.001480683],
[[130.0,70.0,130.0,70.0],0.001711658],
[[130.0,90.0,130.0,90.0],0.002506165],
[[132.0,122.0,132.0,122.0],0.007291924],
[[140.0,60.0,140.0,60.0],0.001789994],
[[140.0,80.0,140.0,80.0],0.002001075],
[[140.0,100.0,140.0,100.0],0.002915161],
[[142.0,102.0,142.0,102.0],0.00284255],
[[142.0,122.0,142.0,122.0],0.005705677],
[[143.0,142.0,143.0,142.0],0.009637653],
[[145.0,142.0,145.0,142.0],0.009375],
[[147.0,142.0,147.0,142.0],0.009491778],
[[150.0,70.0,150.0,70.0],0.002099018],
[[150.0,90.0,150.0,90.0],0.002283845],
[[152.0,142.0,152.0,142.0],0.008828168],
[[160.0,80.0,160.0,80.0],0.002431911],
[[160.0,100.0,160.0,100.0],0.002848443],
[[162.0,102.0,162.0,102.0],0.002906262],
[[162.0,122.0,162.0,122.0],0.003876313],
[[162.0,142.0,162.0,142.0],0.006759816],
[[163.0,162.0,163.0,162.0],0.01064139],
[[165.0,162.0,165.0,162.0],0.01076164],
[[167.0,162.0,167.0,162.0],0.01062494],
[[170.0,90.0,170.0,90.0],0.002850059],
[[172.0,162.0,172.0,162.0],0.009917051],
[[180.0,100.0,180.0,100.0],0.003476407],
[[182.0,102.0,182.0,102.0],0.003290717],
[[182.0,122.0,182.0,122.0],0.003661573],
[[182.0,142.0,182.0,142.0],0.004892462],
[[182.0,162.0,182.0,162.0],0.008179462],
[[183.0,182.0,183.0,182.0],0.01187151],
[[185.0,182.0,185.0,182.0],0.01160378],
[[187.0,182.0,187.0,182.0],0.01143587],
[[192.0,182.0,192.0,182.0],0.01121171],
[[202.0,122.0,202.0,122.0],0.004022971],
[[202.0,142.0,202.0,142.0],0.004742812],
[[202.0,162.0,202.0,162.0],0.006003963],
[[202.0,182.0,202.0,182.0],0.009342632],
[[203.0,202.0,203.0,202.0],0.01259476],
[[205.0,202.0,205.0,202.0],0.01275307],
[[207.0,202.0,207.0,202.0],0.01235909],
[[212.0,202.0,212.0,202.0],0.01198346],
[[222.0,142.0,222.0,142.0],0.004745614],
[[222.0,162.0,222.0,162.0],0.005529815],
[[222.0,182.0,222.0,182.0],0.006969899],
[[222.0,202.0,222.0,202.0],0.01033819],
[[223.0,222.0,223.0,222.0],0.01310516],
[[225.0,222.0,225.0,222.0],0.01345672],
[[227.0,222.0,227.0,222.0],0.01318689],
[[232.0,222.0,232.0,222.0],0.01315905],
[[242.0,162.0,242.0,162.0],0.005636904],
[[242.0,182.0,242.0,182.0],0.006284011],
[[242.0,202.0,242.0,202.0],0.007682123],
[[242.0,222.0,242.0,222.0],0.01118559],
[[243.0,242.0,243.0,242.0],0.01406147],
[[245.0,242.0,245.0,242.0],0.01401389],
[[247.0,242.0,247.0,242.0],0.01415158],
[[252.0,242.0,252.0,242.0],0.01384275],
[[262.0,182.0,262.0,182.0],0.006316838],
[[262.0,202.0,262.0,202.0],0.006590609],
[[262.0,222.0,262.0,222.0],0.008461947],
[[262.0,242.0,262.0,242.0],0.01220853],
[[263.0,262.0,263.0,262.0],0.0146066],
[[265.0,262.0,265.0,262.0],0.01465255],
[[267.0,262.0,267.0,262.0],0.01446054],
[[272.0,262.0,272.0,262.0],0.0148194],
[[282.0,202.0,282.0,202.0],0.006876967],
[[282.0,222.0,282.0,222.0],0.007224003],
[[282.0,242.0,282.0,242.0],0.009104738],
[[282.0,262.0,282.0,262.0],0.01274604],
[[283.0,282.0,283.0,282.0],0.01517541],
[[285.0,282.0,285.0,282.0],0.01537162],
[[287.0,282.0,287.0,282.0],0.01551007],
[[292.0,282.0,292.0,282.0],0.01524567],
[[302.0,222.0,302.0,222.0],0.007332926],
[[302.0,242.0,302.0,242.0],0.00816748],
[[302.0,262.0,302.0,262.0],0.009652417],
[[302.0,282.0,302.0,282.0],0.01381691],
[[303.0,302.0,303.0,302.0],0.01597548],
[[305.0,302.0,305.0,302.0],0.0158591],
[[307.0,302.0,307.0,302.0],0.01592441],
[[312.0,302.0,312.0,302.0],0.01564646],
[[322.0,242.0,322.0,242.0],0.007737256],
[[322.0,262.0,322.0,262.0],0.008474787],
[[322.0,282.0,322.0,282.0],0.01041725],
[[322.0,302.0,322.0,302.0],0.0141457],
[[323.0,322.0,323.0,322.0],0.01601982],
[[325.0,322.0,325.0,322.0],0.01658441],
[[327.0,322.0,327.0,322.0],0.01644494],
[[332.0,322.0,332.0,322.0],0.01620821],
[[342.0,262.0,342.0,262.0],0.008082118],
[[342.0,282.0,342.0,282.0],0.008941426],
[[342.0,302.0,342.0,302.0],0.01109559],
[[342.0,322.0,342.0,322.0],0.01455565],
[[343.0,342.0,343.0,342.0],0.01690345],
[[345.0,342.0,345.0,342.0],0.01697692],
[[347.0,342.0,347.0,342.0],0.01690191],
[[352.0,342.0,352.0,342.0],0.01653921],
[[362.0,282.0,362.0,282.0],0.008391734],
[[362.0,302.0,362.0,302.0],0.009088581],
[[362.0,322.0,362.0,322.0],0.01138496],
[[362.0,342.0,362.0,342.0],0.01545071],
[[363.0,362.0,363.0,362.0],0.0173937],
[[365.0,362.0,365.0,362.0],0.01754696],
[[367.0,362.0,367.0,362.0],0.01764705],
[[372.0,362.0,372.0,362.0],0.01726058],
[[382.0,302.0,382.0,302.0],0.009014308],
[[382.0,322.0,382.0,322.0],0.009688872],
[[382.0,342.0,382.0,342.0],0.01196854],
[[382.0,362.0,382.0,362.0],0.01576236],
[[383.0,382.0,383.0,382.0],0.01723941],
[[385.0,382.0,385.0,382.0],0.01773354],
[[387.0,382.0,387.0,382.0],0.01795032],
[[392.0,382.0,392.0,382.0],0.01766161],
[[402.0,322.0,402.0,322.0],0.009061836],
[[402.0,342.0,402.0,342.0],0.009987893],
[[402.0,362.0,402.0,362.0],0.01228115],
[[402.0,382.0,402.0,382.0],0.01622534],
[[403.0,402.0,403.0,402.0],0.01780637],
[[405.0,402.0,405.0,402.0],0.01822054],
[[407.0,402.0,407.0,402.0],0.01787043],
[[412.0,402.0,412.0,402.0],0.01804088],
[[422.0,342.0,422.0,342.0],0.009447387],
[[422.0,362.0,422.0,362.0],0.01042001],
[[422.0,382.0,422.0,382.0],0.01264338],
[[422.0,402.0,422.0,402.0],0.01647485],
[[442.0,362.0,442.0,362.0],0.009755568],
[[442.0,382.0,442.0,382.0],0.01036495],
[[442.0,402.0,442.0,402.0],0.01307282],
[[462.0,382.0,462.0,382.0],0.009989304],
[[462.0,402.0,462.0,402.0],0.0110161],
[[482.0,402.0,482.0,402.0],0.01012751],
[[503.0,502.0,503.0,502.0],0.01951412],
[[505.0,502.0,505.0,502.0],0.01986737],
[[507.0,502.0,507.0,502.0],0.0195585],
[[512.0,502.0,512.0,502.0],0.0192301],
[[522.0,502.0,522.0,502.0],0.01828603],
[[542.0,502.0,542.0,502.0],0.01442412],
[[562.0,502.0,562.0,502.0],0.0119175],
[[582.0,502.0,582.0,502.0],0.01077382],
[[603.0,602.0,603.0,602.0],0.02039175],
[[605.0,602.0,605.0,602.0],0.02070526],
[[607.0,602.0,607.0,602.0],0.02026955],
[[612.0,602.0,612.0,602.0],0.02079883],
[[622.0,602.0,622.0,602.0],0.01928179],
[[642.0,602.0,642.0,602.0],0.01538944],
[[662.0,602.0,662.0,602.0],0.01287864],
[[682.0,602.0,682.0,602.0],0.01160311],
[[703.0,702.0,703.0,702.0],0.02188285],
[[705.0,702.0,705.0,702.0],0.02188998],
[[707.0,702.0,707.0,702.0],0.02184075],
[[712.0,702.0,712.0,702.0],0.02158191],
[[722.0,702.0,722.0,702.0],0.02059728],
[[742.0,702.0,742.0,702.0],0.01664326],
[[762.0,702.0,762.0,702.0],0.0140531],
[[782.0,702.0,782.0,702.0],0.01239339],
[[803.0,802.0,803.0,802.0],0.02252099],
[[805.0,802.0,805.0,802.0],0.02280116],
[[807.0,802.0,807.0,802.0],0.02308282],
[[812.0,802.0,812.0,802.0],0.02270441],
[[822.0,802.0,822.0,802.0],0.02175929],
[[842.0,802.0,842.0,802.0],0.01845109],
[[862.0,802.0,862.0,802.0],0.01486348],
[[882.0,802.0,882.0,802.0],0.01324648],
[[903.0,902.0,903.0,902.0],0.02458253],
[[905.0,902.0,905.0,902.0],0.02461489],
[[907.0,902.0,907.0,902.0],0.02495945],
[[912.0,902.0,912.0,902.0],0.02443941],
[[922.0,902.0,922.0,902.0],0.02318964],
[[942.0,902.0,942.0,902.0],0.01932905],
[[962.0,902.0,962.0,902.0],0.01604642],
[[982.0,902.0,982.0,902.0],0.01385771],
[[1003.0,1002.0,1003.0,1002.0],0.02581074],
[[1005.0,1002.0,1005.0,1002.0],0.02563862],
[[1007.0,1002.0,1007.0,1002.0],0.02580739],
[[1012.0,1002.0,1012.0,1002.0],0.02550927],
[[1022.0,1002.0,1022.0,1002.0],0.02421301],
[[1042.0,1002.0,1042.0,1002.0],0.02012091],
[[1062.0,1002.0,1062.0,1002.0],0.01638726],
[[1082.0,1002.0,1082.0,1002.0],0.01405736],
[[1103.0,1102.0,1103.0,1102.0],0.02599378],
[[1105.0,1102.0,1105.0,1102.0],0.02576908],
[[1107.0,1102.0,1107.0,1102.0],0.02609775],
[[1112.0,1102.0,1112.0,1102.0],0.02606985],
[[1122.0,1102.0,1122.0,1102.0],0.02549893],
[[1142.0,1102.0,1142.0,1102.0],0.0210156],
[[1162.0,1102.0,1162.0,1102.0],0.01697109],
[[1182.0,1102.0,1182.0,1102.0],0.01446182],
[[1203.0,1202.0,1203.0,1202.0],0.02605503],
[[1205.0,1202.0,1205.0,1202.0],0.02685599],
[[1207.0,1202.0,1207.0,1202.0],0.0265752],
[[1212.0,1202.0,1212.0,1202.0],0.02620274],
[[1222.0,1202.0,1222.0,1202.0],0.02562177],
[[1242.0,1202.0,1242.0,1202.0],0.02093568],
[[1262.0,1202.0,1262.0,1202.0],0.01747776],
[[1282.0,1202.0,1282.0,1202.0],0.01455785],
[[1303.0,1302.0,1303.0,1302.0],0.02607316],
[[1305.0,1302.0,1305.0,1302.0],0.02644827],
[[1307.0,1302.0,1307.0,1302.0],0.0267905],
[[1312.0,1302.0,1312.0,1302.0],0.02619005],
[[1322.0,1302.0,1322.0,1302.0],0.02514027],
[[1342.0,1302.0,1342.0,1302.0],0.02107421],
[[1362.0,1302.0,1362.0,1302.0],0.01662865],
[[1382.0,1302.0,1382.0,1302.0],0.01480725],
[[1403.0,1402.0,1403.0,1402.0],0.02669915],
[[1405.0,1402.0,1405.0,1402.0],0.02649117],
[[1407.0,1402.0,1407.0,1402.0],0.02617441],
[[1412.0,1402.0,1412.0,1402.0],0.02635722],
[[1422.0,1402.0,1422.0,1402.0],0.02586923],
[[1442.0,1402.0,1442.0,1402.0],0.02173914],
[[1462.0,1402.0,1462.0,1402.0],0.01768322],
[[1482.0,1402.0,1482.0,1402.0],0.01437314],
[[1503.0,1502.0,1503.0,1502.0],0.02716447],
[[1505.0,1502.0,1505.0,1502.0],0.0266521],
[[1507.0,1502.0,1507.0,1502.0],0.02684956],
[[1512.0,1502.0,1512.0,1502.0],0.02639675],
[[1522.0,1502.0,1522.0,1502.0],0.02528265],
[[1542.0,1502.0,1542.0,1502.0],0.02133238],
[[1562.0,1502.0,1562.0,1502.0],0.01811651],
[[1582.0,1502.0,1582.0,1502.0],0.01403733],
[[1603.0,1602.0,1603.0,1602.0],0.02690887],
[[1605.0,1602.0,1605.0,1602.0],0.02677375],
[[1607.0,1602.0,1607.0,1602.0],0.02660291],
[[1612.0,1602.0,1612.0,1602.0],0.02651942],
[[1622.0,1602.0,1622.0,1602.0],0.02601866],
[[1642.0,1602.0,1642.0,1602.0],0.02170997],
[[1662.0,1602.0,1662.0,1602.0],0.01740784],
[[1682.0,1602.0,1682.0,1602.0],0.01443554],
[[1703.0,1702.0,1703.0,1702.0],0.02642964],
[[1705.0,1702.0,1705.0,1702.0],0.02680765],
[[1707.0,1702.0,1707.0,1702.0],0.02698557],
[[1712.0,1702.0,1712.0,1702.0],0.02681792],
[[1722.0,1702.0,1722.0,1702.0],0.02589435],
[[1742.0,1702.0,1742.0,1702.0],0.02173117],
[[1762.0,1702.0,1762.0,1702.0],0.0179014],
[[1782.0,1702.0,1782.0,1702.0],0.01477956],
[[1803.0,1802.0,1803.0,1802.0],0.02613255],
[[1805.0,1802.0,1805.0,1802.0],0.02700232],
[[1807.0,1802.0,1807.0,1802.0],0.02634874],
[[1812.0,1802.0,1812.0,1802.0],0.02671769],
[[1822.0,1802.0,1822.0,1802.0],0.02619098],
[[1842.0,1802.0,1842.0,1802.0],0.02226809],
[[1862.0,1802.0,1862.0,1802.0],0.01806782],
[[1882.0,1802.0,1882.0,1802.0],0.01460287],
[[1903.0,1902.0,1903.0,1902.0],0.02699308],
[[1905.0,1902.0,1905.0,1902.0],0.02689487],
[[1907.0,1902.0,1907.0,1902.0],0.02676594],
[[1912.0,1902.0,1912.0,1902.0],0.02713905],
[[1922.0,1902.0,1922.0,1902.0],0.02624802],
[[1942.0,1902.0,1942.0,1902.0],0.0220772],
[[1962.0,1902.0,1962.0,1902.0],0.01765496],
[[1982.0,1902.0,1982.0,1902.0],0.01418181],
[[2003.0,2002.0,2003.0,2002.0],0.02660006],
[[2005.0,2002.0,2005.0,2002.0],0.02652928],
[[2007.0,2002.0,2007.0,2002.0],0.02741347],
[[2012.0,2002.0,2012.0,2002.0],0.02670286],
[[2022.0,2002.0,2022.0,2002.0],0.02639981],
[[2042.0,2002.0,2042.0,2002.0],0.02190042],
[[2062.0,2002.0,2062.0,2002.0],0.01811225],
[[2082.0,2002.0,2082.0,2002.0],0.01393892]]
