txName: TRV1
constraint: {(PV > Zprime(1)), (Zprime(1) > MET(2),MET(3))}
condition: None
conditionDescription: None
figureUrl: https://atlas.web.cern.ch/Atlas/GROUPS/PHYSICS/PAPERS/EXOT-2018-06/figaux_06.png
source: CMS
validated: True
axesMap: [{0: 'x', 1: 'y', 2: 'y'}]
dataMap: {0: (1, 'mass', GeV), 1: (2, 'mass', GeV), 2: (3, 'mass', GeV)}
finalState: ['MET', 'MET']
efficiencyMap: [[[100.0,0.0,0.0],0.0008069743],
[[100.0,50.0,50.0],0.001007151],
[[200.0,0.0,0.0],0.003325002],
[[200.0,50.0,50.0],0.003473435],
[[200.0,100.0,100.0],0.003766596],
[[300.0,0.0,0.0],0.006264129],
[[300.0,50.0,50.0],0.006297694],
[[300.0,100.0,100.0],0.006348798],
[[300.0,150.0,150.0],0.006973156],
[[400.0,0.0,0.0],0.008822001],
[[400.0,50.0,50.0],0.008910408],
[[400.0,100.0,100.0],0.008976483],
[[400.0,150.0,150.0],0.0091217],
[[400.0,200.0,200.0],0.009993754],
[[500.0,0.0,0.0],0.01102608],
[[500.0,50.0,50.0],0.01103383],
[[500.0,100.0,100.0],0.0110844],
[[500.0,150.0,150.0],0.01149324],
[[500.0,200.0,200.0],0.01127294],
[[500.0,250.0,250.0],0.0119523],
[[600.0,0.0,0.0],0.01242278],
[[600.0,50.0,50.0],0.01261593],
[[600.0,100.0,100.0],0.01272576],
[[600.0,150.0,150.0],0.01297158],
[[600.0,200.0,200.0],0.01284246],
[[600.0,250.0,250.0],0.01325137],
[[600.0,300.0,300.0],0.01383028],
[[700.0,0.0,0.0],0.01411757],
[[700.0,50.0,50.0],0.01372828],
[[700.0,100.0,100.0],0.01421819],
[[700.0,150.0,150.0],0.01428224],
[[700.0,200.0,200.0],0.01466004],
[[700.0,250.0,250.0],0.01467612],
[[700.0,300.0,300.0],0.01456527],
[[700.0,350.0,350.0],0.0151563],
[[800.0,0.0,0.0],0.01533217],
[[800.0,50.0,50.0],0.01511352],
[[800.0,100.0,100.0],0.01512065],
[[800.0,150.0,150.0],0.01548742],
[[800.0,200.0,200.0],0.01517585],
[[800.0,250.0,250.0],0.01537114],
[[800.0,300.0,300.0],0.01552417],
[[800.0,350.0,350.0],0.01578636],
[[800.0,400.0,400.0],0.01603213],
[[900.0,0.0,0.0],0.01609998],
[[900.0,50.0,50.0],0.01617706],
[[900.0,100.0,100.0],0.01625854],
[[900.0,150.0,150.0],0.01640032],
[[900.0,200.0,200.0],0.01652067],
[[900.0,250.0,250.0],0.01646898],
[[900.0,300.0,300.0],0.01661241],
[[900.0,350.0,350.0],0.01670227],
[[900.0,400.0,400.0],0.01677944],
[[900.0,450.0,450.0],0.01728839],
[[1000.0,0.0,0.0],0.01667636],
[[1000.0,50.0,50.0],0.01697477],
[[1000.0,100.0,100.0],0.01729449],
[[1000.0,150.0,150.0],0.01698566],
[[1000.0,200.0,200.0],0.01711685],
[[1000.0,250.0,250.0],0.01717067],
[[1000.0,300.0,300.0],0.0170717],
[[1000.0,350.0,350.0],0.01764896],
[[1000.0,400.0,400.0],0.01737624],
[[1000.0,450.0,450.0],0.01767077],
[[1000.0,500.0,500.0],0.01808931],
[[1100.0,0.0,0.0],0.01760561],
[[1100.0,50.0,50.0],0.01710214],
[[1100.0,100.0,100.0],0.0176187],
[[1100.0,150.0,150.0],0.01756466],
[[1100.0,200.0,200.0],0.01764843],
[[1100.0,250.0,250.0],0.01785569],
[[1100.0,300.0,300.0],0.01785429],
[[1100.0,350.0,350.0],0.01785231],
[[1100.0,400.0,400.0],0.01804629],
[[1100.0,450.0,450.0],0.01780749],
[[1100.0,500.0,500.0],0.01823502],
[[1100.0,550.0,550.0],0.0191468],
[[1200.0,0.0,0.0],0.01811219],
[[1200.0,50.0,50.0],0.01790704],
[[1200.0,100.0,100.0],0.01786575],
[[1200.0,150.0,150.0],0.01832304],
[[1200.0,200.0,200.0],0.01814534],
[[1200.0,250.0,250.0],0.01829425],
[[1200.0,300.0,300.0],0.01856618],
[[1200.0,350.0,350.0],0.01881658],
[[1200.0,400.0,400.0],0.01871346],
[[1200.0,450.0,450.0],0.01892753],
[[1200.0,500.0,500.0],0.01888662],
[[1200.0,550.0,550.0],0.01872516],
[[1200.0,600.0,600.0],0.01919796],
[[1300.0,0.0,0.0],0.01851616],
[[1300.0,50.0,50.0],0.01839282],
[[1300.0,100.0,100.0],0.01853942],
[[1300.0,150.0,150.0],0.01899071],
[[1300.0,200.0,200.0],0.01850678],
[[1300.0,250.0,250.0],0.01894277],
[[1300.0,300.0,300.0],0.0193805],
[[1300.0,350.0,350.0],0.01903115],
[[1300.0,400.0,400.0],0.01918098],
[[1300.0,450.0,450.0],0.01883382],
[[1300.0,500.0,500.0],0.0193149],
[[1300.0,550.0,550.0],0.01912042],
[[1300.0,600.0,600.0],0.01932411],
[[1300.0,650.0,650.0],0.01962188],
[[1400.0,0.0,0.0],0.01858071],
[[1400.0,50.0,50.0],0.01898747],
[[1400.0,100.0,100.0],0.01885422],
[[1400.0,150.0,150.0],0.01942077],
[[1400.0,200.0,200.0],0.01896834],
[[1400.0,250.0,250.0],0.01928637],
[[1400.0,300.0,300.0],0.01961128],
[[1400.0,350.0,350.0],0.01954609],
[[1400.0,400.0,400.0],0.01983663],
[[1400.0,450.0,450.0],0.01979567],
[[1400.0,500.0,500.0],0.0195181],
[[1400.0,550.0,550.0],0.01963304],
[[1400.0,600.0,600.0],0.01985079],
[[1400.0,650.0,650.0],0.01938633],
[[1400.0,700.0,700.0],0.02029717],
[[1500.0,0.0,0.0],0.01889269],
[[1500.0,50.0,50.0],0.01896438],
[[1500.0,100.0,100.0],0.01931506],
[[1500.0,150.0,150.0],0.01962927],
[[1500.0,200.0,200.0],0.01989464],
[[1500.0,250.0,250.0],0.01976149],
[[1500.0,300.0,300.0],0.01968714],
[[1500.0,350.0,350.0],0.01996424],
[[1500.0,400.0,400.0],0.02016506],
[[1500.0,450.0,450.0],0.02012762],
[[1500.0,500.0,500.0],0.02031102],
[[1500.0,550.0,550.0],0.02017969],
[[1500.0,600.0,600.0],0.02000212],
[[1500.0,650.0,650.0],0.02022475],
[[1500.0,700.0,700.0],0.0198599],
[[1500.0,750.0,750.0],0.02027866],
[[1600.0,0.0,0.0],0.01915387],
[[1600.0,50.0,50.0],0.01946526],
[[1600.0,100.0,100.0],0.01966071],
[[1600.0,150.0,150.0],0.02003152],
[[1600.0,200.0,200.0],0.0202139],
[[1600.0,250.0,250.0],0.01987557],
[[1600.0,300.0,300.0],0.01997851],
[[1600.0,350.0,350.0],0.02046128],
[[1600.0,400.0,400.0],0.02026727],
[[1600.0,450.0,450.0],0.02011745],
[[1600.0,500.0,500.0],0.02062989],
[[1600.0,550.0,550.0],0.02022871],
[[1600.0,600.0,600.0],0.02071685],
[[1600.0,650.0,650.0],0.02054614],
[[1600.0,700.0,700.0],0.02067342],
[[1600.0,750.0,750.0],0.02071004],
[[1600.0,800.0,800.0],0.02100233],
[[1700.0,0.0,0.0],0.01986097],
[[1700.0,50.0,50.0],0.01980475],
[[1700.0,100.0,100.0],0.01996764],
[[1700.0,150.0,150.0],0.02025776],
[[1700.0,200.0,200.0],0.02022828],
[[1700.0,250.0,250.0],0.02066955],
[[1700.0,300.0,300.0],0.02072015],
[[1700.0,350.0,350.0],0.02055154],
[[1700.0,400.0,400.0],0.02070649],
[[1700.0,450.0,450.0],0.02101003],
[[1700.0,500.0,500.0],0.02093246],
[[1700.0,550.0,550.0],0.02090919],
[[1700.0,600.0,600.0],0.02092853],
[[1700.0,650.0,650.0],0.02107507],
[[1700.0,700.0,700.0],0.02105493],
[[1700.0,750.0,750.0],0.02098274],
[[1700.0,800.0,800.0],0.02099251],
[[1700.0,850.0,850.0],0.02120575],
[[1800.0,0.0,0.0],0.01973847],
[[1800.0,50.0,50.0],0.02021832],
[[1800.0,100.0,100.0],0.02033401],
[[1800.0,150.0,150.0],0.02059608],
[[1800.0,200.0,200.0],0.02076401],
[[1800.0,250.0,250.0],0.02069025],
[[1800.0,300.0,300.0],0.02122862],
[[1800.0,350.0,350.0],0.02098302],
[[1800.0,400.0,400.0],0.02084866],
[[1800.0,450.0,450.0],0.02127146],
[[1800.0,500.0,500.0],0.02083679],
[[1800.0,550.0,550.0],0.02102915],
[[1800.0,600.0,600.0],0.02114083],
[[1800.0,650.0,650.0],0.02139901],
[[1800.0,700.0,700.0],0.0211856],
[[1800.0,750.0,750.0],0.02141233],
[[1800.0,800.0,800.0],0.02160573],
[[1800.0,850.0,850.0],0.02127552],
[[1800.0,900.0,900.0],0.02136795],
[[1900.0,0.0,0.0],0.020477],
[[1900.0,50.0,50.0],0.02052627],
[[1900.0,100.0,100.0],0.02070976],
[[1900.0,150.0,150.0],0.02074795],
[[1900.0,200.0,200.0],0.02112438],
[[1900.0,250.0,250.0],0.02093788],
[[1900.0,300.0,300.0],0.02121213],
[[1900.0,350.0,350.0],0.02142962],
[[1900.0,400.0,400.0],0.02139084],
[[1900.0,450.0,450.0],0.02154418],
[[1900.0,500.0,500.0],0.02168525],
[[1900.0,550.0,550.0],0.02171076],
[[1900.0,600.0,600.0],0.02149924],
[[1900.0,650.0,650.0],0.0217607],
[[1900.0,700.0,700.0],0.02175145],
[[1900.0,750.0,750.0],0.02154842],
[[1900.0,800.0,800.0],0.02152636],
[[1900.0,850.0,850.0],0.02141769],
[[1900.0,900.0,900.0],0.02147358],
[[1900.0,950.0,950.0],0.02214376],
[[2000.0,0.0,0.0],0.0209507],
[[2000.0,50.0,50.0],0.02078698],
[[2000.0,100.0,100.0],0.0213353],
[[2000.0,150.0,150.0],0.02126711],
[[2000.0,200.0,200.0],0.02140522],
[[2000.0,250.0,250.0],0.02154665],
[[2000.0,300.0,300.0],0.02178122],
[[2000.0,350.0,350.0],0.02156864],
[[2000.0,400.0,400.0],0.02201361],
[[2000.0,450.0,450.0],0.02190577],
[[2000.0,500.0,500.0],0.02189011],
[[2000.0,550.0,550.0],0.0220619],
[[2000.0,600.0,600.0],0.0217715],
[[2000.0,650.0,650.0],0.02167147],
[[2000.0,700.0,700.0],0.02206254],
[[2000.0,750.0,750.0],0.0225063],
[[2000.0,800.0,800.0],0.0220494],
[[2000.0,850.0,850.0],0.02221841],
[[2000.0,900.0,900.0],0.02217583],
[[2000.0,950.0,950.0],0.02224859],
[[2000.0,1000.0,1000.0],0.022404],
[[2100.0,0.0,0.0],0.02068787],
[[2100.0,50.0,50.0],0.02137549],
[[2100.0,100.0,100.0],0.02166079],
[[2100.0,150.0,150.0],0.0222685],
[[2100.0,200.0,200.0],0.02188968],
[[2100.0,250.0,250.0],0.02219797],
[[2100.0,300.0,300.0],0.02243522],
[[2100.0,350.0,350.0],0.02253109],
[[2100.0,400.0,400.0],0.02272608],
[[2100.0,450.0,450.0],0.02266472],
[[2100.0,500.0,500.0],0.02279116],
[[2100.0,550.0,550.0],0.02254803],
[[2100.0,600.0,600.0],0.02282349],
[[2100.0,650.0,650.0],0.02279232],
[[2100.0,700.0,700.0],0.02297452],
[[2100.0,750.0,750.0],0.02249005],
[[2100.0,800.0,800.0],0.02295068],
[[2100.0,850.0,850.0],0.02288588],
[[2100.0,900.0,900.0],0.02281526],
[[2100.0,950.0,950.0],0.02289054],
[[2100.0,1000.0,1000.0],0.0227989],
[[2100.0,1050.0,1050.0],0.02301918],
[[2200.0,0.0,0.0],0.02154949],
[[2200.0,50.0,50.0],0.02176577],
[[2200.0,100.0,100.0],0.02254572],
[[2200.0,150.0,150.0],0.02299673],
[[2200.0,200.0,200.0],0.02290739],
[[2200.0,250.0,250.0],0.02282371],
[[2200.0,300.0,300.0],0.02242829],
[[2200.0,350.0,350.0],0.02298648],
[[2200.0,400.0,400.0],0.02318695],
[[2200.0,450.0,450.0],0.02312305],
[[2200.0,500.0,500.0],0.02352888],
[[2200.0,550.0,550.0],0.0231727],
[[2200.0,600.0,600.0],0.02318442],
[[2200.0,650.0,650.0],0.02296125],
[[2200.0,700.0,700.0],0.02368519],
[[2200.0,750.0,750.0],0.02344751],
[[2200.0,800.0,800.0],0.02358282],
[[2200.0,850.0,850.0],0.02381879],
[[2200.0,900.0,900.0],0.02350493],
[[2200.0,950.0,950.0],0.02310781],
[[2200.0,1000.0,1000.0],0.02358299],
[[2200.0,1050.0,1050.0],0.02405668],
[[2200.0,1100.0,1100.0],0.02381511]]
