dataId: SR_2018_21
dataType: efficiencyMap
observedN: 43
expectedBG: 35.87580353
bgError: 3.3941740350194185
upperLimit: 0.1535*fb
expectedUpperLimit: 0.1166*fb
