txName: TChiZISRll
constraint: {(PV > anyBSM(1), MET(3)), (anyBSM(1) > l+,l-,MET(2))}
condition: None
conditionDescription: None
figureUrl: None
source: Recast by MA5
validated: True
axesMap: [{0: 'x', 1: 'y', 2: 'y'}]
dataMap: {0: (1, 'mass', GeV), 1: (2, 'mass', GeV), 2: (3, 'mass', GeV)}
finalState: ['MET', 'MET']
efficiencyMap: [[[10.0,1.0,1.0],1.340042e-09],
[[10.0,5.0,5.0],0.0],
[[10.0,7.0,7.0],0.0],
[[10.0,9.0,9.0],2.541597e-09],
[[20.0,1.0,1.0],0.0],
[[20.0,15.0,15.0],0.0],
[[20.0,17.0,17.0],0.0],
[[20.0,19.0,19.0],2.670048e-09],
[[30.0,1.0,1.0],0.0],
[[30.0,20.0,20.0],0.0],
[[30.0,25.0,25.0],0.0],
[[30.0,27.0,27.0],1.200891e-09],
[[30.0,29.0,29.0],4.582006e-09],
[[40.0,1.0,1.0],0.0],
[[40.0,20.0,20.0],0.0],
[[40.0,30.0,30.0],0.0],
[[40.0,35.0,35.0],0.0],
[[40.0,37.0,37.0],6.272493e-09],
[[40.0,39.0,39.0],6.006861e-09],
[[50.0,1.0,1.0],0.0],
[[50.0,20.0,20.0],0.0],
[[50.0,30.0,30.0],0.0],
[[50.0,40.0,40.0],1.23244e-09],
[[50.0,45.0,45.0],2.479648e-08],
[[50.0,47.0,47.0],2.717091e-08],
[[50.0,49.0,49.0],9.605928e-08],
[[60.0,1.0,1.0],0.0],
[[60.0,20.0,20.0],0.0],
[[60.0,30.0,30.0],0.0],
[[60.0,40.0,40.0],5.823104e-09],
[[60.0,50.0,50.0],3.185952e-08],
[[60.0,55.0,55.0],4.678679e-08],
[[60.0,57.0,57.0],7.433791e-08],
[[60.0,59.0,59.0],3.317418e-07],
[[61.0,52.0,52.0],2.689045e-08],
[[62.0,2.0,2.0],0.0],
[[62.0,12.0,12.0],0.0],
[[62.0,22.0,22.0],0.0],
[[62.0,32.0,32.0],5.66817e-09],
[[62.0,42.0,42.0],3.094989e-09],
[[63.0,62.0,62.0],1.819765e-07],
[[65.0,62.0,62.0],8.425158e-08],
[[67.0,62.0,62.0],9.365518e-08],
[[69.0,62.0,62.0],4.721586e-08],
[[72.0,2.0,2.0],0.0],
[[72.0,12.0,12.0],0.0],
[[72.0,22.0,22.0],8.831501e-10],
[[72.0,32.0,32.0],2.367121e-09],
[[72.0,42.0,42.0],0.0],
[[72.0,52.0,52.0],6.718381e-09],
[[73.0,72.0,72.0],3.253903e-07],
[[75.0,72.0,72.0],1.946695e-07],
[[77.0,72.0,72.0],1.606932e-07],
[[79.0,72.0,72.0],7.850347e-08],
[[82.0,2.0,2.0],0.0],
[[82.0,12.0,12.0],0.0],
[[82.0,22.0,22.0],2.509026e-09],
[[82.0,32.0,32.0],7.650467e-09],
[[82.0,42.0,42.0],1.465768e-08],
[[82.0,52.0,52.0],2.927188e-09],
[[82.0,62.0,62.0],3.155328e-08],
[[83.0,82.0,82.0],5.189979e-07],
[[85.0,82.0,82.0],3.242329e-07],
[[87.0,82.0,82.0],2.100564e-07],
[[89.0,82.0,82.0],1.569015e-07],
[[91.0,82.0,82.0],1.668416e-07],
[[92.0,12.0,12.0],2.779139e-09],
[[92.0,22.0,22.0],9.048572e-09],
[[92.0,32.0,32.0],4.184359e-09],
[[92.0,42.0,42.0],1.19025e-08],
[[92.0,52.0,52.0],2.805558e-08],
[[92.0,62.0,62.0],3.720448e-08],
[[92.0,72.0,72.0],3.517868e-08],
[[93.0,92.0,92.0],9.03751e-07],
[[97.0,92.0,92.0],3.315888e-07],
[[99.0,92.0,92.0],2.240319e-07],
[[102.0,22.0,22.0],5.705719e-09],
[[102.0,32.0,32.0],1.680204e-08],
[[102.0,42.0,42.0],4.911693e-09],
[[102.0,52.0,52.0],3.178165e-08],
[[102.0,62.0,62.0],5.202573e-08],
[[102.0,72.0,72.0],3.52251e-08],
[[102.0,82.0,82.0],7.651154e-08],
[[103.0,102.0,102.0],1.104458e-06],
[[107.0,102.0,102.0],5.648953e-07],
[[109.0,102.0,102.0],3.445965e-07],
[[112.0,32.0,32.0],7.409296e-09],
[[112.0,42.0,42.0],6.606242e-08],
[[112.0,52.0,52.0],2.838142e-08],
[[112.0,62.0,62.0],3.460522e-08],
[[112.0,72.0,72.0],3.382171e-08],
[[112.0,82.0,82.0],7.646531e-08],
[[112.0,92.0,92.0],1.214266e-07],
[[122.0,42.0,42.0],1.366369e-08],
[[122.0,52.0,52.0],1.3335e-08],
[[122.0,62.0,62.0],1.662666e-08],
[[122.0,72.0,72.0],2.825431e-08],
[[122.0,82.0,82.0],5.152485e-08],
[[122.0,92.0,92.0],1.351409e-07],
[[122.0,102.0,102.0],1.72635e-07],
[[123.0,122.0,122.0],1.746671e-06],
[[127.0,122.0,122.0],9.816096e-07],
[[129.0,122.0,122.0],6.159882e-07],
[[132.0,52.0,52.0],2.534987e-07],
[[132.0,62.0,62.0],0.0],
[[132.0,72.0,72.0],3.652622e-08],
[[132.0,82.0,82.0],7.106706e-08],
[[132.0,92.0,92.0],7.959251e-08],
[[132.0,102.0,102.0],1.090086e-07],
[[142.0,62.0,62.0],1.726511e-08],
[[142.0,72.0,72.0],9.958636e-08],
[[142.0,82.0,82.0],7.828618e-08],
[[142.0,92.0,92.0],1.352986e-07],
[[142.0,102.0,102.0],7.095055e-08],
[[142.0,122.0,122.0],2.895837e-07],
[[143.0,142.0,142.0],2.815239e-06],
[[147.0,142.0,142.0],1.160887e-06],
[[149.0,142.0,142.0],1.391417e-06],
[[151.0,142.0,142.0],7.972166e-07],
[[152.0,72.0,72.0],1.015308e-07],
[[152.0,82.0,82.0],3.901843e-08],
[[152.0,92.0,92.0],9.294609e-08],
[[152.0,102.0,102.0],1.201134e-07],
[[152.0,122.0,122.0],2.385786e-07],
[[162.0,82.0,82.0],1.296616e-08],
[[162.0,92.0,92.0],5.617185e-08],
[[162.0,102.0,102.0],4.99144e-08],
[[162.0,122.0,122.0],1.778893e-07],
[[162.0,142.0,142.0],3.831737e-07],
[[163.0,162.0,162.0],3.747898e-06],
[[167.0,162.0,162.0],2.059535e-06],
[[169.0,162.0,162.0],1.785471e-06],
[[171.0,162.0,162.0],1.283637e-06],
[[172.0,92.0,92.0],4.613649e-08],
[[172.0,102.0,102.0],1.190811e-07],
[[172.0,122.0,122.0],1.376568e-07],
[[172.0,142.0,142.0],3.255049e-07],
[[182.0,102.0,102.0],7.51369e-08],
[[182.0,122.0,122.0],8.33674e-08],
[[182.0,142.0,142.0],2.154934e-07],
[[182.0,162.0,162.0],7.181646e-07],
[[183.0,182.0,182.0],5.174437e-06],
[[187.0,182.0,182.0],2.564044e-06],
[[189.0,182.0,182.0],2.545115e-06],
[[191.0,182.0,182.0],1.855624e-06],
[[192.0,122.0,122.0],2.514384e-07],
[[192.0,142.0,142.0],2.503818e-07],
[[192.0,162.0,162.0],5.212918e-07],
[[202.0,122.0,122.0],2.318255e-07],
[[202.0,142.0,142.0],1.675966e-07],
[[202.0,162.0,162.0],4.617578e-07],
[[202.0,182.0,182.0],8.542627e-07],
[[203.0,202.0,202.0],6.766817e-06],
[[207.0,202.0,202.0],3.761526e-06],
[[209.0,202.0,202.0],3.24545e-06],
[[211.0,202.0,202.0],2.392306e-06],
[[212.0,142.0,142.0],1.399339e-07],
[[212.0,162.0,162.0],3.341948e-07],
[[212.0,182.0,182.0],6.719471e-07],
[[222.0,142.0,142.0],2.305122e-07],
[[222.0,162.0,162.0],2.470548e-07],
[[222.0,182.0,182.0],5.476729e-07],
[[222.0,202.0,202.0],1.171155e-06],
[[223.0,222.0,222.0],7.426556e-06],
[[227.0,222.0,222.0],5.110023e-06],
[[229.0,222.0,222.0],3.926544e-06],
[[231.0,222.0,222.0],3.168985e-06],
[[232.0,162.0,162.0],3.190625e-07],
[[232.0,182.0,182.0],8.509074e-07],
[[232.0,202.0,202.0],7.147471e-07],
[[242.0,162.0,162.0],2.610721e-07],
[[242.0,182.0,182.0],4.344687e-07],
[[242.0,202.0,202.0],7.999366e-07],
[[242.0,222.0,222.0],1.898107e-06],
[[243.0,242.0,242.0],9.381263e-06],
[[247.0,242.0,242.0],6.16169e-06],
[[249.0,242.0,242.0],4.943478e-06],
[[251.0,242.0,242.0],4.356431e-06],
[[252.0,182.0,182.0],2.751759e-07],
[[252.0,202.0,202.0],5.146697e-07],
[[252.0,222.0,222.0],1.118346e-06],
[[262.0,182.0,182.0],2.354729e-07],
[[262.0,202.0,202.0],5.234125e-07],
[[262.0,222.0,222.0],8.883279e-07],
[[262.0,242.0,242.0],1.795488e-06],
[[263.0,262.0,262.0],1.051945e-05],
[[267.0,262.0,262.0],7.600973e-06],
[[269.0,262.0,262.0],6.239655e-06],
[[272.0,202.0,202.0],4.43415e-07],
[[272.0,222.0,222.0],6.110313e-07],
[[272.0,242.0,242.0],1.142677e-06],
[[282.0,202.0,202.0],3.442107e-07],
[[282.0,222.0,222.0],7.320692e-07],
[[282.0,242.0,242.0],9.199336e-07],
[[282.0,262.0,262.0],2.104049e-06],
[[283.0,282.0,282.0],1.458991e-05],
[[287.0,282.0,282.0],8.286009e-06],
[[289.0,282.0,282.0],7.226484e-06],
[[292.0,222.0,222.0],7.886129e-07],
[[292.0,242.0,242.0],8.295723e-07],
[[292.0,262.0,262.0],1.565686e-06],
[[302.0,222.0,222.0],5.92429e-07],
[[302.0,242.0,242.0],6.518353e-07],
[[302.0,262.0,262.0],1.064397e-06],
[[302.0,282.0,282.0],2.727516e-06],
[[303.0,302.0,302.0],1.488376e-05],
[[307.0,302.0,302.0],1.073185e-05],
[[309.0,302.0,302.0],9.435067e-06],
[[312.0,242.0,242.0],7.116998e-07],
[[312.0,262.0,262.0],1.035192e-06],
[[312.0,282.0,282.0],1.992635e-06],
[[322.0,242.0,242.0],5.191105e-07],
[[322.0,262.0,262.0],7.480873e-07],
[[322.0,282.0,282.0],1.288561e-06],
[[322.0,302.0,302.0],3.638318e-06],
[[323.0,322.0,322.0],1.699012e-05],
[[327.0,322.0,322.0],1.23092e-05],
[[329.0,322.0,322.0],1.162133e-05],
[[332.0,262.0,262.0],6.453879e-07],
[[332.0,282.0,282.0],1.447965e-06],
[[332.0,302.0,302.0],2.1348e-06],
[[342.0,262.0,262.0],6.117451e-07],
[[342.0,282.0,282.0],1.146631e-06],
[[342.0,302.0,302.0],2.100544e-06],
[[342.0,322.0,322.0],3.977552e-06],
[[343.0,342.0,342.0],1.990297e-05],
[[347.0,342.0,342.0],1.412298e-05],
[[349.0,342.0,342.0],1.186983e-05],
[[352.0,282.0,282.0],9.507487e-07],
[[352.0,302.0,302.0],1.744344e-06],
[[352.0,322.0,322.0],2.764214e-06],
[[362.0,282.0,282.0],1.054826e-06],
[[362.0,302.0,302.0],9.680641e-07],
[[362.0,322.0,322.0],1.836865e-06],
[[362.0,342.0,342.0],5.0884e-06],
[[363.0,362.0,362.0],2.279198e-05],
[[367.0,362.0,362.0],1.560885e-05],
[[369.0,362.0,362.0],1.331517e-05],
[[372.0,302.0,302.0],9.670129e-07],
[[372.0,342.0,342.0],3.161364e-06],
[[382.0,302.0,302.0],2.540233e-06],
[[382.0,322.0,322.0],1.770367e-06],
[[382.0,362.0,362.0],5.267354e-06],
[[383.0,382.0,382.0],2.608531e-05],
[[387.0,382.0,382.0],1.843248e-05],
[[389.0,382.0,382.0],1.400024e-05],
[[391.0,382.0,382.0],1.161886e-05],
[[392.0,322.0,322.0],1.15346e-06],
[[392.0,342.0,342.0],1.638647e-06],
[[392.0,362.0,362.0],3.485452e-06],
[[402.0,322.0,322.0],1.130392e-06],
[[402.0,342.0,342.0],1.442469e-06],
[[402.0,362.0,362.0],2.556029e-06],
[[402.0,382.0,382.0],6.302603e-06],
[[403.0,402.0,402.0],2.497784e-05],
[[412.0,342.0,342.0],1.494328e-06],
[[412.0,362.0,362.0],3.189455e-06],
[[412.0,382.0,382.0],4.088055e-06],
[[413.0,402.0,402.0],1.090251e-05],
[[417.0,402.0,402.0],9.300241e-06],
[[422.0,342.0,342.0],1.482672e-06],
[[422.0,362.0,362.0],1.444707e-06],
[[422.0,382.0,382.0],2.822891e-06],
[[422.0,402.0,402.0],6.507212e-06],
[[432.0,362.0,362.0],2.024067e-06],
[[432.0,382.0,382.0],2.076071e-06],
[[432.0,402.0,402.0],3.955772e-06],
[[442.0,362.0,362.0],1.303764e-06],
[[442.0,382.0,382.0],2.245108e-06],
[[452.0,382.0,382.0],1.813392e-06],
[[452.0,402.0,402.0],2.142482e-06],
[[462.0,382.0,382.0],2.142033e-06],
[[462.0,402.0,402.0],2.051031e-06],
[[482.0,402.0,402.0],2.801539e-06],
[[503.0,502.0,502.0],3.80514e-05],
[[513.0,502.0,502.0],2.049414e-05],
[[517.0,502.0,502.0],1.439846e-05],
[[522.0,502.0,502.0],9.623306e-06],
[[532.0,502.0,502.0],6.693596e-06],
[[552.0,502.0,502.0],4.766086e-06],
[[582.0,502.0,502.0],3.501309e-06],
[[603.0,602.0,602.0],4.560207e-05],
[[613.0,602.0,602.0],2.816251e-05],
[[617.0,602.0,602.0],2.085913e-05],
[[622.0,602.0,602.0],1.356709e-05],
[[632.0,602.0,602.0],9.31829e-06],
[[652.0,602.0,602.0],4.376698e-06],
[[682.0,602.0,602.0],3.287916e-06],
[[703.0,702.0,702.0],5.533646e-05],
[[713.0,702.0,702.0],3.469743e-05],
[[717.0,702.0,702.0],2.74609e-05],
[[722.0,702.0,702.0],1.861892e-05],
[[732.0,702.0,702.0],1.210712e-05],
[[752.0,702.0,702.0],6.757687e-06],
[[782.0,702.0,702.0],4.754388e-06],
[[803.0,802.0,802.0],6.176742e-05],
[[813.0,802.0,802.0],4.2905e-05],
[[817.0,802.0,802.0],3.180761e-05],
[[822.0,802.0,802.0],2.409906e-05],
[[832.0,802.0,802.0],1.433343e-05],
[[852.0,802.0,802.0],7.992612e-06],
[[882.0,802.0,802.0],7.613074e-06],
[[903.0,902.0,902.0],7.087611e-05],
[[913.0,902.0,902.0],4.852954e-05],
[[917.0,902.0,902.0],3.72345e-05],
[[922.0,902.0,902.0],2.823805e-05],
[[932.0,902.0,902.0],1.786779e-05],
[[952.0,902.0,902.0],9.101467e-06],
[[982.0,902.0,902.0],5.707446e-06],
[[1003.0,1002.0,1002.0],8.093262e-05],
[[1013.0,1002.0,1002.0],5.32226e-05],
[[1017.0,1002.0,1002.0],4.536542e-05],
[[1022.0,1002.0,1002.0],3.212252e-05],
[[1032.0,1002.0,1002.0],1.85585e-05],
[[1052.0,1002.0,1002.0],1.301541e-05],
[[1082.0,1002.0,1002.0],7.277894e-06],
[[1103.0,1102.0,1102.0],8.397967e-05],
[[1113.0,1102.0,1102.0],6.146395e-05],
[[1117.0,1102.0,1102.0],4.54134e-05],
[[1122.0,1102.0,1102.0],3.327698e-05],
[[1132.0,1102.0,1102.0],2.087527e-05],
[[1152.0,1102.0,1102.0],1.112946e-05],
[[1182.0,1102.0,1102.0],8.051143e-06],
[[1203.0,1202.0,1202.0],8.883003e-05],
[[1213.0,1202.0,1202.0],7.016422e-05],
[[1217.0,1202.0,1202.0],5.019253e-05],
[[1222.0,1202.0,1202.0],3.708973e-05],
[[1232.0,1202.0,1202.0],2.483682e-05],
[[1252.0,1202.0,1202.0],1.092022e-05],
[[1282.0,1202.0,1202.0],7.635496e-06],
[[1303.0,1302.0,1302.0],9.18741e-05],
[[1313.0,1302.0,1302.0],6.980556e-05],
[[1317.0,1302.0,1302.0],5.634053e-05],
[[1322.0,1302.0,1302.0],4.130048e-05],
[[1332.0,1302.0,1302.0],2.414479e-05],
[[1352.0,1302.0,1302.0],1.343822e-05],
[[1382.0,1302.0,1302.0],8.722486e-06],
[[1403.0,1402.0,1402.0],9.749404e-05],
[[1413.0,1402.0,1402.0],7.642615e-05],
[[1417.0,1402.0,1402.0],5.709669e-05],
[[1422.0,1402.0,1402.0],4.232315e-05],
[[1432.0,1402.0,1402.0],2.721366e-05],
[[1452.0,1402.0,1402.0],1.332099e-05],
[[1482.0,1402.0,1402.0],9.203968e-06],
[[1503.0,1502.0,1502.0],9.860564e-05],
[[1513.0,1502.0,1502.0],7.306914e-05],
[[1517.0,1502.0,1502.0],5.961888e-05],
[[1522.0,1502.0,1502.0],4.008386e-05],
[[1532.0,1502.0,1502.0],2.627005e-05],
[[1552.0,1502.0,1502.0],1.593651e-05],
[[1582.0,1502.0,1502.0],9.010198e-06],
[[1603.0,1602.0,1602.0],9.817252e-05],
[[1613.0,1602.0,1602.0],8.053833e-05],
[[1617.0,1602.0,1602.0],5.966015e-05],
[[1622.0,1602.0,1602.0],4.598142e-05],
[[1632.0,1602.0,1602.0],2.723966e-05],
[[1652.0,1602.0,1602.0],1.564224e-05],
[[1682.0,1602.0,1602.0],1.087816e-05],
[[1703.0,1702.0,1702.0],9.8889e-05],
[[1713.0,1702.0,1702.0],7.62503e-05],
[[1717.0,1702.0,1702.0],6.266812e-05],
[[1722.0,1702.0,1702.0],4.681119e-05],
[[1732.0,1702.0,1702.0],2.766058e-05],
[[1752.0,1702.0,1702.0],1.467236e-05],
[[1782.0,1702.0,1702.0],1.027557e-05],
[[1803.0,1802.0,1802.0],9.906418e-05],
[[1813.0,1802.0,1802.0],8.181186e-05],
[[1817.0,1802.0,1802.0],6.589395e-05],
[[1822.0,1802.0,1802.0],4.656285e-05],
[[1832.0,1802.0,1802.0],2.874493e-05],
[[1852.0,1802.0,1802.0],1.694472e-05],
[[1872.0,1802.0,1802.0],1.217933e-05],
[[1882.0,1802.0,1802.0],1.096216e-05],
[[1903.0,1902.0,1902.0],0.0001014931],
[[1913.0,1902.0,1902.0],8.339298e-05],
[[1917.0,1902.0,1902.0],6.727971e-05],
[[1922.0,1902.0,1902.0],4.624781e-05],
[[1942.0,1902.0,1902.0],2.024754e-05],
[[1952.0,1902.0,1902.0],1.653897e-05],
[[1982.0,1902.0,1902.0],1.083805e-05],
[[2003.0,2002.0,2002.0],0.0001038618],
[[2013.0,2002.0,2002.0],8.088617e-05],
[[2017.0,2002.0,2002.0],6.690472e-05],
[[2022.0,2002.0,2002.0],4.863526e-05],
[[2032.0,2002.0,2002.0],2.808609e-05],
[[2042.0,2002.0,2002.0],2.123414e-05],
[[2052.0,2002.0,2002.0],1.914891e-05],
[[2072.0,2002.0,2002.0],1.103889e-05],
[[2082.0,2002.0,2002.0],9.726789e-06]]
