txName: TChiISR
constraint: {(PV > MET(1), MET(2))}
condition: None
conditionDescription: None
figureUrl: None
source: Recast by MA5
validated: True
axesMap: [{0: 'x', 1: 'y'}]
dataMap: {0: (1, 'mass', GeV), 1: (2, 'mass', GeV)}
finalState: ['MET', 'MET']
efficiencyMap: [[[1.0,10.0],2.565668e-08],
[[1.0,20.0],1.840395e-08],
[[1.0,30.0],9.314929e-09],
[[1.0,40.0],1.18059e-08],
[[1.0,50.0],6.434442e-09],
[[1.0,60.0],4.297796e-07],
[[5.0,10.0],6.261663e-09],
[[7.0,10.0],6.648166e-09],
[[9.0,10.0],5.517295e-09],
[[10.0,1.0],2.565668e-08],
[[10.0,5.0],6.261663e-09],
[[10.0,7.0],6.648166e-09],
[[10.0,9.0],5.517295e-09],
[[10.0,10.0],1.488747e-08],
[[12.0,62.0],1.895125e-08],
[[12.0,72.0],2.036552e-08],
[[12.0,82.0],1.290221e-07],
[[12.0,92.0],3.55484e-07],
[[12.0,102.0],2.76472e-07],
[[12.0,212.0],2.010008e-06],
[[12.0,312.0],5.504666e-06],
[[15.0,20.0],1.61208e-08],
[[17.0,20.0],5.580522e-08],
[[19.0,20.0],1.155921e-08],
[[20.0,1.0],1.840395e-08],
[[20.0,15.0],1.61208e-08],
[[20.0,17.0],5.580522e-08],
[[20.0,19.0],1.155921e-08],
[[20.0,20.0],1.177219e-08],
[[20.0,30.0],6.907324e-08],
[[20.0,40.0],8.254084e-09],
[[20.0,50.0],6.68415e-09],
[[20.0,60.0],8.496857e-08],
[[25.0,30.0],3.974076e-08],
[[27.0,30.0],2.823163e-09],
[[29.0,30.0],4.19199e-08],
[[30.0,1.0],9.314929e-09],
[[30.0,20.0],6.907324e-08],
[[30.0,25.0],3.974076e-08],
[[30.0,27.0],2.823163e-09],
[[30.0,29.0],4.19199e-08],
[[30.0,30.0],1.935042e-09],
[[30.0,40.0],1.40937e-08],
[[30.0,50.0],1.128248e-08],
[[30.0,60.0],9.757475e-08],
[[32.0,62.0],1.170313e-07],
[[32.0,72.0],3.920819e-07],
[[32.0,82.0],2.222753e-07],
[[32.0,92.0],2.491253e-07],
[[32.0,102.0],6.75784e-07],
[[32.0,112.0],6.29564e-07],
[[32.0,122.0],1.213186e-06],
[[32.0,232.0],3.56802e-06],
[[32.0,332.0],6.829064e-06],
[[35.0,40.0],9.28355e-09],
[[37.0,40.0],7.836032e-09],
[[39.0,40.0],1.439045e-08],
[[40.0,1.0],1.18059e-08],
[[40.0,20.0],8.254084e-09],
[[40.0,30.0],1.40937e-08],
[[40.0,35.0],9.28355e-09],
[[40.0,37.0],7.836032e-09],
[[40.0,39.0],1.439045e-08],
[[40.0,40.0],1.071657e-07],
[[40.0,50.0],2.53236e-07],
[[40.0,60.0],5.082965e-07],
[[45.0,50.0],8.818869e-08],
[[47.0,50.0],8.325792e-08],
[[49.0,50.0],7.971462e-07],
[[50.0,1.0],6.434442e-09],
[[50.0,20.0],6.68415e-09],
[[50.0,30.0],1.128248e-08],
[[50.0,40.0],2.53236e-07],
[[50.0,45.0],8.818869e-08],
[[50.0,47.0],8.325792e-08],
[[50.0,49.0],7.971462e-07],
[[50.0,50.0],5.134558e-07],
[[50.0,60.0],6.13927e-07],
[[52.0,62.0],2.105765e-07],
[[52.0,67.0],1.047308e-06],
[[52.0,72.0],6.632053e-07],
[[52.0,82.0],3.770596e-07],
[[52.0,92.0],7.241567e-07],
[[52.0,102.0],1.076058e-06],
[[52.0,112.0],1.07952e-06],
[[52.0,122.0],1.112302e-06],
[[52.0,132.0],8.863328e-07],
[[52.0,142.0],1.575477e-06],
[[52.0,252.0],4.709067e-06],
[[52.0,352.0],1.09763e-05],
[[55.0,60.0],2.852328e-07],
[[57.0,60.0],2.274683e-07],
[[59.0,60.0],2.4913e-07],
[[60.0,1.0],4.297796e-07],
[[60.0,20.0],8.496857e-08],
[[60.0,30.0],9.757475e-08],
[[60.0,40.0],5.082965e-07],
[[60.0,50.0],6.13927e-07],
[[60.0,55.0],2.852328e-07],
[[60.0,57.0],2.274683e-07],
[[60.0,59.0],2.4913e-07],
[[60.0,60.0],4.098974e-07],
[[62.0,12.0],1.895125e-08],
[[62.0,32.0],1.170313e-07],
[[62.0,52.0],2.105765e-07],
[[67.0,52.0],1.047308e-06],
[[72.0,12.0],2.036552e-08],
[[72.0,32.0],3.920819e-07],
[[72.0,52.0],6.632053e-07],
[[72.0,72.0],7.170448e-07],
[[72.0,75.0],6.339856e-07],
[[72.0,77.0],1.327349e-06],
[[72.0,82.0],9.801659e-07],
[[72.0,87.0],1.195493e-06],
[[72.0,92.0],7.725098e-07],
[[72.0,102.0],1.241476e-06],
[[72.0,112.0],1.226519e-06],
[[72.0,122.0],3.881401e-06],
[[72.0,132.0],1.610306e-06],
[[72.0,142.0],2.11291e-06],
[[72.0,152.0],1.854487e-06],
[[72.0,162.0],2.743204e-06],
[[72.0,272.0],6.309599e-06],
[[72.0,372.0],1.0354e-05],
[[75.0,72.0],6.339856e-07],
[[77.0,72.0],1.327349e-06],
[[82.0,12.0],1.290221e-07],
[[82.0,32.0],2.222753e-07],
[[82.0,52.0],3.770596e-07],
[[82.0,72.0],9.801659e-07],
[[87.0,72.0],1.195493e-06],
[[92.0,12.0],3.55484e-07],
[[92.0,32.0],2.491253e-07],
[[92.0,52.0],7.241567e-07],
[[92.0,72.0],7.725098e-07],
[[92.0,92.0],1.644982e-06],
[[92.0,95.0],1.567957e-06],
[[92.0,97.0],2.716482e-06],
[[92.0,102.0],1.192216e-06],
[[92.0,107.0],1.078864e-06],
[[92.0,112.0],2.312204e-06],
[[92.0,122.0],1.330443e-06],
[[92.0,132.0],4.139971e-06],
[[92.0,142.0],2.910235e-06],
[[92.0,152.0],2.953745e-06],
[[92.0,162.0],4.865379e-06],
[[92.0,172.0],2.735944e-06],
[[92.0,182.0],3.776991e-06],
[[92.0,292.0],6.0863e-06],
[[92.0,392.0],1.174015e-05],
[[95.0,92.0],1.567957e-06],
[[97.0,92.0],2.716482e-06],
[[102.0,12.0],2.76472e-07],
[[102.0,32.0],6.75784e-07],
[[102.0,52.0],1.076058e-06],
[[102.0,72.0],1.241476e-06],
[[102.0,92.0],1.192216e-06],
[[102.0,102.0],2.137667e-06],
[[102.0,105.0],1.551573e-06],
[[102.0,107.0],2.2527e-06],
[[102.0,112.0],1.723084e-06],
[[102.0,117.0],1.864299e-06],
[[102.0,122.0],1.901577e-06],
[[102.0,132.0],2.720765e-06],
[[102.0,142.0],2.248867e-06],
[[102.0,152.0],3.808305e-06],
[[102.0,162.0],2.860022e-06],
[[102.0,172.0],6.859157e-06],
[[102.0,182.0],5.322234e-06],
[[102.0,192.0],4.043266e-06],
[[102.0,302.0],7.840369e-06],
[[102.0,402.0],1.431266e-05],
[[105.0,102.0],1.551573e-06],
[[107.0,92.0],1.078864e-06],
[[107.0,102.0],2.2527e-06],
[[112.0,32.0],6.29564e-07],
[[112.0,52.0],1.07952e-06],
[[112.0,72.0],1.226519e-06],
[[112.0,92.0],2.312204e-06],
[[112.0,102.0],1.723084e-06],
[[117.0,102.0],1.864299e-06],
[[122.0,32.0],1.213186e-06],
[[122.0,52.0],1.112302e-06],
[[122.0,72.0],3.881401e-06],
[[122.0,92.0],1.330443e-06],
[[122.0,102.0],1.901577e-06],
[[132.0,52.0],8.863328e-07],
[[132.0,72.0],1.610306e-06],
[[132.0,92.0],4.139971e-06],
[[132.0,102.0],2.720765e-06],
[[142.0,52.0],1.575477e-06],
[[142.0,72.0],2.11291e-06],
[[142.0,92.0],2.910235e-06],
[[142.0,102.0],2.248867e-06],
[[152.0,72.0],1.854487e-06],
[[152.0,92.0],2.953745e-06],
[[152.0,102.0],3.808305e-06],
[[152.0,152.0],4.019079e-06],
[[152.0,155.0],4.353053e-06],
[[152.0,157.0],4.380165e-06],
[[152.0,162.0],4.357808e-06],
[[152.0,167.0],4.218832e-06],
[[152.0,172.0],5.104934e-06],
[[152.0,182.0],5.121723e-06],
[[152.0,192.0],1.172529e-05],
[[152.0,202.0],6.13094e-06],
[[152.0,212.0],7.862156e-06],
[[152.0,222.0],7.16414e-06],
[[152.0,232.0],7.095486e-06],
[[152.0,242.0],7.056871e-06],
[[152.0,352.0],1.356891e-05],
[[152.0,452.0],2.107689e-05],
[[155.0,152.0],4.353053e-06],
[[157.0,152.0],4.380165e-06],
[[162.0,72.0],2.743204e-06],
[[162.0,92.0],4.865379e-06],
[[162.0,102.0],2.860022e-06],
[[162.0,152.0],4.357808e-06],
[[167.0,152.0],4.218832e-06],
[[172.0,92.0],2.735944e-06],
[[172.0,102.0],6.859157e-06],
[[172.0,152.0],5.104934e-06],
[[182.0,92.0],3.776991e-06],
[[182.0,102.0],5.322234e-06],
[[182.0,152.0],5.121723e-06],
[[192.0,102.0],4.043266e-06],
[[192.0,152.0],1.172529e-05],
[[202.0,152.0],6.13094e-06],
[[202.0,202.0],9.33772e-06],
[[202.0,205.0],7.190358e-06],
[[202.0,207.0],8.252533e-06],
[[202.0,212.0],7.255294e-06],
[[202.0,217.0],8.803186e-06],
[[202.0,222.0],8.951268e-06],
[[202.0,232.0],8.663661e-06],
[[202.0,242.0],9.94447e-06],
[[202.0,252.0],9.913475e-06],
[[202.0,262.0],1.164011e-05],
[[202.0,272.0],1.356719e-05],
[[202.0,282.0],1.261195e-05],
[[202.0,402.0],2.107451e-05],
[[202.0,502.0],2.364211e-05],
[[205.0,202.0],7.190358e-06],
[[207.0,202.0],8.252533e-06],
[[212.0,12.0],2.010008e-06],
[[212.0,152.0],7.862156e-06],
[[212.0,202.0],7.255294e-06],
[[217.0,202.0],8.803186e-06],
[[222.0,152.0],7.16414e-06],
[[222.0,202.0],8.951268e-06],
[[232.0,32.0],3.56802e-06],
[[232.0,152.0],7.095486e-06],
[[232.0,202.0],8.663661e-06],
[[242.0,152.0],7.056871e-06],
[[242.0,202.0],9.94447e-06],
[[252.0,52.0],4.709067e-06],
[[252.0,202.0],9.913475e-06],
[[252.0,252.0],1.414844e-05],
[[252.0,255.0],1.27273e-05],
[[252.0,257.0],1.677772e-05],
[[252.0,262.0],1.362997e-05],
[[252.0,267.0],1.351517e-05],
[[252.0,272.0],1.353143e-05],
[[252.0,282.0],1.460945e-05],
[[252.0,292.0],1.345134e-05],
[[252.0,302.0],1.397659e-05],
[[252.0,312.0],1.837012e-05],
[[252.0,322.0],1.580417e-05],
[[252.0,332.0],1.974923e-05],
[[252.0,342.0],1.89806e-05],
[[252.0,452.0],2.75976e-05],
[[252.0,552.0],3.302433e-05],
[[255.0,252.0],1.27273e-05],
[[257.0,252.0],1.677772e-05],
[[262.0,202.0],1.164011e-05],
[[262.0,252.0],1.362997e-05],
[[267.0,252.0],1.351517e-05],
[[272.0,72.0],6.309599e-06],
[[272.0,202.0],1.356719e-05],
[[272.0,252.0],1.353143e-05],
[[282.0,202.0],1.261195e-05],
[[282.0,252.0],1.460945e-05],
[[292.0,92.0],6.0863e-06],
[[292.0,252.0],1.345134e-05],
[[302.0,102.0],7.840369e-06],
[[302.0,252.0],1.397659e-05],
[[302.0,302.0],1.598736e-05],
[[302.0,305.0],1.622474e-05],
[[302.0,307.0],1.641566e-05],
[[302.0,312.0],1.965187e-05],
[[302.0,317.0],2.020118e-05],
[[302.0,322.0],1.76569e-05],
[[302.0,332.0],2.220157e-05],
[[302.0,342.0],2.013142e-05],
[[302.0,352.0],2.087748e-05],
[[302.0,362.0],2.060309e-05],
[[302.0,372.0],2.0322e-05],
[[302.0,382.0],2.457714e-05],
[[302.0,392.0],2.391611e-05],
[[302.0,502.0],2.608248e-05],
[[302.0,602.0],3.247174e-05],
[[305.0,302.0],1.622474e-05],
[[307.0,302.0],1.641566e-05],
[[312.0,12.0],5.504666e-06],
[[312.0,252.0],1.837012e-05],
[[312.0,302.0],1.965187e-05],
[[317.0,302.0],2.020118e-05],
[[322.0,252.0],1.580417e-05],
[[322.0,302.0],1.76569e-05],
[[332.0,32.0],6.829064e-06],
[[332.0,252.0],1.974923e-05],
[[332.0,302.0],2.220157e-05],
[[342.0,252.0],1.89806e-05],
[[342.0,302.0],2.013142e-05],
[[352.0,52.0],1.09763e-05],
[[352.0,152.0],1.356891e-05],
[[352.0,302.0],2.087748e-05],
[[352.0,352.0],2.075729e-05],
[[352.0,355.0],2.85752e-05],
[[352.0,357.0],3.331387e-05],
[[352.0,362.0],2.47075e-05],
[[352.0,367.0],2.437052e-05],
[[352.0,372.0],2.632117e-05],
[[352.0,382.0],2.632206e-05],
[[352.0,392.0],2.68829e-05],
[[352.0,402.0],2.654743e-05],
[[352.0,412.0],2.612237e-05],
[[352.0,422.0],3.026008e-05],
[[352.0,432.0],2.93953e-05],
[[352.0,442.0],3.098113e-05],
[[352.0,552.0],4.448995e-05],
[[352.0,652.0],4.350344e-05],
[[355.0,352.0],2.85752e-05],
[[357.0,352.0],3.331387e-05],
[[362.0,302.0],2.060309e-05],
[[362.0,352.0],2.47075e-05],
[[367.0,352.0],2.437052e-05],
[[372.0,72.0],1.0354e-05],
[[372.0,302.0],2.0322e-05],
[[372.0,352.0],2.632117e-05],
[[382.0,302.0],2.457714e-05],
[[382.0,352.0],2.632206e-05],
[[392.0,92.0],1.174015e-05],
[[392.0,302.0],2.391611e-05],
[[392.0,352.0],2.68829e-05],
[[402.0,102.0],1.431266e-05],
[[402.0,202.0],2.107451e-05],
[[402.0,352.0],2.654743e-05],
[[402.0,402.0],2.804081e-05],
[[402.0,405.0],2.544745e-05],
[[402.0,407.0],2.808727e-05],
[[402.0,412.0],3.644882e-05],
[[402.0,417.0],3.037248e-05],
[[402.0,422.0],2.715068e-05],
[[402.0,432.0],3.537812e-05],
[[402.0,442.0],3.093249e-05],
[[402.0,452.0],2.801024e-05],
[[402.0,462.0],3.493609e-05],
[[402.0,472.0],4.009308e-05],
[[402.0,482.0],3.164871e-05],
[[402.0,492.0],3.165834e-05],
[[402.0,602.0],3.848125e-05],
[[402.0,702.0],4.341499e-05],
[[405.0,402.0],2.544745e-05],
[[407.0,402.0],2.808727e-05],
[[412.0,352.0],2.612237e-05],
[[412.0,402.0],3.644882e-05],
[[417.0,402.0],3.037248e-05],
[[422.0,352.0],3.026008e-05],
[[422.0,402.0],2.715068e-05],
[[432.0,352.0],2.93953e-05],
[[432.0,402.0],3.537812e-05],
[[442.0,352.0],3.098113e-05],
[[442.0,402.0],3.093249e-05],
[[452.0,152.0],2.107689e-05],
[[452.0,252.0],2.75976e-05],
[[452.0,402.0],2.801024e-05],
[[462.0,402.0],3.493609e-05],
[[472.0,402.0],4.009308e-05],
[[482.0,402.0],3.164871e-05],
[[492.0,402.0],3.165834e-05],
[[502.0,202.0],2.364211e-05],
[[502.0,302.0],2.608248e-05],
[[552.0,252.0],3.302433e-05],
[[552.0,352.0],4.448995e-05],
[[602.0,302.0],3.247174e-05],
[[602.0,402.0],3.848125e-05],
[[602.0,602.0],4.98626e-05],
[[602.0,605.0],5.347618e-05],
[[602.0,607.0],5.254826e-05],
[[602.0,612.0],5.110135e-05],
[[602.0,617.0],5.121562e-05],
[[602.0,622.0],5.257773e-05],
[[602.0,632.0],4.905074e-05],
[[602.0,642.0],5.390858e-05],
[[602.0,652.0],5.10876e-05],
[[602.0,662.0],5.517406e-05],
[[602.0,672.0],5.063174e-05],
[[602.0,682.0],5.40225e-05],
[[602.0,692.0],5.414349e-05],
[[602.0,802.0],6.316732e-05],
[[602.0,902.0],7.269579e-05],
[[605.0,602.0],5.347618e-05],
[[607.0,602.0],5.254826e-05],
[[612.0,602.0],5.110135e-05],
[[617.0,602.0],5.121562e-05],
[[622.0,602.0],5.257773e-05],
[[632.0,602.0],4.905074e-05],
[[642.0,602.0],5.390858e-05],
[[652.0,352.0],4.350344e-05],
[[652.0,602.0],5.10876e-05],
[[662.0,602.0],5.517406e-05],
[[672.0,602.0],5.063174e-05],
[[682.0,602.0],5.40225e-05],
[[692.0,602.0],5.414349e-05],
[[702.0,402.0],4.341499e-05],
[[802.0,602.0],6.316732e-05],
[[802.0,802.0],6.936287e-05],
[[802.0,805.0],6.931442e-05],
[[802.0,807.0],6.529127e-05],
[[802.0,812.0],6.098658e-05],
[[802.0,817.0],6.825993e-05],
[[802.0,822.0],6.598179e-05],
[[802.0,832.0],7.228838e-05],
[[802.0,842.0],6.397461e-05],
[[802.0,852.0],7.345961e-05],
[[802.0,862.0],7.60574e-05],
[[802.0,872.0],6.861654e-05],
[[802.0,882.0],7.109905e-05],
[[802.0,892.0],7.042e-05],
[[802.0,1002.0],7.298121e-05],
[[802.0,1102.0],8.041521e-05],
[[805.0,802.0],6.931442e-05],
[[807.0,802.0],6.529127e-05],
[[812.0,802.0],6.098658e-05],
[[817.0,802.0],6.825993e-05],
[[822.0,802.0],6.598179e-05],
[[832.0,802.0],7.228838e-05],
[[842.0,802.0],6.397461e-05],
[[852.0,802.0],7.345961e-05],
[[862.0,802.0],7.60574e-05],
[[872.0,802.0],6.861654e-05],
[[882.0,802.0],7.109905e-05],
[[892.0,802.0],7.042e-05],
[[902.0,602.0],7.269579e-05],
[[1002.0,802.0],7.298121e-05],
[[1002.0,1002.0],7.653153e-05],
[[1002.0,1005.0],8.202207e-05],
[[1002.0,1007.0],8.157871e-05],
[[1002.0,1012.0],7.47274e-05],
[[1002.0,1017.0],8.160314e-05],
[[1002.0,1022.0],8.496674e-05],
[[1002.0,1032.0],8.247465e-05],
[[1002.0,1042.0],8.316018e-05],
[[1002.0,1052.0],7.853479e-05],
[[1002.0,1062.0],8.450537e-05],
[[1002.0,1072.0],8.545595e-05],
[[1002.0,1082.0],8.250867e-05],
[[1002.0,1092.0],8.265646e-05],
[[1002.0,1202.0],8.826688e-05],
[[1002.0,1302.0],9.04004e-05],
[[1005.0,1002.0],8.202207e-05],
[[1007.0,1002.0],8.157871e-05],
[[1012.0,1002.0],7.47274e-05],
[[1017.0,1002.0],8.160314e-05],
[[1022.0,1002.0],8.496674e-05],
[[1032.0,1002.0],8.247465e-05],
[[1042.0,1002.0],8.316018e-05],
[[1052.0,1002.0],7.853479e-05],
[[1062.0,1002.0],8.450537e-05],
[[1072.0,1002.0],8.545595e-05],
[[1082.0,1002.0],8.250867e-05],
[[1092.0,1002.0],8.265646e-05],
[[1102.0,802.0],8.041521e-05],
[[1202.0,1002.0],8.826688e-05],
[[1202.0,1202.0],9.103811e-05],
[[1202.0,1205.0],8.691574e-05],
[[1202.0,1207.0],8.812813e-05],
[[1202.0,1212.0],8.635107e-05],
[[1202.0,1217.0],9.710736e-05],
[[1202.0,1222.0],8.764156e-05],
[[1202.0,1232.0],9.46537e-05],
[[1202.0,1242.0],9.305962e-05],
[[1202.0,1252.0],9.059365e-05],
[[1202.0,1262.0],9.286295e-05],
[[1202.0,1272.0],8.982088e-05],
[[1202.0,1282.0],8.679088e-05],
[[1202.0,1292.0],9.302821e-05],
[[1202.0,1402.0],9.26301e-05],
[[1202.0,1502.0],9.512908e-05],
[[1205.0,1202.0],8.691574e-05],
[[1207.0,1202.0],8.812813e-05],
[[1212.0,1202.0],8.635107e-05],
[[1217.0,1202.0],9.710736e-05],
[[1222.0,1202.0],8.764156e-05],
[[1232.0,1202.0],9.46537e-05],
[[1242.0,1202.0],9.305962e-05],
[[1252.0,1202.0],9.059365e-05],
[[1262.0,1202.0],9.286295e-05],
[[1272.0,1202.0],8.982088e-05],
[[1282.0,1202.0],8.679088e-05],
[[1292.0,1202.0],9.302821e-05],
[[1302.0,1002.0],9.04004e-05],
[[1402.0,1202.0],9.26301e-05],
[[1402.0,1402.0],9.468773e-05],
[[1402.0,1405.0],9.631877e-05],
[[1402.0,1407.0],9.910531e-05],
[[1402.0,1412.0],9.89471e-05],
[[1402.0,1417.0],0.0001011396],
[[1402.0,1422.0],9.34254e-05],
[[1402.0,1432.0],9.662415e-05],
[[1402.0,1442.0],9.461705e-05],
[[1402.0,1452.0],9.412113e-05],
[[1402.0,1462.0],9.717362e-05],
[[1402.0,1472.0],9.474168e-05],
[[1402.0,1482.0],9.928153e-05],
[[1402.0,1492.0],9.445824e-05],
[[1402.0,1602.0],9.768452e-05],
[[1402.0,1702.0],0.0001005233],
[[1405.0,1402.0],9.631877e-05],
[[1407.0,1402.0],9.910531e-05],
[[1412.0,1402.0],9.89471e-05],
[[1417.0,1402.0],0.0001011396],
[[1422.0,1402.0],9.34254e-05],
[[1432.0,1402.0],9.662415e-05],
[[1442.0,1402.0],9.461705e-05],
[[1452.0,1402.0],9.412113e-05],
[[1462.0,1402.0],9.717362e-05],
[[1472.0,1402.0],9.474168e-05],
[[1482.0,1402.0],9.928153e-05],
[[1492.0,1402.0],9.445824e-05],
[[1502.0,1202.0],9.512908e-05],
[[1602.0,1402.0],9.768452e-05],
[[1602.0,1602.0],9.9125e-05],
[[1602.0,1605.0],9.809947e-05],
[[1602.0,1607.0],0.00010005],
[[1602.0,1612.0],9.520053e-05],
[[1602.0,1617.0],0.000101492],
[[1602.0,1622.0],9.6553e-05],
[[1602.0,1632.0],9.54174e-05],
[[1602.0,1642.0],0.000102382],
[[1602.0,1652.0],0.0001010559],
[[1602.0,1662.0],9.77034e-05],
[[1602.0,1672.0],9.989815e-05],
[[1602.0,1682.0],9.416005e-05],
[[1602.0,1692.0],9.719163e-05],
[[1602.0,1802.0],9.831846e-05],
[[1602.0,1902.0],9.988138e-05],
[[1605.0,1602.0],9.809947e-05],
[[1607.0,1602.0],0.00010005],
[[1612.0,1602.0],9.520053e-05],
[[1617.0,1602.0],0.000101492],
[[1622.0,1602.0],9.6553e-05],
[[1632.0,1602.0],9.54174e-05],
[[1642.0,1602.0],0.000102382],
[[1652.0,1602.0],0.0001010559],
[[1662.0,1602.0],9.77034e-05],
[[1672.0,1602.0],9.989815e-05],
[[1682.0,1602.0],9.416005e-05],
[[1692.0,1602.0],9.719163e-05],
[[1702.0,1402.0],0.0001005233],
[[1802.0,1602.0],9.831846e-05],
[[1802.0,1802.0],0.0001039274],
[[1802.0,1805.0],0.0001028778],
[[1802.0,1807.0],0.0001018518],
[[1802.0,1812.0],9.967739e-05],
[[1802.0,1817.0],9.623709e-05],
[[1802.0,1822.0],0.0001044889],
[[1802.0,1832.0],9.896082e-05],
[[1802.0,1842.0],0.0001016884],
[[1802.0,1852.0],9.705969e-05],
[[1802.0,1862.0],0.000101634],
[[1802.0,1872.0],0.0001006835],
[[1802.0,1882.0],9.934551e-05],
[[1802.0,1892.0],9.899523e-05],
[[1802.0,2002.0],9.952718e-05],
[[1802.0,2102.0],9.912942e-05],
[[1805.0,1802.0],0.0001028778],
[[1807.0,1802.0],0.0001018518],
[[1812.0,1802.0],9.967739e-05],
[[1817.0,1802.0],9.623709e-05],
[[1822.0,1802.0],0.0001044889],
[[1832.0,1802.0],9.896082e-05],
[[1842.0,1802.0],0.0001016884],
[[1852.0,1802.0],9.705969e-05],
[[1862.0,1802.0],0.000101634],
[[1872.0,1802.0],0.0001006835],
[[1882.0,1802.0],9.934551e-05],
[[1892.0,1802.0],9.899523e-05],
[[1902.0,1602.0],9.988138e-05],
[[2002.0,1802.0],9.952718e-05],
[[2002.0,2002.0],0.0001020361],
[[2002.0,2005.0],9.41513e-05],
[[2002.0,2007.0],9.949147e-05],
[[2002.0,2012.0],0.0001016731],
[[2002.0,2017.0],9.962324e-05],
[[2002.0,2022.0],0.0001014273],
[[2002.0,2032.0],9.90182e-05],
[[2002.0,2042.0],9.882779e-05],
[[2002.0,2052.0],9.847147e-05],
[[2002.0,2062.0],0.0001008104],
[[2002.0,2072.0],0.0001009316],
[[2002.0,2082.0],9.916874e-05],
[[2002.0,2092.0],0.0001004691],
[[2002.0,2202.0],0.0001024441],
[[2002.0,2302.0],0.0001011881],
[[2005.0,2002.0],9.41513e-05],
[[2007.0,2002.0],9.949147e-05],
[[2012.0,2002.0],0.0001016731],
[[2017.0,2002.0],9.962324e-05],
[[2022.0,2002.0],0.0001014273],
[[2032.0,2002.0],9.90182e-05],
[[2042.0,2002.0],9.882779e-05],
[[2052.0,2002.0],9.847147e-05],
[[2062.0,2002.0],0.0001008104],
[[2072.0,2002.0],0.0001009316],
[[2082.0,2002.0],9.916874e-05],
[[2092.0,2002.0],0.0001004691],
[[2102.0,1802.0],9.912942e-05],
[[2202.0,2002.0],0.0001024441],
[[2302.0,2002.0],0.0001011881]]
