txName: TChiWWISRqq
constraint: {(PV > anyBSM(1), anyBSM(3)), (anyBSM(1) > q, q, MET(2)), (anyBSM(3) > q, q, MET(4))}
condition: None
conditionDescription: None
figureUrl: None
source: Recast by MA5
validated: True
axesMap: [{0: 'x', 1: 'y', 2: 'x', 3: 'y'}]
dataMap: {0: (1, 'mass', GeV), 1: (2, 'mass', GeV), 2: (3, 'mass', GeV), 3: (4, 'mass', GeV)}
finalState: ['MET', 'MET']
efficiencyMap: [[[10.0,1.0,10.0,1.0],6.544382e-08],
[[10.0,3.0,10.0,3.0],5.025123e-08],
[[10.0,5.0,10.0,5.0],7.98868e-08],
[[10.0,7.0,10.0,7.0],3.727489e-07],
[[10.0,9.0,10.0,9.0],7.374039e-06],
[[11.0,10.0,11.0,10.0],7.878421e-06],
[[13.0,10.0,13.0,10.0],7.592838e-07],
[[15.0,10.0,15.0,10.0],1.230585e-07],
[[20.0,10.0,20.0,10.0],7.021851e-08],
[[21.0,20.0,21.0,20.0],5.576061e-05],
[[23.0,20.0,23.0,20.0],5.982092e-06],
[[25.0,20.0,25.0,20.0],1.660296e-06],
[[30.0,10.0,30.0,10.0],8.34093e-08],
[[30.0,20.0,30.0,20.0],3.506429e-07],
[[31.0,30.0,31.0,30.0],7.189128e-05],
[[33.0,30.0,33.0,30.0],1.320455e-05],
[[35.0,30.0,35.0,30.0],2.979301e-06],
[[40.0,20.0,40.0,20.0],6.679521e-08],
[[40.0,30.0,40.0,30.0],1.139985e-06],
[[41.0,40.0,41.0,40.0],6.882189e-05],
[[43.0,40.0,43.0,40.0],2.24981e-05],
[[45.0,40.0,45.0,40.0],1.708215e-05],
[[50.0,10.0,50.0,10.0],4.843628e-07],
[[50.0,30.0,50.0,30.0],2.071542e-06],
[[50.0,40.0,50.0,40.0],1.203295e-05],
[[51.0,50.0,51.0,50.0],0.0001795718],
[[53.0,50.0,53.0,50.0],0.0001356392],
[[55.0,50.0,55.0,50.0],7.136943e-05],
[[60.0,20.0,60.0,20.0],2.060271e-06],
[[60.0,40.0,60.0,40.0],9.854556e-06],
[[60.0,50.0,60.0,50.0],3.797406e-05],
[[61.0,60.0,61.0,60.0],0.0003803262],
[[63.0,60.0,63.0,60.0],0.0002892044],
[[65.0,60.0,65.0,60.0],0.000184796],
[[70.0,10.0,70.0,10.0],6.543814e-06],
[[70.0,30.0,70.0,30.0],5.699658e-06],
[[70.0,50.0,70.0,50.0],2.93183e-05],
[[70.0,60.0,70.0,60.0],9.155753e-05],
[[71.0,70.0,71.0,70.0],0.0005584527],
[[73.0,70.0,73.0,70.0],0.0004857341],
[[75.0,70.0,75.0,70.0],0.0003668857],
[[80.0,20.0,80.0,20.0],1.008922e-05],
[[80.0,40.0,80.0,40.0],1.307775e-05],
[[80.0,60.0,80.0,60.0],5.111672e-05],
[[80.0,70.0,80.0,70.0],0.0002047174],
[[81.0,80.0,81.0,80.0],0.0007565208],
[[83.0,80.0,83.0,80.0],0.0006872583],
[[85.0,80.0,85.0,80.0],0.0005225714],
[[90.0,10.0,90.0,10.0],9.898413e-06],
[[90.0,30.0,90.0,30.0],1.43313e-05],
[[90.0,50.0,90.0,50.0],2.891689e-05],
[[90.0,70.0,90.0,70.0],9.489812e-05],
[[90.0,80.0,90.0,80.0],0.0003226014],
[[91.0,90.0,91.0,90.0],0.001043723],
[[93.0,90.0,93.0,90.0],0.0009550753],
[[95.0,90.0,95.0,90.0],0.0007233618],
[[100.0,20.0,100.0,20.0],2.123983e-05],
[[100.0,40.0,100.0,40.0],2.158668e-05],
[[100.0,60.0,100.0,60.0],5.290517e-05],
[[100.0,80.0,100.0,80.0],0.0001691599],
[[100.0,90.0,100.0,90.0],0.0004463511],
[[101.0,100.0,101.0,100.0],0.00124496],
[[103.0,100.0,103.0,100.0],0.001187209],
[[103.0,102.0,103.0,102.0],0.001268147],
[[105.0,100.0,105.0,100.0],0.0009754968],
[[105.0,102.0,105.0,102.0],0.001265425],
[[107.0,102.0,107.0,102.0],0.001059054],
[[110.0,30.0,110.0,30.0],3.312104e-05],
[[110.0,50.0,110.0,50.0],4.224391e-05],
[[110.0,70.0,110.0,70.0],0.0001093014],
[[110.0,90.0,110.0,90.0],0.0002377334],
[[110.0,100.0,110.0,100.0],0.0005801084],
[[112.0,102.0,112.0,102.0],0.0006568552],
[[120.0,40.0,120.0,40.0],3.646867e-05],
[[120.0,60.0,120.0,60.0],6.678183e-05],
[[120.0,80.0,120.0,80.0],0.0001404353],
[[120.0,100.0,120.0,100.0],0.0003380472],
[[122.0,102.0,122.0,102.0],0.0003873222],
[[123.0,122.0,123.0,122.0],0.001811178],
[[125.0,122.0,125.0,122.0],0.001925773],
[[127.0,122.0,127.0,122.0],0.001606282],
[[130.0,50.0,130.0,50.0],7.241785e-05],
[[130.0,70.0,130.0,70.0],8.401872e-05],
[[130.0,90.0,130.0,90.0],0.0001827628],
[[132.0,122.0,132.0,122.0],0.001005024],
[[140.0,60.0,140.0,60.0],0.0001119254],
[[140.0,80.0,140.0,80.0],0.0001265627],
[[140.0,100.0,140.0,100.0],0.0002285622],
[[142.0,102.0,142.0,102.0],0.0002992128],
[[142.0,122.0,142.0,122.0],0.0006500083],
[[143.0,142.0,143.0,142.0],0.002359571],
[[145.0,142.0,145.0,142.0],0.002294302],
[[147.0,142.0,147.0,142.0],0.00216745],
[[150.0,70.0,150.0,70.0],0.000112284],
[[150.0,90.0,150.0,90.0],0.000161179],
[[152.0,142.0,152.0,142.0],0.001533378],
[[160.0,80.0,160.0,80.0],0.0001360629],
[[160.0,100.0,160.0,100.0],0.0002304341],
[[162.0,102.0,162.0,102.0],0.0002895464],
[[162.0,122.0,162.0,122.0],0.0004261667],
[[162.0,142.0,162.0,142.0],0.00102355],
[[163.0,162.0,163.0,162.0],0.002931977],
[[165.0,162.0,165.0,162.0],0.002879361],
[[167.0,162.0,167.0,162.0],0.002824538],
[[170.0,90.0,170.0,90.0],0.0001941702],
[[172.0,162.0,172.0,162.0],0.002064824],
[[180.0,100.0,180.0,100.0],0.0002401204],
[[182.0,102.0,182.0,102.0],0.0002495578],
[[182.0,122.0,182.0,122.0],0.0004013451],
[[182.0,142.0,182.0,142.0],0.0006409484],
[[182.0,162.0,182.0,162.0],0.001427056],
[[183.0,182.0,183.0,182.0],0.003451233],
[[185.0,182.0,185.0,182.0],0.003549293],
[[187.0,182.0,187.0,182.0],0.003270465],
[[192.0,182.0,192.0,182.0],0.002825091],
[[202.0,122.0,202.0,122.0],0.0003366561],
[[202.0,142.0,202.0,142.0],0.0005242748],
[[202.0,162.0,202.0,162.0],0.0008709414],
[[202.0,182.0,202.0,182.0],0.001901553],
[[203.0,202.0,203.0,202.0],0.004002004],
[[205.0,202.0,205.0,202.0],0.00389981],
[[207.0,202.0,207.0,202.0],0.003889278],
[[212.0,202.0,212.0,202.0],0.003332441],
[[222.0,142.0,222.0,142.0],0.0004755161],
[[222.0,162.0,222.0,162.0],0.0007386087],
[[222.0,182.0,222.0,182.0],0.001164322],
[[222.0,202.0,222.0,202.0],0.002262789],
[[223.0,222.0,223.0,222.0],0.004640168],
[[225.0,222.0,225.0,222.0],0.004561246],
[[227.0,222.0,227.0,222.0],0.004459429],
[[232.0,222.0,232.0,222.0],0.004013679],
[[242.0,162.0,242.0,162.0],0.0006738416],
[[242.0,182.0,242.0,182.0],0.0009894093],
[[242.0,202.0,242.0,202.0],0.001468989],
[[242.0,222.0,242.0,222.0],0.002823839],
[[243.0,242.0,243.0,242.0],0.005116324],
[[245.0,242.0,245.0,242.0],0.005124236],
[[247.0,242.0,247.0,242.0],0.004995756],
[[252.0,242.0,252.0,242.0],0.004482755],
[[262.0,182.0,262.0,182.0],0.000830685],
[[262.0,202.0,262.0,202.0],0.001216727],
[[262.0,222.0,262.0,222.0],0.00186945],
[[262.0,242.0,262.0,242.0],0.003287603],
[[263.0,262.0,263.0,262.0],0.005712417],
[[265.0,262.0,265.0,262.0],0.00554895],
[[267.0,262.0,267.0,262.0],0.005577121],
[[272.0,262.0,272.0,262.0],0.004890218],
[[282.0,202.0,282.0,202.0],0.001071396],
[[282.0,222.0,282.0,222.0],0.001425821],
[[282.0,242.0,282.0,242.0],0.002107848],
[[282.0,262.0,282.0,262.0],0.00385741],
[[283.0,282.0,283.0,282.0],0.006109334],
[[285.0,282.0,285.0,282.0],0.006138285],
[[287.0,282.0,287.0,282.0],0.006093205],
[[292.0,282.0,292.0,282.0],0.005391607],
[[302.0,222.0,302.0,222.0],0.001255572],
[[302.0,242.0,302.0,242.0],0.001679099],
[[302.0,262.0,302.0,262.0],0.002486903],
[[302.0,282.0,302.0,282.0],0.004185641],
[[303.0,302.0,303.0,302.0],0.006660609],
[[305.0,302.0,305.0,302.0],0.006375392],
[[307.0,302.0,307.0,302.0],0.006298433],
[[312.0,302.0,312.0,302.0],0.00597025],
[[322.0,242.0,322.0,242.0],0.001463745],
[[322.0,262.0,322.0,262.0],0.001895661],
[[322.0,282.0,322.0,282.0],0.002902151],
[[322.0,302.0,322.0,302.0],0.004706508],
[[323.0,322.0,323.0,322.0],0.007139626],
[[325.0,322.0,325.0,322.0],0.00691016],
[[327.0,322.0,327.0,322.0],0.006986121],
[[332.0,322.0,332.0,322.0],0.006441625],
[[342.0,262.0,342.0,262.0],0.001673017],
[[342.0,282.0,342.0,282.0],0.002137078],
[[342.0,302.0,342.0,302.0],0.003276958],
[[342.0,322.0,342.0,322.0],0.005153638],
[[343.0,342.0,343.0,342.0],0.007405851],
[[345.0,342.0,345.0,342.0],0.007565628],
[[347.0,342.0,347.0,342.0],0.007196293],
[[352.0,342.0,352.0,342.0],0.006710774],
[[362.0,282.0,362.0,282.0],0.001831899],
[[362.0,302.0,362.0,302.0],0.002413533],
[[362.0,322.0,362.0,322.0],0.003509527],
[[362.0,342.0,362.0,342.0],0.005727724],
[[363.0,362.0,363.0,362.0],0.007965909],
[[365.0,362.0,365.0,362.0],0.007686412],
[[367.0,362.0,367.0,362.0],0.007692767],
[[372.0,362.0,372.0,362.0],0.007391128],
[[382.0,302.0,382.0,302.0],0.002170028],
[[382.0,322.0,382.0,322.0],0.002640374],
[[382.0,342.0,382.0,342.0],0.003704107],
[[382.0,362.0,382.0,362.0],0.006049935],
[[383.0,382.0,383.0,382.0],0.008235718],
[[385.0,382.0,385.0,382.0],0.008185873],
[[387.0,382.0,387.0,382.0],0.008208449],
[[392.0,382.0,392.0,382.0],0.007791296],
[[402.0,322.0,402.0,322.0],0.00233296],
[[402.0,342.0,402.0,342.0],0.002993989],
[[402.0,362.0,402.0,362.0],0.004127391],
[[402.0,382.0,402.0,382.0],0.006470586],
[[403.0,402.0,403.0,402.0],0.0088372],
[[405.0,402.0,405.0,402.0],0.008494145],
[[407.0,402.0,407.0,402.0],0.008351432],
[[412.0,402.0,412.0,402.0],0.008105899],
[[422.0,342.0,422.0,342.0],0.002562285],
[[422.0,362.0,422.0,362.0],0.003249808],
[[422.0,382.0,422.0,382.0],0.004569276],
[[422.0,402.0,422.0,402.0],0.00686645],
[[442.0,362.0,442.0,362.0],0.002783335],
[[442.0,382.0,442.0,382.0],0.003537983],
[[442.0,402.0,442.0,402.0],0.004900117],
[[462.0,382.0,462.0,382.0],0.002956703],
[[462.0,402.0,462.0,402.0],0.003759035],
[[482.0,402.0,482.0,402.0],0.003294938],
[[503.0,502.0,503.0,502.0],0.01038862],
[[505.0,502.0,505.0,502.0],0.01041306],
[[507.0,502.0,507.0,502.0],0.01045578],
[[512.0,502.0,512.0,502.0],0.01008871],
[[522.0,502.0,522.0,502.0],0.008560469],
[[542.0,502.0,542.0,502.0],0.006204976],
[[562.0,502.0,562.0,502.0],0.00493477],
[[582.0,502.0,582.0,502.0],0.004148983],
[[603.0,602.0,603.0,602.0],0.01185505],
[[605.0,602.0,605.0,602.0],0.0117912],
[[607.0,602.0,607.0,602.0],0.0116732],
[[612.0,602.0,612.0,602.0],0.01135235],
[[622.0,602.0,622.0,602.0],0.01021521],
[[642.0,602.0,642.0,602.0],0.007689645],
[[662.0,602.0,662.0,602.0],0.006121662],
[[682.0,602.0,682.0,602.0],0.004957658],
[[703.0,702.0,703.0,702.0],0.01303838],
[[705.0,702.0,705.0,702.0],0.01285001],
[[707.0,702.0,707.0,702.0],0.01274349],
[[712.0,702.0,712.0,702.0],0.01270378],
[[722.0,702.0,722.0,702.0],0.01146787],
[[742.0,702.0,742.0,702.0],0.008731559],
[[762.0,702.0,762.0,702.0],0.007030083],
[[782.0,702.0,782.0,702.0],0.005725437],
[[803.0,802.0,803.0,802.0],0.01377549],
[[805.0,802.0,805.0,802.0],0.01370051],
[[807.0,802.0,807.0,802.0],0.01372645],
[[812.0,802.0,812.0,802.0],0.01340889],
[[822.0,802.0,822.0,802.0],0.01243007],
[[842.0,802.0,842.0,802.0],0.009655639],
[[862.0,802.0,862.0,802.0],0.007528463],
[[882.0,802.0,882.0,802.0],0.006371487],
[[903.0,902.0,903.0,902.0],0.01443035],
[[905.0,902.0,905.0,902.0],0.01471565],
[[907.0,902.0,907.0,902.0],0.01461019],
[[912.0,902.0,912.0,902.0],0.01422248],
[[922.0,902.0,922.0,902.0],0.01338523],
[[942.0,902.0,942.0,902.0],0.01064051],
[[962.0,902.0,962.0,902.0],0.00848052],
[[982.0,902.0,982.0,902.0],0.006976556],
[[1003.0,1002.0,1003.0,1002.0],0.01523988],
[[1005.0,1002.0,1005.0,1002.0],0.01535997],
[[1007.0,1002.0,1007.0,1002.0],0.01512993],
[[1012.0,1002.0,1012.0,1002.0],0.01503485],
[[1022.0,1002.0,1022.0,1002.0],0.01396616],
[[1042.0,1002.0,1042.0,1002.0],0.01125045],
[[1062.0,1002.0,1062.0,1002.0],0.008922989],
[[1082.0,1002.0,1082.0,1002.0],0.007416079],
[[1103.0,1102.0,1103.0,1102.0],0.01557088],
[[1105.0,1102.0,1105.0,1102.0],0.01563778],
[[1107.0,1102.0,1107.0,1102.0],0.01559876],
[[1112.0,1102.0,1112.0,1102.0],0.01551305],
[[1122.0,1102.0,1122.0,1102.0],0.01454652],
[[1142.0,1102.0,1142.0,1102.0],0.01171371],
[[1162.0,1102.0,1162.0,1102.0],0.009413433],
[[1182.0,1102.0,1182.0,1102.0],0.007947739],
[[1203.0,1202.0,1203.0,1202.0],0.01633489],
[[1205.0,1202.0,1205.0,1202.0],0.01606455],
[[1207.0,1202.0,1207.0,1202.0],0.01598968],
[[1212.0,1202.0,1212.0,1202.0],0.01597499],
[[1222.0,1202.0,1222.0,1202.0],0.01508525],
[[1242.0,1202.0,1242.0,1202.0],0.01212713],
[[1262.0,1202.0,1262.0,1202.0],0.009841456],
[[1282.0,1202.0,1282.0,1202.0],0.008004096],
[[1303.0,1302.0,1303.0,1302.0],0.01669093],
[[1305.0,1302.0,1305.0,1302.0],0.01644407],
[[1307.0,1302.0,1307.0,1302.0],0.01646756],
[[1312.0,1302.0,1312.0,1302.0],0.01637003],
[[1322.0,1302.0,1322.0,1302.0],0.01568145],
[[1342.0,1302.0,1342.0,1302.0],0.012734],
[[1362.0,1302.0,1362.0,1302.0],0.01027699],
[[1382.0,1302.0,1382.0,1302.0],0.008539801],
[[1403.0,1402.0,1403.0,1402.0],0.01674093],
[[1405.0,1402.0,1405.0,1402.0],0.01659279],
[[1407.0,1402.0,1407.0,1402.0],0.01663377],
[[1412.0,1402.0,1412.0,1402.0],0.01645579],
[[1422.0,1402.0,1422.0,1402.0],0.01590096],
[[1442.0,1402.0,1442.0,1402.0],0.01287742],
[[1462.0,1402.0,1462.0,1402.0],0.010503],
[[1482.0,1402.0,1482.0,1402.0],0.008906088],
[[1503.0,1502.0,1503.0,1502.0],0.01671729],
[[1505.0,1502.0,1505.0,1502.0],0.01673575],
[[1507.0,1502.0,1507.0,1502.0],0.01690824],
[[1512.0,1502.0,1512.0,1502.0],0.01650295],
[[1522.0,1502.0,1522.0,1502.0],0.01596832],
[[1542.0,1502.0,1542.0,1502.0],0.01305105],
[[1562.0,1502.0,1562.0,1502.0],0.01079948],
[[1582.0,1502.0,1582.0,1502.0],0.008940965],
[[1603.0,1602.0,1603.0,1602.0],0.01706228],
[[1605.0,1602.0,1605.0,1602.0],0.01706336],
[[1607.0,1602.0,1607.0,1602.0],0.01678322],
[[1612.0,1602.0,1612.0,1602.0],0.01684218],
[[1622.0,1602.0,1622.0,1602.0],0.0165409],
[[1642.0,1602.0,1642.0,1602.0],0.0134576],
[[1662.0,1602.0,1662.0,1602.0],0.01127837],
[[1682.0,1602.0,1682.0,1602.0],0.009382896],
[[1703.0,1702.0,1703.0,1702.0],0.01742682],
[[1705.0,1702.0,1705.0,1702.0],0.01720857],
[[1707.0,1702.0,1707.0,1702.0],0.01757005],
[[1712.0,1702.0,1712.0,1702.0],0.01729045],
[[1722.0,1702.0,1722.0,1702.0],0.01661698],
[[1742.0,1702.0,1742.0,1702.0],0.01393789],
[[1762.0,1702.0,1762.0,1702.0],0.01151679],
[[1782.0,1702.0,1782.0,1702.0],0.009723659],
[[1803.0,1802.0,1803.0,1802.0],0.01762593],
[[1805.0,1802.0,1805.0,1802.0],0.01763481],
[[1807.0,1802.0,1807.0,1802.0],0.01760376],
[[1812.0,1802.0,1812.0,1802.0],0.01764579],
[[1822.0,1802.0,1822.0,1802.0],0.01684502],
[[1842.0,1802.0,1842.0,1802.0],0.01436841],
[[1862.0,1802.0,1862.0,1802.0],0.0119262],
[[1882.0,1802.0,1882.0,1802.0],0.01015807],
[[1903.0,1902.0,1903.0,1902.0],0.0181574],
[[1905.0,1902.0,1905.0,1902.0],0.01768623],
[[1907.0,1902.0,1907.0,1902.0],0.01804571],
[[1912.0,1902.0,1912.0,1902.0],0.01774143],
[[1922.0,1902.0,1922.0,1902.0],0.01696767],
[[1942.0,1902.0,1942.0,1902.0],0.01474641],
[[1962.0,1902.0,1962.0,1902.0],0.0120032],
[[1982.0,1902.0,1982.0,1902.0],0.01023019],
[[2003.0,2002.0,2003.0,2002.0],0.01806032],
[[2005.0,2002.0,2005.0,2002.0],0.01832883],
[[2007.0,2002.0,2007.0,2002.0],0.01782289],
[[2012.0,2002.0,2012.0,2002.0],0.01742751],
[[2022.0,2002.0,2022.0,2002.0],0.01776126],
[[2042.0,2002.0,2042.0,2002.0],0.01482608],
[[2062.0,2002.0,2062.0,2002.0],0.01210852],
[[2082.0,2002.0,2082.0,2002.0],0.01017212]]
