txName: TChiISR
constraint: {(PV > MET(1), MET(2))}
condition: None
conditionDescription: None
figureUrl: None
source: Recast by MA5
validated: True
axesMap: [{0: 'x', 1: 'y'}]
dataMap: {0: (1, 'mass', GeV), 1: (2, 'mass', GeV)}
finalState: ['MET', 'MET']
efficiencyMap: [[[1.0,10.0],7.86872e-05],
[[1.0,20.0],8.665791e-05],
[[1.0,30.0],9.882787e-05],
[[1.0,40.0],8.525529e-05],
[[1.0,50.0],7.909066e-05],
[[1.0,60.0],7.661064e-05],
[[5.0,10.0],7.192917e-05],
[[7.0,10.0],8.44583e-05],
[[9.0,10.0],8.934612e-05],
[[10.0,1.0],7.86872e-05],
[[10.0,5.0],7.192917e-05],
[[10.0,7.0],8.44583e-05],
[[10.0,9.0],8.934612e-05],
[[10.0,10.0],7.823947e-05],
[[12.0,62.0],7.569837e-05],
[[12.0,72.0],0.0001100727],
[[12.0,82.0],0.0002627452],
[[12.0,92.0],0.000466406],
[[12.0,102.0],0.0007054578],
[[12.0,212.0],0.002560214],
[[12.0,312.0],0.004188055],
[[15.0,20.0],7.166463e-05],
[[17.0,20.0],9.612312e-05],
[[19.0,20.0],7.647983e-05],
[[20.0,1.0],8.665791e-05],
[[20.0,15.0],7.166463e-05],
[[20.0,17.0],9.612312e-05],
[[20.0,19.0],7.647983e-05],
[[20.0,20.0],7.626172e-05],
[[20.0,30.0],6.483016e-05],
[[20.0,40.0],8.000032e-05],
[[20.0,50.0],7.252644e-05],
[[20.0,60.0],7.445776e-05],
[[25.0,30.0],8.146312e-05],
[[27.0,30.0],8.513744e-05],
[[29.0,30.0],7.202929e-05],
[[30.0,1.0],9.882787e-05],
[[30.0,20.0],6.483016e-05],
[[30.0,25.0],8.146312e-05],
[[30.0,27.0],8.513744e-05],
[[30.0,29.0],7.202929e-05],
[[30.0,30.0],0.0001029534],
[[30.0,40.0],9.950045e-05],
[[30.0,50.0],9.492693e-05],
[[30.0,60.0],0.0001509863],
[[32.0,62.0],0.0002639828],
[[32.0,72.0],0.000426262],
[[32.0,82.0],0.000571598],
[[32.0,92.0],0.0008812934],
[[32.0,102.0],0.000971824],
[[32.0,112.0],0.001062253],
[[32.0,122.0],0.001222237],
[[32.0,232.0],0.003111941],
[[32.0,332.0],0.004801587],
[[35.0,40.0],9.429309e-05],
[[37.0,40.0],7.814095e-05],
[[39.0,40.0],8.213507e-05],
[[40.0,1.0],8.525529e-05],
[[40.0,20.0],8.000032e-05],
[[40.0,30.0],9.950045e-05],
[[40.0,35.0],9.429309e-05],
[[40.0,37.0],7.814095e-05],
[[40.0,39.0],8.213507e-05],
[[40.0,40.0],9.814712e-05],
[[40.0,50.0],0.0001425345],
[[40.0,60.0],0.0003669201],
[[45.0,50.0],0.0002666754],
[[47.0,50.0],0.0003109985],
[[49.0,50.0],0.000346415],
[[50.0,1.0],7.909066e-05],
[[50.0,20.0],7.252644e-05],
[[50.0,30.0],9.492693e-05],
[[50.0,40.0],0.0001425345],
[[50.0,45.0],0.0002666754],
[[50.0,47.0],0.0003109985],
[[50.0,49.0],0.000346415],
[[50.0,50.0],0.0003677753],
[[50.0,60.0],0.0005047566],
[[52.0,62.0],0.0006495957],
[[52.0,67.0],0.0006080913],
[[52.0,72.0],0.0007793349],
[[52.0,82.0],0.000915297],
[[52.0,92.0],0.001008438],
[[52.0,102.0],0.001188688],
[[52.0,112.0],0.001337683],
[[52.0,122.0],0.001605347],
[[52.0,132.0],0.001678221],
[[52.0,142.0],0.001924165],
[[52.0,252.0],0.003720607],
[[52.0,352.0],0.005320974],
[[55.0,60.0],0.0006008323],
[[57.0,60.0],0.0006244499],
[[59.0,60.0],0.0006619555],
[[60.0,1.0],7.661064e-05],
[[60.0,20.0],7.445776e-05],
[[60.0,30.0],0.0001509863],
[[60.0,40.0],0.0003669201],
[[60.0,50.0],0.0005047566],
[[60.0,55.0],0.0006008323],
[[60.0,57.0],0.0006244499],
[[60.0,59.0],0.0006619555],
[[60.0,60.0],0.000667938],
[[62.0,12.0],7.569837e-05],
[[62.0,32.0],0.0002639828],
[[62.0,52.0],0.0006495957],
[[67.0,52.0],0.0006080913],
[[72.0,12.0],0.0001100727],
[[72.0,32.0],0.000426262],
[[72.0,52.0],0.0007793349],
[[72.0,72.0],0.0009986737],
[[72.0,75.0],0.001089553],
[[72.0,77.0],0.001086858],
[[72.0,82.0],0.001281714],
[[72.0,87.0],0.001432956],
[[72.0,92.0],0.001400016],
[[72.0,102.0],0.001784754],
[[72.0,112.0],0.001790878],
[[72.0,122.0],0.001859149],
[[72.0,132.0],0.00204579],
[[72.0,142.0],0.002248923],
[[72.0,152.0],0.002412451],
[[72.0,162.0],0.002548006],
[[72.0,272.0],0.004418407],
[[72.0,372.0],0.005951326],
[[75.0,72.0],0.001089553],
[[77.0,72.0],0.001086858],
[[82.0,12.0],0.0002627452],
[[82.0,32.0],0.000571598],
[[82.0,52.0],0.000915297],
[[82.0,72.0],0.001281714],
[[87.0,72.0],0.001432956],
[[92.0,12.0],0.000466406],
[[92.0,32.0],0.0008812934],
[[92.0,52.0],0.001008438],
[[92.0,72.0],0.001400016],
[[92.0,92.0],0.001744276],
[[92.0,95.0],0.00189724],
[[92.0,97.0],0.001731615],
[[92.0,102.0],0.001916261],
[[92.0,107.0],0.002062197],
[[92.0,112.0],0.002037509],
[[92.0,122.0],0.002205501],
[[92.0,132.0],0.002313105],
[[92.0,142.0],0.002643155],
[[92.0,152.0],0.002793976],
[[92.0,162.0],0.002953466],
[[92.0,172.0],0.003190477],
[[92.0,182.0],0.003202809],
[[92.0,292.0],0.005075962],
[[92.0,392.0],0.006290247],
[[95.0,92.0],0.00189724],
[[97.0,92.0],0.001731615],
[[102.0,12.0],0.0007054578],
[[102.0,32.0],0.000971824],
[[102.0,52.0],0.001188688],
[[102.0,72.0],0.001784754],
[[102.0,92.0],0.001916261],
[[102.0,102.0],0.002072562],
[[102.0,105.0],0.002299455],
[[102.0,107.0],0.002070216],
[[102.0,112.0],0.002333916],
[[102.0,117.0],0.002363193],
[[102.0,122.0],0.00236079],
[[102.0,132.0],0.002560755],
[[102.0,142.0],0.00284199],
[[102.0,152.0],0.002899547],
[[102.0,162.0],0.003046382],
[[102.0,172.0],0.003234265],
[[102.0,182.0],0.003529857],
[[102.0,192.0],0.003730724],
[[102.0,302.0],0.005244702],
[[102.0,402.0],0.006623006],
[[105.0,102.0],0.002299455],
[[107.0,92.0],0.002062197],
[[107.0,102.0],0.002070216],
[[112.0,32.0],0.001062253],
[[112.0,52.0],0.001337683],
[[112.0,72.0],0.001790878],
[[112.0,92.0],0.002037509],
[[112.0,102.0],0.002333916],
[[117.0,102.0],0.002363193],
[[122.0,32.0],0.001222237],
[[122.0,52.0],0.001605347],
[[122.0,72.0],0.001859149],
[[122.0,92.0],0.002205501],
[[122.0,102.0],0.00236079],
[[132.0,52.0],0.001678221],
[[132.0,72.0],0.00204579],
[[132.0,92.0],0.002313105],
[[132.0,102.0],0.002560755],
[[142.0,52.0],0.001924165],
[[142.0,72.0],0.002248923],
[[142.0,92.0],0.002643155],
[[142.0,102.0],0.00284199],
[[152.0,72.0],0.002412451],
[[152.0,92.0],0.002793976],
[[152.0,102.0],0.002899547],
[[152.0,152.0],0.003879229],
[[152.0,155.0],0.003894659],
[[152.0,157.0],0.003803436],
[[152.0,162.0],0.003956772],
[[152.0,167.0],0.003982334],
[[152.0,172.0],0.004094382],
[[152.0,182.0],0.004220906],
[[152.0,192.0],0.004315514],
[[152.0,202.0],0.004648854],
[[152.0,212.0],0.004730439],
[[152.0,222.0],0.004880963],
[[152.0,232.0],0.005107593],
[[152.0,242.0],0.005287721],
[[152.0,352.0],0.006747975],
[[152.0,452.0],0.007664588],
[[155.0,152.0],0.003894659],
[[157.0,152.0],0.003803436],
[[162.0,72.0],0.002548006],
[[162.0,92.0],0.002953466],
[[162.0,102.0],0.003046382],
[[162.0,152.0],0.003956772],
[[167.0,152.0],0.003982334],
[[172.0,92.0],0.003190477],
[[172.0,102.0],0.003234265],
[[172.0,152.0],0.004094382],
[[182.0,92.0],0.003202809],
[[182.0,102.0],0.003529857],
[[182.0,152.0],0.004220906],
[[192.0,102.0],0.003730724],
[[192.0,152.0],0.004315514],
[[202.0,152.0],0.004648854],
[[202.0,202.0],0.005380819],
[[202.0,205.0],0.005412354],
[[202.0,207.0],0.005375457],
[[202.0,212.0],0.005411402],
[[202.0,217.0],0.005473235],
[[202.0,222.0],0.005624118],
[[202.0,232.0],0.005735857],
[[202.0,242.0],0.005901033],
[[202.0,252.0],0.006069346],
[[202.0,262.0],0.006084676],
[[202.0,272.0],0.006470777],
[[202.0,282.0],0.006482368],
[[202.0,292.0],0.00658132],
[[202.0,402.0],0.007815958],
[[202.0,502.0],0.008737711],
[[205.0,202.0],0.005412354],
[[207.0,202.0],0.005375457],
[[212.0,12.0],0.002560214],
[[212.0,152.0],0.004730439],
[[212.0,202.0],0.005411402],
[[217.0,202.0],0.005473235],
[[222.0,152.0],0.004880963],
[[222.0,202.0],0.005624118],
[[232.0,32.0],0.003111941],
[[232.0,152.0],0.005107593],
[[232.0,202.0],0.005735857],
[[242.0,152.0],0.005287721],
[[242.0,202.0],0.005901033],
[[252.0,52.0],0.003720607],
[[252.0,202.0],0.006069346],
[[252.0,252.0],0.006791297],
[[252.0,255.0],0.006747357],
[[252.0,257.0],0.006873285],
[[252.0,262.0],0.006855594],
[[252.0,267.0],0.00701751],
[[252.0,272.0],0.007032127],
[[252.0,282.0],0.007138024],
[[252.0,292.0],0.007172248],
[[252.0,302.0],0.007380758],
[[252.0,312.0],0.007277084],
[[252.0,322.0],0.007649569],
[[252.0,332.0],0.007622524],
[[252.0,342.0],0.007754013],
[[252.0,452.0],0.008805898],
[[252.0,552.0],0.009752447],
[[255.0,252.0],0.006747357],
[[257.0,252.0],0.006873285],
[[262.0,202.0],0.006084676],
[[262.0,252.0],0.006855594],
[[267.0,252.0],0.00701751],
[[272.0,72.0],0.004418407],
[[272.0,202.0],0.006470777],
[[272.0,252.0],0.007032127],
[[282.0,202.0],0.006482368],
[[282.0,252.0],0.007138024],
[[292.0,92.0],0.005075962],
[[292.0,202.0],0.00658132],
[[292.0,252.0],0.007172248],
[[302.0,102.0],0.005244702],
[[302.0,252.0],0.007380758],
[[302.0,302.0],0.007906026],
[[302.0,305.0],0.0081338],
[[302.0,307.0],0.007988188],
[[302.0,312.0],0.008007286],
[[302.0,317.0],0.008055447],
[[302.0,322.0],0.008040871],
[[302.0,332.0],0.00806665],
[[302.0,342.0],0.008416243],
[[302.0,352.0],0.008384045],
[[302.0,362.0],0.008414348],
[[302.0,372.0],0.008685781],
[[302.0,382.0],0.008754241],
[[302.0,392.0],0.008801001],
[[302.0,502.0],0.00971749],
[[302.0,602.0],0.01044518],
[[305.0,302.0],0.0081338],
[[307.0,302.0],0.007988188],
[[312.0,12.0],0.004188055],
[[312.0,252.0],0.007277084],
[[312.0,302.0],0.008007286],
[[317.0,302.0],0.008055447],
[[322.0,252.0],0.007649569],
[[322.0,302.0],0.008040871],
[[332.0,32.0],0.004801587],
[[332.0,252.0],0.007622524],
[[332.0,302.0],0.00806665],
[[342.0,252.0],0.007754013],
[[342.0,302.0],0.008416243],
[[352.0,52.0],0.005320974],
[[352.0,152.0],0.006747975],
[[352.0,302.0],0.008384045],
[[352.0,352.0],0.008812662],
[[352.0,355.0],0.009100805],
[[352.0,357.0],0.009157911],
[[352.0,362.0],0.00925244],
[[352.0,367.0],0.009147796],
[[352.0,372.0],0.009304099],
[[352.0,382.0],0.009195336],
[[352.0,392.0],0.009213031],
[[352.0,402.0],0.009442974],
[[352.0,412.0],0.009534422],
[[352.0,422.0],0.00964357],
[[352.0,432.0],0.009541241],
[[352.0,442.0],0.009630701],
[[352.0,552.0],0.01063283],
[[352.0,652.0],0.01114452],
[[355.0,352.0],0.009100805],
[[357.0,352.0],0.009157911],
[[362.0,302.0],0.008414348],
[[362.0,352.0],0.00925244],
[[367.0,352.0],0.009147796],
[[372.0,72.0],0.005951326],
[[372.0,302.0],0.008685781],
[[372.0,352.0],0.009304099],
[[382.0,302.0],0.008754241],
[[382.0,352.0],0.009195336],
[[392.0,92.0],0.006290247],
[[392.0,302.0],0.008801001],
[[392.0,352.0],0.009213031],
[[402.0,102.0],0.006623006],
[[402.0,202.0],0.007815958],
[[402.0,352.0],0.009442974],
[[402.0,402.0],0.009941969],
[[402.0,405.0],0.009791331],
[[402.0,407.0],0.009998721],
[[402.0,412.0],0.01013486],
[[402.0,417.0],0.01013622],
[[402.0,422.0],0.01004572],
[[402.0,432.0],0.009989794],
[[402.0,442.0],0.01037885],
[[402.0,452.0],0.01036193],
[[402.0,462.0],0.01040758],
[[402.0,472.0],0.01038923],
[[402.0,482.0],0.01066162],
[[402.0,492.0],0.01058188],
[[402.0,602.0],0.01132855],
[[402.0,702.0],0.011762],
[[405.0,402.0],0.009791331],
[[407.0,402.0],0.009998721],
[[412.0,352.0],0.009534422],
[[412.0,402.0],0.01013486],
[[417.0,402.0],0.01013622],
[[422.0,352.0],0.00964357],
[[422.0,402.0],0.01004572],
[[432.0,352.0],0.009541241],
[[432.0,402.0],0.009989794],
[[442.0,352.0],0.009630701],
[[442.0,402.0],0.01037885],
[[452.0,152.0],0.007664588],
[[452.0,252.0],0.008805898],
[[452.0,402.0],0.01036193],
[[462.0,402.0],0.01040758],
[[472.0,402.0],0.01038923],
[[482.0,402.0],0.01066162],
[[492.0,402.0],0.01058188],
[[502.0,202.0],0.008737711],
[[502.0,302.0],0.00971749],
[[552.0,252.0],0.009752447],
[[552.0,352.0],0.01063283],
[[602.0,302.0],0.01044518],
[[602.0,402.0],0.01132855],
[[602.0,602.0],0.0129683],
[[602.0,605.0],0.01292159],
[[602.0,607.0],0.01275731],
[[602.0,612.0],0.01300445],
[[602.0,617.0],0.0130789],
[[602.0,622.0],0.01298186],
[[602.0,632.0],0.0130302],
[[602.0,642.0],0.01296767],
[[602.0,652.0],0.01301075],
[[602.0,662.0],0.01307829],
[[602.0,672.0],0.01301572],
[[602.0,682.0],0.0131019],
[[602.0,692.0],0.01329794],
[[602.0,802.0],0.0134191],
[[602.0,902.0],0.01370484],
[[605.0,602.0],0.01292159],
[[607.0,602.0],0.01275731],
[[612.0,602.0],0.01300445],
[[617.0,602.0],0.0130789],
[[622.0,602.0],0.01298186],
[[632.0,602.0],0.0130302],
[[642.0,602.0],0.01296767],
[[652.0,352.0],0.01114452],
[[652.0,602.0],0.01301075],
[[662.0,602.0],0.01307829],
[[672.0,602.0],0.01301572],
[[682.0,602.0],0.0131019],
[[692.0,602.0],0.01329794],
[[702.0,402.0],0.011762],
[[802.0,602.0],0.0134191],
[[802.0,802.0],0.01470975],
[[802.0,805.0],0.0144472],
[[802.0,807.0],0.01472324],
[[802.0,812.0],0.01453148],
[[802.0,817.0],0.01445782],
[[802.0,822.0],0.01475471],
[[802.0,832.0],0.01478843],
[[802.0,842.0],0.01459217],
[[802.0,852.0],0.01486259],
[[802.0,862.0],0.01463616],
[[802.0,872.0],0.01476152],
[[802.0,882.0],0.0147191],
[[802.0,892.0],0.01478451],
[[802.0,1002.0],0.01515787],
[[802.0,1102.0],0.01527823],
[[805.0,802.0],0.0144472],
[[807.0,802.0],0.01472324],
[[812.0,802.0],0.01453148],
[[817.0,802.0],0.01445782],
[[822.0,802.0],0.01475471],
[[832.0,802.0],0.01478843],
[[842.0,802.0],0.01459217],
[[852.0,802.0],0.01486259],
[[862.0,802.0],0.01463616],
[[872.0,802.0],0.01476152],
[[882.0,802.0],0.0147191],
[[892.0,802.0],0.01478451],
[[902.0,602.0],0.01370484],
[[1002.0,802.0],0.01515787],
[[1002.0,1002.0],0.01588945],
[[1002.0,1005.0],0.01587975],
[[1002.0,1007.0],0.01592356],
[[1002.0,1012.0],0.01584532],
[[1002.0,1017.0],0.01577417],
[[1002.0,1022.0],0.01584992],
[[1002.0,1032.0],0.01583328],
[[1002.0,1042.0],0.01591507],
[[1002.0,1052.0],0.01600002],
[[1002.0,1062.0],0.01595089],
[[1002.0,1072.0],0.01569199],
[[1002.0,1082.0],0.01618343],
[[1002.0,1092.0],0.01589135],
[[1002.0,1202.0],0.01602397],
[[1002.0,1302.0],0.01592772],
[[1005.0,1002.0],0.01587975],
[[1007.0,1002.0],0.01592356],
[[1012.0,1002.0],0.01584532],
[[1017.0,1002.0],0.01577417],
[[1022.0,1002.0],0.01584992],
[[1032.0,1002.0],0.01583328],
[[1042.0,1002.0],0.01591507],
[[1052.0,1002.0],0.01600002],
[[1062.0,1002.0],0.01595089],
[[1072.0,1002.0],0.01569199],
[[1082.0,1002.0],0.01618343],
[[1092.0,1002.0],0.01589135],
[[1102.0,802.0],0.01527823],
[[1202.0,1002.0],0.01602397],
[[1202.0,1202.0],0.01650606],
[[1202.0,1205.0],0.01670638],
[[1202.0,1207.0],0.01661168],
[[1202.0,1212.0],0.01662383],
[[1202.0,1217.0],0.01682616],
[[1202.0,1222.0],0.0167461],
[[1202.0,1232.0],0.01655091],
[[1202.0,1242.0],0.01675016],
[[1202.0,1252.0],0.01643192],
[[1202.0,1262.0],0.01639302],
[[1202.0,1272.0],0.01673418],
[[1202.0,1282.0],0.01662848],
[[1202.0,1292.0],0.01672625],
[[1202.0,1402.0],0.01662044],
[[1202.0,1502.0],0.01653022],
[[1205.0,1202.0],0.01670638],
[[1207.0,1202.0],0.01661168],
[[1212.0,1202.0],0.01662383],
[[1217.0,1202.0],0.01682616],
[[1222.0,1202.0],0.0167461],
[[1232.0,1202.0],0.01655091],
[[1242.0,1202.0],0.01675016],
[[1252.0,1202.0],0.01643192],
[[1262.0,1202.0],0.01639302],
[[1272.0,1202.0],0.01673418],
[[1282.0,1202.0],0.01662848],
[[1292.0,1202.0],0.01672625],
[[1302.0,1002.0],0.01592772],
[[1402.0,1202.0],0.01662044],
[[1402.0,1402.0],0.01698066],
[[1402.0,1405.0],0.01675947],
[[1402.0,1407.0],0.01674394],
[[1402.0,1412.0],0.01703925],
[[1402.0,1417.0],0.01676624],
[[1402.0,1422.0],0.01664817],
[[1402.0,1432.0],0.0169244],
[[1402.0,1442.0],0.01668742],
[[1402.0,1452.0],0.01686049],
[[1402.0,1462.0],0.01682106],
[[1402.0,1472.0],0.01692866],
[[1402.0,1482.0],0.01690725],
[[1402.0,1492.0],0.01685475],
[[1402.0,1602.0],0.0169149],
[[1402.0,1702.0],0.01697618],
[[1405.0,1402.0],0.01675947],
[[1407.0,1402.0],0.01674394],
[[1412.0,1402.0],0.01703925],
[[1417.0,1402.0],0.01676624],
[[1422.0,1402.0],0.01664817],
[[1432.0,1402.0],0.0169244],
[[1442.0,1402.0],0.01668742],
[[1452.0,1402.0],0.01686049],
[[1462.0,1402.0],0.01682106],
[[1472.0,1402.0],0.01692866],
[[1482.0,1402.0],0.01690725],
[[1492.0,1402.0],0.01685475],
[[1502.0,1202.0],0.01653022],
[[1602.0,1402.0],0.0169149],
[[1602.0,1602.0],0.01687269],
[[1602.0,1605.0],0.01723907],
[[1602.0,1607.0],0.01744697],
[[1602.0,1612.0],0.01718403],
[[1602.0,1617.0],0.0171161],
[[1602.0,1622.0],0.01704491],
[[1602.0,1632.0],0.01702638],
[[1602.0,1642.0],0.01687211],
[[1602.0,1652.0],0.01709033],
[[1602.0,1662.0],0.0172643],
[[1602.0,1672.0],0.01735972],
[[1602.0,1682.0],0.01733455],
[[1602.0,1692.0],0.01711891],
[[1602.0,1802.0],0.01749487],
[[1602.0,1902.0],0.01774106],
[[1605.0,1602.0],0.01723907],
[[1607.0,1602.0],0.01744697],
[[1612.0,1602.0],0.01718403],
[[1617.0,1602.0],0.0171161],
[[1622.0,1602.0],0.01704491],
[[1632.0,1602.0],0.01702638],
[[1642.0,1602.0],0.01687211],
[[1652.0,1602.0],0.01709033],
[[1662.0,1602.0],0.0172643],
[[1672.0,1602.0],0.01735972],
[[1682.0,1602.0],0.01733455],
[[1692.0,1602.0],0.01711891],
[[1702.0,1402.0],0.01697618],
[[1802.0,1602.0],0.01749487],
[[1802.0,1802.0],0.01770984],
[[1802.0,1805.0],0.01760272],
[[1802.0,1807.0],0.01749741],
[[1802.0,1812.0],0.01755186],
[[1802.0,1817.0],0.01762481],
[[1802.0,1822.0],0.0179268],
[[1802.0,1832.0],0.01755273],
[[1802.0,1842.0],0.01735392],
[[1802.0,1852.0],0.01778201],
[[1802.0,1862.0],0.01748399],
[[1802.0,1872.0],0.01760267],
[[1802.0,1882.0],0.01785464],
[[1802.0,1892.0],0.01767237],
[[1802.0,2002.0],0.01748542],
[[1802.0,2102.0],0.01754967],
[[1805.0,1802.0],0.01760272],
[[1807.0,1802.0],0.01749741],
[[1812.0,1802.0],0.01755186],
[[1817.0,1802.0],0.01762481],
[[1822.0,1802.0],0.0179268],
[[1832.0,1802.0],0.01755273],
[[1842.0,1802.0],0.01735392],
[[1852.0,1802.0],0.01778201],
[[1862.0,1802.0],0.01748399],
[[1872.0,1802.0],0.01760267],
[[1882.0,1802.0],0.01785464],
[[1892.0,1802.0],0.01767237],
[[1902.0,1602.0],0.01774106],
[[2002.0,1802.0],0.01748542],
[[2002.0,2002.0],0.01822055],
[[2002.0,2005.0],0.01769909],
[[2002.0,2007.0],0.0177468],
[[2002.0,2012.0],0.01786082],
[[2002.0,2017.0],0.01791922],
[[2002.0,2022.0],0.01791988],
[[2002.0,2032.0],0.01751675],
[[2002.0,2042.0],0.01749072],
[[2002.0,2052.0],0.01759158],
[[2002.0,2062.0],0.01777834],
[[2002.0,2072.0],0.0174381],
[[2002.0,2082.0],0.01775918],
[[2002.0,2092.0],0.01788482],
[[2002.0,2202.0],0.01790809],
[[2002.0,2302.0],0.01769417],
[[2005.0,2002.0],0.01769909],
[[2007.0,2002.0],0.0177468],
[[2012.0,2002.0],0.01786082],
[[2017.0,2002.0],0.01791922],
[[2022.0,2002.0],0.01791988],
[[2032.0,2002.0],0.01751675],
[[2042.0,2002.0],0.01749072],
[[2052.0,2002.0],0.01759158],
[[2062.0,2002.0],0.01777834],
[[2072.0,2002.0],0.0174381],
[[2082.0,2002.0],0.01775918],
[[2092.0,2002.0],0.01788482],
[[2102.0,1802.0],0.01754967],
[[2202.0,2002.0],0.01790809],
[[2302.0,2002.0],0.01769417]]
