dataId: SR_2017_11
dataType: efficiencyMap
observedN: 1957
expectedBG: 1929.788399
bgError: 45.83542717156676
upperLimit: 1.084*fb
expectedUpperLimit: 1.001*fb
