txName: TChiISR
constraint: {(PV > MET(1), MET(2))}
condition: None
conditionDescription: None
figureUrl: None
source: Recast by MA5
validated: True
axesMap: [{0: 'x', 1: 'y'}]
dataMap: {0: (1, 'mass', GeV), 1: (2, 'mass', GeV)}
finalState: ['MET', 'MET']
intermediateState: None
efficiencyMap: [[[1.0,10.0],4.199498e-07],
[[1.0,20.0],3.290919e-07],
[[1.0,30.0],8.08581e-07],
[[1.0,40.0],6.676495e-07],
[[1.0,50.0],4.119549e-07],
[[1.0,60.0],7.471842e-07],
[[5.0,10.0],4.734989e-07],
[[7.0,10.0],4.277957e-06],
[[9.0,10.0],6.617728e-07],
[[10.0,1.0],4.199498e-07],
[[10.0,5.0],4.734989e-07],
[[10.0,7.0],4.277957e-06],
[[10.0,9.0],6.617728e-07],
[[10.0,10.0],5.740547e-07],
[[12.0,62.0],4.345562e-07],
[[12.0,72.0],6.908543e-07],
[[12.0,82.0],4.373246e-06],
[[12.0,92.0],3.29548e-06],
[[12.0,102.0],5.507711e-06],
[[12.0,212.0],2.675529e-05],
[[12.0,312.0],5.522311e-05],
[[15.0,20.0],5.312169e-06],
[[17.0,20.0],2.495721e-07],
[[19.0,20.0],7.587704e-07],
[[20.0,1.0],3.290919e-07],
[[20.0,15.0],5.312169e-06],
[[20.0,17.0],2.495721e-07],
[[20.0,19.0],7.587704e-07],
[[20.0,20.0],9.828922e-07],
[[20.0,30.0],7.355351e-07],
[[20.0,40.0],5.911628e-07],
[[20.0,50.0],3.900103e-07],
[[20.0,60.0],8.087213e-07],
[[25.0,30.0],1.249118e-06],
[[27.0,30.0],1.128e-06],
[[29.0,30.0],5.069274e-07],
[[30.0,1.0],8.08581e-07],
[[30.0,20.0],7.355351e-07],
[[30.0,25.0],1.249118e-06],
[[30.0,27.0],1.128e-06],
[[30.0,29.0],5.069274e-07],
[[30.0,30.0],4.619988e-07],
[[30.0,40.0],4.943011e-07],
[[30.0,50.0],5.239483e-07],
[[30.0,60.0],2.050635e-06],
[[32.0,62.0],1.678068e-06],
[[32.0,72.0],3.80171e-06],
[[32.0,82.0],5.580588e-06],
[[32.0,92.0],7.298642e-06],
[[32.0,102.0],1.088102e-05],
[[32.0,112.0],1.118627e-05],
[[32.0,122.0],1.025886e-05],
[[32.0,232.0],4.274569e-05],
[[32.0,332.0],5.716848e-05],
[[35.0,40.0],5.517769e-07],
[[37.0,40.0],3.014785e-07],
[[39.0,40.0],5.657666e-07],
[[40.0,1.0],6.676495e-07],
[[40.0,20.0],5.911628e-07],
[[40.0,30.0],4.943011e-07],
[[40.0,35.0],5.517769e-07],
[[40.0,37.0],3.014785e-07],
[[40.0,39.0],5.657666e-07],
[[40.0,40.0],7.410962e-07],
[[40.0,50.0],1.955758e-06],
[[40.0,60.0],3.119676e-06],
[[45.0,50.0],1.960186e-06],
[[47.0,50.0],2.841339e-06],
[[49.0,50.0],2.951862e-06],
[[50.0,1.0],4.119549e-07],
[[50.0,20.0],3.900103e-07],
[[50.0,30.0],5.239483e-07],
[[50.0,40.0],1.955758e-06],
[[50.0,45.0],1.960186e-06],
[[50.0,47.0],2.841339e-06],
[[50.0,49.0],2.951862e-06],
[[50.0,50.0],2.738003e-06],
[[50.0,60.0],4.460864e-06],
[[52.0,62.0],5.575314e-06],
[[52.0,67.0],5.064894e-06],
[[52.0,72.0],6.725306e-06],
[[52.0,82.0],7.509052e-06],
[[52.0,92.0],9.657571e-06],
[[52.0,102.0],1.204485e-05],
[[52.0,112.0],1.704693e-05],
[[52.0,122.0],1.498394e-05],
[[52.0,132.0],1.899701e-05],
[[52.0,142.0],2.036987e-05],
[[52.0,252.0],4.707434e-05],
[[52.0,352.0],7.011202e-05],
[[55.0,60.0],7.081351e-06],
[[57.0,60.0],7.049735e-06],
[[59.0,60.0],5.131952e-06],
[[60.0,1.0],7.471842e-07],
[[60.0,20.0],8.087213e-07],
[[60.0,30.0],2.050635e-06],
[[60.0,40.0],3.119676e-06],
[[60.0,50.0],4.460864e-06],
[[60.0,55.0],7.081351e-06],
[[60.0,57.0],7.049735e-06],
[[60.0,59.0],5.131952e-06],
[[60.0,60.0],6.312376e-06],
[[62.0,12.0],4.345562e-07],
[[62.0,32.0],1.678068e-06],
[[62.0,52.0],5.575314e-06],
[[67.0,52.0],5.064894e-06],
[[72.0,12.0],6.908543e-07],
[[72.0,32.0],3.80171e-06],
[[72.0,52.0],6.725306e-06],
[[72.0,72.0],9.352308e-06],
[[72.0,75.0],9.678563e-06],
[[72.0,77.0],1.069874e-05],
[[72.0,82.0],1.026931e-05],
[[72.0,87.0],1.275382e-05],
[[72.0,92.0],1.454977e-05],
[[72.0,102.0],1.78961e-05],
[[72.0,112.0],2.731564e-05],
[[72.0,122.0],4.072354e-05],
[[72.0,132.0],2.057304e-05],
[[72.0,142.0],2.274816e-05],
[[72.0,152.0],2.441388e-05],
[[72.0,162.0],2.938292e-05],
[[72.0,272.0],5.599108e-05],
[[72.0,372.0],7.723787e-05],
[[75.0,72.0],9.678563e-06],
[[77.0,72.0],1.069874e-05],
[[82.0,12.0],4.373246e-06],
[[82.0,32.0],5.580588e-06],
[[82.0,52.0],7.509052e-06],
[[82.0,72.0],1.026931e-05],
[[87.0,72.0],1.275382e-05],
[[92.0,12.0],3.29548e-06],
[[92.0,32.0],7.298642e-06],
[[92.0,52.0],9.657571e-06],
[[92.0,72.0],1.454977e-05],
[[92.0,92.0],1.93722e-05],
[[92.0,95.0],1.671842e-05],
[[92.0,97.0],1.696468e-05],
[[92.0,102.0],1.931314e-05],
[[92.0,107.0],1.856831e-05],
[[92.0,112.0],2.000821e-05],
[[92.0,122.0],2.758024e-05],
[[92.0,132.0],2.537549e-05],
[[92.0,142.0],3.62767e-05],
[[92.0,152.0],3.096267e-05],
[[92.0,162.0],3.165761e-05],
[[92.0,172.0],3.70806e-05],
[[92.0,182.0],3.894421e-05],
[[92.0,292.0],6.391729e-05],
[[92.0,392.0],8.671239e-05],
[[95.0,92.0],1.671842e-05],
[[97.0,92.0],1.696468e-05],
[[102.0,12.0],5.507711e-06],
[[102.0,32.0],1.088102e-05],
[[102.0,52.0],1.204485e-05],
[[102.0,72.0],1.78961e-05],
[[102.0,92.0],1.931314e-05],
[[102.0,102.0],2.08334e-05],
[[102.0,105.0],2.116227e-05],
[[102.0,107.0],2.052549e-05],
[[102.0,112.0],2.133642e-05],
[[102.0,117.0],2.23693e-05],
[[102.0,122.0],2.84811e-05],
[[102.0,132.0],2.645627e-05],
[[102.0,142.0],3.022116e-05],
[[102.0,152.0],3.220235e-05],
[[102.0,162.0],3.494981e-05],
[[102.0,172.0],3.876952e-05],
[[102.0,182.0],4.019671e-05],
[[102.0,192.0],3.824444e-05],
[[102.0,302.0],6.982035e-05],
[[102.0,402.0],9.621139e-05],
[[105.0,102.0],2.116227e-05],
[[107.0,92.0],1.856831e-05],
[[107.0,102.0],2.052549e-05],
[[112.0,32.0],1.118627e-05],
[[112.0,52.0],1.704693e-05],
[[112.0,72.0],2.731564e-05],
[[112.0,92.0],2.000821e-05],
[[112.0,102.0],2.133642e-05],
[[117.0,102.0],2.23693e-05],
[[122.0,32.0],1.025886e-05],
[[122.0,52.0],1.498394e-05],
[[122.0,72.0],4.072354e-05],
[[122.0,92.0],2.758024e-05],
[[122.0,102.0],2.84811e-05],
[[132.0,52.0],1.899701e-05],
[[132.0,72.0],2.057304e-05],
[[132.0,92.0],2.537549e-05],
[[132.0,102.0],2.645627e-05],
[[142.0,52.0],2.036987e-05],
[[142.0,72.0],2.274816e-05],
[[142.0,92.0],3.62767e-05],
[[142.0,102.0],3.022116e-05],
[[152.0,72.0],2.441388e-05],
[[152.0,92.0],3.096267e-05],
[[152.0,102.0],3.220235e-05],
[[152.0,152.0],3.988975e-05],
[[152.0,155.0],4.336806e-05],
[[152.0,157.0],5.951733e-05],
[[152.0,162.0],4.837687e-05],
[[152.0,167.0],5.293365e-05],
[[152.0,172.0],4.706871e-05],
[[152.0,182.0],6.067001e-05],
[[152.0,192.0],5.316442e-05],
[[152.0,202.0],6.405794e-05],
[[152.0,212.0],5.921505e-05],
[[152.0,222.0],6.648926e-05],
[[152.0,232.0],6.675412e-05],
[[152.0,242.0],6.167797e-05],
[[152.0,352.0],9.655227e-05],
[[152.0,452.0],0.0001131908],
[[155.0,152.0],4.336806e-05],
[[157.0,152.0],5.951733e-05],
[[162.0,72.0],2.938292e-05],
[[162.0,92.0],3.165761e-05],
[[162.0,102.0],3.494981e-05],
[[162.0,152.0],4.837687e-05],
[[167.0,152.0],5.293365e-05],
[[172.0,92.0],3.70806e-05],
[[172.0,102.0],3.876952e-05],
[[172.0,152.0],4.706871e-05],
[[182.0,92.0],3.894421e-05],
[[182.0,102.0],4.019671e-05],
[[182.0,152.0],6.067001e-05],
[[192.0,102.0],3.824444e-05],
[[192.0,152.0],5.316442e-05],
[[202.0,152.0],6.405794e-05],
[[202.0,202.0],7.411396e-05],
[[202.0,205.0],6.892741e-05],
[[202.0,207.0],7.065471e-05],
[[202.0,212.0],7.945196e-05],
[[202.0,217.0],7.064256e-05],
[[202.0,222.0],7.790093e-05],
[[202.0,232.0],8.115036e-05],
[[202.0,242.0],7.204164e-05],
[[202.0,252.0],8.119471e-05],
[[202.0,262.0],8.792006e-05],
[[202.0,272.0],8.26996e-05],
[[202.0,282.0],8.532723e-05],
[[202.0,402.0],0.0001188661],
[[202.0,502.0],0.0001306505],
[[205.0,202.0],6.892741e-05],
[[207.0,202.0],7.065471e-05],
[[212.0,12.0],2.675529e-05],
[[212.0,152.0],5.921505e-05],
[[212.0,202.0],7.945196e-05],
[[217.0,202.0],7.064256e-05],
[[222.0,152.0],6.648926e-05],
[[222.0,202.0],7.790093e-05],
[[232.0,32.0],4.274569e-05],
[[232.0,152.0],6.675412e-05],
[[232.0,202.0],8.115036e-05],
[[242.0,152.0],6.167797e-05],
[[242.0,202.0],7.204164e-05],
[[252.0,52.0],4.707434e-05],
[[252.0,202.0],8.119471e-05],
[[252.0,252.0],9.363153e-05],
[[252.0,255.0],9.285179e-05],
[[252.0,257.0],9.386583e-05],
[[252.0,262.0],9.235739e-05],
[[252.0,267.0],9.488485e-05],
[[252.0,272.0],0.0001010486],
[[252.0,282.0],9.448573e-05],
[[252.0,292.0],9.89697e-05],
[[252.0,302.0],0.0001099117],
[[252.0,312.0],0.0001021984],
[[252.0,322.0],0.0001236136],
[[252.0,332.0],0.0001009297],
[[252.0,342.0],0.0001169377],
[[252.0,452.0],0.0001434488],
[[252.0,552.0],0.0001415382],
[[255.0,252.0],9.285179e-05],
[[257.0,252.0],9.386583e-05],
[[262.0,202.0],8.792006e-05],
[[262.0,252.0],9.235739e-05],
[[267.0,252.0],9.488485e-05],
[[272.0,72.0],5.599108e-05],
[[272.0,202.0],8.26996e-05],
[[272.0,252.0],0.0001010486],
[[282.0,202.0],8.532723e-05],
[[282.0,252.0],9.448573e-05],
[[292.0,92.0],6.391729e-05],
[[292.0,252.0],9.89697e-05],
[[302.0,102.0],6.982035e-05],
[[302.0,252.0],0.0001099117],
[[302.0,302.0],0.0001137592],
[[302.0,305.0],0.0001190312],
[[302.0,307.0],0.0001108886],
[[302.0,312.0],0.0001179901],
[[302.0,317.0],0.0001314396],
[[302.0,322.0],0.0001150241],
[[302.0,332.0],0.0001178561],
[[302.0,342.0],0.0001129172],
[[302.0,352.0],0.0001374672],
[[302.0,362.0],0.0001281753],
[[302.0,372.0],0.0001389959],
[[302.0,382.0],0.000130898],
[[302.0,392.0],0.0001299624],
[[302.0,502.0],0.0001525211],
[[302.0,602.0],0.0001829358],
[[305.0,302.0],0.0001190312],
[[307.0,302.0],0.0001108886],
[[312.0,12.0],5.522311e-05],
[[312.0,252.0],0.0001021984],
[[312.0,302.0],0.0001179901],
[[317.0,302.0],0.0001314396],
[[322.0,252.0],0.0001236136],
[[322.0,302.0],0.0001150241],
[[332.0,32.0],5.716848e-05],
[[332.0,252.0],0.0001009297],
[[332.0,302.0],0.0001178561],
[[342.0,252.0],0.0001169377],
[[342.0,302.0],0.0001129172],
[[352.0,52.0],7.011202e-05],
[[352.0,152.0],9.655227e-05],
[[352.0,302.0],0.0001374672],
[[352.0,352.0],0.0001428501],
[[352.0,355.0],0.0001428025],
[[352.0,357.0],0.0001356778],
[[352.0,362.0],0.0001366183],
[[352.0,367.0],0.0001440325],
[[352.0,372.0],0.0001368397],
[[352.0,382.0],0.0001445855],
[[352.0,392.0],0.0001415716],
[[352.0,402.0],0.0001576426],
[[352.0,412.0],0.0001569098],
[[352.0,422.0],0.000152293],
[[352.0,432.0],0.0001445435],
[[352.0,442.0],0.0001582445],
[[352.0,552.0],0.000179267],
[[352.0,652.0],0.0001931691],
[[355.0,352.0],0.0001428025],
[[357.0,352.0],0.0001356778],
[[362.0,302.0],0.0001281753],
[[362.0,352.0],0.0001366183],
[[367.0,352.0],0.0001440325],
[[372.0,72.0],7.723787e-05],
[[372.0,302.0],0.0001389959],
[[372.0,352.0],0.0001368397],
[[382.0,302.0],0.000130898],
[[382.0,352.0],0.0001445855],
[[392.0,92.0],8.671239e-05],
[[392.0,302.0],0.0001299624],
[[392.0,352.0],0.0001415716],
[[402.0,102.0],9.621139e-05],
[[402.0,202.0],0.0001188661],
[[402.0,352.0],0.0001576426],
[[402.0,402.0],0.0001548566],
[[402.0,405.0],0.000147512],
[[402.0,407.0],0.0001501204],
[[402.0,412.0],0.0001661351],
[[402.0,417.0],0.0001632357],
[[402.0,422.0],0.0001658633],
[[402.0,432.0],0.0001575951],
[[402.0,442.0],0.0001561966],
[[402.0,452.0],0.0001608328],
[[402.0,462.0],0.0001699919],
[[402.0,472.0],0.0001672976],
[[402.0,482.0],0.0001715931],
[[402.0,492.0],0.000161303],
[[402.0,602.0],0.0001876362],
[[402.0,702.0],0.0001992422],
[[405.0,402.0],0.000147512],
[[407.0,402.0],0.0001501204],
[[412.0,352.0],0.0001569098],
[[412.0,402.0],0.0001661351],
[[417.0,402.0],0.0001632357],
[[422.0,352.0],0.000152293],
[[422.0,402.0],0.0001658633],
[[432.0,352.0],0.0001445435],
[[432.0,402.0],0.0001575951],
[[442.0,352.0],0.0001582445],
[[442.0,402.0],0.0001561966],
[[452.0,152.0],0.0001131908],
[[452.0,252.0],0.0001434488],
[[452.0,402.0],0.0001608328],
[[462.0,402.0],0.0001699919],
[[472.0,402.0],0.0001672976],
[[482.0,402.0],0.0001715931],
[[492.0,402.0],0.000161303],
[[502.0,202.0],0.0001306505],
[[502.0,302.0],0.0001525211],
[[552.0,252.0],0.0001415382],
[[552.0,352.0],0.000179267],
[[602.0,302.0],0.0001829358],
[[602.0,402.0],0.0001876362],
[[602.0,602.0],0.0002069302],
[[602.0,605.0],0.0002172057],
[[602.0,607.0],0.0002069033],
[[602.0,612.0],0.000227246],
[[602.0,617.0],0.0002082758],
[[602.0,622.0],0.0002215287],
[[602.0,632.0],0.0002136816],
[[602.0,642.0],0.0002341703],
[[602.0,652.0],0.0002180655],
[[602.0,662.0],0.0002241145],
[[602.0,672.0],0.000218916],
[[602.0,682.0],0.0002420755],
[[602.0,692.0],0.0002246721],
[[602.0,802.0],0.0002449113],
[[602.0,902.0],0.0002510881],
[[605.0,602.0],0.0002172057],
[[607.0,602.0],0.0002069033],
[[612.0,602.0],0.000227246],
[[617.0,602.0],0.0002082758],
[[622.0,602.0],0.0002215287],
[[632.0,602.0],0.0002136816],
[[642.0,602.0],0.0002341703],
[[652.0,352.0],0.0001931691],
[[652.0,602.0],0.0002180655],
[[662.0,602.0],0.0002241145],
[[672.0,602.0],0.000218916],
[[682.0,602.0],0.0002420755],
[[692.0,602.0],0.0002246721],
[[702.0,402.0],0.0001992422],
[[802.0,602.0],0.0002449113],
[[802.0,802.0],0.0002557236],
[[802.0,805.0],0.0002542348],
[[802.0,807.0],0.0002539619],
[[802.0,812.0],0.000257912],
[[802.0,817.0],0.0002622096],
[[802.0,822.0],0.0002529223],
[[802.0,832.0],0.000279101],
[[802.0,842.0],0.0002530084],
[[802.0,852.0],0.0002668051],
[[802.0,862.0],0.0002666812],
[[802.0,872.0],0.0002602684],
[[802.0,882.0],0.0002587139],
[[802.0,892.0],0.0002668082],
[[802.0,1002.0],0.0002814466],
[[802.0,1102.0],0.0002838609],
[[805.0,802.0],0.0002542348],
[[807.0,802.0],0.0002539619],
[[812.0,802.0],0.000257912],
[[817.0,802.0],0.0002622096],
[[822.0,802.0],0.0002529223],
[[832.0,802.0],0.000279101],
[[842.0,802.0],0.0002530084],
[[852.0,802.0],0.0002668051],
[[862.0,802.0],0.0002666812],
[[872.0,802.0],0.0002602684],
[[882.0,802.0],0.0002587139],
[[892.0,802.0],0.0002668082],
[[902.0,602.0],0.0002510881],
[[1002.0,802.0],0.0002814466],
[[1002.0,1002.0],0.0002878714],
[[1002.0,1005.0],0.0002994174],
[[1002.0,1007.0],0.0002795331],
[[1002.0,1012.0],0.0002758755],
[[1002.0,1017.0],0.0002877526],
[[1002.0,1022.0],0.0003007222],
[[1002.0,1032.0],0.0003044999],
[[1002.0,1042.0],0.0002947619],
[[1002.0,1052.0],0.0002848608],
[[1002.0,1062.0],0.0002811635],
[[1002.0,1072.0],0.0002885027],
[[1002.0,1082.0],0.0002857509],
[[1002.0,1092.0],0.0002948569],
[[1002.0,1202.0],0.0003048848],
[[1002.0,1302.0],0.000296473],
[[1005.0,1002.0],0.0002994174],
[[1007.0,1002.0],0.0002795331],
[[1012.0,1002.0],0.0002758755],
[[1017.0,1002.0],0.0002877526],
[[1022.0,1002.0],0.0003007222],
[[1032.0,1002.0],0.0003044999],
[[1042.0,1002.0],0.0002947619],
[[1052.0,1002.0],0.0002848608],
[[1062.0,1002.0],0.0002811635],
[[1072.0,1002.0],0.0002885027],
[[1082.0,1002.0],0.0002857509],
[[1092.0,1002.0],0.0002948569],
[[1102.0,802.0],0.0002838609],
[[1202.0,1002.0],0.0003048848],
[[1202.0,1202.0],0.0003073025],
[[1202.0,1205.0],0.0003050812],
[[1202.0,1207.0],0.0003040609],
[[1202.0,1212.0],0.0003025758],
[[1202.0,1217.0],0.000293953],
[[1202.0,1222.0],0.0003002735],
[[1202.0,1232.0],0.000326659],
[[1202.0,1242.0],0.0003071225],
[[1202.0,1252.0],0.0003088115],
[[1202.0,1262.0],0.0003052425],
[[1202.0,1272.0],0.0003026223],
[[1202.0,1282.0],0.0003066515],
[[1202.0,1292.0],0.0003057293],
[[1202.0,1402.0],0.000307927],
[[1202.0,1502.0],0.0003065936],
[[1205.0,1202.0],0.0003050812],
[[1207.0,1202.0],0.0003040609],
[[1212.0,1202.0],0.0003025758],
[[1217.0,1202.0],0.000293953],
[[1222.0,1202.0],0.0003002735],
[[1232.0,1202.0],0.000326659],
[[1242.0,1202.0],0.0003071225],
[[1252.0,1202.0],0.0003088115],
[[1262.0,1202.0],0.0003052425],
[[1272.0,1202.0],0.0003026223],
[[1282.0,1202.0],0.0003066515],
[[1292.0,1202.0],0.0003057293],
[[1302.0,1002.0],0.000296473],
[[1402.0,1202.0],0.000307927],
[[1402.0,1402.0],0.000328159],
[[1402.0,1405.0],0.0003173328],
[[1402.0,1407.0],0.000318192],
[[1402.0,1412.0],0.0003262036],
[[1402.0,1417.0],0.00031204],
[[1402.0,1422.0],0.0003051276],
[[1402.0,1432.0],0.0003051396],
[[1402.0,1442.0],0.0003179622],
[[1402.0,1452.0],0.0003109502],
[[1402.0,1462.0],0.0003132439],
[[1402.0,1472.0],0.0003062228],
[[1402.0,1482.0],0.0003114933],
[[1402.0,1492.0],0.0003130687],
[[1402.0,1602.0],0.000318763],
[[1402.0,1702.0],0.0003106971],
[[1405.0,1402.0],0.0003173328],
[[1407.0,1402.0],0.000318192],
[[1412.0,1402.0],0.0003262036],
[[1417.0,1402.0],0.00031204],
[[1422.0,1402.0],0.0003051276],
[[1432.0,1402.0],0.0003051396],
[[1442.0,1402.0],0.0003179622],
[[1452.0,1402.0],0.0003109502],
[[1462.0,1402.0],0.0003132439],
[[1472.0,1402.0],0.0003062228],
[[1482.0,1402.0],0.0003114933],
[[1492.0,1402.0],0.0003130687],
[[1502.0,1202.0],0.0003065936],
[[1602.0,1402.0],0.000318763],
[[1602.0,1602.0],0.0003130259],
[[1602.0,1605.0],0.0003082462],
[[1602.0,1607.0],0.0003222764],
[[1602.0,1612.0],0.0003179965],
[[1602.0,1617.0],0.0003046503],
[[1602.0,1622.0],0.0003167609],
[[1602.0,1632.0],0.0003097455],
[[1602.0,1642.0],0.0003187745],
[[1602.0,1652.0],0.0003148135],
[[1602.0,1662.0],0.0003065214],
[[1602.0,1672.0],0.0003110689],
[[1602.0,1682.0],0.0003366865],
[[1602.0,1692.0],0.0003214205],
[[1602.0,1802.0],0.0003094812],
[[1602.0,1902.0],0.0003107944],
[[1605.0,1602.0],0.0003082462],
[[1607.0,1602.0],0.0003222764],
[[1612.0,1602.0],0.0003179965],
[[1617.0,1602.0],0.0003046503],
[[1622.0,1602.0],0.0003167609],
[[1632.0,1602.0],0.0003097455],
[[1642.0,1602.0],0.0003187745],
[[1652.0,1602.0],0.0003148135],
[[1662.0,1602.0],0.0003065214],
[[1672.0,1602.0],0.0003110689],
[[1682.0,1602.0],0.0003366865],
[[1692.0,1602.0],0.0003214205],
[[1702.0,1402.0],0.0003106971],
[[1802.0,1602.0],0.0003094812],
[[1802.0,1802.0],0.0003231399],
[[1802.0,1805.0],0.0003179614],
[[1802.0,1807.0],0.0003154956],
[[1802.0,1812.0],0.0003181017],
[[1802.0,1817.0],0.0003070477],
[[1802.0,1822.0],0.0003102275],
[[1802.0,1832.0],0.0003095342],
[[1802.0,1842.0],0.0003213145],
[[1802.0,1852.0],0.0003187694],
[[1802.0,1862.0],0.0003185181],
[[1802.0,1872.0],0.000311933],
[[1802.0,1882.0],0.0003299117],
[[1802.0,1892.0],0.0003266606],
[[1802.0,2002.0],0.0003223353],
[[1802.0,2102.0],0.0003033029],
[[1805.0,1802.0],0.0003179614],
[[1807.0,1802.0],0.0003154956],
[[1812.0,1802.0],0.0003181017],
[[1817.0,1802.0],0.0003070477],
[[1822.0,1802.0],0.0003102275],
[[1832.0,1802.0],0.0003095342],
[[1842.0,1802.0],0.0003213145],
[[1852.0,1802.0],0.0003187694],
[[1862.0,1802.0],0.0003185181],
[[1872.0,1802.0],0.000311933],
[[1882.0,1802.0],0.0003299117],
[[1892.0,1802.0],0.0003266606],
[[1902.0,1602.0],0.0003107944],
[[2002.0,1802.0],0.0003223353],
[[2002.0,2002.0],0.0003119921],
[[2002.0,2005.0],0.0003201405],
[[2002.0,2007.0],0.0003131807],
[[2002.0,2012.0],0.0003189733],
[[2002.0,2017.0],0.0002980597],
[[2002.0,2022.0],0.0003172915],
[[2002.0,2032.0],0.0003154251],
[[2002.0,2042.0],0.0003244241],
[[2002.0,2052.0],0.0003014328],
[[2002.0,2062.0],0.0003074895],
[[2002.0,2072.0],0.0003069857],
[[2002.0,2082.0],0.0003119883],
[[2002.0,2092.0],0.0003154756],
[[2002.0,2202.0],0.0003031055],
[[2002.0,2302.0],0.0003082955],
[[2005.0,2002.0],0.0003201405],
[[2007.0,2002.0],0.0003131807],
[[2012.0,2002.0],0.0003189733],
[[2017.0,2002.0],0.0002980597],
[[2022.0,2002.0],0.0003172915],
[[2032.0,2002.0],0.0003154251],
[[2042.0,2002.0],0.0003244241],
[[2052.0,2002.0],0.0003014328],
[[2062.0,2002.0],0.0003074895],
[[2072.0,2002.0],0.0003069857],
[[2082.0,2002.0],0.0003119883],
[[2092.0,2002.0],0.0003154756],
[[2102.0,1802.0],0.0003033029],
[[2202.0,2002.0],0.0003031055],
[[2302.0,2002.0],0.0003082955]]
