txName: TChiZISRll
constraint: {(PV > anyBSM(1), MET(3)), (anyBSM(1) > l+,l-,MET(2))}
condition: None
conditionDescription: None
figureUrl: None
source: Recast by MA5
validated: True
axesMap: [{0: 'x', 1: 'y', 2: 'y'}]
dataMap: {0: (1, 'mass', GeV), 1: (2, 'mass', GeV), 2: (3, 'mass', GeV)}
finalState: ['MET', 'MET']
intermediateState: None
efficiencyMap: [[[10.0,1.0,1.0],4.119682e-09],
[[10.0,5.0,5.0],2.155112e-07],
[[10.0,7.0,7.0],2.189956e-08],
[[10.0,9.0,9.0],1.553221e-07],
[[20.0,1.0,1.0],3.90524e-09],
[[20.0,15.0,15.0],1.54111e-07],
[[20.0,17.0,17.0],7.711223e-08],
[[20.0,19.0,19.0],2.191043e-07],
[[30.0,1.0,1.0],0.0],
[[30.0,20.0,20.0],1.536729e-08],
[[30.0,25.0,25.0],6.881303e-08],
[[30.0,27.0,27.0],1.192915e-07],
[[30.0,29.0,29.0],4.169996e-07],
[[40.0,1.0,1.0],5.646355e-09],
[[40.0,20.0,20.0],6.924875e-08],
[[40.0,30.0,30.0],3.317004e-08],
[[40.0,35.0,35.0],4.502159e-08],
[[40.0,37.0,37.0],2.791557e-07],
[[40.0,39.0,39.0],3.768192e-07],
[[50.0,1.0,1.0],7.589888e-09],
[[50.0,20.0,20.0],3.601614e-08],
[[50.0,30.0,30.0],1.177357e-08],
[[50.0,40.0,40.0],1.749859e-07],
[[50.0,45.0,45.0],8.343469e-07],
[[50.0,47.0,47.0],3.47558e-06],
[[50.0,49.0,49.0],2.886389e-06],
[[60.0,1.0,1.0],4.850809e-09],
[[60.0,20.0,20.0],2.653169e-09],
[[60.0,30.0,30.0],4.477363e-08],
[[60.0,40.0,40.0],6.874844e-07],
[[60.0,50.0,50.0],9.22302e-07],
[[60.0,55.0,55.0],1.786125e-06],
[[60.0,57.0,57.0],2.790546e-06],
[[60.0,59.0,59.0],5.541415e-06],
[[61.0,52.0,52.0],8.07065e-07],
[[62.0,2.0,2.0],0.0],
[[62.0,12.0,12.0],0.0],
[[62.0,22.0,22.0],1.061027e-08],
[[62.0,32.0,32.0],8.21821e-08],
[[62.0,42.0,42.0],2.450088e-07],
[[63.0,62.0,62.0],4.694419e-06],
[[65.0,62.0,62.0],2.606969e-06],
[[67.0,62.0,62.0],2.258329e-06],
[[69.0,62.0,62.0],1.556937e-06],
[[72.0,2.0,2.0],0.0],
[[72.0,12.0,12.0],3.010428e-09],
[[72.0,22.0,22.0],4.851657e-08],
[[72.0,32.0,32.0],1.34163e-07],
[[72.0,42.0,42.0],2.019014e-07],
[[72.0,52.0,52.0],6.169397e-07],
[[73.0,72.0,72.0],6.898523e-06],
[[75.0,72.0,72.0],5.529383e-06],
[[77.0,72.0,72.0],3.967565e-06],
[[79.0,72.0,72.0],2.996375e-06],
[[82.0,2.0,2.0],3.375733e-09],
[[82.0,12.0,12.0],5.564553e-08],
[[82.0,22.0,22.0],9.717321e-08],
[[82.0,32.0,32.0],1.767852e-07],
[[82.0,42.0,42.0],3.778131e-07],
[[82.0,52.0,52.0],4.960725e-07],
[[82.0,62.0,62.0],1.034826e-06],
[[83.0,82.0,82.0],9.790489e-06],
[[85.0,82.0,82.0],7.288535e-06],
[[87.0,82.0,82.0],7.10107e-06],
[[89.0,82.0,82.0],4.13673e-06],
[[91.0,82.0,82.0],3.624484e-06],
[[92.0,12.0,12.0],6.941995e-08],
[[92.0,22.0,22.0],1.976013e-07],
[[92.0,32.0,32.0],2.500441e-07],
[[92.0,42.0,42.0],3.657878e-07],
[[92.0,52.0,52.0],6.784776e-07],
[[92.0,62.0,62.0],9.430244e-07],
[[92.0,72.0,72.0],1.522304e-06],
[[93.0,92.0,92.0],1.33671e-05],
[[97.0,92.0,92.0],7.740739e-06],
[[99.0,92.0,92.0],6.15322e-06],
[[102.0,22.0,22.0],4.192401e-07],
[[102.0,32.0,32.0],2.495177e-07],
[[102.0,42.0,42.0],3.987694e-07],
[[102.0,52.0,52.0],6.647486e-07],
[[102.0,62.0,62.0],6.352949e-07],
[[102.0,72.0,72.0],1.041808e-06],
[[102.0,82.0,82.0],2.040558e-06],
[[103.0,102.0,102.0],1.798266e-05],
[[107.0,102.0,102.0],1.025393e-05],
[[109.0,102.0,102.0],7.836753e-06],
[[112.0,32.0,32.0],3.168415e-07],
[[112.0,42.0,42.0],5.200129e-07],
[[112.0,52.0,52.0],5.886442e-07],
[[112.0,62.0,62.0],6.704113e-07],
[[112.0,72.0,72.0],1.183341e-06],
[[112.0,82.0,82.0],1.311404e-06],
[[112.0,92.0,92.0],3.477126e-06],
[[122.0,42.0,42.0],6.563454e-07],
[[122.0,52.0,52.0],7.304889e-07],
[[122.0,62.0,62.0],9.251442e-07],
[[122.0,72.0,72.0],9.771226e-07],
[[122.0,82.0,82.0],1.449082e-06],
[[122.0,92.0,92.0],2.272571e-06],
[[122.0,102.0,102.0],4.3354e-06],
[[123.0,122.0,122.0],2.455501e-05],
[[127.0,122.0,122.0],1.480825e-05],
[[129.0,122.0,122.0],1.311631e-05],
[[132.0,52.0,52.0],6.641177e-07],
[[132.0,62.0,62.0],9.892563e-07],
[[132.0,72.0,72.0],1.169523e-06],
[[132.0,82.0,82.0],1.583623e-06],
[[132.0,92.0,92.0],1.695025e-06],
[[132.0,102.0,102.0],2.925586e-06],
[[142.0,62.0,62.0],1.151426e-06],
[[142.0,72.0,72.0],1.098758e-06],
[[142.0,82.0,82.0],1.53935e-06],
[[142.0,92.0,92.0],1.403095e-06],
[[142.0,102.0,102.0],1.946477e-06],
[[142.0,122.0,122.0],6.8524e-06],
[[143.0,142.0,142.0],3.162013e-05],
[[147.0,142.0,142.0],2.198783e-05],
[[149.0,142.0,142.0],2.155859e-05],
[[151.0,142.0,142.0],1.549371e-05],
[[152.0,72.0,72.0],9.356113e-07],
[[152.0,82.0,82.0],1.439795e-06],
[[152.0,92.0,92.0],1.673065e-06],
[[152.0,102.0,102.0],2.54777e-06],
[[152.0,122.0,122.0],4.61527e-06],
[[162.0,82.0,82.0],1.758345e-06],
[[162.0,92.0,92.0],1.877253e-06],
[[162.0,102.0,102.0],1.927015e-06],
[[162.0,122.0,122.0],3.743398e-06],
[[162.0,142.0,142.0],9.658528e-06],
[[163.0,162.0,162.0],3.939494e-05],
[[167.0,162.0,162.0],3.058348e-05],
[[169.0,162.0,162.0],2.338433e-05],
[[171.0,162.0,162.0],2.411364e-05],
[[172.0,92.0,92.0],1.925052e-06],
[[172.0,102.0,102.0],2.29447e-06],
[[172.0,122.0,122.0],3.38009e-06],
[[172.0,142.0,142.0],6.279425e-06],
[[182.0,102.0,102.0],2.049632e-06],
[[182.0,122.0,122.0],2.928642e-06],
[[182.0,142.0,142.0],4.97134e-06],
[[182.0,162.0,162.0],1.070998e-05],
[[183.0,182.0,182.0],5.65174e-05],
[[187.0,182.0,182.0],3.942666e-05],
[[189.0,182.0,182.0],3.164148e-05],
[[191.0,182.0,182.0],2.856378e-05],
[[192.0,122.0,122.0],2.508756e-06],
[[192.0,142.0,142.0],3.96976e-06],
[[192.0,162.0,162.0],1.058563e-05],
[[202.0,122.0,122.0],3.498461e-06],
[[202.0,142.0,142.0],4.481737e-06],
[[202.0,162.0,162.0],6.071254e-06],
[[202.0,182.0,182.0],1.502969e-05],
[[203.0,202.0,202.0],5.950831e-05],
[[207.0,202.0,202.0],4.349204e-05],
[[209.0,202.0,202.0],4.181712e-05],
[[211.0,202.0,202.0],3.622642e-05],
[[212.0,142.0,142.0],2.833411e-06],
[[212.0,162.0,162.0],5.002131e-06],
[[212.0,182.0,182.0],9.101954e-06],
[[222.0,142.0,142.0],3.864203e-06],
[[222.0,162.0,162.0],4.942408e-06],
[[222.0,182.0,182.0],9.29557e-06],
[[222.0,202.0,202.0],1.994571e-05],
[[223.0,222.0,222.0],7.184505e-05],
[[227.0,222.0,222.0],5.66853e-05],
[[229.0,222.0,222.0],5.276627e-05],
[[231.0,222.0,222.0],4.01522e-05],
[[232.0,162.0,162.0],5.133412e-06],
[[232.0,182.0,182.0],7.745349e-06],
[[232.0,202.0,202.0],1.427956e-05],
[[242.0,162.0,162.0],3.991593e-06],
[[242.0,182.0,182.0],5.389398e-06],
[[242.0,202.0,202.0],8.869669e-06],
[[242.0,222.0,222.0],1.973735e-05],
[[243.0,242.0,242.0],8.089999e-05],
[[247.0,242.0,242.0],6.43721e-05],
[[249.0,242.0,242.0],5.793336e-05],
[[251.0,242.0,242.0],4.941541e-05],
[[252.0,182.0,182.0],1.094874e-05],
[[252.0,202.0,202.0],8.060812e-06],
[[252.0,222.0,222.0],1.285126e-05],
[[262.0,182.0,182.0],4.848182e-06],
[[262.0,202.0,202.0],7.94155e-06],
[[262.0,222.0,222.0],1.088564e-05],
[[262.0,242.0,242.0],2.759563e-05],
[[263.0,262.0,262.0],8.836727e-05],
[[267.0,262.0,262.0],7.411422e-05],
[[269.0,262.0,262.0],7.187786e-05],
[[272.0,202.0,202.0],6.968502e-06],
[[272.0,222.0,222.0],1.098e-05],
[[272.0,242.0,242.0],1.845004e-05],
[[282.0,202.0,202.0],1.020923e-05],
[[282.0,222.0,222.0],7.68341e-06],
[[282.0,242.0,242.0],1.310744e-05],
[[282.0,262.0,262.0],3.188866e-05],
[[283.0,282.0,282.0],9.996735e-05],
[[287.0,282.0,282.0],8.055846e-05],
[[289.0,282.0,282.0],6.957901e-05],
[[292.0,222.0,222.0],8.032024e-06],
[[292.0,242.0,242.0],9.336549e-06],
[[292.0,262.0,262.0],1.871668e-05],
[[302.0,222.0,222.0],7.36181e-06],
[[302.0,242.0,242.0],8.909895e-06],
[[302.0,262.0,262.0],1.6281e-05],
[[302.0,282.0,282.0],2.896579e-05],
[[303.0,302.0,302.0],0.0001074306],
[[307.0,302.0,302.0],9.036197e-05],
[[309.0,302.0,302.0],8.239145e-05],
[[312.0,242.0,242.0],8.607671e-06],
[[312.0,262.0,262.0],1.370884e-05],
[[312.0,282.0,282.0],2.275811e-05],
[[322.0,242.0,242.0],7.300839e-06],
[[322.0,262.0,262.0],1.439027e-05],
[[322.0,282.0,282.0],1.949068e-05],
[[322.0,302.0,302.0],3.635991e-05],
[[323.0,322.0,322.0],0.0001151914],
[[327.0,322.0,322.0],9.539941e-05],
[[329.0,322.0,322.0],9.373022e-05],
[[332.0,262.0,262.0],1.008857e-05],
[[332.0,282.0,282.0],1.158244e-05],
[[332.0,302.0,302.0],3.237739e-05],
[[342.0,262.0,262.0],7.541569e-06],
[[342.0,282.0,282.0],1.213433e-05],
[[342.0,302.0,302.0],1.879095e-05],
[[342.0,322.0,322.0],3.834635e-05],
[[343.0,342.0,342.0],0.0001155403],
[[347.0,342.0,342.0],0.0001095879],
[[349.0,342.0,342.0],9.345084e-05],
[[352.0,282.0,282.0],1.688606e-05],
[[352.0,302.0,302.0],1.344399e-05],
[[352.0,322.0,322.0],2.815677e-05],
[[362.0,282.0,282.0],1.36124e-05],
[[362.0,302.0,302.0],1.393374e-05],
[[362.0,322.0,322.0],1.742878e-05],
[[362.0,342.0,342.0],4.834243e-05],
[[363.0,362.0,362.0],0.0001328972],
[[367.0,362.0,362.0],0.000121057],
[[369.0,362.0,362.0],0.0001071618],
[[372.0,302.0,302.0],1.405329e-05],
[[372.0,342.0,342.0],3.337299e-05],
[[382.0,302.0,302.0],1.058626e-05],
[[382.0,322.0,322.0],1.718901e-05],
[[382.0,362.0,362.0],4.770224e-05],
[[383.0,382.0,382.0],0.0001379182],
[[387.0,382.0,382.0],0.0001216217],
[[389.0,382.0,382.0],0.0001127245],
[[391.0,382.0,382.0],9.918348e-05],
[[392.0,322.0,322.0],1.293516e-05],
[[392.0,342.0,342.0],1.874239e-05],
[[392.0,362.0,362.0],3.120611e-05],
[[402.0,322.0,322.0],1.144212e-05],
[[402.0,342.0,342.0],1.593933e-05],
[[402.0,362.0,362.0],2.504784e-05],
[[402.0,382.0,382.0],5.568353e-05],
[[403.0,402.0,402.0],0.0001539627],
[[412.0,342.0,342.0],1.251865e-05],
[[412.0,362.0,362.0],2.242227e-05],
[[412.0,382.0,382.0],3.56987e-05],
[[413.0,402.0,402.0],9.565776e-05],
[[417.0,402.0,402.0],7.636953e-05],
[[422.0,342.0,342.0],1.48315e-05],
[[422.0,362.0,362.0],2.084144e-05],
[[422.0,382.0,382.0],2.854528e-05],
[[422.0,402.0,402.0],6.076334e-05],
[[432.0,362.0,362.0],1.779477e-05],
[[432.0,382.0,382.0],1.872509e-05],
[[432.0,402.0,402.0],4.279531e-05],
[[442.0,362.0,362.0],1.588016e-05],
[[442.0,382.0,382.0],1.757365e-05],
[[452.0,382.0,382.0],1.81585e-05],
[[452.0,402.0,402.0],2.015017e-05],
[[462.0,382.0,382.0],1.858399e-05],
[[462.0,402.0,402.0],2.050639e-05],
[[482.0,402.0,402.0],1.774552e-05],
[[503.0,502.0,502.0],0.0001771109],
[[513.0,502.0,502.0],0.0001212115],
[[517.0,502.0,502.0],9.723895e-05],
[[522.0,502.0,502.0],7.515432e-05],
[[532.0,502.0,502.0],4.838986e-05],
[[552.0,502.0,502.0],3.41239e-05],
[[582.0,502.0,502.0],1.986194e-05],
[[603.0,602.0,602.0],0.0002316452],
[[613.0,602.0,602.0],0.0001531756],
[[617.0,602.0,602.0],0.0001242359],
[[622.0,602.0,602.0],9.41004e-05],
[[632.0,602.0,602.0],6.044944e-05],
[[652.0,602.0,602.0],3.238655e-05],
[[682.0,602.0,602.0],2.396004e-05],
[[703.0,702.0,702.0],0.0002391334],
[[713.0,702.0,702.0],0.0001808325],
[[717.0,702.0,702.0],0.0001391154],
[[722.0,702.0,702.0],0.0001007197],
[[732.0,702.0,702.0],6.929296e-05],
[[752.0,702.0,702.0],4.166345e-05],
[[782.0,702.0,702.0],2.779744e-05],
[[803.0,802.0,802.0],0.0002501256],
[[813.0,802.0,802.0],0.0001937043],
[[817.0,802.0,802.0],0.0001550529],
[[822.0,802.0,802.0],0.0001236085],
[[832.0,802.0,802.0],7.674615e-05],
[[852.0,802.0,802.0],4.392347e-05],
[[882.0,802.0,802.0],2.656568e-05],
[[903.0,902.0,902.0],0.0002760037],
[[913.0,902.0,902.0],0.0002051945],
[[917.0,902.0,902.0],0.0001686483],
[[922.0,902.0,902.0],0.0001303592],
[[932.0,902.0,902.0],8.302794e-05],
[[952.0,902.0,902.0],4.662465e-05],
[[982.0,902.0,902.0],3.26746e-05],
[[1003.0,1002.0,1002.0],0.000296427],
[[1013.0,1002.0,1002.0],0.0002258108],
[[1017.0,1002.0,1002.0],0.0001751859],
[[1022.0,1002.0,1002.0],0.0001304326],
[[1032.0,1002.0,1002.0],8.783256e-05],
[[1052.0,1002.0,1002.0],5.252872e-05],
[[1082.0,1002.0,1002.0],3.823755e-05],
[[1103.0,1102.0,1102.0],0.0003098167],
[[1113.0,1102.0,1102.0],0.0002416193],
[[1117.0,1102.0,1102.0],0.0001807343],
[[1122.0,1102.0,1102.0],0.000138394],
[[1132.0,1102.0,1102.0],8.958519e-05],
[[1152.0,1102.0,1102.0],5.851149e-05],
[[1182.0,1102.0,1102.0],3.442446e-05],
[[1203.0,1202.0,1202.0],0.0003090369],
[[1213.0,1202.0,1202.0],0.0002491077],
[[1217.0,1202.0,1202.0],0.0001990784],
[[1222.0,1202.0,1202.0],0.0001482935],
[[1232.0,1202.0,1202.0],9.194713e-05],
[[1252.0,1202.0,1202.0],5.355998e-05],
[[1282.0,1202.0,1202.0],3.26844e-05],
[[1303.0,1302.0,1302.0],0.0003104954],
[[1313.0,1302.0,1302.0],0.0002463047],
[[1317.0,1302.0,1302.0],0.0001970267],
[[1322.0,1302.0,1302.0],0.0001618197],
[[1332.0,1302.0,1302.0],9.510185e-05],
[[1352.0,1302.0,1302.0],5.854286e-05],
[[1382.0,1302.0,1302.0],4.022605e-05],
[[1403.0,1402.0,1402.0],0.0003216081],
[[1413.0,1402.0,1402.0],0.0002561384],
[[1417.0,1402.0,1402.0],0.0002077575],
[[1422.0,1402.0,1402.0],0.0001538873],
[[1432.0,1402.0,1402.0],9.322391e-05],
[[1452.0,1402.0,1402.0],5.420663e-05],
[[1482.0,1402.0,1402.0],3.848581e-05],
[[1503.0,1502.0,1502.0],0.0003072373],
[[1513.0,1502.0,1502.0],0.0002558754],
[[1517.0,1502.0,1502.0],0.0002063172],
[[1522.0,1502.0,1502.0],0.0001628992],
[[1532.0,1502.0,1502.0],9.462482e-05],
[[1552.0,1502.0,1502.0],6.493362e-05],
[[1582.0,1502.0,1502.0],4.137976e-05],
[[1603.0,1602.0,1602.0],0.0003200341],
[[1613.0,1602.0,1602.0],0.0002714536],
[[1617.0,1602.0,1602.0],0.0002130182],
[[1622.0,1602.0,1602.0],0.0001533899],
[[1632.0,1602.0,1602.0],0.0001035795],
[[1652.0,1602.0,1602.0],5.723863e-05],
[[1682.0,1602.0,1602.0],3.736618e-05],
[[1703.0,1702.0,1702.0],0.0003163016],
[[1713.0,1702.0,1702.0],0.0002694411],
[[1717.0,1702.0,1702.0],0.000214008],
[[1722.0,1702.0,1702.0],0.0001630243],
[[1732.0,1702.0,1702.0],0.0001128879],
[[1752.0,1702.0,1702.0],6.00048e-05],
[[1782.0,1702.0,1702.0],3.527819e-05],
[[1803.0,1802.0,1802.0],0.0003172053],
[[1813.0,1802.0,1802.0],0.0002732788],
[[1817.0,1802.0,1802.0],0.00022046],
[[1822.0,1802.0,1802.0],0.0001532836],
[[1832.0,1802.0,1802.0],9.960038e-05],
[[1852.0,1802.0,1802.0],6.096264e-05],
[[1872.0,1802.0,1802.0],3.781211e-05],
[[1882.0,1802.0,1802.0],3.939713e-05],
[[1903.0,1902.0,1902.0],0.0003151643],
[[1913.0,1902.0,1902.0],0.0002819868],
[[1917.0,1902.0,1902.0],0.0002165866],
[[1922.0,1902.0,1902.0],0.0001709511],
[[1942.0,1902.0,1902.0],7.79399e-05],
[[1952.0,1902.0,1902.0],5.396636e-05],
[[1982.0,1902.0,1902.0],3.930284e-05],
[[2003.0,2002.0,2002.0],0.0003025353],
[[2013.0,2002.0,2002.0],0.0002743796],
[[2017.0,2002.0,2002.0],0.0002304608],
[[2022.0,2002.0,2002.0],0.0001527478],
[[2032.0,2002.0,2002.0],8.678592e-05],
[[2042.0,2002.0,2002.0],5.809466e-05],
[[2052.0,2002.0,2002.0],6.890929e-05],
[[2072.0,2002.0,2002.0],4.805085e-05],
[[2082.0,2002.0,2002.0],4.203548e-05]]
