txName: TRV1nunu
constraint: {(PV > Zprime(1)), (Zprime(1) > nu,nu)}
condition: None
conditionDescription: None
figureUrl: None
source: CMS
validated: N/A
axesMap: [{0: 'x'}]
dataMap: {0: (1, 'mass', GeV)}
finalState: ['MET', 'MET']
efficiencyMap: [[[50.0],1.086685e-07],
[[100.0],1.041753e-06],
[[150.0],2.950077e-06],
[[200.0],7.782674e-06],
[[250.0],1.418897e-05],
[[300.0],2.518087e-05],
[[350.0],3.288769e-05],
[[400.0],5.668355e-05],
[[450.0],6.270408e-05],
[[500.0],8.707154e-05],
[[550.0],0.0001093613],
[[600.0],0.0001204266],
[[650.0],0.0001398541],
[[700.0],0.0001737923],
[[750.0],0.0002089758],
[[800.0],0.0002198258],
[[850.0],0.0002322031],
[[900.0],0.0002207237],
[[950.0],0.0002739718],
[[1000.0],0.0003362378],
[[1050.0],0.0003224974],
[[1100.0],0.0003217795],
[[1150.0],0.0003747874],
[[1200.0],0.0003768533],
[[1250.0],0.0003896274],
[[1300.0],0.0004325754],
[[1350.0],0.000431803],
[[1400.0],0.0004562455],
[[1450.0],0.0004477396],
[[1500.0],0.0004602956],
[[1550.0],0.0004952253],
[[1600.0],0.0005159177],
[[1650.0],0.0005250174],
[[1700.0],0.0005052792],
[[1750.0],0.0005145939],
[[1800.0],0.0005238663],
[[1850.0],0.00053203],
[[1900.0],0.0005661691],
[[1950.0],0.0005790765],
[[2000.0],0.0006313271],
[[2250.0],0.0006721334],
[[2500.0],0.0006939678],
[[2750.0],0.0007592834],
[[3000.0],0.0007771284]]
