txName: TChiWWISRqq
constraint: {(PV > anyBSM(1), anyBSM(3)), (anyBSM(1) > q, q, MET(2)), (anyBSM(3) > q, q, MET(4))}
condition: None
conditionDescription: None
figureUrl: None
source: Recast by MA5
validated: True
axesMap: [{0: 'x', 1: 'y', 2: 'x', 3: 'y'}]
dataMap: {0: (1, 'mass', GeV), 1: (2, 'mass', GeV), 2: (3, 'mass', GeV), 3: (4, 'mass', GeV)}
finalState: ['MET', 'MET']
efficiencyMap: [[[10.0,1.0,10.0,1.0],1.22735e-07],
[[10.0,3.0,10.0,3.0],4.396294e-07],
[[10.0,5.0,10.0,5.0],5.134249e-07],
[[10.0,7.0,10.0,7.0],5.601856e-06],
[[10.0,9.0,10.0,9.0],5.540226e-05],
[[11.0,10.0,11.0,10.0],9.898299e-05],
[[13.0,10.0,13.0,10.0],7.92404e-06],
[[15.0,10.0,15.0,10.0],3.740591e-06],
[[20.0,10.0,20.0,10.0],1.044773e-06],
[[21.0,20.0,21.0,20.0],0.0001301163],
[[23.0,20.0,23.0,20.0],3.795104e-05],
[[25.0,20.0,25.0,20.0],1.454178e-05],
[[30.0,10.0,30.0,10.0],5.020467e-07],
[[30.0,20.0,30.0,20.0],3.596777e-06],
[[31.0,30.0,31.0,30.0],0.0001690429],
[[33.0,30.0,33.0,30.0],7.121417e-05],
[[35.0,30.0,35.0,30.0],3.370201e-05],
[[40.0,20.0,40.0,20.0],6.600133e-07],
[[40.0,30.0,40.0,30.0],5.407738e-06],
[[41.0,40.0,41.0,40.0],0.0001875674],
[[43.0,40.0,43.0,40.0],0.0001096061],
[[45.0,40.0,45.0,40.0],5.492889e-05],
[[50.0,10.0,50.0,10.0],2.539109e-06],
[[50.0,30.0,50.0,30.0],1.188393e-05],
[[50.0,40.0,50.0,40.0],3.878172e-05],
[[51.0,50.0,51.0,50.0],0.0004233184],
[[53.0,50.0,53.0,50.0],0.0003870289],
[[55.0,50.0,55.0,50.0],0.0002829489],
[[60.0,20.0,60.0,20.0],2.002929e-05],
[[60.0,40.0,60.0,40.0],4.902046e-05],
[[60.0,50.0,60.0,50.0],0.0001570898],
[[61.0,60.0,61.0,60.0],0.0007607547],
[[63.0,60.0,63.0,60.0],0.0007373603],
[[65.0,60.0,65.0,60.0],0.0005837962],
[[70.0,10.0,70.0,10.0],1.339619e-05],
[[70.0,30.0,70.0,30.0],4.630148e-05],
[[70.0,50.0,70.0,50.0],0.0001354258],
[[70.0,60.0,70.0,60.0],0.0004072306],
[[71.0,70.0,71.0,70.0],0.00119666],
[[73.0,70.0,73.0,70.0],0.001098123],
[[75.0,70.0,75.0,70.0],0.0009378759],
[[80.0,20.0,80.0,20.0],6.112023e-05],
[[80.0,40.0,80.0,40.0],6.806992e-05],
[[80.0,60.0,80.0,60.0],0.0002089203],
[[80.0,70.0,80.0,70.0],0.000561473],
[[81.0,80.0,81.0,80.0],0.001581224],
[[83.0,80.0,83.0,80.0],0.001524279],
[[85.0,80.0,85.0,80.0],0.001285667],
[[90.0,10.0,90.0,10.0],6.574257e-05],
[[90.0,30.0,90.0,30.0],9.46159e-05],
[[90.0,50.0,90.0,50.0],0.0001315955],
[[90.0,70.0,90.0,70.0],0.0003347799],
[[90.0,80.0,90.0,80.0],0.000793946],
[[91.0,90.0,91.0,90.0],0.001928398],
[[93.0,90.0,93.0,90.0],0.001771346],
[[95.0,90.0,95.0,90.0],0.001808425],
[[100.0,20.0,100.0,20.0],8.378124e-05],
[[100.0,40.0,100.0,40.0],0.0001127572],
[[100.0,60.0,100.0,60.0],0.0001885627],
[[100.0,80.0,100.0,80.0],0.0005911663],
[[100.0,90.0,100.0,90.0],0.001142191],
[[101.0,100.0,101.0,100.0],0.002232933],
[[103.0,100.0,103.0,100.0],0.002365306],
[[103.0,102.0,103.0,102.0],0.002530132],
[[105.0,100.0,105.0,100.0],0.002230786],
[[105.0,102.0,105.0,102.0],0.00228075],
[[107.0,102.0,107.0,102.0],0.002172936],
[[110.0,30.0,110.0,30.0],0.000128461],
[[110.0,50.0,110.0,50.0],0.0002195278],
[[110.0,70.0,110.0,70.0],0.0003191936],
[[110.0,90.0,110.0,90.0],0.0007913749],
[[110.0,100.0,110.0,100.0],0.001643012],
[[112.0,102.0,112.0,102.0],0.00162179],
[[120.0,40.0,120.0,40.0],0.0001882616],
[[120.0,60.0,120.0,60.0],0.0002791513],
[[120.0,80.0,120.0,80.0],0.0004641199],
[[120.0,100.0,120.0,100.0],0.0009466798],
[[122.0,102.0,122.0,102.0],0.001032382],
[[123.0,122.0,123.0,122.0],0.003052528],
[[125.0,122.0,125.0,122.0],0.003099136],
[[127.0,122.0,127.0,122.0],0.003104004],
[[130.0,50.0,130.0,50.0],0.0002232873],
[[130.0,70.0,130.0,70.0],0.0003426033],
[[130.0,90.0,130.0,90.0],0.0005498863],
[[132.0,122.0,132.0,122.0],0.002330772],
[[140.0,60.0,140.0,60.0],0.0003627792],
[[140.0,80.0,140.0,80.0],0.0004855489],
[[140.0,100.0,140.0,100.0],0.0007575182],
[[142.0,102.0,142.0,102.0],0.0007478376],
[[142.0,122.0,142.0,122.0],0.00167474],
[[143.0,142.0,143.0,142.0],0.003937293],
[[145.0,142.0,145.0,142.0],0.003916542],
[[147.0,142.0,147.0,142.0],0.003890477],
[[150.0,70.0,150.0,70.0],0.0003555633],
[[150.0,90.0,150.0,90.0],0.000567442],
[[152.0,142.0,152.0,142.0],0.003144233],
[[160.0,80.0,160.0,80.0],0.0006147525],
[[160.0,100.0,160.0,100.0],0.0007696197],
[[162.0,102.0,162.0,102.0],0.0007503192],
[[162.0,122.0,162.0,122.0],0.001249173],
[[162.0,142.0,162.0,142.0],0.002278638],
[[163.0,162.0,163.0,162.0],0.004626185],
[[165.0,162.0,165.0,162.0],0.004558851],
[[167.0,162.0,167.0,162.0],0.004408799],
[[170.0,90.0,170.0,90.0],0.0006646057],
[[172.0,162.0,172.0,162.0],0.003964937],
[[180.0,100.0,180.0,100.0],0.0007400107],
[[182.0,102.0,182.0,102.0],0.0007695909],
[[182.0,122.0,182.0,122.0],0.001022719],
[[182.0,142.0,182.0,142.0],0.001563224],
[[182.0,162.0,182.0,162.0],0.0029359],
[[183.0,182.0,183.0,182.0],0.005406236],
[[185.0,182.0,185.0,182.0],0.005214256],
[[187.0,182.0,187.0,182.0],0.005075871],
[[192.0,182.0,192.0,182.0],0.004719002],
[[202.0,122.0,202.0,122.0],0.001019018],
[[202.0,142.0,202.0,142.0],0.001416323],
[[202.0,162.0,202.0,162.0],0.002025221],
[[202.0,182.0,202.0,182.0],0.003349242],
[[203.0,202.0,203.0,202.0],0.005900853],
[[205.0,202.0,205.0,202.0],0.005857744],
[[207.0,202.0,207.0,202.0],0.005982238],
[[212.0,202.0,212.0,202.0],0.00521646],
[[222.0,142.0,222.0,142.0],0.001380281],
[[222.0,162.0,222.0,162.0],0.001829184],
[[222.0,182.0,222.0,182.0],0.002510182],
[[222.0,202.0,222.0,202.0],0.004080945],
[[223.0,222.0,223.0,222.0],0.006498308],
[[225.0,222.0,225.0,222.0],0.00616647],
[[227.0,222.0,227.0,222.0],0.00637895],
[[232.0,222.0,232.0,222.0],0.005879235],
[[242.0,162.0,242.0,162.0],0.001711782],
[[242.0,182.0,242.0,182.0],0.002092962],
[[242.0,202.0,242.0,202.0],0.002962215],
[[242.0,222.0,242.0,222.0],0.004830102],
[[243.0,242.0,243.0,242.0],0.00693982],
[[245.0,242.0,245.0,242.0],0.007140743],
[[247.0,242.0,247.0,242.0],0.006738055],
[[252.0,242.0,252.0,242.0],0.006550812],
[[262.0,182.0,262.0,182.0],0.00210382],
[[262.0,202.0,262.0,202.0],0.002460175],
[[262.0,222.0,262.0,222.0],0.003429145],
[[262.0,242.0,262.0,242.0],0.00548551],
[[263.0,262.0,263.0,262.0],0.007636856],
[[265.0,262.0,265.0,262.0],0.007579917],
[[267.0,262.0,267.0,262.0],0.007474983],
[[272.0,262.0,272.0,262.0],0.006935802],
[[282.0,202.0,282.0,202.0],0.002360947],
[[282.0,222.0,282.0,222.0],0.002896567],
[[282.0,242.0,282.0,242.0],0.003969416],
[[282.0,262.0,282.0,262.0],0.005947237],
[[283.0,282.0,283.0,282.0],0.007945016],
[[285.0,282.0,285.0,282.0],0.00816738],
[[287.0,282.0,287.0,282.0],0.007883908],
[[292.0,282.0,292.0,282.0],0.007652093],
[[302.0,222.0,302.0,222.0],0.002582002],
[[302.0,242.0,302.0,242.0],0.003218173],
[[302.0,262.0,302.0,262.0],0.004361702],
[[302.0,282.0,302.0,282.0],0.006473794],
[[303.0,302.0,303.0,302.0],0.008396729],
[[305.0,302.0,305.0,302.0],0.008541791],
[[307.0,302.0,307.0,302.0],0.008393147],
[[312.0,302.0,312.0,302.0],0.0080149],
[[322.0,242.0,322.0,242.0],0.003016759],
[[322.0,262.0,322.0,262.0],0.00363893],
[[322.0,282.0,322.0,282.0],0.004736462],
[[322.0,302.0,322.0,302.0],0.006878161],
[[323.0,322.0,323.0,322.0],0.008962759],
[[325.0,322.0,325.0,322.0],0.008899724],
[[327.0,322.0,327.0,322.0],0.008799391],
[[332.0,322.0,332.0,322.0],0.00853188],
[[342.0,262.0,342.0,262.0],0.003277148],
[[342.0,282.0,342.0,282.0],0.003848749],
[[342.0,302.0,342.0,302.0],0.005253376],
[[342.0,322.0,342.0,322.0],0.007370864],
[[343.0,342.0,343.0,342.0],0.009441195],
[[345.0,342.0,345.0,342.0],0.009290211],
[[347.0,342.0,347.0,342.0],0.009245017],
[[352.0,342.0,352.0,342.0],0.00885851],
[[362.0,282.0,362.0,282.0],0.003592614],
[[362.0,302.0,362.0,302.0],0.004219],
[[362.0,322.0,362.0,322.0],0.005360434],
[[362.0,342.0,362.0,342.0],0.007817207],
[[363.0,362.0,363.0,362.0],0.009657737],
[[365.0,362.0,365.0,362.0],0.009666999],
[[367.0,362.0,367.0,362.0],0.009592732],
[[372.0,362.0,372.0,362.0],0.00948352],
[[382.0,302.0,382.0,302.0],0.003896676],
[[382.0,322.0,382.0,322.0],0.004655015],
[[382.0,342.0,382.0,342.0],0.005875646],
[[382.0,362.0,382.0,362.0],0.008277347],
[[383.0,382.0,383.0,382.0],0.01001657],
[[385.0,382.0,385.0,382.0],0.01002045],
[[387.0,382.0,387.0,382.0],0.009895464],
[[392.0,382.0,392.0,382.0],0.009629289],
[[402.0,322.0,402.0,322.0],0.004136338],
[[402.0,342.0,402.0,342.0],0.005054919],
[[402.0,362.0,402.0,362.0],0.006316874],
[[402.0,382.0,402.0,382.0],0.008562115],
[[403.0,402.0,403.0,402.0],0.01059006],
[[405.0,402.0,405.0,402.0],0.01055495],
[[407.0,402.0,407.0,402.0],0.01028651],
[[412.0,402.0,412.0,402.0],0.01007122],
[[422.0,342.0,422.0,342.0],0.004362067],
[[422.0,362.0,422.0,362.0],0.005242406],
[[422.0,382.0,422.0,382.0],0.006676619],
[[422.0,402.0,422.0,402.0],0.009184824],
[[442.0,362.0,442.0,362.0],0.00467361],
[[442.0,382.0,442.0,382.0],0.005420319],
[[442.0,402.0,442.0,402.0],0.007116807],
[[462.0,382.0,462.0,382.0],0.004830267],
[[462.0,402.0,462.0,402.0],0.006012046],
[[482.0,402.0,482.0,402.0],0.005235919],
[[503.0,502.0,503.0,502.0],0.01201497],
[[505.0,502.0,505.0,502.0],0.01177634],
[[507.0,502.0,507.0,502.0],0.01195247],
[[512.0,502.0,512.0,502.0],0.0116868],
[[522.0,502.0,522.0,502.0],0.0107662],
[[542.0,502.0,542.0,502.0],0.00848125],
[[562.0,502.0,562.0,502.0],0.007019291],
[[582.0,502.0,582.0,502.0],0.006260173],
[[603.0,602.0,603.0,602.0],0.01307971],
[[605.0,602.0,605.0,602.0],0.0132854],
[[607.0,602.0,607.0,602.0],0.01300434],
[[612.0,602.0,612.0,602.0],0.01267225],
[[622.0,602.0,622.0,602.0],0.0118159],
[[642.0,602.0,642.0,602.0],0.009697129],
[[662.0,602.0,662.0,602.0],0.008121369],
[[682.0,602.0,682.0,602.0],0.006993049],
[[703.0,702.0,703.0,702.0],0.01387662],
[[705.0,702.0,705.0,702.0],0.01384319],
[[707.0,702.0,707.0,702.0],0.01379899],
[[712.0,702.0,712.0,702.0],0.01379097],
[[722.0,702.0,722.0,702.0],0.01265985],
[[742.0,702.0,742.0,702.0],0.01044071],
[[762.0,702.0,762.0,702.0],0.008931484],
[[782.0,702.0,782.0,702.0],0.007614946],
[[803.0,802.0,803.0,802.0],0.01458937],
[[805.0,802.0,805.0,802.0],0.01477667],
[[807.0,802.0,807.0,802.0],0.01440943],
[[812.0,802.0,812.0,802.0],0.0141307],
[[822.0,802.0,822.0,802.0],0.01353027],
[[842.0,802.0,842.0,802.0],0.01130517],
[[862.0,802.0,862.0,802.0],0.009574428],
[[882.0,802.0,882.0,802.0],0.008375118],
[[903.0,902.0,903.0,902.0],0.01533309],
[[905.0,902.0,905.0,902.0],0.01533484],
[[907.0,902.0,907.0,902.0],0.01522196],
[[912.0,902.0,912.0,902.0],0.01497668],
[[922.0,902.0,922.0,902.0],0.01427784],
[[942.0,902.0,942.0,902.0],0.01186523],
[[962.0,902.0,962.0,902.0],0.00982543],
[[982.0,902.0,982.0,902.0],0.008839494],
[[1003.0,1002.0,1003.0,1002.0],0.01578538],
[[1005.0,1002.0,1005.0,1002.0],0.01588032],
[[1007.0,1002.0,1007.0,1002.0],0.015716],
[[1012.0,1002.0,1012.0,1002.0],0.01517776],
[[1022.0,1002.0,1022.0,1002.0],0.01474117],
[[1042.0,1002.0,1042.0,1002.0],0.0122527],
[[1062.0,1002.0,1062.0,1002.0],0.01045459],
[[1082.0,1002.0,1082.0,1002.0],0.009351349],
[[1103.0,1102.0,1103.0,1102.0],0.0157658],
[[1105.0,1102.0,1105.0,1102.0],0.01595098],
[[1107.0,1102.0,1107.0,1102.0],0.0159341],
[[1112.0,1102.0,1112.0,1102.0],0.01617343],
[[1122.0,1102.0,1122.0,1102.0],0.0151564],
[[1142.0,1102.0,1142.0,1102.0],0.01305412],
[[1162.0,1102.0,1162.0,1102.0],0.01131202],
[[1182.0,1102.0,1182.0,1102.0],0.009781523],
[[1203.0,1202.0,1203.0,1202.0],0.01631224],
[[1205.0,1202.0,1205.0,1202.0],0.01675283],
[[1207.0,1202.0,1207.0,1202.0],0.01655902],
[[1212.0,1202.0,1212.0,1202.0],0.01663661],
[[1222.0,1202.0,1222.0,1202.0],0.01578603],
[[1242.0,1202.0,1242.0,1202.0],0.01341766],
[[1262.0,1202.0,1262.0,1202.0],0.0115415],
[[1282.0,1202.0,1282.0,1202.0],0.01032959],
[[1303.0,1302.0,1303.0,1302.0],0.01755152],
[[1305.0,1302.0,1305.0,1302.0],0.01723203],
[[1307.0,1302.0,1307.0,1302.0],0.01705621],
[[1312.0,1302.0,1312.0,1302.0],0.01697225],
[[1322.0,1302.0,1322.0,1302.0],0.01696966],
[[1342.0,1302.0,1342.0,1302.0],0.01377877],
[[1362.0,1302.0,1362.0,1302.0],0.01186502],
[[1382.0,1302.0,1382.0,1302.0],0.01077929],
[[1403.0,1402.0,1403.0,1402.0],0.01791102],
[[1405.0,1402.0,1405.0,1402.0],0.01782968],
[[1407.0,1402.0,1407.0,1402.0],0.01804766],
[[1412.0,1402.0,1412.0,1402.0],0.01753274],
[[1422.0,1402.0,1422.0,1402.0],0.01719997],
[[1442.0,1402.0,1442.0,1402.0],0.01462256],
[[1462.0,1402.0,1462.0,1402.0],0.01235547],
[[1482.0,1402.0,1482.0,1402.0],0.01088235],
[[1503.0,1502.0,1503.0,1502.0],0.01801558],
[[1505.0,1502.0,1505.0,1502.0],0.01762871],
[[1507.0,1502.0,1507.0,1502.0],0.01799865],
[[1512.0,1502.0,1512.0,1502.0],0.01805838],
[[1522.0,1502.0,1522.0,1502.0],0.01724463],
[[1542.0,1502.0,1542.0,1502.0],0.01479224],
[[1562.0,1502.0,1562.0,1502.0],0.01314337],
[[1582.0,1502.0,1582.0,1502.0],0.01104856],
[[1603.0,1602.0,1603.0,1602.0],0.01812014],
[[1605.0,1602.0,1605.0,1602.0],0.01805179],
[[1607.0,1602.0,1607.0,1602.0],0.01836559],
[[1612.0,1602.0,1612.0,1602.0],0.01793111],
[[1622.0,1602.0,1622.0,1602.0],0.0175233],
[[1642.0,1602.0,1642.0,1602.0],0.0147216],
[[1662.0,1602.0,1662.0,1602.0],0.01286363],
[[1682.0,1602.0,1682.0,1602.0],0.01151112],
[[1703.0,1702.0,1703.0,1702.0],0.01842877],
[[1705.0,1702.0,1705.0,1702.0],0.01809931],
[[1707.0,1702.0,1707.0,1702.0],0.01794797],
[[1712.0,1702.0,1712.0,1702.0],0.01752304],
[[1722.0,1702.0,1722.0,1702.0],0.01753108],
[[1742.0,1702.0,1742.0,1702.0],0.01519265],
[[1762.0,1702.0,1762.0,1702.0],0.01306736],
[[1782.0,1702.0,1782.0,1702.0],0.01156138],
[[1803.0,1802.0,1803.0,1802.0],0.01803146],
[[1805.0,1802.0,1805.0,1802.0],0.01852731],
[[1807.0,1802.0,1807.0,1802.0],0.01824053],
[[1812.0,1802.0,1812.0,1802.0],0.01733638],
[[1822.0,1802.0,1822.0,1802.0],0.01768496],
[[1842.0,1802.0,1842.0,1802.0],0.01522954],
[[1862.0,1802.0,1862.0,1802.0],0.01281319],
[[1882.0,1802.0,1882.0,1802.0],0.01133527],
[[1903.0,1902.0,1903.0,1902.0],0.01834408],
[[1905.0,1902.0,1905.0,1902.0],0.0181327],
[[1907.0,1902.0,1907.0,1902.0],0.01845749],
[[1912.0,1902.0,1912.0,1902.0],0.01783676],
[[1922.0,1902.0,1922.0,1902.0],0.0174285],
[[1942.0,1902.0,1942.0,1902.0],0.01514555],
[[1962.0,1902.0,1962.0,1902.0],0.01301705],
[[1982.0,1902.0,1982.0,1902.0],0.0113219],
[[2003.0,2002.0,2003.0,2002.0],0.01768037],
[[2005.0,2002.0,2005.0,2002.0],0.01758228],
[[2007.0,2002.0,2007.0,2002.0],0.01770733],
[[2012.0,2002.0,2012.0,2002.0],0.01787234],
[[2022.0,2002.0,2022.0,2002.0],0.01740167],
[[2042.0,2002.0,2042.0,2002.0],0.0155901],
[[2062.0,2002.0,2062.0,2002.0],0.01284335],
[[2082.0,2002.0,2082.0,2002.0],0.01195336]]
