txName: TChiZISRll
constraint: {(PV > anyBSM(1), MET(3)), (anyBSM(1) > l+,l-,MET(2))}
condition: None
conditionDescription: None
figureUrl: None
source: Recast by MA5
validated: True
axesMap: [{0: 'x', 1: 'y', 2: 'y'}]
dataMap: {0: (1, 'mass', GeV), 1: (2, 'mass', GeV), 2: (3, 'mass', GeV)}
finalState: ['MET', 'MET']
intermediateState: None
efficiencyMap: [[[10.0,1.0,1.0],7.150033e-09],
[[10.0,5.0,5.0],1.694228e-08],
[[10.0,7.0,7.0],1.077738e-07],
[[10.0,9.0,9.0],1.631187e-06],
[[20.0,1.0,1.0],3.521655e-09],
[[20.0,15.0,15.0],5.980089e-08],
[[20.0,17.0,17.0],4.713631e-08],
[[20.0,19.0,19.0],1.49406e-07],
[[30.0,1.0,1.0],3.015532e-09],
[[30.0,20.0,20.0],1.433876e-08],
[[30.0,25.0,25.0],3.856992e-08],
[[30.0,27.0,27.0],5.469096e-08],
[[30.0,29.0,29.0],1.968445e-07],
[[40.0,1.0,1.0],0.0],
[[40.0,20.0,20.0],1.185065e-08],
[[40.0,30.0,30.0],1.197282e-08],
[[40.0,35.0,35.0],5.603955e-08],
[[40.0,37.0,37.0],1.340974e-07],
[[40.0,39.0,39.0],4.178912e-07],
[[50.0,1.0,1.0],8.509219e-09],
[[50.0,20.0,20.0],5.267005e-09],
[[50.0,30.0,30.0],0.0],
[[50.0,40.0,40.0],8.009355e-08],
[[50.0,45.0,45.0],5.666551e-07],
[[50.0,47.0,47.0],9.4968e-07],
[[50.0,49.0,49.0],2.044319e-06],
[[60.0,1.0,1.0],6.264481e-09],
[[60.0,20.0,20.0],0.0],
[[60.0,30.0,30.0],1.6326e-08],
[[60.0,40.0,40.0],1.452581e-07],
[[60.0,50.0,50.0],9.506531e-07],
[[60.0,55.0,55.0],1.215986e-06],
[[60.0,57.0,57.0],2.379606e-06],
[[60.0,59.0,59.0],5.018449e-06],
[[61.0,52.0,52.0],4.785428e-07],
[[62.0,2.0,2.0],0.0],
[[62.0,12.0,12.0],0.0],
[[62.0,22.0,22.0],0.0],
[[62.0,32.0,32.0],7.094984e-08],
[[62.0,42.0,42.0],1.834778e-07],
[[63.0,62.0,62.0],3.964392e-06],
[[65.0,62.0,62.0],2.066884e-06],
[[67.0,62.0,62.0],2.211438e-06],
[[69.0,62.0,62.0],1.265991e-06],
[[72.0,2.0,2.0],0.0],
[[72.0,12.0,12.0],7.617177e-09],
[[72.0,22.0,22.0],6.60364e-08],
[[72.0,32.0,32.0],1.279269e-07],
[[72.0,42.0,42.0],2.527331e-07],
[[72.0,52.0,52.0],4.414982e-07],
[[73.0,72.0,72.0],5.167258e-06],
[[75.0,72.0,72.0],3.627456e-06],
[[77.0,72.0,72.0],3.076281e-06],
[[79.0,72.0,72.0],2.04703e-06],
[[82.0,2.0,2.0],0.0],
[[82.0,12.0,12.0],3.36662e-08],
[[82.0,22.0,22.0],9.164635e-08],
[[82.0,32.0,32.0],1.557975e-07],
[[82.0,42.0,42.0],3.097914e-07],
[[82.0,52.0,52.0],3.774002e-07],
[[82.0,62.0,62.0],7.553032e-07],
[[83.0,82.0,82.0],8.401194e-06],
[[85.0,82.0,82.0],5.86713e-06],
[[87.0,82.0,82.0],5.019087e-06],
[[89.0,82.0,82.0],3.258922e-06],
[[91.0,82.0,82.0],3.360561e-06],
[[92.0,12.0,12.0],3.503186e-08],
[[92.0,22.0,22.0],9.967495e-08],
[[92.0,32.0,32.0],1.141121e-07],
[[92.0,42.0,42.0],2.890384e-07],
[[92.0,52.0,52.0],6.575268e-07],
[[92.0,62.0,62.0],6.598554e-07],
[[92.0,72.0,72.0],1.089438e-06],
[[93.0,92.0,92.0],1.137336e-05],
[[97.0,92.0,92.0],6.404584e-06],
[[99.0,92.0,92.0],4.635188e-06],
[[102.0,22.0,22.0],1.003876e-07],
[[102.0,32.0,32.0],2.342399e-07],
[[102.0,42.0,42.0],7.496788e-07],
[[102.0,52.0,52.0],6.08252e-07],
[[102.0,62.0,62.0],6.264349e-07],
[[102.0,72.0,72.0],8.747667e-07],
[[102.0,82.0,82.0],2.150618e-06],
[[103.0,102.0,102.0],1.555581e-05],
[[107.0,102.0,102.0],8.026785e-06],
[[109.0,102.0,102.0],7.440991e-06],
[[112.0,32.0,32.0],2.87815e-07],
[[112.0,42.0,42.0],2.250332e-07],
[[112.0,52.0,52.0],5.916903e-07],
[[112.0,62.0,62.0],5.973449e-07],
[[112.0,72.0,72.0],6.380107e-07],
[[112.0,82.0,82.0],1.361863e-06],
[[112.0,92.0,92.0],2.577342e-06],
[[122.0,42.0,42.0],5.469365e-07],
[[122.0,52.0,52.0],8.538224e-07],
[[122.0,62.0,62.0],6.643358e-07],
[[122.0,72.0,72.0],1.062395e-06],
[[122.0,82.0,82.0],1.077581e-06],
[[122.0,92.0,92.0],2.172937e-06],
[[122.0,102.0,102.0],3.173444e-06],
[[123.0,122.0,122.0],2.266612e-05],
[[127.0,122.0,122.0],1.291905e-05],
[[129.0,122.0,122.0],1.106824e-05],
[[132.0,52.0,52.0],7.878609e-07],
[[132.0,62.0,62.0],2.603113e-06],
[[132.0,72.0,72.0],1.19303e-06],
[[132.0,82.0,82.0],1.182398e-06],
[[132.0,92.0,92.0],1.292324e-06],
[[132.0,102.0,102.0],2.319313e-06],
[[142.0,62.0,62.0],9.702988e-07],
[[142.0,72.0,72.0],1.013661e-06],
[[142.0,82.0,82.0],1.542626e-06],
[[142.0,92.0,92.0],1.580545e-06],
[[142.0,102.0,102.0],1.715717e-06],
[[142.0,122.0,122.0],4.962925e-06],
[[143.0,142.0,142.0],2.904508e-05],
[[147.0,142.0,142.0],2.142256e-05],
[[149.0,142.0,142.0],1.773549e-05],
[[151.0,142.0,142.0],1.386645e-05],
[[152.0,72.0,72.0],9.540098e-07],
[[152.0,82.0,82.0],1.299333e-06],
[[152.0,92.0,92.0],2.369881e-06],
[[152.0,102.0,102.0],2.820783e-06],
[[152.0,122.0,122.0],3.639767e-06],
[[162.0,82.0,82.0],1.28908e-06],
[[162.0,92.0,92.0],1.931946e-06],
[[162.0,102.0,102.0],1.882655e-06],
[[162.0,122.0,122.0],3.372027e-06],
[[162.0,142.0,142.0],9.425031e-06],
[[163.0,162.0,162.0],4.17367e-05],
[[167.0,162.0,162.0],2.931785e-05],
[[169.0,162.0,162.0],2.367877e-05],
[[171.0,162.0,162.0],1.847104e-05],
[[172.0,92.0,92.0],1.558328e-06],
[[172.0,102.0,102.0],2.130127e-06],
[[172.0,122.0,122.0],2.958022e-06],
[[172.0,142.0,142.0],7.53294e-06],
[[182.0,102.0,102.0],3.529665e-06],
[[182.0,122.0,122.0],2.503869e-06],
[[182.0,142.0,142.0],4.864431e-06],
[[182.0,162.0,162.0],9.874554e-06],
[[183.0,182.0,182.0],5.198781e-05],
[[187.0,182.0,182.0],3.580579e-05],
[[189.0,182.0,182.0],3.035399e-05],
[[191.0,182.0,182.0],2.797192e-05],
[[192.0,122.0,122.0],2.244986e-06],
[[192.0,142.0,142.0],3.900921e-06],
[[192.0,162.0,162.0],1.15825e-05],
[[202.0,122.0,122.0],2.572505e-06],
[[202.0,142.0,142.0],3.957581e-06],
[[202.0,162.0,162.0],4.964049e-06],
[[202.0,182.0,182.0],1.580167e-05],
[[203.0,202.0,202.0],6.361346e-05],
[[207.0,202.0,202.0],4.872677e-05],
[[209.0,202.0,202.0],5.229311e-05],
[[211.0,202.0,202.0],3.335628e-05],
[[212.0,142.0,142.0],3.435237e-06],
[[212.0,162.0,162.0],4.076019e-06],
[[212.0,182.0,182.0],1.050642e-05],
[[222.0,142.0,142.0],3.300991e-06],
[[222.0,162.0,162.0],4.255189e-06],
[[222.0,182.0,182.0],7.333085e-06],
[[222.0,202.0,202.0],1.831823e-05],
[[223.0,222.0,222.0],7.259548e-05],
[[227.0,222.0,222.0],6.008988e-05],
[[229.0,222.0,222.0],5.069166e-05],
[[231.0,222.0,222.0],3.853965e-05],
[[232.0,162.0,162.0],4.067045e-06],
[[232.0,182.0,182.0],5.671481e-06],
[[232.0,202.0,202.0],1.222266e-05],
[[242.0,162.0,162.0],4.019732e-06],
[[242.0,182.0,182.0],5.659266e-06],
[[242.0,202.0,202.0],9.333279e-06],
[[242.0,222.0,222.0],1.802192e-05],
[[243.0,242.0,242.0],8.348757e-05],
[[247.0,242.0,242.0],6.552787e-05],
[[249.0,242.0,242.0],6.421707e-05],
[[251.0,242.0,242.0],4.844877e-05],
[[252.0,182.0,182.0],4.735429e-06],
[[252.0,202.0,202.0],7.552422e-06],
[[252.0,222.0,222.0],1.722177e-05],
[[262.0,182.0,182.0],5.568623e-06],
[[262.0,202.0,202.0],6.688691e-06],
[[262.0,222.0,222.0],1.113582e-05],
[[262.0,242.0,242.0],2.545479e-05],
[[263.0,262.0,262.0],0.0001004883],
[[267.0,262.0,262.0],8.259339e-05],
[[269.0,262.0,262.0],6.369057e-05],
[[272.0,202.0,202.0],6.003582e-06],
[[272.0,222.0,222.0],9.752054e-06],
[[272.0,242.0,242.0],1.630566e-05],
[[282.0,202.0,202.0],5.902035e-06],
[[282.0,222.0,222.0],8.222319e-06],
[[282.0,242.0,242.0],1.380762e-05],
[[282.0,262.0,262.0],2.769422e-05],
[[283.0,282.0,282.0],0.0001048893],
[[287.0,282.0,282.0],9.427031e-05],
[[289.0,282.0,282.0],6.962296e-05],
[[292.0,222.0,222.0],7.62565e-06],
[[292.0,242.0,242.0],1.181844e-05],
[[292.0,262.0,262.0],1.951738e-05],
[[302.0,222.0,222.0],8.871239e-06],
[[302.0,242.0,242.0],8.789364e-06],
[[302.0,262.0,262.0],1.544737e-05],
[[302.0,282.0,282.0],3.723585e-05],
[[303.0,302.0,302.0],0.0001121918],
[[307.0,302.0,302.0],9.915066e-05],
[[309.0,302.0,302.0],7.952836e-05],
[[312.0,242.0,242.0],6.951715e-06],
[[312.0,262.0,262.0],1.172772e-05],
[[312.0,282.0,282.0],2.476236e-05],
[[322.0,242.0,242.0],7.461781e-06],
[[322.0,262.0,262.0],1.146395e-05],
[[322.0,282.0,282.0],1.53695e-05],
[[322.0,302.0,302.0],4.197102e-05],
[[323.0,322.0,322.0],0.0001229181],
[[327.0,322.0,322.0],0.0001157158],
[[329.0,322.0,322.0],0.0001020946],
[[332.0,262.0,262.0],1.053301e-05],
[[332.0,282.0,282.0],1.617522e-05],
[[332.0,302.0,302.0],2.980158e-05],
[[342.0,262.0,262.0],9.90104e-06],
[[342.0,282.0,282.0],1.201762e-05],
[[342.0,302.0,302.0],1.964555e-05],
[[342.0,322.0,322.0],4.574315e-05],
[[343.0,342.0,342.0],0.0001526924],
[[347.0,342.0,342.0],0.0001215496],
[[349.0,342.0,342.0],0.0001023689],
[[352.0,282.0,282.0],1.117559e-05],
[[352.0,302.0,302.0],1.532852e-05],
[[352.0,322.0,322.0],2.453871e-05],
[[362.0,282.0,282.0],1.097795e-05],
[[362.0,302.0,302.0],1.474731e-05],
[[362.0,322.0,322.0],2.096744e-05],
[[362.0,342.0,342.0],4.395409e-05],
[[363.0,362.0,362.0],0.0001504069],
[[367.0,362.0,362.0],0.0001255194],
[[369.0,362.0,362.0],0.0001130402],
[[372.0,302.0,302.0],1.333538e-05],
[[372.0,342.0,342.0],3.023573e-05],
[[382.0,302.0,302.0],1.185375e-05],
[[382.0,322.0,322.0],1.367622e-05],
[[382.0,362.0,362.0],4.988044e-05],
[[383.0,382.0,382.0],0.0001479784],
[[387.0,382.0,382.0],0.0001339893],
[[389.0,382.0,382.0],0.0001222145],
[[391.0,382.0,382.0],0.0001102295],
[[392.0,322.0,322.0],1.838222e-05],
[[392.0,342.0,342.0],1.634782e-05],
[[392.0,362.0,362.0],3.524397e-05],
[[402.0,322.0,322.0],1.384194e-05],
[[402.0,342.0,342.0],1.443812e-05],
[[402.0,362.0,362.0],2.576117e-05],
[[402.0,382.0,382.0],5.572876e-05],
[[403.0,402.0,402.0],0.0001681865],
[[412.0,342.0,342.0],1.558568e-05],
[[412.0,362.0,362.0],1.877459e-05],
[[412.0,382.0,382.0],4.454849e-05],
[[413.0,402.0,402.0],0.0001019022],
[[417.0,402.0,402.0],7.958519e-05],
[[422.0,342.0,342.0],1.516487e-05],
[[422.0,362.0,362.0],1.575413e-05],
[[422.0,382.0,382.0],3.145352e-05],
[[422.0,402.0,402.0],6.69496e-05],
[[432.0,362.0,362.0],1.389043e-05],
[[432.0,382.0,382.0],2.120117e-05],
[[432.0,402.0,402.0],3.896045e-05],
[[442.0,362.0,362.0],1.840139e-05],
[[442.0,382.0,382.0],2.067361e-05],
[[452.0,382.0,382.0],1.466588e-05],
[[452.0,402.0,402.0],2.209303e-05],
[[462.0,382.0,382.0],1.516111e-05],
[[462.0,402.0,402.0],2.027126e-05],
[[482.0,402.0,402.0],1.999701e-05],
[[503.0,502.0,502.0],0.0002160772],
[[513.0,502.0,502.0],0.0001435684],
[[517.0,502.0,502.0],0.0001164932],
[[522.0,502.0,502.0],7.970041e-05],
[[532.0,502.0,502.0],5.098976e-05],
[[552.0,502.0,502.0],3.22189e-05],
[[582.0,502.0,502.0],2.275948e-05],
[[603.0,602.0,602.0],0.0002618106],
[[613.0,602.0,602.0],0.0001759175],
[[617.0,602.0,602.0],0.0001376723],
[[622.0,602.0,602.0],9.620425e-05],
[[632.0,602.0,602.0],6.738691e-05],
[[652.0,602.0,602.0],3.933239e-05],
[[682.0,602.0,602.0],3.389163e-05],
[[703.0,702.0,702.0],0.0003048922],
[[713.0,702.0,702.0],0.0002026672],
[[717.0,702.0,702.0],0.0001662807],
[[722.0,702.0,702.0],0.0001289098],
[[732.0,702.0,702.0],7.925676e-05],
[[752.0,702.0,702.0],4.079742e-05],
[[782.0,702.0,702.0],3.271405e-05],
[[803.0,802.0,802.0],0.0003357407],
[[813.0,802.0,802.0],0.0002481664],
[[817.0,802.0,802.0],0.0001772023],
[[822.0,802.0,802.0],0.0001299062],
[[832.0,802.0,802.0],9.509167e-05],
[[852.0,802.0,802.0],4.999896e-05],
[[882.0,802.0,802.0],3.712727e-05],
[[903.0,902.0,902.0],0.0003492896],
[[913.0,902.0,902.0],0.0002617502],
[[917.0,902.0,902.0],0.0002060849],
[[922.0,902.0,902.0],0.0001588815],
[[932.0,902.0,902.0],0.0001026493],
[[952.0,902.0,902.0],5.691378e-05],
[[982.0,902.0,902.0],3.944313e-05],
[[1003.0,1002.0,1002.0],0.0003764445],
[[1013.0,1002.0,1002.0],0.0002904753],
[[1017.0,1002.0,1002.0],0.0002228431],
[[1022.0,1002.0,1002.0],0.0001785254],
[[1032.0,1002.0,1002.0],9.607309e-05],
[[1052.0,1002.0,1002.0],6.306839e-05],
[[1082.0,1002.0,1002.0],4.11802e-05],
[[1103.0,1102.0,1102.0],0.0003917619],
[[1113.0,1102.0,1102.0],0.0002980028],
[[1117.0,1102.0,1102.0],0.0002393827],
[[1122.0,1102.0,1102.0],0.0001786254],
[[1132.0,1102.0,1102.0],0.0001095586],
[[1152.0,1102.0,1102.0],6.316517e-05],
[[1182.0,1102.0,1102.0],4.617345e-05],
[[1203.0,1202.0,1202.0],0.0003931938],
[[1213.0,1202.0,1202.0],0.0003097746],
[[1217.0,1202.0,1202.0],0.0002572521],
[[1222.0,1202.0,1202.0],0.0001866512],
[[1232.0,1202.0,1202.0],0.0001211837],
[[1252.0,1202.0,1202.0],6.464265e-05],
[[1282.0,1202.0,1202.0],4.7413e-05],
[[1303.0,1302.0,1302.0],0.0003980189],
[[1313.0,1302.0,1302.0],0.0003178443],
[[1317.0,1302.0,1302.0],0.000255394],
[[1322.0,1302.0,1302.0],0.0001938953],
[[1332.0,1302.0,1302.0],0.0001227057],
[[1352.0,1302.0,1302.0],6.900818e-05],
[[1382.0,1302.0,1302.0],4.348239e-05],
[[1403.0,1402.0,1402.0],0.0004164956],
[[1413.0,1402.0,1402.0],0.0003218928],
[[1417.0,1402.0,1402.0],0.0002487153],
[[1422.0,1402.0,1402.0],0.0002009334],
[[1432.0,1402.0,1402.0],0.0001316196],
[[1452.0,1402.0,1402.0],7.28877e-05],
[[1482.0,1402.0,1402.0],4.531932e-05],
[[1503.0,1502.0,1502.0],0.0004258363],
[[1513.0,1502.0,1502.0],0.0003406505],
[[1517.0,1502.0,1502.0],0.0002667665],
[[1522.0,1502.0,1502.0],0.0002021252],
[[1532.0,1502.0,1502.0],0.0001168044],
[[1552.0,1502.0,1502.0],7.05566e-05],
[[1582.0,1502.0,1502.0],4.585162e-05],
[[1603.0,1602.0,1602.0],0.0004261074],
[[1613.0,1602.0,1602.0],0.0003541684],
[[1617.0,1602.0,1602.0],0.000271881],
[[1622.0,1602.0,1602.0],0.0002007589],
[[1632.0,1602.0,1602.0],0.0001222933],
[[1652.0,1602.0,1602.0],7.20773e-05],
[[1682.0,1602.0,1602.0],5.249586e-05],
[[1703.0,1702.0,1702.0],0.0004296396],
[[1713.0,1702.0,1702.0],0.0003467069],
[[1717.0,1702.0,1702.0],0.0002809829],
[[1722.0,1702.0,1702.0],0.0002059076],
[[1732.0,1702.0,1702.0],0.0001212334],
[[1752.0,1702.0,1702.0],7.13554e-05],
[[1782.0,1702.0,1702.0],4.288267e-05],
[[1803.0,1802.0,1802.0],0.0004135828],
[[1813.0,1802.0,1802.0],0.0003518174],
[[1817.0,1802.0,1802.0],0.0002770591],
[[1822.0,1802.0,1802.0],0.0002141194],
[[1832.0,1802.0,1802.0],0.0001290472],
[[1852.0,1802.0,1802.0],8.043926e-05],
[[1872.0,1802.0,1802.0],5.223777e-05],
[[1882.0,1802.0,1802.0],4.754731e-05],
[[1903.0,1902.0,1902.0],0.0004201117],
[[1913.0,1902.0,1902.0],0.0003403734],
[[1917.0,1902.0,1902.0],0.0002918227],
[[1922.0,1902.0,1902.0],0.0002124516],
[[1942.0,1902.0,1902.0],9.399775e-05],
[[1952.0,1902.0,1902.0],6.971994e-05],
[[1982.0,1902.0,1902.0],4.77301e-05],
[[2003.0,2002.0,2002.0],0.0004141407],
[[2013.0,2002.0,2002.0],0.0003550306],
[[2017.0,2002.0,2002.0],0.0002779465],
[[2022.0,2002.0,2002.0],0.0002165369],
[[2032.0,2002.0,2002.0],0.0001183313],
[[2042.0,2002.0,2002.0],8.894798e-05],
[[2052.0,2002.0,2002.0],7.010973e-05],
[[2072.0,2002.0,2002.0],5.45006e-05],
[[2082.0,2002.0,2002.0],5.174885e-05]]
