txName: TChiISR
constraint: {(PV > MET(1), MET(2))}
condition: None
conditionDescription: None
figureUrl: None
source: Recast by MA5
validated: True
axesMap: [{0: 'x', 1: 'y'}]
dataMap: {0: (1, 'mass', GeV), 1: (2, 'mass', GeV)}
finalState: ['MET', 'MET']
intermediateState: None
efficiencyMap: [[[1.0,10.0],2.711241e-07],
[[1.0,20.0],2.09569e-07],
[[1.0,30.0],2.513752e-07],
[[1.0,40.0],7.262669e-07],
[[1.0,50.0],4.650467e-07],
[[1.0,60.0],4.097435e-07],
[[5.0,10.0],3.447751e-07],
[[7.0,10.0],8.657299e-07],
[[9.0,10.0],5.223814e-07],
[[10.0,1.0],2.711241e-07],
[[10.0,5.0],3.447751e-07],
[[10.0,7.0],8.657299e-07],
[[10.0,9.0],5.223814e-07],
[[10.0,10.0],4.627661e-07],
[[12.0,62.0],2.954039e-07],
[[12.0,72.0],5.908911e-07],
[[12.0,82.0],1.373378e-06],
[[12.0,92.0],4.215698e-06],
[[12.0,102.0],9.521099e-06],
[[12.0,212.0],2.637231e-05],
[[12.0,312.0],5.115052e-05],
[[15.0,20.0],2.783557e-07],
[[17.0,20.0],2.659696e-07],
[[19.0,20.0],2.275563e-07],
[[20.0,1.0],2.09569e-07],
[[20.0,15.0],2.783557e-07],
[[20.0,17.0],2.659696e-07],
[[20.0,19.0],2.275563e-07],
[[20.0,20.0],2.37894e-07],
[[20.0,30.0],8.122072e-07],
[[20.0,40.0],7.423474e-07],
[[20.0,50.0],4.506189e-07],
[[20.0,60.0],5.902725e-07],
[[25.0,30.0],4.13632e-07],
[[27.0,30.0],6.845916e-07],
[[29.0,30.0],5.177782e-07],
[[30.0,1.0],2.513752e-07],
[[30.0,20.0],8.122072e-07],
[[30.0,25.0],4.13632e-07],
[[30.0,27.0],6.845916e-07],
[[30.0,29.0],5.177782e-07],
[[30.0,30.0],2.900282e-07],
[[30.0,40.0],4.678274e-07],
[[30.0,50.0],2.780707e-07],
[[30.0,60.0],6.894838e-07],
[[32.0,62.0],2.103961e-06],
[[32.0,72.0],3.490873e-06],
[[32.0,82.0],5.004468e-06],
[[32.0,92.0],5.295606e-06],
[[32.0,102.0],6.580846e-06],
[[32.0,112.0],1.183426e-05],
[[32.0,122.0],1.457774e-05],
[[32.0,232.0],4.382105e-05],
[[32.0,332.0],6.596928e-05],
[[35.0,40.0],2.826344e-07],
[[37.0,40.0],8.587703e-07],
[[39.0,40.0],9.551166e-07],
[[40.0,1.0],7.262669e-07],
[[40.0,20.0],7.423474e-07],
[[40.0,30.0],4.678274e-07],
[[40.0,35.0],2.826344e-07],
[[40.0,37.0],8.587703e-07],
[[40.0,39.0],9.551166e-07],
[[40.0,40.0],4.17742e-07],
[[40.0,50.0],1.302155e-06],
[[40.0,60.0],2.123155e-06],
[[45.0,50.0],1.922338e-06],
[[47.0,50.0],1.938212e-06],
[[49.0,50.0],2.253919e-06],
[[50.0,1.0],4.650467e-07],
[[50.0,20.0],4.506189e-07],
[[50.0,30.0],2.780707e-07],
[[50.0,40.0],1.302155e-06],
[[50.0,45.0],1.922338e-06],
[[50.0,47.0],1.938212e-06],
[[50.0,49.0],2.253919e-06],
[[50.0,50.0],5.535788e-06],
[[50.0,60.0],3.981332e-06],
[[52.0,62.0],4.208988e-06],
[[52.0,67.0],5.957204e-06],
[[52.0,72.0],5.492994e-06],
[[52.0,82.0],1.254621e-05],
[[52.0,92.0],1.077117e-05],
[[52.0,102.0],9.978302e-06],
[[52.0,112.0],1.19059e-05],
[[52.0,122.0],1.400479e-05],
[[52.0,132.0],1.776112e-05],
[[52.0,142.0],1.809277e-05],
[[52.0,252.0],4.323715e-05],
[[52.0,352.0],7.716967e-05],
[[55.0,60.0],4.603444e-06],
[[57.0,60.0],4.584857e-06],
[[59.0,60.0],5.175303e-06],
[[60.0,1.0],4.097435e-07],
[[60.0,20.0],5.902725e-07],
[[60.0,30.0],6.894838e-07],
[[60.0,40.0],2.123155e-06],
[[60.0,50.0],3.981332e-06],
[[60.0,55.0],4.603444e-06],
[[60.0,57.0],4.584857e-06],
[[60.0,59.0],5.175303e-06],
[[60.0,60.0],5.89011e-06],
[[62.0,12.0],2.954039e-07],
[[62.0,32.0],2.103961e-06],
[[62.0,52.0],4.208988e-06],
[[67.0,52.0],5.957204e-06],
[[72.0,12.0],5.908911e-07],
[[72.0,32.0],3.490873e-06],
[[72.0,52.0],5.492994e-06],
[[72.0,72.0],9.096559e-06],
[[72.0,75.0],1.000892e-05],
[[72.0,77.0],9.312658e-06],
[[72.0,82.0],9.898173e-06],
[[72.0,87.0],1.158712e-05],
[[72.0,92.0],1.163343e-05],
[[72.0,102.0],1.639767e-05],
[[72.0,112.0],2.088496e-05],
[[72.0,122.0],1.589335e-05],
[[72.0,132.0],2.347283e-05],
[[72.0,142.0],2.488406e-05],
[[72.0,152.0],2.3152e-05],
[[72.0,162.0],2.826514e-05],
[[72.0,272.0],5.577874e-05],
[[72.0,372.0],8.205676e-05],
[[75.0,72.0],1.000892e-05],
[[77.0,72.0],9.312658e-06],
[[82.0,12.0],1.373378e-06],
[[82.0,32.0],5.004468e-06],
[[82.0,52.0],1.254621e-05],
[[82.0,72.0],9.898173e-06],
[[87.0,72.0],1.158712e-05],
[[92.0,12.0],4.215698e-06],
[[92.0,32.0],5.295606e-06],
[[92.0,52.0],1.077117e-05],
[[92.0,72.0],1.163343e-05],
[[92.0,92.0],1.670882e-05],
[[92.0,95.0],1.588989e-05],
[[92.0,97.0],1.603076e-05],
[[92.0,102.0],1.501244e-05],
[[92.0,107.0],2.62078e-05],
[[92.0,112.0],2.254037e-05],
[[92.0,122.0],2.452634e-05],
[[92.0,132.0],3.530417e-05],
[[92.0,142.0],3.183447e-05],
[[92.0,152.0],2.946067e-05],
[[92.0,162.0],3.406749e-05],
[[92.0,172.0],3.47316e-05],
[[92.0,182.0],4.003265e-05],
[[92.0,292.0],6.481054e-05],
[[92.0,392.0],0.0001026958],
[[95.0,92.0],1.588989e-05],
[[97.0,92.0],1.603076e-05],
[[102.0,12.0],9.521099e-06],
[[102.0,32.0],6.580846e-06],
[[102.0,52.0],9.978302e-06],
[[102.0,72.0],1.639767e-05],
[[102.0,92.0],1.501244e-05],
[[102.0,102.0],1.92834e-05],
[[102.0,105.0],2.79736e-05],
[[102.0,107.0],2.118317e-05],
[[102.0,112.0],2.094227e-05],
[[102.0,117.0],2.81267e-05],
[[102.0,122.0],2.367486e-05],
[[102.0,132.0],2.631958e-05],
[[102.0,142.0],2.794441e-05],
[[102.0,152.0],2.848019e-05],
[[102.0,162.0],4.012398e-05],
[[102.0,172.0],3.654816e-05],
[[102.0,182.0],3.795502e-05],
[[102.0,192.0],4.046235e-05],
[[102.0,302.0],7.563465e-05],
[[102.0,402.0],0.0001038438],
[[105.0,102.0],2.79736e-05],
[[107.0,92.0],2.62078e-05],
[[107.0,102.0],2.118317e-05],
[[112.0,32.0],1.183426e-05],
[[112.0,52.0],1.19059e-05],
[[112.0,72.0],2.088496e-05],
[[112.0,92.0],2.254037e-05],
[[112.0,102.0],2.094227e-05],
[[117.0,102.0],2.81267e-05],
[[122.0,32.0],1.457774e-05],
[[122.0,52.0],1.400479e-05],
[[122.0,72.0],1.589335e-05],
[[122.0,92.0],2.452634e-05],
[[122.0,102.0],2.367486e-05],
[[132.0,52.0],1.776112e-05],
[[132.0,72.0],2.347283e-05],
[[132.0,92.0],3.530417e-05],
[[132.0,102.0],2.631958e-05],
[[142.0,52.0],1.809277e-05],
[[142.0,72.0],2.488406e-05],
[[142.0,92.0],3.183447e-05],
[[142.0,102.0],2.794441e-05],
[[152.0,72.0],2.3152e-05],
[[152.0,92.0],2.946067e-05],
[[152.0,102.0],2.848019e-05],
[[152.0,152.0],5.360751e-05],
[[152.0,155.0],5.105212e-05],
[[152.0,157.0],4.496311e-05],
[[152.0,162.0],4.648418e-05],
[[152.0,167.0],5.115576e-05],
[[152.0,172.0],5.535682e-05],
[[152.0,182.0],7.013082e-05],
[[152.0,192.0],5.522218e-05],
[[152.0,202.0],7.03701e-05],
[[152.0,212.0],5.956825e-05],
[[152.0,222.0],6.532591e-05],
[[152.0,232.0],6.827507e-05],
[[152.0,242.0],7.476236e-05],
[[152.0,352.0],0.0001008834],
[[152.0,452.0],0.0001297746],
[[155.0,152.0],5.105212e-05],
[[157.0,152.0],4.496311e-05],
[[162.0,72.0],2.826514e-05],
[[162.0,92.0],3.406749e-05],
[[162.0,102.0],4.012398e-05],
[[162.0,152.0],4.648418e-05],
[[167.0,152.0],5.115576e-05],
[[172.0,92.0],3.47316e-05],
[[172.0,102.0],3.654816e-05],
[[172.0,152.0],5.535682e-05],
[[182.0,92.0],4.003265e-05],
[[182.0,102.0],3.795502e-05],
[[182.0,152.0],7.013082e-05],
[[192.0,102.0],4.046235e-05],
[[192.0,152.0],5.522218e-05],
[[202.0,152.0],7.03701e-05],
[[202.0,202.0],7.071967e-05],
[[202.0,205.0],7.034347e-05],
[[202.0,207.0],8.556626e-05],
[[202.0,212.0],7.414882e-05],
[[202.0,217.0],7.631997e-05],
[[202.0,222.0],8.379121e-05],
[[202.0,232.0],9.077907e-05],
[[202.0,242.0],8.97455e-05],
[[202.0,252.0],8.57585e-05],
[[202.0,262.0],9.320069e-05],
[[202.0,272.0],8.983635e-05],
[[202.0,282.0],9.698854e-05],
[[202.0,402.0],0.0001260488],
[[202.0,502.0],0.0001698915],
[[205.0,202.0],7.034347e-05],
[[207.0,202.0],8.556626e-05],
[[212.0,12.0],2.637231e-05],
[[212.0,152.0],5.956825e-05],
[[212.0,202.0],7.414882e-05],
[[217.0,202.0],7.631997e-05],
[[222.0,152.0],6.532591e-05],
[[222.0,202.0],8.379121e-05],
[[232.0,32.0],4.382105e-05],
[[232.0,152.0],6.827507e-05],
[[232.0,202.0],9.077907e-05],
[[242.0,152.0],7.476236e-05],
[[242.0,202.0],8.97455e-05],
[[252.0,52.0],4.323715e-05],
[[252.0,202.0],8.57585e-05],
[[252.0,252.0],9.712057e-05],
[[252.0,255.0],0.000105305],
[[252.0,257.0],9.718606e-05],
[[252.0,262.0],0.0001113608],
[[252.0,267.0],0.0001039806],
[[252.0,272.0],0.0001117483],
[[252.0,282.0],0.0001096626],
[[252.0,292.0],0.0001067025],
[[252.0,302.0],0.0001230858],
[[252.0,312.0],0.000125394],
[[252.0,322.0],0.0001266311],
[[252.0,332.0],0.0001276866],
[[252.0,342.0],0.0001490456],
[[252.0,452.0],0.0001569553],
[[252.0,552.0],0.0001845598],
[[255.0,252.0],0.000105305],
[[257.0,252.0],9.718606e-05],
[[262.0,202.0],9.320069e-05],
[[262.0,252.0],0.0001113608],
[[267.0,252.0],0.0001039806],
[[272.0,72.0],5.577874e-05],
[[272.0,202.0],8.983635e-05],
[[272.0,252.0],0.0001117483],
[[282.0,202.0],9.698854e-05],
[[282.0,252.0],0.0001096626],
[[292.0,92.0],6.481054e-05],
[[292.0,252.0],0.0001067025],
[[302.0,102.0],7.563465e-05],
[[302.0,252.0],0.0001230858],
[[302.0,302.0],0.0001305009],
[[302.0,305.0],0.0001367011],
[[302.0,307.0],0.000123364],
[[302.0,312.0],0.0001324915],
[[302.0,317.0],0.0001381433],
[[302.0,322.0],0.0001460749],
[[302.0,332.0],0.0001289822],
[[302.0,342.0],0.0001480163],
[[302.0,352.0],0.0001438078],
[[302.0,362.0],0.0001474135],
[[302.0,372.0],0.0001433333],
[[302.0,382.0],0.0001457605],
[[302.0,392.0],0.0001552627],
[[302.0,502.0],0.0001823462],
[[302.0,602.0],0.0002136499],
[[305.0,302.0],0.0001367011],
[[307.0,302.0],0.000123364],
[[312.0,12.0],5.115052e-05],
[[312.0,252.0],0.000125394],
[[312.0,302.0],0.0001324915],
[[317.0,302.0],0.0001381433],
[[322.0,252.0],0.0001266311],
[[322.0,302.0],0.0001460749],
[[332.0,32.0],6.596928e-05],
[[332.0,252.0],0.0001276866],
[[332.0,302.0],0.0001289822],
[[342.0,252.0],0.0001490456],
[[342.0,302.0],0.0001480163],
[[352.0,52.0],7.716967e-05],
[[352.0,152.0],0.0001008834],
[[352.0,302.0],0.0001438078],
[[352.0,352.0],0.0001665662],
[[352.0,355.0],0.0001758825],
[[352.0,357.0],0.0001606198],
[[352.0,362.0],0.0001602373],
[[352.0,367.0],0.000153911],
[[352.0,372.0],0.00016244],
[[352.0,382.0],0.0001728091],
[[352.0,392.0],0.0001708688],
[[352.0,402.0],0.0001803932],
[[352.0,412.0],0.0001724619],
[[352.0,422.0],0.0001823041],
[[352.0,432.0],0.0001950767],
[[352.0,442.0],0.0001769044],
[[352.0,552.0],0.0002109461],
[[352.0,652.0],0.0002177024],
[[355.0,352.0],0.0001758825],
[[357.0,352.0],0.0001606198],
[[362.0,302.0],0.0001474135],
[[362.0,352.0],0.0001602373],
[[367.0,352.0],0.000153911],
[[372.0,72.0],8.205676e-05],
[[372.0,302.0],0.0001433333],
[[372.0,352.0],0.00016244],
[[382.0,302.0],0.0001457605],
[[382.0,352.0],0.0001728091],
[[392.0,92.0],0.0001026958],
[[392.0,302.0],0.0001552627],
[[392.0,352.0],0.0001708688],
[[402.0,102.0],0.0001038438],
[[402.0,202.0],0.0001260488],
[[402.0,352.0],0.0001803932],
[[402.0,402.0],0.0001850966],
[[402.0,405.0],0.0001825238],
[[402.0,407.0],0.0001801647],
[[402.0,412.0],0.0001866595],
[[402.0,417.0],0.0001829517],
[[402.0,422.0],0.0001934663],
[[402.0,432.0],0.0001953544],
[[402.0,442.0],0.0001883474],
[[402.0,452.0],0.0001887735],
[[402.0,462.0],0.0001895111],
[[402.0,472.0],0.0001861126],
[[402.0,482.0],0.0002011433],
[[402.0,492.0],0.0002001097],
[[402.0,602.0],0.0002225764],
[[402.0,702.0],0.0002482991],
[[405.0,402.0],0.0001825238],
[[407.0,402.0],0.0001801647],
[[412.0,352.0],0.0001724619],
[[412.0,402.0],0.0001866595],
[[417.0,402.0],0.0001829517],
[[422.0,352.0],0.0001823041],
[[422.0,402.0],0.0001934663],
[[432.0,352.0],0.0001950767],
[[432.0,402.0],0.0001953544],
[[442.0,352.0],0.0001769044],
[[442.0,402.0],0.0001883474],
[[452.0,152.0],0.0001297746],
[[452.0,252.0],0.0001569553],
[[452.0,402.0],0.0001887735],
[[462.0,402.0],0.0001895111],
[[472.0,402.0],0.0001861126],
[[482.0,402.0],0.0002011433],
[[492.0,402.0],0.0002001097],
[[502.0,202.0],0.0001698915],
[[502.0,302.0],0.0001823462],
[[552.0,252.0],0.0001845598],
[[552.0,352.0],0.0002109461],
[[602.0,302.0],0.0002136499],
[[602.0,402.0],0.0002225764],
[[602.0,602.0],0.0002640319],
[[602.0,605.0],0.0002702399],
[[602.0,607.0],0.0002690795],
[[602.0,612.0],0.0002820443],
[[602.0,617.0],0.0002646955],
[[602.0,622.0],0.0002662144],
[[602.0,632.0],0.0002791463],
[[602.0,642.0],0.0002888041],
[[602.0,652.0],0.000275162],
[[602.0,662.0],0.000282277],
[[602.0,672.0],0.0002828577],
[[602.0,682.0],0.0002727911],
[[602.0,692.0],0.0002806241],
[[602.0,802.0],0.000293945],
[[602.0,902.0],0.0003112301],
[[605.0,602.0],0.0002702399],
[[607.0,602.0],0.0002690795],
[[612.0,602.0],0.0002820443],
[[617.0,602.0],0.0002646955],
[[622.0,602.0],0.0002662144],
[[632.0,602.0],0.0002791463],
[[642.0,602.0],0.0002888041],
[[652.0,352.0],0.0002177024],
[[652.0,602.0],0.000275162],
[[662.0,602.0],0.000282277],
[[672.0,602.0],0.0002828577],
[[682.0,602.0],0.0002727911],
[[692.0,602.0],0.0002806241],
[[702.0,402.0],0.0002482991],
[[802.0,602.0],0.000293945],
[[802.0,802.0],0.0003395161],
[[802.0,805.0],0.000323779],
[[802.0,807.0],0.000334849],
[[802.0,812.0],0.0003192363],
[[802.0,817.0],0.0003231113],
[[802.0,822.0],0.0003228283],
[[802.0,832.0],0.0003306868],
[[802.0,842.0],0.0003412298],
[[802.0,852.0],0.0003459469],
[[802.0,862.0],0.0003367771],
[[802.0,872.0],0.000330405],
[[802.0,882.0],0.0003288401],
[[802.0,892.0],0.0003311483],
[[802.0,1002.0],0.0003426513],
[[802.0,1102.0],0.0003561468],
[[805.0,802.0],0.000323779],
[[807.0,802.0],0.000334849],
[[812.0,802.0],0.0003192363],
[[817.0,802.0],0.0003231113],
[[822.0,802.0],0.0003228283],
[[832.0,802.0],0.0003306868],
[[842.0,802.0],0.0003412298],
[[852.0,802.0],0.0003459469],
[[862.0,802.0],0.0003367771],
[[872.0,802.0],0.000330405],
[[882.0,802.0],0.0003288401],
[[892.0,802.0],0.0003311483],
[[902.0,602.0],0.0003112301],
[[1002.0,802.0],0.0003426513],
[[1002.0,1002.0],0.0003541228],
[[1002.0,1005.0],0.0003643506],
[[1002.0,1007.0],0.0003786559],
[[1002.0,1012.0],0.0003522661],
[[1002.0,1017.0],0.0003650126],
[[1002.0,1022.0],0.0003638951],
[[1002.0,1032.0],0.0003819067],
[[1002.0,1042.0],0.0003657739],
[[1002.0,1052.0],0.0003641032],
[[1002.0,1062.0],0.0003881169],
[[1002.0,1072.0],0.0003627357],
[[1002.0,1082.0],0.0003667709],
[[1002.0,1092.0],0.000371296],
[[1002.0,1202.0],0.0003741076],
[[1002.0,1302.0],0.0003827038],
[[1005.0,1002.0],0.0003643506],
[[1007.0,1002.0],0.0003786559],
[[1012.0,1002.0],0.0003522661],
[[1017.0,1002.0],0.0003650126],
[[1022.0,1002.0],0.0003638951],
[[1032.0,1002.0],0.0003819067],
[[1042.0,1002.0],0.0003657739],
[[1052.0,1002.0],0.0003641032],
[[1062.0,1002.0],0.0003881169],
[[1072.0,1002.0],0.0003627357],
[[1082.0,1002.0],0.0003667709],
[[1092.0,1002.0],0.000371296],
[[1102.0,802.0],0.0003561468],
[[1202.0,1002.0],0.0003741076],
[[1202.0,1202.0],0.0004025674],
[[1202.0,1205.0],0.0004060305],
[[1202.0,1207.0],0.0003757485],
[[1202.0,1212.0],0.0003863527],
[[1202.0,1217.0],0.0003887476],
[[1202.0,1222.0],0.0003961139],
[[1202.0,1232.0],0.0003914466],
[[1202.0,1242.0],0.0003852304],
[[1202.0,1252.0],0.000403895],
[[1202.0,1262.0],0.0003854593],
[[1202.0,1272.0],0.0003925085],
[[1202.0,1282.0],0.0003996731],
[[1202.0,1292.0],0.0003885648],
[[1202.0,1402.0],0.0003863524],
[[1202.0,1502.0],0.0004018366],
[[1205.0,1202.0],0.0004060305],
[[1207.0,1202.0],0.0003757485],
[[1212.0,1202.0],0.0003863527],
[[1217.0,1202.0],0.0003887476],
[[1222.0,1202.0],0.0003961139],
[[1232.0,1202.0],0.0003914466],
[[1242.0,1202.0],0.0003852304],
[[1252.0,1202.0],0.000403895],
[[1262.0,1202.0],0.0003854593],
[[1272.0,1202.0],0.0003925085],
[[1282.0,1202.0],0.0003996731],
[[1292.0,1202.0],0.0003885648],
[[1302.0,1002.0],0.0003827038],
[[1402.0,1202.0],0.0003863524],
[[1402.0,1402.0],0.0004020944],
[[1402.0,1405.0],0.0004181386],
[[1402.0,1407.0],0.0004028903],
[[1402.0,1412.0],0.0003973428],
[[1402.0,1417.0],0.0003951479],
[[1402.0,1422.0],0.0004075484],
[[1402.0,1432.0],0.000413788],
[[1402.0,1442.0],0.0004004855],
[[1402.0,1452.0],0.0004087265],
[[1402.0,1462.0],0.0003968574],
[[1402.0,1472.0],0.0004138509],
[[1402.0,1482.0],0.0004115544],
[[1402.0,1492.0],0.0003963257],
[[1402.0,1602.0],0.0004013433],
[[1402.0,1702.0],0.0003918597],
[[1405.0,1402.0],0.0004181386],
[[1407.0,1402.0],0.0004028903],
[[1412.0,1402.0],0.0003973428],
[[1417.0,1402.0],0.0003951479],
[[1422.0,1402.0],0.0004075484],
[[1432.0,1402.0],0.000413788],
[[1442.0,1402.0],0.0004004855],
[[1452.0,1402.0],0.0004087265],
[[1462.0,1402.0],0.0003968574],
[[1472.0,1402.0],0.0004138509],
[[1482.0,1402.0],0.0004115544],
[[1492.0,1402.0],0.0003963257],
[[1502.0,1202.0],0.0004018366],
[[1602.0,1402.0],0.0004013433],
[[1602.0,1602.0],0.0004062353],
[[1602.0,1605.0],0.0004187263],
[[1602.0,1607.0],0.0003978339],
[[1602.0,1612.0],0.000425332],
[[1602.0,1617.0],0.0004120139],
[[1602.0,1622.0],0.0004242208],
[[1602.0,1632.0],0.0004137027],
[[1602.0,1642.0],0.0004028171],
[[1602.0,1652.0],0.0004276621],
[[1602.0,1662.0],0.0004202738],
[[1602.0,1672.0],0.0004181687],
[[1602.0,1682.0],0.0004072236],
[[1602.0,1692.0],0.0004158119],
[[1602.0,1802.0],0.000408242],
[[1602.0,1902.0],0.0003978457],
[[1605.0,1602.0],0.0004187263],
[[1607.0,1602.0],0.0003978339],
[[1612.0,1602.0],0.000425332],
[[1617.0,1602.0],0.0004120139],
[[1622.0,1602.0],0.0004242208],
[[1632.0,1602.0],0.0004137027],
[[1642.0,1602.0],0.0004028171],
[[1652.0,1602.0],0.0004276621],
[[1662.0,1602.0],0.0004202738],
[[1672.0,1602.0],0.0004181687],
[[1682.0,1602.0],0.0004072236],
[[1692.0,1602.0],0.0004158119],
[[1702.0,1402.0],0.0003918597],
[[1802.0,1602.0],0.000408242],
[[1802.0,1802.0],0.0004155689],
[[1802.0,1805.0],0.0003999207],
[[1802.0,1807.0],0.000425317],
[[1802.0,1812.0],0.0004252352],
[[1802.0,1817.0],0.0004239959],
[[1802.0,1822.0],0.0004204475],
[[1802.0,1832.0],0.000425703],
[[1802.0,1842.0],0.0004185287],
[[1802.0,1852.0],0.0004162305],
[[1802.0,1862.0],0.0004070124],
[[1802.0,1872.0],0.0004184112],
[[1802.0,1882.0],0.0004259432],
[[1802.0,1892.0],0.0004131591],
[[1802.0,2002.0],0.0004216293],
[[1802.0,2102.0],0.0003970619],
[[1805.0,1802.0],0.0003999207],
[[1807.0,1802.0],0.000425317],
[[1812.0,1802.0],0.0004252352],
[[1817.0,1802.0],0.0004239959],
[[1822.0,1802.0],0.0004204475],
[[1832.0,1802.0],0.000425703],
[[1842.0,1802.0],0.0004185287],
[[1852.0,1802.0],0.0004162305],
[[1862.0,1802.0],0.0004070124],
[[1872.0,1802.0],0.0004184112],
[[1882.0,1802.0],0.0004259432],
[[1892.0,1802.0],0.0004131591],
[[1902.0,1602.0],0.0003978457],
[[2002.0,1802.0],0.0004216293],
[[2002.0,2002.0],0.0004011947],
[[2002.0,2005.0],0.0004088403],
[[2002.0,2007.0],0.0004119202],
[[2002.0,2012.0],0.0003914098],
[[2002.0,2017.0],0.0004186604],
[[2002.0,2022.0],0.0004236682],
[[2002.0,2032.0],0.0004193662],
[[2002.0,2042.0],0.0004115991],
[[2002.0,2052.0],0.0004105411],
[[2002.0,2062.0],0.0004140791],
[[2002.0,2072.0],0.0004187794],
[[2002.0,2082.0],0.0004239767],
[[2002.0,2092.0],0.0004104508],
[[2002.0,2202.0],0.0004077368],
[[2002.0,2302.0],0.0004021662],
[[2005.0,2002.0],0.0004088403],
[[2007.0,2002.0],0.0004119202],
[[2012.0,2002.0],0.0003914098],
[[2017.0,2002.0],0.0004186604],
[[2022.0,2002.0],0.0004236682],
[[2032.0,2002.0],0.0004193662],
[[2042.0,2002.0],0.0004115991],
[[2052.0,2002.0],0.0004105411],
[[2062.0,2002.0],0.0004140791],
[[2072.0,2002.0],0.0004187794],
[[2082.0,2002.0],0.0004239767],
[[2092.0,2002.0],0.0004104508],
[[2102.0,1802.0],0.0003970619],
[[2202.0,2002.0],0.0004077368],
[[2302.0,2002.0],0.0004021662]]
