txName: TChiWWISRqq
constraint: {(PV > anyBSM(1), anyBSM(3)), (anyBSM(1) > q, q, MET(2)), (anyBSM(3) > q, q, MET(4))}
condition: None
conditionDescription: None
figureUrl: None
source: Recast by MA5
validated: True
axesMap: [{0: 'x', 1: 'y', 2: 'x', 3: 'y'}]
dataMap: {0: (1, 'mass', GeV), 1: (2, 'mass', GeV), 2: (3, 'mass', GeV), 3: (4, 'mass', GeV)}
finalState: ['MET', 'MET']
intermediateState: None
efficiencyMap: [[[11.0,10.0,11.0,10.0],1.373205e-09],
[[13.0,10.0,13.0,10.0],0.0],
[[15.0,10.0,15.0,10.0],0.0],
[[20.0,10.0,20.0,10.0],0.0],
[[21.0,20.0,21.0,20.0],1.936873e-09],
[[23.0,20.0,23.0,20.0],0.0],
[[25.0,20.0,25.0,20.0],1.648909e-09],
[[30.0,10.0,30.0,10.0],0.0],
[[30.0,20.0,30.0,20.0],0.0],
[[31.0,30.0,31.0,30.0],7.177221e-09],
[[33.0,30.0,33.0,30.0],5.928185e-09],
[[35.0,30.0,35.0,30.0],0.0],
[[40.0,20.0,40.0,20.0],0.0],
[[40.0,30.0,40.0,30.0],0.0],
[[41.0,40.0,41.0,40.0],1.080574e-08],
[[43.0,40.0,43.0,40.0],2.513044e-09],
[[45.0,40.0,45.0,40.0],1.413672e-09],
[[50.0,10.0,50.0,10.0],4.493355e-09],
[[50.0,30.0,50.0,30.0],0.0],
[[50.0,40.0,50.0,40.0],1.96223e-09],
[[51.0,50.0,51.0,50.0],7.105743e-08],
[[53.0,50.0,53.0,50.0],3.445233e-08],
[[55.0,50.0,55.0,50.0],3.867187e-08],
[[60.0,20.0,60.0,20.0],0.0],
[[60.0,40.0,60.0,40.0],0.0],
[[60.0,50.0,60.0,50.0],1.121704e-08],
[[61.0,60.0,61.0,60.0],3.953284e-06],
[[63.0,60.0,63.0,60.0],5.584151e-08],
[[65.0,60.0,65.0,60.0],3.791408e-08],
[[70.0,10.0,70.0,10.0],1.891622e-09],
[[70.0,30.0,70.0,30.0],4.116943e-09],
[[70.0,50.0,70.0,50.0],0.0],
[[70.0,60.0,70.0,60.0],5.035094e-09],
[[71.0,70.0,71.0,70.0],9.100324e-07],
[[73.0,70.0,73.0,70.0],2.900106e-07],
[[75.0,70.0,75.0,70.0],1.040482e-07],
[[80.0,20.0,80.0,20.0],0.0],
[[80.0,40.0,80.0,40.0],0.0],
[[80.0,60.0,80.0,60.0],1.480464e-08],
[[80.0,70.0,80.0,70.0],1.252043e-08],
[[81.0,80.0,81.0,80.0],7.989548e-07],
[[83.0,80.0,83.0,80.0],3.602414e-07],
[[85.0,80.0,85.0,80.0],1.135107e-07],
[[90.0,10.0,90.0,10.0],0.0],
[[90.0,30.0,90.0,30.0],0.0],
[[90.0,50.0,90.0,50.0],4.585156e-09],
[[90.0,70.0,90.0,70.0],1.776411e-08],
[[90.0,80.0,90.0,80.0],6.883729e-08],
[[91.0,90.0,91.0,90.0],1.732873e-06],
[[93.0,90.0,93.0,90.0],5.995227e-07],
[[95.0,90.0,95.0,90.0],3.019509e-07],
[[100.0,20.0,100.0,20.0],0.0],
[[100.0,40.0,100.0,40.0],0.0],
[[100.0,60.0,100.0,60.0],4.096734e-08],
[[100.0,80.0,100.0,80.0],2.087512e-08],
[[100.0,90.0,100.0,90.0],7.528602e-08],
[[101.0,100.0,101.0,100.0],1.142618e-06],
[[103.0,100.0,103.0,100.0],5.704031e-07],
[[103.0,102.0,103.0,102.0],2.160276e-06],
[[105.0,100.0,105.0,100.0],1.776331e-06],
[[105.0,102.0,105.0,102.0],7.724758e-07],
[[107.0,102.0,107.0,102.0],4.864106e-07],
[[110.0,30.0,110.0,30.0],2.855757e-09],
[[110.0,50.0,110.0,50.0],1.80289e-08],
[[110.0,70.0,110.0,70.0],7.097332e-09],
[[110.0,90.0,110.0,90.0],3.842881e-08],
[[110.0,100.0,110.0,100.0],3.050079e-07],
[[112.0,102.0,112.0,102.0],1.919372e-07],
[[120.0,40.0,120.0,40.0],1.233691e-08],
[[120.0,60.0,120.0,60.0],0.0],
[[120.0,80.0,120.0,80.0],2.85078e-08],
[[120.0,100.0,120.0,100.0],7.724822e-08],
[[122.0,102.0,122.0,102.0],1.07854e-07],
[[123.0,122.0,123.0,122.0],2.427944e-06],
[[125.0,122.0,125.0,122.0],1.605257e-06],
[[127.0,122.0,127.0,122.0],8.083213e-07],
[[130.0,50.0,130.0,50.0],1.726516e-07],
[[130.0,70.0,130.0,70.0],6.553636e-09],
[[130.0,90.0,130.0,90.0],2.327792e-07],
[[132.0,122.0,132.0,122.0],7.215617e-07],
[[140.0,60.0,140.0,60.0],6.867659e-09],
[[140.0,80.0,140.0,80.0],2.539825e-08],
[[140.0,100.0,140.0,100.0],5.613246e-08],
[[142.0,102.0,142.0,102.0],2.75132e-08],
[[142.0,122.0,142.0,122.0],1.726008e-07],
[[143.0,142.0,143.0,142.0],3.787041e-06],
[[145.0,142.0,145.0,142.0],6.069629e-06],
[[147.0,142.0,147.0,142.0],1.738717e-06],
[[150.0,70.0,150.0,70.0],5.868173e-08],
[[150.0,90.0,150.0,90.0],2.930791e-08],
[[152.0,142.0,152.0,142.0],8.16864e-07],
[[160.0,80.0,160.0,80.0],2.202067e-08],
[[160.0,100.0,160.0,100.0],4.997727e-08],
[[162.0,102.0,162.0,102.0],5.441842e-08],
[[162.0,122.0,162.0,122.0],8.751127e-08],
[[162.0,142.0,162.0,142.0],4.603551e-07],
[[163.0,162.0,163.0,162.0],4.438595e-06],
[[165.0,162.0,165.0,162.0],4.359406e-06],
[[167.0,162.0,167.0,162.0],2.425445e-06],
[[170.0,90.0,170.0,90.0],2.479184e-08],
[[172.0,162.0,172.0,162.0],1.960939e-06],
[[180.0,100.0,180.0,100.0],8.903285e-08],
[[182.0,102.0,182.0,102.0],7.232057e-08],
[[182.0,122.0,182.0,122.0],9.914375e-08],
[[182.0,142.0,182.0,142.0],1.907592e-07],
[[182.0,162.0,182.0,162.0],1.286368e-06],
[[183.0,182.0,183.0,182.0],6.933444e-06],
[[185.0,182.0,185.0,182.0],5.717798e-06],
[[187.0,182.0,187.0,182.0],4.396949e-06],
[[192.0,182.0,192.0,182.0],1.593636e-06],
[[202.0,122.0,202.0,122.0],9.957052e-08],
[[202.0,142.0,202.0,142.0],1.540478e-07],
[[202.0,162.0,202.0,162.0],3.503222e-07],
[[202.0,182.0,202.0,182.0],1.157128e-06],
[[203.0,202.0,203.0,202.0],8.363022e-06],
[[205.0,202.0,205.0,202.0],8.896601e-06],
[[207.0,202.0,207.0,202.0],6.115971e-06],
[[212.0,202.0,212.0,202.0],2.819244e-06],
[[222.0,142.0,222.0,142.0],3.779477e-07],
[[222.0,162.0,222.0,162.0],2.814472e-07],
[[222.0,182.0,222.0,182.0],6.00751e-07],
[[222.0,202.0,222.0,202.0],1.903761e-06],
[[223.0,222.0,223.0,222.0],1.090904e-05],
[[225.0,222.0,225.0,222.0],1.091228e-05],
[[227.0,222.0,227.0,222.0],7.986571e-06],
[[232.0,222.0,232.0,222.0],3.512424e-06],
[[242.0,162.0,242.0,162.0],3.948347e-07],
[[242.0,182.0,242.0,182.0],4.450553e-07],
[[242.0,202.0,242.0,202.0],7.385185e-07],
[[242.0,222.0,242.0,222.0],2.757132e-06],
[[243.0,242.0,243.0,242.0],1.16771e-05],
[[245.0,242.0,245.0,242.0],1.275196e-05],
[[247.0,242.0,247.0,242.0],1.161568e-05],
[[252.0,242.0,252.0,242.0],5.27973e-06],
[[262.0,182.0,262.0,182.0],1.201462e-06],
[[262.0,202.0,262.0,202.0],8.16613e-07],
[[262.0,222.0,262.0,222.0],1.14292e-06],
[[262.0,242.0,262.0,242.0],3.43897e-06],
[[263.0,262.0,263.0,262.0],1.498322e-05],
[[265.0,262.0,265.0,262.0],1.367322e-05],
[[267.0,262.0,267.0,262.0],1.091546e-05],
[[272.0,262.0,272.0,262.0],7.459209e-06],
[[282.0,202.0,282.0,202.0],7.006236e-07],
[[282.0,222.0,282.0,222.0],8.784701e-07],
[[282.0,242.0,282.0,242.0],9.256416e-06],
[[282.0,262.0,282.0,262.0],4.309869e-06],
[[283.0,282.0,283.0,282.0],1.692091e-05],
[[285.0,282.0,285.0,282.0],1.500755e-05],
[[287.0,282.0,287.0,282.0],1.401518e-05],
[[292.0,282.0,292.0,282.0],9.267585e-06],
[[302.0,222.0,302.0,222.0],1.303353e-06],
[[302.0,242.0,302.0,242.0],1.75512e-06],
[[302.0,262.0,302.0,262.0],2.366012e-06],
[[302.0,282.0,302.0,282.0],5.458024e-06],
[[303.0,302.0,303.0,302.0],1.913918e-05],
[[305.0,302.0,305.0,302.0],2.064482e-05],
[[307.0,302.0,307.0,302.0],2.110897e-05],
[[312.0,302.0,312.0,302.0],1.094355e-05],
[[322.0,242.0,322.0,242.0],1.632511e-06],
[[322.0,262.0,322.0,262.0],1.748713e-06],
[[322.0,282.0,322.0,282.0],3.668601e-06],
[[322.0,302.0,322.0,302.0],7.245164e-06],
[[323.0,322.0,323.0,322.0],1.970595e-05],
[[325.0,322.0,325.0,322.0],2.316736e-05],
[[327.0,322.0,327.0,322.0],1.852971e-05],
[[332.0,322.0,332.0,322.0],1.467782e-05],
[[342.0,262.0,342.0,262.0],2.282632e-06],
[[342.0,282.0,342.0,282.0],2.960309e-06],
[[342.0,302.0,342.0,302.0],4.324968e-06],
[[342.0,322.0,342.0,322.0],1.09495e-05],
[[343.0,342.0,343.0,342.0],2.6542e-05],
[[345.0,342.0,345.0,342.0],2.239337e-05],
[[347.0,342.0,347.0,342.0],2.392048e-05],
[[352.0,342.0,352.0,342.0],1.749019e-05],
[[362.0,282.0,362.0,282.0],2.108687e-06],
[[362.0,302.0,362.0,302.0],3.475507e-06],
[[362.0,322.0,362.0,322.0],4.666084e-06],
[[362.0,342.0,362.0,342.0],1.376996e-05],
[[363.0,362.0,363.0,362.0],3.013619e-05],
[[365.0,362.0,365.0,362.0],2.877578e-05],
[[367.0,362.0,367.0,362.0],2.73574e-05],
[[372.0,362.0,372.0,362.0],1.860789e-05],
[[382.0,302.0,382.0,302.0],4.205259e-06],
[[382.0,322.0,382.0,322.0],4.275283e-06],
[[382.0,342.0,382.0,342.0],6.54044e-06],
[[382.0,362.0,382.0,362.0],1.407447e-05],
[[383.0,382.0,383.0,382.0],2.762496e-05],
[[385.0,382.0,385.0,382.0],3.982187e-05],
[[387.0,382.0,387.0,382.0],2.752451e-05],
[[392.0,382.0,392.0,382.0],2.016547e-05],
[[402.0,322.0,402.0,322.0],4.003302e-06],
[[402.0,342.0,402.0,342.0],6.412477e-06],
[[402.0,362.0,402.0,362.0],8.051744e-06],
[[402.0,382.0,402.0,382.0],1.308858e-05],
[[403.0,402.0,403.0,402.0],3.251978e-05],
[[405.0,402.0,405.0,402.0],3.364697e-05],
[[407.0,402.0,407.0,402.0],3.243808e-05],
[[412.0,402.0,412.0,402.0],2.596577e-05],
[[422.0,342.0,422.0,342.0],4.385161e-06],
[[422.0,362.0,422.0,362.0],5.600174e-06],
[[422.0,382.0,422.0,382.0],7.765217e-06],
[[422.0,402.0,422.0,402.0],1.535818e-05],
[[442.0,362.0,442.0,362.0],4.888875e-06],
[[442.0,382.0,442.0,382.0],7.164148e-06],
[[442.0,402.0,442.0,402.0],1.125571e-05],
[[462.0,382.0,462.0,382.0],5.549879e-06],
[[462.0,402.0,462.0,402.0],9.282572e-06],
[[482.0,402.0,482.0,402.0],7.459678e-06],
[[503.0,502.0,503.0,502.0],4.870593e-05],
[[505.0,502.0,505.0,502.0],5.22844e-05],
[[507.0,502.0,507.0,502.0],4.572781e-05],
[[512.0,502.0,512.0,502.0],3.805739e-05],
[[522.0,502.0,522.0,502.0],2.989416e-05],
[[542.0,502.0,542.0,502.0],1.69305e-05],
[[562.0,502.0,562.0,502.0],1.473751e-05],
[[582.0,502.0,582.0,502.0],1.45579e-05],
[[603.0,602.0,603.0,602.0],6.263431e-05],
[[605.0,602.0,605.0,602.0],6.084939e-05],
[[607.0,602.0,607.0,602.0],5.512604e-05],
[[612.0,602.0,612.0,602.0],5.400376e-05],
[[622.0,602.0,622.0,602.0],3.987418e-05],
[[642.0,602.0,642.0,602.0],2.976558e-05],
[[662.0,602.0,662.0,602.0],2.147802e-05],
[[682.0,602.0,682.0,602.0],2.131231e-05],
[[703.0,702.0,703.0,702.0],7.62043e-05],
[[705.0,702.0,705.0,702.0],7.136323e-05],
[[707.0,702.0,707.0,702.0],7.339114e-05],
[[712.0,702.0,712.0,702.0],7.306573e-05],
[[722.0,702.0,722.0,702.0],5.453374e-05],
[[742.0,702.0,742.0,702.0],3.915218e-05],
[[762.0,702.0,762.0,702.0],3.485807e-05],
[[782.0,702.0,782.0,702.0],3.020499e-05],
[[803.0,802.0,803.0,802.0],8.786007e-05],
[[805.0,802.0,805.0,802.0],8.338725e-05],
[[807.0,802.0,807.0,802.0],8.087233e-05],
[[812.0,802.0,812.0,802.0],8.259988e-05],
[[822.0,802.0,822.0,802.0],6.850953e-05],
[[842.0,802.0,842.0,802.0],4.978475e-05],
[[862.0,802.0,862.0,802.0],3.939619e-05],
[[882.0,802.0,882.0,802.0],3.520566e-05],
[[903.0,902.0,903.0,902.0],9.946254e-05],
[[905.0,902.0,905.0,902.0],9.899433e-05],
[[907.0,902.0,907.0,902.0],9.676192e-05],
[[912.0,902.0,912.0,902.0],9.363766e-05],
[[922.0,902.0,922.0,902.0],7.465677e-05],
[[942.0,902.0,942.0,902.0],5.805172e-05],
[[962.0,902.0,962.0,902.0],5.29104e-05],
[[982.0,902.0,982.0,902.0],4.42274e-05],
[[1003.0,1002.0,1003.0,1002.0],0.0001019538],
[[1005.0,1002.0,1005.0,1002.0],0.0001119233],
[[1007.0,1002.0,1007.0,1002.0],0.0001111636],
[[1012.0,1002.0,1012.0,1002.0],0.0001070163],
[[1022.0,1002.0,1022.0,1002.0],8.422512e-05],
[[1042.0,1002.0,1042.0,1002.0],6.665112e-05],
[[1062.0,1002.0,1062.0,1002.0],5.522873e-05],
[[1082.0,1002.0,1082.0,1002.0],5.089076e-05],
[[1103.0,1102.0,1103.0,1102.0],0.0001156435],
[[1105.0,1102.0,1105.0,1102.0],0.0001120557],
[[1107.0,1102.0,1107.0,1102.0],0.0001204295],
[[1112.0,1102.0,1112.0,1102.0],0.0001135257],
[[1122.0,1102.0,1122.0,1102.0],0.0001042189],
[[1142.0,1102.0,1142.0,1102.0],7.567298e-05],
[[1162.0,1102.0,1162.0,1102.0],6.840435e-05],
[[1182.0,1102.0,1182.0,1102.0],6.283732e-05],
[[1203.0,1202.0,1203.0,1202.0],0.0001202509],
[[1205.0,1202.0,1205.0,1202.0],0.0001224288],
[[1207.0,1202.0,1207.0,1202.0],0.0001229442],
[[1212.0,1202.0,1212.0,1202.0],0.000120901],
[[1222.0,1202.0,1222.0,1202.0],0.0001035071],
[[1242.0,1202.0,1242.0,1202.0],8.378675e-05],
[[1262.0,1202.0,1262.0,1202.0],6.205883e-05],
[[1282.0,1202.0,1282.0,1202.0],6.814313e-05],
[[1303.0,1302.0,1303.0,1302.0],0.0001280307],
[[1305.0,1302.0,1305.0,1302.0],0.0001267542],
[[1307.0,1302.0,1307.0,1302.0],0.000127092],
[[1312.0,1302.0,1312.0,1302.0],0.0001246674],
[[1322.0,1302.0,1322.0,1302.0],0.0001123991],
[[1342.0,1302.0,1342.0,1302.0],9.017786e-05],
[[1362.0,1302.0,1362.0,1302.0],6.788713e-05],
[[1382.0,1302.0,1382.0,1302.0],6.805666e-05],
[[1403.0,1402.0,1403.0,1402.0],0.0001361915],
[[1405.0,1402.0,1405.0,1402.0],0.0001330474],
[[1407.0,1402.0,1407.0,1402.0],0.0001328267],
[[1412.0,1402.0,1412.0,1402.0],0.0001228174],
[[1422.0,1402.0,1422.0,1402.0],0.0001111718],
[[1442.0,1402.0,1442.0,1402.0],9.069012e-05],
[[1462.0,1402.0,1462.0,1402.0],8.250548e-05],
[[1482.0,1402.0,1482.0,1402.0],6.959795e-05],
[[1503.0,1502.0,1503.0,1502.0],0.0001407598],
[[1505.0,1502.0,1505.0,1502.0],0.0001398082],
[[1507.0,1502.0,1507.0,1502.0],0.0001389649],
[[1512.0,1502.0,1512.0,1502.0],0.000137611],
[[1522.0,1502.0,1522.0,1502.0],0.0001193291],
[[1542.0,1502.0,1542.0,1502.0],0.0001009217],
[[1562.0,1502.0,1562.0,1502.0],8.009381e-05],
[[1582.0,1502.0,1582.0,1502.0],7.080422e-05],
[[1603.0,1602.0,1603.0,1602.0],0.0001371741],
[[1605.0,1602.0,1605.0,1602.0],0.0001371633],
[[1607.0,1602.0,1607.0,1602.0],0.0001378912],
[[1612.0,1602.0,1612.0,1602.0],0.0001345051],
[[1622.0,1602.0,1622.0,1602.0],0.0001262972],
[[1642.0,1602.0,1642.0,1602.0],9.679133e-05],
[[1662.0,1602.0,1662.0,1602.0],8.403583e-05],
[[1682.0,1602.0,1682.0,1602.0],7.499441e-05],
[[1703.0,1702.0,1703.0,1702.0],0.0001369456],
[[1705.0,1702.0,1705.0,1702.0],0.0001388965],
[[1707.0,1702.0,1707.0,1702.0],0.0001346682],
[[1712.0,1702.0,1712.0,1702.0],0.0001321329],
[[1722.0,1702.0,1722.0,1702.0],0.000127091],
[[1742.0,1702.0,1742.0,1702.0],0.0001015148],
[[1762.0,1702.0,1762.0,1702.0],8.825421e-05],
[[1782.0,1702.0,1782.0,1702.0],7.957157e-05],
[[1803.0,1802.0,1803.0,1802.0],0.0001375317],
[[1805.0,1802.0,1805.0,1802.0],0.0001381593],
[[1807.0,1802.0,1807.0,1802.0],0.0001408518],
[[1812.0,1802.0,1812.0,1802.0],0.0001351774],
[[1822.0,1802.0,1822.0,1802.0],0.0001294679],
[[1842.0,1802.0,1842.0,1802.0],0.0001027764],
[[1862.0,1802.0,1862.0,1802.0],8.51493e-05],
[[1882.0,1802.0,1882.0,1802.0],7.789231e-05],
[[1903.0,1902.0,1903.0,1902.0],0.0001295139],
[[1905.0,1902.0,1905.0,1902.0],0.0001394245],
[[1907.0,1902.0,1907.0,1902.0],0.0001365648],
[[1912.0,1902.0,1912.0,1902.0],0.0001413222],
[[1922.0,1902.0,1922.0,1902.0],0.0001314928],
[[1942.0,1902.0,1942.0,1902.0],0.0001034992],
[[1962.0,1902.0,1962.0,1902.0],9.040159e-05],
[[1982.0,1902.0,1982.0,1902.0],8.521251e-05],
[[2003.0,2002.0,2003.0,2002.0],0.0001429331],
[[2005.0,2002.0,2005.0,2002.0],0.0001396028],
[[2007.0,2002.0,2007.0,2002.0],0.0001386512],
[[2012.0,2002.0,2012.0,2002.0],0.0001376721],
[[2022.0,2002.0,2022.0,2002.0],0.0001306471],
[[2042.0,2002.0,2042.0,2002.0],0.0001070576],
[[2062.0,2002.0,2062.0,2002.0],9.051502e-05],
[[2082.0,2002.0,2082.0,2002.0],8.343306e-05]]
