txName: TRV1nunu
constraint: {(PV > Zprime(1)), (Zprime(1) > nu,nu)}
condition: None
conditionDescription: None
figureUrl: None
source: CMS
validated: N/A
axesMap: [{0: 'x'}]
dataMap: {0: (1, 'mass', GeV)}
finalState: ['MET', 'MET']
efficiencyMap: [[[50.0],6.660864e-09],
[[100.0],4.748155e-08],
[[150.0],2.095923e-07],
[[200.0],4.979285e-07],
[[250.0],9.895863e-07],
[[300.0],1.739667e-06],
[[350.0],2.08424e-06],
[[400.0],3.365777e-06],
[[450.0],5.558898e-06],
[[500.0],8.296339e-06],
[[550.0],8.280695e-06],
[[600.0],1.151691e-05],
[[650.0],1.647398e-05],
[[700.0],1.778955e-05],
[[750.0],1.896168e-05],
[[800.0],2.39302e-05],
[[850.0],2.414695e-05],
[[900.0],2.900792e-05],
[[950.0],3.132834e-05],
[[1000.0],4.564784e-05],
[[1050.0],4.124337e-05],
[[1100.0],4.878536e-05],
[[1150.0],5.228151e-05],
[[1200.0],5.831339e-05],
[[1250.0],5.778699e-05],
[[1300.0],6.068483e-05],
[[1350.0],7.01122e-05],
[[1400.0],7.493134e-05],
[[1450.0],7.00878e-05],
[[1500.0],9.47439e-05],
[[1550.0],8.500234e-05],
[[1600.0],9.832982e-05],
[[1650.0],9.377345e-05],
[[1700.0],8.719948e-05],
[[1750.0],9.794635e-05],
[[1800.0],0.0001420503],
[[1850.0],0.0001131594],
[[1900.0],0.0001212254],
[[1950.0],0.0001044175],
[[2000.0],0.0001291359],
[[2250.0],0.0001285755],
[[2500.0],0.0001620441],
[[2750.0],0.0001685279],
[[3000.0],0.0001461177]]
