txName: TRV1nunu
constraint: {(PV > Zprime(1)), (Zprime(1) > nu,nu)}
condition: None
conditionDescription: None
figureUrl: None
source: CMS
validated: N/A
axesMap: [{0: 'x'}]
dataMap: {0: (1, 'mass', GeV)}
finalState: ['MET', 'MET']
efficiencyMap: [[[50.0],3.375565e-07],
[[100.0],2.764432e-06],
[[150.0],9.966455e-06],
[[200.0],2.032258e-05],
[[250.0],3.698698e-05],
[[300.0],5.660251e-05],
[[350.0],8.388604e-05],
[[400.0],0.0001198569],
[[450.0],0.0001410659],
[[500.0],0.000189699],
[[550.0],0.0002046427],
[[600.0],0.0002575566],
[[650.0],0.0002847206],
[[700.0],0.0003217901],
[[750.0],0.0003208651],
[[800.0],0.0003794926],
[[850.0],0.0004323784],
[[900.0],0.0004085685],
[[950.0],0.0004681734],
[[1000.0],0.0005092266],
[[1050.0],0.0004672117],
[[1100.0],0.0005556455],
[[1150.0],0.0006202143],
[[1200.0],0.0006667962],
[[1250.0],0.0005927282],
[[1300.0],0.0006289988],
[[1350.0],0.000664602],
[[1400.0],0.0006476085],
[[1450.0],0.0007519953],
[[1500.0],0.0007171016],
[[1550.0],0.0007800175],
[[1600.0],0.0007343107],
[[1650.0],0.000771254],
[[1700.0],0.0007326867],
[[1750.0],0.0007429848],
[[1800.0],0.0008069413],
[[1850.0],0.000777558],
[[1900.0],0.0007990108],
[[1950.0],0.0008305384],
[[2000.0],0.0009033425],
[[2250.0],0.001035723],
[[2500.0],0.001026478],
[[2750.0],0.001009608],
[[3000.0],0.001034298]]
