txName: TChiWZoff
constraint: {(PV > anyBSM(1),anyBSM(2)), (anyBSM(1) > mu+,mu-,MET(3)), (anyBSM(2) > jet,jet,MET(4))}
condition: None
conditionDescription: None
figureUrl: None
source: HackAnalysis recast by Mark Goodsell and others, https://doi.org/10.48550/arXiv.2506.21676
validated: True
axesMap: [{0: 'x', 1: 'y', 2: 'x', 3: 'y'}]
dataMap: {0: (1, 'mass', GeV), 1: (3, 'mass', GeV), 2: (2, 'mass', GeV), 3: (4, 'mass', GeV)}
finalState: ['MET', 'MET']
efficiencyMap: [[[120.0,70.0,120.0,70.0],0.0001939522],
[[120.0,72.0,120.0,72.0],0.0002465134],
[[120.0,74.0,120.0,74.0],0.000247009],
[[120.0,76.0,120.0,76.0],0.0002344985],
[[120.0,78.0,120.0,78.0],0.0002313851],
[[120.0,80.0,120.0,80.0],0.0002420448],
[[120.0,82.0,120.0,82.0],0.0002238567],
[[120.0,84.0,120.0,84.0],0.0002045522],
[[120.0,86.0,120.0,86.0],0.0001746507],
[[120.0,88.0,120.0,88.0],9.508657e-05],
[[120.0,90.0,120.0,90.0],2.047104e-05],
[[120.0,92.0,120.0,92.0],8.571642e-06],
[[120.0,94.0,120.0,94.0],1.144239e-05],
[[120.0,96.0,120.0,96.0],1.841552e-05],
[[120.0,98.0,120.0,98.0],2.075672e-05],
[[120.0,100.0,120.0,100.0],2.300567e-05],
[[120.0,102.0,120.0,102.0],1.963731e-05],
[[120.0,104.0,120.0,104.0],3.066269e-05],
[[120.0,106.0,120.0,106.0],2.10197e-05],
[[120.0,108.0,120.0,108.0],1.104299e-05],
[[120.0,110.0,120.0,110.0],8.826866e-06],
[[120.0,112.0,120.0,112.0],1.026209e-05],
[[120.0,114.0,120.0,114.0],3.699403e-06],
[[120.0,116.0,120.0,116.0],1.233134e-06],
[[130.0,80.0,130.0,80.0],0.0002844299],
[[130.0,82.0,130.0,82.0],0.000252391],
[[130.0,84.0,130.0,84.0],0.000301403],
[[130.0,86.0,130.0,86.0],0.0003081791],
[[130.0,88.0,130.0,88.0],0.0002889522],
[[130.0,90.0,130.0,90.0],0.0003241791],
[[130.0,92.0,130.0,92.0],0.0003],
[[130.0,94.0,130.0,94.0],0.0002603433],
[[130.0,96.0,130.0,96.0],0.0001917493],
[[130.0,98.0,130.0,98.0],8.755224e-05],
[[130.0,100.0,130.0,100.0],2.16209e-05],
[[130.0,102.0,130.0,102.0],1.633313e-05],
[[130.0,104.0,130.0,104.0],1.794746e-05],
[[130.0,106.0,130.0,106.0],1.535701e-05],
[[130.0,108.0,130.0,108.0],1.917194e-05],
[[130.0,110.0,130.0,110.0],1.873313e-05],
[[130.0,112.0,130.0,112.0],2.410716e-05],
[[130.0,114.0,130.0,114.0],2.159612e-05],
[[130.0,116.0,130.0,116.0],1.41009e-05],
[[130.0,118.0,130.0,118.0],1.449224e-05],
[[130.0,120.0,130.0,120.0],7.883284e-06],
[[130.0,122.0,130.0,122.0],7.498209e-06],
[[130.0,124.0,130.0,124.0],6.238209e-06],
[[130.0,126.0,130.0,126.0],0.0],
[[140.0,90.0,140.0,90.0],0.0003008955],
[[140.0,92.0,140.0,92.0],0.0003110149],
[[140.0,94.0,140.0,94.0],0.0003512836],
[[140.0,96.0,140.0,96.0],0.000347791],
[[140.0,98.0,140.0,98.0],0.0003348657],
[[140.0,100.0,140.0,100.0],0.0003502985],
[[140.0,102.0,140.0,102.0],0.0003223284],
[[140.0,104.0,140.0,104.0],0.0002582985],
[[140.0,106.0,140.0,106.0],0.0002317164],
[[140.0,108.0,140.0,108.0],0.000131806],
[[140.0,110.0,140.0,110.0],2.681403e-05],
[[140.0,112.0,140.0,112.0],1.714269e-05],
[[140.0,114.0,140.0,114.0],2.888687e-05],
[[140.0,116.0,140.0,116.0],2.360687e-05],
[[140.0,118.0,140.0,118.0],2.16206e-05],
[[140.0,120.0,140.0,120.0],1.788179e-05],
[[140.0,122.0,140.0,122.0],2.22991e-05],
[[140.0,124.0,140.0,124.0],3.195522e-05],
[[140.0,126.0,140.0,126.0],1.534776e-05],
[[140.0,128.0,140.0,128.0],2.326179e-05],
[[140.0,130.0,140.0,130.0],7.610746e-06],
[[140.0,132.0,140.0,132.0],7.312239e-06],
[[140.0,134.0,140.0,134.0],2.507045e-06],
[[140.0,136.0,140.0,136.0],1.807642e-06],
[[150.0,100.0,150.0,100.0],0.0003388358],
[[150.0,102.0,150.0,102.0],0.0003635224],
[[150.0,104.0,150.0,104.0],0.0003710448],
[[150.0,106.0,150.0,106.0],0.0004171045],
[[150.0,108.0,150.0,108.0],0.0004176119],
[[150.0,110.0,150.0,110.0],0.0004247463],
[[150.0,112.0,150.0,112.0],0.0004211045],
[[150.0,114.0,150.0,114.0],0.0003830746],
[[150.0,116.0,150.0,116.0],0.0002493731],
[[150.0,118.0,150.0,118.0],0.0001373731],
[[150.0,120.0,150.0,120.0],2.93803e-05],
[[150.0,122.0,150.0,122.0],2.104746e-05],
[[150.0,124.0,150.0,124.0],2.982179e-05],
[[150.0,126.0,150.0,126.0],1.985881e-05],
[[150.0,128.0,150.0,128.0],1.946896e-05],
[[150.0,130.0,150.0,130.0],2.542478e-05],
[[150.0,132.0,150.0,132.0],2.411343e-05],
[[150.0,134.0,150.0,134.0],2.171821e-05],
[[150.0,136.0,150.0,136.0],2.544537e-05],
[[150.0,138.0,150.0,138.0],1.583851e-05],
[[150.0,140.0,150.0,140.0],9.67194e-06],
[[150.0,142.0,150.0,142.0],8.990448e-06],
[[150.0,144.0,150.0,144.0],5.159104e-06],
[[150.0,146.0,150.0,146.0],0.0],
[[160.0,110.0,160.0,110.0],0.0004102985],
[[160.0,112.0,160.0,112.0],0.000385403],
[[160.0,114.0,160.0,114.0],0.0004131045],
[[160.0,116.0,160.0,116.0],0.0004150746],
[[160.0,118.0,160.0,118.0],0.0004700896],
[[160.0,120.0,160.0,120.0],0.0005027164],
[[160.0,122.0,160.0,122.0],0.0004442388],
[[160.0,124.0,160.0,124.0],0.0003766269],
[[160.0,126.0,160.0,126.0],0.0002876179],
[[160.0,128.0,160.0,128.0],0.0001595761],
[[160.0,130.0,160.0,130.0],4.121493e-05],
[[160.0,132.0,160.0,132.0],1.850985e-05],
[[160.0,134.0,160.0,134.0],2.65009e-05],
[[160.0,136.0,160.0,136.0],3.351343e-05],
[[160.0,138.0,160.0,138.0],2.654567e-05],
[[160.0,140.0,160.0,140.0],2.424507e-05],
[[160.0,142.0,160.0,142.0],2.618239e-05],
[[160.0,144.0,160.0,144.0],3.092239e-05],
[[160.0,146.0,160.0,146.0],1.35597e-05],
[[160.0,148.0,160.0,148.0],2.144119e-05],
[[160.0,150.0,160.0,150.0],1.838985e-05],
[[160.0,152.0,160.0,152.0],5.246866e-06],
[[160.0,154.0,160.0,154.0],2.993731e-06],
[[160.0,156.0,160.0,156.0],0.0],
[[170.0,120.0,170.0,120.0],0.0004340299],
[[170.0,122.0,170.0,122.0],0.0004556418],
[[170.0,124.0,170.0,124.0],0.0004768358],
[[170.0,126.0,170.0,126.0],0.0005417015],
[[170.0,128.0,170.0,128.0],0.000558],
[[170.0,130.0,170.0,130.0],0.0004990448],
[[170.0,132.0,170.0,132.0],0.0004992537],
[[170.0,134.0,170.0,134.0],0.000467791],
[[170.0,136.0,170.0,136.0],0.0003268657],
[[170.0,138.0,170.0,138.0],0.0001733463],
[[170.0,140.0,170.0,140.0],2.587791e-05],
[[170.0,142.0,170.0,142.0],2.948955e-05],
[[170.0,144.0,170.0,144.0],2.089522e-05],
[[170.0,146.0,170.0,146.0],3.486567e-05],
[[170.0,148.0,170.0,148.0],2.943761e-05],
[[170.0,150.0,170.0,150.0],2.229313e-05],
[[170.0,152.0,170.0,152.0],3.658806e-05],
[[170.0,154.0,170.0,154.0],2.004567e-05],
[[170.0,156.0,170.0,156.0],2.007642e-05],
[[170.0,158.0,170.0,158.0],1.334418e-05],
[[170.0,160.0,170.0,160.0],1.065463e-05],
[[170.0,162.0,170.0,162.0],5.646866e-06],
[[170.0,164.0,170.0,164.0],2.662597e-06],
[[170.0,166.0,170.0,166.0],1.078388e-05],
[[180.0,130.0,180.0,130.0],0.0004794627],
[[180.0,132.0,180.0,132.0],0.0005657612],
[[180.0,134.0,180.0,134.0],0.000538],
[[180.0,136.0,180.0,136.0],0.000570209],
[[180.0,138.0,180.0,138.0],0.0005501493],
[[180.0,140.0,180.0,140.0],0.0005864776],
[[180.0,142.0,180.0,142.0],0.0005192537],
[[180.0,144.0,180.0,144.0],0.0004106567],
[[180.0,146.0,180.0,146.0],0.0003235821],
[[180.0,148.0,180.0,148.0],0.0001704448],
[[180.0,150.0,180.0,150.0],3.559104e-05],
[[180.0,152.0,180.0,152.0],2.353194e-05],
[[180.0,154.0,180.0,154.0],2.564627e-05],
[[180.0,156.0,180.0,156.0],2.174478e-05],
[[180.0,158.0,180.0,158.0],5.427463e-05],
[[180.0,160.0,180.0,160.0],2.942418e-05],
[[180.0,162.0,180.0,162.0],4.062985e-05],
[[180.0,164.0,180.0,164.0],2.915731e-05],
[[180.0,166.0,180.0,166.0],2.230478e-05],
[[180.0,168.0,180.0,168.0],1.176507e-05],
[[180.0,170.0,180.0,170.0],1.271224e-05],
[[180.0,172.0,180.0,172.0],1.08403e-05],
[[180.0,174.0,180.0,174.0],5.962687e-06],
[[180.0,176.0,180.0,176.0],0.0],
[[190.0,140.0,190.0,140.0],0.0004849851],
[[190.0,142.0,190.0,142.0],0.0005653433],
[[190.0,144.0,190.0,144.0],0.0005479403],
[[190.0,146.0,190.0,146.0],0.0006134627],
[[190.0,148.0,190.0,148.0],0.0006564776],
[[190.0,150.0,190.0,150.0],0.0006150448],
[[190.0,152.0,190.0,152.0],0.00055],
[[190.0,154.0,190.0,154.0],0.000485403],
[[190.0,156.0,190.0,156.0],0.0003700597],
[[190.0,158.0,190.0,158.0],0.0002281343],
[[190.0,160.0,190.0,160.0],3.400299e-05],
[[190.0,162.0,190.0,162.0],3.010448e-05],
[[190.0,164.0,190.0,164.0],4.183582e-05],
[[190.0,166.0,190.0,166.0],3.955821e-05],
[[190.0,168.0,190.0,168.0],2.136418e-05],
[[190.0,170.0,190.0,170.0],4.03403e-05],
[[190.0,172.0,190.0,172.0],3.555224e-05],
[[190.0,174.0,190.0,174.0],3.246866e-05],
[[190.0,176.0,190.0,176.0],2.083343e-05],
[[190.0,178.0,190.0,178.0],1.654925e-05],
[[190.0,180.0,190.0,180.0],1.741194e-05],
[[190.0,182.0,190.0,182.0],1.088806e-05],
[[190.0,184.0,190.0,184.0],2.703642e-06],
[[190.0,186.0,190.0,186.0],0.0],
[[200.0,150.0,200.0,150.0],0.0005440896],
[[200.0,152.0,200.0,152.0],0.0005761493],
[[200.0,154.0,200.0,154.0],0.0006131343],
[[200.0,156.0,200.0,156.0],0.0006736418],
[[200.0,158.0,200.0,158.0],0.0006968955],
[[200.0,160.0,200.0,160.0],0.0006508358],
[[200.0,162.0,200.0,162.0],0.0005972537],
[[200.0,164.0,200.0,164.0],0.0005473134],
[[200.0,166.0,200.0,166.0],0.0003651343],
[[200.0,168.0,200.0,168.0],0.0002177731],
[[200.0,170.0,200.0,170.0],4.868657e-05],
[[200.0,172.0,200.0,172.0],2.917313e-05],
[[200.0,174.0,200.0,174.0],3.892537e-05],
[[200.0,176.0,200.0,176.0],2.847284e-05],
[[200.0,178.0,200.0,178.0],3.671642e-05],
[[200.0,180.0,200.0,180.0],3.518806e-05],
[[200.0,182.0,200.0,182.0],2.539373e-05],
[[200.0,184.0,200.0,184.0],3.291642e-05],
[[200.0,186.0,200.0,186.0],2.58609e-05],
[[200.0,188.0,200.0,188.0],1.810537e-05],
[[200.0,190.0,200.0,190.0],8.34597e-06],
[[200.0,192.0,200.0,192.0],6.914925e-06],
[[200.0,194.0,200.0,194.0],3.875522e-06],
[[200.0,196.0,200.0,196.0],0.0],
[[210.0,160.0,210.0,160.0],0.0006224776],
[[210.0,162.0,210.0,162.0],0.0005969254],
[[210.0,164.0,210.0,164.0],0.0006505373],
[[210.0,166.0,210.0,166.0],0.0006945373],
[[210.0,168.0,210.0,168.0],0.0006926269],
[[210.0,170.0,210.0,170.0],0.00072],
[[210.0,172.0,210.0,172.0],0.000666209],
[[210.0,174.0,210.0,174.0],0.0005881194],
[[210.0,176.0,210.0,176.0],0.0004408358],
[[210.0,178.0,210.0,178.0],0.0002555104],
[[210.0,180.0,210.0,180.0],4.32209e-05],
[[210.0,182.0,210.0,182.0],4.282985e-05],
[[210.0,184.0,210.0,184.0],2.495493e-05],
[[210.0,186.0,210.0,186.0],3.42597e-05],
[[210.0,188.0,210.0,188.0],2.786358e-05],
[[210.0,190.0,210.0,190.0],2.476448e-05],
[[210.0,192.0,210.0,192.0],3.226269e-05],
[[210.0,194.0,210.0,194.0],3.22597e-05],
[[210.0,196.0,210.0,196.0],1.556507e-05],
[[210.0,198.0,210.0,198.0],3.413433e-05],
[[210.0,200.0,210.0,200.0],5.643881e-06],
[[210.0,202.0,210.0,202.0],8.988358e-06],
[[210.0,204.0,210.0,204.0],1.944567e-06],
[[210.0,206.0,210.0,206.0],0.0],
[[220.0,170.0,220.0,170.0],0.0005940299],
[[220.0,172.0,220.0,172.0],0.0006673433],
[[220.0,174.0,220.0,174.0],0.0006514627],
[[220.0,176.0,220.0,176.0],0.0007331642],
[[220.0,178.0,220.0,178.0],0.0007817612],
[[220.0,180.0,220.0,180.0],0.0007574328],
[[220.0,182.0,220.0,182.0],0.0007029254],
[[220.0,184.0,220.0,184.0],0.0005900896],
[[220.0,186.0,220.0,186.0],0.000473403],
[[220.0,188.0,220.0,188.0],0.0002236985],
[[220.0,190.0,220.0,190.0],4.056418e-05],
[[220.0,192.0,220.0,192.0],3.042388e-05],
[[220.0,194.0,220.0,194.0],3.990149e-05],
[[220.0,196.0,220.0,196.0],3.357313e-05],
[[220.0,198.0,220.0,198.0],3.747164e-05],
[[220.0,200.0,220.0,200.0],4.17194e-05],
[[220.0,202.0,220.0,202.0],1.747104e-05],
[[220.0,204.0,220.0,204.0],2.983254e-05],
[[220.0,206.0,220.0,206.0],1.281433e-05],
[[220.0,208.0,220.0,208.0],2.115791e-05],
[[220.0,210.0,220.0,210.0],5.676716e-06],
[[220.0,212.0,220.0,212.0],4.301194e-06],
[[220.0,214.0,220.0,214.0],2.80406e-06],
[[220.0,216.0,220.0,216.0],0.0],
[[230.0,180.0,230.0,180.0],0.0006641493],
[[230.0,182.0,230.0,182.0],0.0007046567],
[[230.0,184.0,230.0,184.0],0.0007040896],
[[230.0,186.0,230.0,186.0],0.0007929851],
[[230.0,188.0,230.0,188.0],0.0007762687],
[[230.0,190.0,230.0,190.0],0.0008005672],
[[230.0,192.0,230.0,192.0],0.0007462687],
[[230.0,194.0,230.0,194.0],0.0006744776],
[[230.0,196.0,230.0,196.0],0.000453403],
[[230.0,198.0,230.0,198.0],0.0002525403],
[[230.0,200.0,230.0,200.0],5.119403e-05],
[[230.0,202.0,230.0,202.0],2.275403e-05],
[[230.0,204.0,230.0,204.0],3.413433e-05],
[[230.0,206.0,230.0,206.0],2.457881e-05],
[[230.0,208.0,230.0,208.0],3.122985e-05],
[[230.0,210.0,230.0,210.0],3.50806e-05],
[[230.0,212.0,230.0,212.0],3.16e-05],
[[230.0,214.0,230.0,214.0],2.894388e-05],
[[230.0,216.0,230.0,216.0],2.616955e-05],
[[230.0,218.0,230.0,218.0],2.055493e-05],
[[230.0,220.0,230.0,220.0],1.090418e-05],
[[230.0,222.0,230.0,222.0],8.918507e-06],
[[230.0,224.0,230.0,224.0],0.0],
[[230.0,226.0,230.0,226.0],0.0],
[[240.0,190.0,240.0,190.0],0.0006149851],
[[240.0,192.0,240.0,192.0],0.0007483881],
[[240.0,194.0,240.0,194.0],0.0007767463],
[[240.0,196.0,240.0,196.0],0.0008006567],
[[240.0,198.0,240.0,198.0],0.0008219403],
[[240.0,200.0,240.0,200.0],0.0007869851],
[[240.0,202.0,240.0,202.0],0.0008494627],
[[240.0,204.0,240.0,204.0],0.0006755821],
[[240.0,206.0,240.0,206.0],0.0005308955],
[[240.0,208.0,240.0,208.0],0.0002257343],
[[240.0,210.0,240.0,210.0],5.711045e-05],
[[240.0,212.0,240.0,212.0],3.403881e-05],
[[240.0,214.0,240.0,214.0],3.471343e-05],
[[240.0,216.0,240.0,216.0],3.465075e-05],
[[240.0,218.0,240.0,218.0],4.179104e-05],
[[240.0,220.0,240.0,220.0],2.815761e-05],
[[240.0,222.0,240.0,222.0],2.79394e-05],
[[240.0,224.0,240.0,224.0],2.475373e-05],
[[240.0,226.0,240.0,226.0],1.784239e-05],
[[240.0,228.0,240.0,228.0],2.016985e-05],
[[240.0,230.0,240.0,230.0],1.596537e-05],
[[240.0,232.0,240.0,232.0],7.255224e-06],
[[240.0,234.0,240.0,234.0],1.464925e-06],
[[240.0,236.0,240.0,236.0],0.0],
[[250.0,200.0,250.0,200.0],0.0006525373],
[[250.0,202.0,250.0,202.0],0.0007344478],
[[250.0,204.0,250.0,204.0],0.000790597],
[[250.0,206.0,250.0,206.0],0.0008196418],
[[250.0,208.0,250.0,208.0],0.0008878209],
[[250.0,210.0,250.0,210.0],0.000811403],
[[250.0,212.0,250.0,212.0],0.0008059403],
[[250.0,214.0,250.0,214.0],0.000721791],
[[250.0,216.0,250.0,216.0],0.0005174328],
[[250.0,218.0,250.0,218.0],0.0002403075],
[[250.0,220.0,250.0,220.0],5.748358e-05],
[[250.0,222.0,250.0,222.0],2.475313e-05],
[[250.0,224.0,250.0,224.0],4.12e-05],
[[250.0,226.0,250.0,226.0],4.822687e-05],
[[250.0,228.0,250.0,228.0],2.538985e-05],
[[250.0,230.0,250.0,230.0],3.718209e-05],
[[250.0,232.0,250.0,232.0],3.144478e-05],
[[250.0,234.0,250.0,234.0],2.848209e-05],
[[250.0,236.0,250.0,236.0],2.705612e-05],
[[250.0,238.0,250.0,238.0],1.900239e-05],
[[250.0,240.0,250.0,240.0],1.01391e-05],
[[250.0,242.0,250.0,242.0],6.283582e-06],
[[250.0,244.0,250.0,244.0],4.403881e-06],
[[250.0,246.0,250.0,246.0],0.0],
[[260.0,210.0,260.0,210.0],0.0007410149],
[[260.0,212.0,260.0,212.0],0.0007910149],
[[260.0,214.0,260.0,214.0],0.0008770448],
[[260.0,216.0,260.0,216.0],0.0009120597],
[[260.0,218.0,260.0,218.0],0.0009408955],
[[260.0,220.0,260.0,220.0],0.0008633134],
[[260.0,222.0,260.0,222.0],0.0008041493],
[[260.0,224.0,260.0,224.0],0.0006754328],
[[260.0,226.0,260.0,226.0],0.0005129552],
[[260.0,228.0,260.0,228.0],0.0002947881],
[[260.0,230.0,260.0,230.0],4.880896e-05],
[[260.0,232.0,260.0,232.0],4.348358e-05],
[[260.0,234.0,260.0,234.0],4.552239e-05],
[[260.0,236.0,260.0,236.0],5.415224e-05],
[[260.0,238.0,260.0,238.0],3.611045e-05],
[[260.0,240.0,260.0,240.0],3.458209e-05],
[[260.0,242.0,260.0,242.0],2.657552e-05],
[[260.0,244.0,260.0,244.0],4.283582e-05],
[[260.0,246.0,260.0,246.0],3.093433e-05],
[[260.0,248.0,260.0,248.0],1.36009e-05],
[[260.0,250.0,260.0,250.0],1.180836e-05],
[[260.0,252.0,260.0,252.0],2.918209e-06],
[[260.0,254.0,260.0,254.0],0.0],
[[260.0,256.0,260.0,256.0],0.0],
[[270.0,220.0,270.0,220.0],0.0007709851],
[[270.0,222.0,270.0,222.0],0.0008799104],
[[270.0,224.0,270.0,224.0],0.0008584179],
[[270.0,226.0,270.0,226.0],0.0008343582],
[[270.0,228.0,270.0,228.0],0.0009418806],
[[270.0,230.0,270.0,230.0],0.0009135522],
[[270.0,232.0,270.0,232.0],0.0008672537],
[[270.0,234.0,270.0,234.0],0.0007836418],
[[270.0,236.0,270.0,236.0],0.00054],
[[270.0,238.0,270.0,238.0],0.0003264776],
[[270.0,240.0,270.0,240.0],4.804776e-05],
[[270.0,242.0,270.0,242.0],2.814776e-05],
[[270.0,244.0,270.0,244.0],3.038806e-05],
[[270.0,246.0,270.0,246.0],3.772239e-05],
[[270.0,248.0,270.0,248.0],3.345373e-05],
[[270.0,250.0,270.0,250.0],4.421493e-05],
[[270.0,252.0,270.0,252.0],4.527164e-05],
[[270.0,254.0,270.0,254.0],3.27791e-05],
[[270.0,256.0,270.0,256.0],2.136149e-05],
[[270.0,258.0,270.0,258.0],2.576418e-05],
[[270.0,260.0,270.0,260.0],1.056776e-05],
[[270.0,262.0,270.0,262.0],9.915224e-06],
[[270.0,264.0,270.0,264.0],3.92e-06],
[[270.0,266.0,270.0,266.0],0.0],
[[280.0,230.0,280.0,230.0],0.0008046269],
[[280.0,232.0,280.0,232.0],0.0008203284],
[[280.0,234.0,280.0,234.0],0.0008859701],
[[280.0,236.0,280.0,236.0],0.0009381194],
[[280.0,238.0,280.0,238.0],0.0009682687],
[[280.0,240.0,280.0,240.0],0.0009285672],
[[280.0,242.0,280.0,242.0],0.0009276716],
[[280.0,244.0,280.0,244.0],0.0007856119],
[[280.0,246.0,280.0,246.0],0.0005723881],
[[280.0,248.0,280.0,248.0],0.0003260896],
[[280.0,250.0,280.0,250.0],5.008358e-05],
[[280.0,252.0,280.0,252.0],3.954627e-05],
[[280.0,254.0,280.0,254.0],4.563582e-05],
[[280.0,256.0,280.0,256.0],4.427761e-05],
[[280.0,258.0,280.0,258.0],3.444478e-05],
[[280.0,260.0,280.0,260.0],3.77403e-05],
[[280.0,262.0,280.0,262.0],2.707254e-05],
[[280.0,264.0,280.0,264.0],2.412358e-05],
[[280.0,266.0,280.0,266.0],1.667075e-05],
[[280.0,268.0,280.0,268.0],1.903403e-05],
[[280.0,270.0,280.0,270.0],8.037313e-06],
[[280.0,272.0,280.0,272.0],6.472239e-06],
[[280.0,274.0,280.0,274.0],2.49606e-06],
[[280.0,276.0,280.0,276.0],0.0],
[[290.0,240.0,290.0,240.0],0.0009091343],
[[290.0,242.0,290.0,242.0],0.0008368358],
[[290.0,244.0,290.0,244.0],0.0009141194],
[[290.0,246.0,290.0,246.0],0.001005642],
[[290.0,248.0,290.0,248.0],0.0009815522],
[[290.0,250.0,290.0,250.0],0.001004],
[[290.0,252.0,290.0,252.0],0.0009650746],
[[290.0,254.0,290.0,254.0],0.0007556716],
[[290.0,256.0,290.0,256.0],0.000563403],
[[290.0,258.0,290.0,258.0],0.0002673522],
[[290.0,260.0,290.0,260.0],5.215224e-05],
[[290.0,262.0,290.0,262.0],3.959104e-05],
[[290.0,264.0,290.0,264.0],4.02e-05],
[[290.0,266.0,290.0,266.0],4.403284e-05],
[[290.0,268.0,290.0,268.0],4.415224e-05],
[[290.0,270.0,290.0,270.0],3.552239e-05],
[[290.0,272.0,290.0,272.0],4.160896e-05],
[[290.0,274.0,290.0,274.0],3.848955e-05],
[[290.0,276.0,290.0,276.0],2.235194e-05],
[[290.0,278.0,290.0,278.0],1.088e-05],
[[290.0,280.0,290.0,280.0],1.472299e-05],
[[290.0,282.0,290.0,282.0],5.350149e-06],
[[290.0,284.0,290.0,284.0],0.0],
[[290.0,286.0,290.0,286.0],0.0],
[[300.0,250.0,300.0,250.0],0.0008891642],
[[300.0,252.0,300.0,252.0],0.000928],
[[300.0,254.0,300.0,254.0],0.0009376716],
[[300.0,256.0,300.0,256.0],0.001040657],
[[300.0,258.0,300.0,258.0],0.000969194],
[[300.0,260.0,300.0,260.0],0.0009973134],
[[300.0,262.0,300.0,262.0],0.0009108358],
[[300.0,264.0,300.0,264.0],0.0008208955],
[[300.0,266.0,300.0,266.0],0.0006112239],
[[300.0,268.0,300.0,268.0],0.0003300597],
[[300.0,270.0,300.0,270.0],4.645373e-05],
[[300.0,272.0,300.0,272.0],4.277015e-05],
[[300.0,274.0,300.0,274.0],4.675522e-05],
[[300.0,276.0,300.0,276.0],3.359104e-05],
[[300.0,278.0,300.0,278.0],3.554925e-05],
[[300.0,280.0,300.0,280.0],3.362687e-05],
[[300.0,282.0,300.0,282.0],4.291642e-05],
[[300.0,284.0,300.0,284.0],4.12806e-05],
[[300.0,286.0,300.0,286.0],1.941104e-05],
[[300.0,288.0,300.0,288.0],1.057493e-05],
[[300.0,290.0,300.0,290.0],1.176149e-05],
[[300.0,292.0,300.0,292.0],1.540985e-06],
[[300.0,294.0,300.0,294.0],0.0],
[[300.0,296.0,300.0,296.0],0.0],
[[310.0,270.0,310.0,270.0],0.001071224],
[[310.0,272.0,310.0,272.0],0.0009817015],
[[310.0,274.0,310.0,274.0],0.0008681791],
[[310.0,276.0,310.0,276.0],0.000652209],
[[310.0,278.0,310.0,278.0],0.0003547463],
[[310.0,280.0,310.0,280.0],6.691642e-05],
[[310.0,282.0,310.0,282.0],4.536716e-05],
[[310.0,284.0,310.0,284.0],4.325373e-05],
[[310.0,286.0,310.0,286.0],4.585075e-05],
[[310.0,288.0,310.0,288.0],4.110746e-05],
[[310.0,290.0,310.0,290.0],2.734269e-05],
[[310.0,292.0,310.0,292.0],3.485075e-05],
[[310.0,294.0,310.0,294.0],1.974985e-05],
[[310.0,296.0,310.0,296.0],2.847612e-05],
[[310.0,298.0,310.0,298.0],1.053015e-05],
[[310.0,300.0,310.0,300.0],1.165552e-05],
[[310.0,302.0,310.0,302.0],0.0],
[[310.0,304.0,310.0,304.0],0.0],
[[310.0,306.0,310.0,306.0],0.0],
[[320.0,280.0,320.0,280.0],0.001113552],
[[320.0,282.0,320.0,282.0],0.000984209],
[[320.0,284.0,320.0,284.0],0.0009153433],
[[320.0,286.0,320.0,286.0],0.00064],
[[320.0,288.0,320.0,288.0],0.0003392537],
[[320.0,290.0,320.0,290.0],6.254627e-05],
[[320.0,292.0,320.0,292.0],2.856925e-05],
[[320.0,294.0,320.0,294.0],4.608657e-05],
[[320.0,296.0,320.0,296.0],4.754627e-05],
[[320.0,298.0,320.0,298.0],4.507761e-05],
[[320.0,300.0,320.0,300.0],4.417313e-05],
[[320.0,302.0,320.0,302.0],4.227164e-05],
[[320.0,304.0,320.0,304.0],2.711015e-05],
[[320.0,306.0,320.0,306.0],2.474269e-05],
[[320.0,308.0,320.0,308.0],1.568597e-05],
[[320.0,310.0,320.0,310.0],2.036119e-05],
[[320.0,312.0,320.0,312.0],1.233522e-05],
[[320.0,314.0,320.0,314.0],0.0],
[[320.0,316.0,320.0,316.0],0.0],
[[330.0,290.0,330.0,290.0],0.00118003],
[[330.0,292.0,330.0,292.0],0.001023224],
[[330.0,294.0,330.0,294.0],0.0008655224],
[[330.0,296.0,330.0,296.0],0.0006791642],
[[330.0,298.0,330.0,298.0],0.0003799701],
[[330.0,300.0,330.0,300.0],4.511045e-05],
[[330.0,302.0,330.0,302.0],2.960269e-05],
[[330.0,304.0,330.0,304.0],4.37791e-05],
[[330.0,306.0,330.0,306.0],3.708955e-05],
[[330.0,308.0,330.0,308.0],4.097313e-05],
[[330.0,310.0,330.0,310.0],3.300896e-05],
[[330.0,312.0,330.0,312.0],3.738209e-05],
[[330.0,314.0,330.0,314.0],3.255522e-05],
[[330.0,316.0,330.0,316.0],2.17594e-05],
[[330.0,318.0,330.0,318.0],1.006119e-05],
[[330.0,320.0,330.0,320.0],1.459403e-05],
[[330.0,322.0,330.0,322.0],1.08003e-05],
[[330.0,326.0,330.0,326.0],0.0],
[[340.0,300.0,340.0,300.0],0.001181791],
[[340.0,302.0,340.0,302.0],0.00108797],
[[340.0,304.0,340.0,304.0],0.0008394328],
[[340.0,306.0,340.0,306.0],0.0006627761],
[[340.0,308.0,340.0,308.0],0.0003493731],
[[340.0,310.0,340.0,310.0],6.041493e-05],
[[340.0,312.0,340.0,312.0],3.160896e-05],
[[340.0,314.0,340.0,314.0],4.118806e-05],
[[340.0,316.0,340.0,316.0],4.26e-05],
[[340.0,318.0,340.0,318.0],4.542388e-05],
[[340.0,320.0,340.0,320.0],4.484179e-05],
[[340.0,322.0,340.0,322.0],2.440776e-05],
[[340.0,324.0,340.0,324.0],5.029254e-05],
[[340.0,326.0,340.0,326.0],1.68397e-05],
[[340.0,328.0,340.0,328.0],2.671015e-05],
[[340.0,330.0,340.0,330.0],4.315224e-06],
[[340.0,332.0,340.0,332.0],5.253433e-06],
[[340.0,334.0,340.0,334.0],0.0],
[[340.0,336.0,340.0,336.0],0.0],
[[350.0,310.0,350.0,310.0],0.001138537],
[[350.0,312.0,350.0,312.0],0.001083313],
[[350.0,314.0,350.0,314.0],0.0009182985],
[[350.0,316.0,350.0,316.0],0.000677791],
[[350.0,318.0,350.0,318.0],0.0003205672],
[[350.0,320.0,350.0,320.0],6.246567e-05],
[[350.0,322.0,350.0,322.0],5.40209e-05],
[[350.0,324.0,350.0,324.0],5.388657e-05],
[[350.0,326.0,350.0,326.0],5.028358e-05],
[[350.0,328.0,350.0,328.0],4.785672e-05],
[[350.0,330.0,350.0,330.0],3.573433e-05],
[[350.0,332.0,350.0,332.0],3.602687e-05],
[[350.0,334.0,350.0,334.0],2.971373e-05],
[[350.0,336.0,350.0,336.0],3.507761e-05],
[[350.0,338.0,350.0,338.0],2.211134e-05],
[[350.0,340.0,350.0,340.0],1.821403e-05],
[[350.0,342.0,350.0,342.0],3.590149e-06],
[[350.0,344.0,350.0,344.0],0.0],
[[350.0,346.0,350.0,346.0],0.0],
[[360.0,320.0,360.0,320.0],0.001064537],
[[360.0,322.0,360.0,322.0],0.001124269],
[[360.0,324.0,360.0,324.0],0.000904209],
[[360.0,326.0,360.0,326.0],0.0006239403],
[[360.0,328.0,360.0,328.0],0.0003338507],
[[360.0,330.0,360.0,330.0],7.181791e-05],
[[360.0,332.0,360.0,332.0],3.610149e-05],
[[360.0,334.0,360.0,334.0],3.206866e-05],
[[360.0,336.0,360.0,336.0],4.031343e-05],
[[360.0,338.0,360.0,338.0],6.638806e-05],
[[360.0,340.0,360.0,340.0],3.226269e-05],
[[360.0,342.0,360.0,342.0],3.989254e-05],
[[360.0,344.0,360.0,344.0],2.01203e-05],
[[360.0,346.0,360.0,346.0],3.016119e-05],
[[360.0,348.0,360.0,348.0],2.223881e-05],
[[360.0,350.0,360.0,350.0],6.167164e-06],
[[360.0,352.0,360.0,352.0],4.716418e-06],
[[360.0,354.0,360.0,354.0],0.0],
[[360.0,356.0,360.0,356.0],0.0],
[[370.0,330.0,370.0,330.0],0.001112866],
[[370.0,332.0,370.0,332.0],0.001132836],
[[370.0,334.0,370.0,334.0],0.0009796119],
[[370.0,336.0,370.0,336.0],0.0007226269],
[[370.0,338.0,370.0,338.0],0.0003421791],
[[370.0,340.0,370.0,340.0],8.237612e-05],
[[370.0,342.0,370.0,342.0],6.834627e-05],
[[370.0,344.0,370.0,344.0],5.339701e-05],
[[370.0,346.0,370.0,346.0],4.347463e-05],
[[370.0,348.0,370.0,348.0],6.007463e-05],
[[370.0,350.0,370.0,350.0],4.908657e-05],
[[370.0,352.0,370.0,352.0],3.308657e-05],
[[370.0,354.0,370.0,354.0],3.430746e-05],
[[370.0,356.0,370.0,356.0],1.68603e-05],
[[370.0,358.0,370.0,358.0],2.035582e-05],
[[370.0,360.0,370.0,360.0],1.284866e-05],
[[370.0,362.0,370.0,362.0],9.560597e-06],
[[370.0,364.0,370.0,364.0],0.0],
[[370.0,366.0,370.0,366.0],0.0],
[[380.0,340.0,380.0,340.0],0.001170806],
[[380.0,342.0,380.0,342.0],0.001158985],
[[380.0,344.0,380.0,344.0],0.0009470746],
[[380.0,346.0,380.0,346.0],0.0006560896],
[[380.0,348.0,380.0,348.0],0.000340209],
[[380.0,350.0,380.0,350.0],8.184776e-05],
[[380.0,352.0,380.0,352.0],3.97403e-05],
[[380.0,354.0,380.0,354.0],2.895164e-05],
[[380.0,356.0,380.0,356.0],3.785373e-05],
[[380.0,358.0,380.0,358.0],4.641194e-05],
[[380.0,360.0,380.0,360.0],4.116418e-05],
[[380.0,362.0,380.0,362.0],3.153731e-05],
[[380.0,364.0,380.0,364.0],2.018269e-05],
[[380.0,366.0,380.0,366.0],2.191701e-05],
[[380.0,368.0,380.0,368.0],2.20794e-05],
[[380.0,370.0,380.0,370.0],7.979104e-06],
[[380.0,372.0,380.0,372.0],2.166239e-06],
[[380.0,374.0,380.0,374.0],0.0],
[[380.0,376.0,380.0,376.0],0.0],
[[390.0,350.0,390.0,350.0],0.001260836],
[[390.0,352.0,390.0,352.0],0.001131791],
[[390.0,354.0,390.0,354.0],0.00101597],
[[390.0,356.0,390.0,356.0],0.0007107463],
[[390.0,358.0,390.0,358.0],0.0003661791],
[[390.0,360.0,390.0,360.0],8.035224e-05],
[[390.0,362.0,390.0,362.0],3.945075e-05],
[[390.0,364.0,390.0,364.0],3.787463e-05],
[[390.0,366.0,390.0,366.0],4.902985e-05],
[[390.0,368.0,390.0,368.0],4.258209e-05],
[[390.0,370.0,390.0,370.0],4.84e-05],
[[390.0,372.0,390.0,372.0],2.47394e-05],
[[390.0,374.0,390.0,374.0],2.980299e-05],
[[390.0,376.0,390.0,376.0],1.301612e-05],
[[390.0,378.0,390.0,378.0],1.375403e-05],
[[390.0,380.0,390.0,380.0],1.302866e-05],
[[390.0,382.0,390.0,382.0],6.545373e-06],
[[390.0,384.0,390.0,384.0],0.0],
[[390.0,386.0,390.0,386.0],0.0],
[[400.0,360.0,400.0,360.0],0.001303493],
[[400.0,362.0,400.0,362.0],0.001215224],
[[400.0,364.0,400.0,364.0],0.0009982985],
[[400.0,368.0,400.0,368.0],0.0003578806],
[[400.0,370.0,400.0,370.0],6.930746e-05],
[[400.0,372.0,400.0,372.0],5.013134e-05],
[[400.0,374.0,400.0,374.0],5.368955e-05],
[[400.0,376.0,400.0,376.0],4.429851e-05],
[[400.0,378.0,400.0,378.0],3.815224e-05],
[[400.0,380.0,400.0,380.0],3.109552e-05],
[[400.0,382.0,400.0,382.0],3.129552e-05],
[[400.0,384.0,400.0,384.0],4.18806e-05],
[[400.0,386.0,400.0,386.0],1.951015e-05],
[[400.0,388.0,400.0,388.0],2.017701e-05],
[[400.0,390.0,400.0,390.0],7.18597e-06],
[[400.0,392.0,400.0,392.0],9.84209e-06],
[[400.0,394.0,400.0,394.0],0.0],
[[400.0,396.0,400.0,396.0],0.0]]
