txName: TRPV5tjb
constraint: {(PV > anyBSM(1), anyBSM(3)), (anyBSM(1) > t,anyBSM(2)), (anyBSM(3) > t,anyBSM(4)), (anyBSM(2) > jet,b), (anyBSM(4) > jet,b)}
condition: None
conditionDescription: None
figureUrl: https://atlas.web.cern.ch/Atlas/GROUPS/PHYSICS/PAPERS/SUSY-2020-27/figaux_14b.png; https://atlas.web.cern.ch/Atlas/GROUPS/PHYSICS/PAPERS/SUSY-2020-27/figaux_14c.png; https://atlas.web.cern.ch/Atlas/GROUPS/PHYSICS/PAPERS/SUSY-2020-27/figaux_14d.png; https://atlas.web.cern.ch/Atlas/GROUPS/PHYSICS/PAPERS/SUSY-2020-27/figaux_14e.png; https://atlas.web.cern.ch/Atlas/GROUPS/PHYSICS/PAPERS/SUSY-2020-27/figaux_19b.png; https://atlas.web.cern.ch/Atlas/GROUPS/PHYSICS/PAPERS/SUSY-2020-27/figaux_19c.png; https://atlas.web.cern.ch/Atlas/GROUPS/PHYSICS/PAPERS/SUSY-2020-27/figaux_19d.png; https://atlas.web.cern.ch/Atlas/GROUPS/PHYSICS/PAPERS/SUSY-2020-27/figaux_19e.png
source: ATLAS
validated: True
axesMap: [{0: 'x', 1: 'y', 2: 'x', 3: 'y'}]
dataMap: {0: (1, 'mass', GeV), 1: (2, 'mass', GeV), 2: (3, 'mass', GeV), 3: (4, 'mass', GeV)}
finalState: ['MET', 'MET']
efficiencyMap: [[[1600.0,1000.0,1600.0,1000.0],0.004527257],
[[2200.0,800.0,2200.0,800.0],0.004516754],
[[2000.0,1800.0,2000.0,1800.0],0.001691342],
[[1800.0,1400.0,1800.0,1400.0],0.004395797],
[[1600.0,600.0,1600.0,600.0],0.004803572],
[[1000.0,800.0,1000.0,800.0],0.002410511],
[[2000.0,1400.0,2000.0,1400.0],0.004149387],
[[2200.0,400.0,2200.0,400.0],0.003931496],
[[800.0,400.0,800.0,400.0],0.001946015],
[[1800.0,1000.0,1800.0,1000.0],0.005256158],
[[1400.0,1200.0,1400.0,1200.0],0.00344856],
[[2200.0,1800.0,2200.0,1800.0],0.00317935],
[[2000.0,1000.0,2000.0,1000.0],0.00445889],
[[1000.0,400.0,1000.0,400.0],0.003872045],
[[1200.0,800.0,1200.0,800.0],0.004423038],
[[2200.0,1400.0,2200.0,1400.0],0.004537957],
[[1800.0,600.0,1800.0,600.0],0.00515683],
[[1400.0,800.0,1400.0,800.0],0.004983218],
[[2000.0,600.0,2000.0,600.0],0.004570938],
[[1200.0,400.0,1200.0,400.0],0.00492522],
[[2200.0,1000.0,2200.0,1000.0],0.00459301],
[[1400.0,400.0,1400.0,400.0],0.005287763],
[[1600.0,1200.0,1600.0,1200.0],0.004065327],
[[1800.0,1600.0,1800.0,1600.0],0.002308075],
[[2200.0,600.0,2200.0,600.0],0.004460215],
[[1600.0,800.0,1600.0,800.0],0.005290205],
[[2000.0,1600.0,2000.0,1600.0],0.003609474],
[[800.0,600.0,800.0,600.0],0.001400011],
[[1800.0,1200.0,1800.0,1200.0],0.004519136],
[[1000.0,600.0,1000.0,600.0],0.00365607],
[[2000.0,1200.0,2000.0,1200.0],0.00511908],
[[2200.0,2000.0,2200.0,2000.0],0.002014208],
[[1600.0,400.0,1600.0,400.0],0.004526184],
[[1800.0,800.0,1800.0,800.0],0.004862629],
[[1200.0,1000.0,1200.0,1000.0],0.002854027],
[[2200.0,1600.0,2200.0,1600.0],0.004448778],
[[2000.0,800.0,2000.0,800.0],0.004750533],
[[1400.0,1000.0,1400.0,1000.0],0.004033075],
[[1800.0,400.0,1800.0,400.0],0.0050352],
[[1600.0,1400.0,1600.0,1400.0],0.002142261],
[[1200.0,600.0,1200.0,600.0],0.004516928],
[[2200.0,1200.0,2200.0,1200.0],0.005000995],
[[2000.0,400.0,2000.0,400.0],0.003815682],
[[1400.0,600.0,1400.0,600.0],0.005318435],
[[600.0,400.0,600.0,400.0],0.0004069376]]
