txName: TRV1nunu
constraint: {(PV > Zprime(1)), (Zprime(1) > nu,nu)}
condition: None
conditionDescription: None
figureUrl: None
source: CMS
validated: N/A
axesMap: [{0: 'x'}]
dataMap: {0: (1, 'mass', GeV)}
finalState: ['MET', 'MET']
efficiencyMap: [[[50.0],2.310094e-06],
[[100.0],1.504624e-05],
[[150.0],2.948321e-05],
[[200.0],7.784593e-05],
[[250.0],0.0001371385],
[[300.0],0.0001896007],
[[350.0],0.0002517824],
[[400.0],0.0003117942],
[[450.0],0.0004176893],
[[500.0],0.0005334412],
[[550.0],0.0005786724],
[[600.0],0.0007017031],
[[650.0],0.0007604356],
[[700.0],0.0007700636],
[[750.0],0.0008189527],
[[800.0],0.000921014],
[[850.0],0.000891042],
[[900.0],0.0009532196],
[[950.0],0.0010621],
[[1000.0],0.001047989],
[[1050.0],0.0009508336],
[[1100.0],0.001153435],
[[1150.0],0.001121513],
[[1200.0],0.001101227],
[[1250.0],0.001172722],
[[1300.0],0.001271373],
[[1350.0],0.001263114],
[[1400.0],0.001364844],
[[1450.0],0.001246793],
[[1500.0],0.0014004],
[[1550.0],0.001360692],
[[1600.0],0.00139732],
[[1650.0],0.001437929],
[[1700.0],0.001471614],
[[1750.0],0.001396458],
[[1800.0],0.001533403],
[[1850.0],0.001420029],
[[1900.0],0.001386108],
[[1950.0],0.001411321],
[[2000.0],0.001614424],
[[2250.0],0.001586339],
[[2500.0],0.001576059],
[[2750.0],0.001843828],
[[3000.0],0.001798253]]
