txName: TChiWWISRqq
constraint: {(PV > anyBSM(1), anyBSM(3)), (anyBSM(1) > q, q, MET(2)), (anyBSM(3) > q, q, MET(4))}
condition: None
conditionDescription: None
figureUrl: None
source: Recast by MA5
validated: True
axesMap: [{0: 'x', 1: 'y', 2: 'x', 3: 'y'}]
dataMap: {0: (1, 'mass', GeV), 1: (2, 'mass', GeV), 2: (3, 'mass', GeV), 3: (4, 'mass', GeV)}
finalState: ['MET', 'MET']
efficiencyMap: [[[11.0,10.0,11.0,10.0],7.252108e-06],
[[13.0,10.0,13.0,10.0],1.388122e-06],
[[15.0,10.0,15.0,10.0],2.325245e-07],
[[20.0,10.0,20.0,10.0],2.502167e-07],
[[21.0,20.0,21.0,20.0],6.97611e-06],
[[23.0,20.0,23.0,20.0],2.447146e-06],
[[25.0,20.0,25.0,20.0],1.197352e-06],
[[30.0,10.0,30.0,10.0],2.407079e-08],
[[30.0,20.0,30.0,20.0],1.598446e-07],
[[31.0,30.0,31.0,30.0],9.934088e-06],
[[33.0,30.0,33.0,30.0],3.605289e-06],
[[35.0,30.0,35.0,30.0],1.606261e-06],
[[40.0,20.0,40.0,20.0],2.537e-08],
[[40.0,30.0,40.0,30.0],2.467673e-07],
[[41.0,40.0,41.0,40.0],8.507212e-06],
[[43.0,40.0,43.0,40.0],4.821255e-06],
[[45.0,40.0,45.0,40.0],3.12714e-06],
[[50.0,10.0,50.0,10.0],1.626754e-07],
[[50.0,30.0,50.0,30.0],5.514703e-07],
[[50.0,40.0,50.0,40.0],1.698084e-06],
[[51.0,50.0,51.0,50.0],2.558027e-05],
[[53.0,50.0,53.0,50.0],2.167729e-05],
[[55.0,50.0,55.0,50.0],1.446371e-05],
[[60.0,20.0,60.0,20.0],4.434448e-07],
[[60.0,40.0,60.0,40.0],2.463527e-06],
[[60.0,50.0,60.0,50.0],1.276839e-05],
[[61.0,60.0,61.0,60.0],6.259551e-05],
[[63.0,60.0,63.0,60.0],4.548951e-05],
[[65.0,60.0,65.0,60.0],3.281173e-05],
[[70.0,10.0,70.0,10.0],3.088103e-07],
[[70.0,30.0,70.0,30.0],1.857626e-06],
[[70.0,50.0,70.0,50.0],6.385459e-06],
[[70.0,60.0,70.0,60.0],3.803505e-05],
[[71.0,70.0,71.0,70.0],7.946703e-05],
[[73.0,70.0,73.0,70.0],7.364566e-05],
[[75.0,70.0,75.0,70.0],5.026419e-05],
[[80.0,20.0,80.0,20.0],1.201916e-06],
[[80.0,40.0,80.0,40.0],5.092131e-06],
[[80.0,60.0,80.0,60.0],8.748026e-06],
[[80.0,70.0,80.0,70.0],3.010395e-05],
[[81.0,80.0,81.0,80.0],0.0001129872],
[[83.0,80.0,83.0,80.0],8.90423e-05],
[[85.0,80.0,85.0,80.0],7.525987e-05],
[[90.0,10.0,90.0,10.0],5.497991e-06],
[[90.0,30.0,90.0,30.0],1.639822e-05],
[[90.0,50.0,90.0,50.0],6.511775e-06],
[[90.0,70.0,90.0,70.0],1.74885e-05],
[[90.0,80.0,90.0,80.0],4.816951e-05],
[[91.0,90.0,91.0,90.0],0.0001127601],
[[93.0,90.0,93.0,90.0],0.000120851],
[[95.0,90.0,95.0,90.0],0.0001048347],
[[100.0,20.0,100.0,20.0],3.496751e-06],
[[100.0,40.0,100.0,40.0],5.933768e-06],
[[100.0,60.0,100.0,60.0],1.213104e-05],
[[100.0,80.0,100.0,80.0],2.597622e-05],
[[100.0,90.0,100.0,90.0],7.050589e-05],
[[101.0,100.0,101.0,100.0],0.0001478477],
[[103.0,100.0,103.0,100.0],0.0001429737],
[[103.0,102.0,103.0,102.0],0.0001566027],
[[105.0,100.0,105.0,100.0],0.0001376898],
[[105.0,102.0,105.0,102.0],0.0001386634],
[[107.0,102.0,107.0,102.0],0.0001460953],
[[110.0,30.0,110.0,30.0],1.029379e-05],
[[110.0,50.0,110.0,50.0],7.782216e-06],
[[110.0,70.0,110.0,70.0],1.743051e-05],
[[110.0,90.0,110.0,90.0],4.772783e-05],
[[110.0,100.0,110.0,100.0],8.529288e-05],
[[112.0,102.0,112.0,102.0],0.0001093549],
[[120.0,40.0,120.0,40.0],1.139042e-05],
[[120.0,60.0,120.0,60.0],1.301736e-05],
[[120.0,80.0,120.0,80.0],2.411552e-05],
[[120.0,100.0,120.0,100.0],5.161443e-05],
[[122.0,102.0,122.0,102.0],5.320656e-05],
[[123.0,122.0,123.0,122.0],0.000214243],
[[125.0,122.0,125.0,122.0],0.0002275567],
[[127.0,122.0,127.0,122.0],0.0001856509],
[[130.0,50.0,130.0,50.0],3.448122e-05],
[[130.0,70.0,130.0,70.0],1.96353e-05],
[[130.0,90.0,130.0,90.0],3.497581e-05],
[[132.0,122.0,132.0,122.0],0.0001454844],
[[140.0,60.0,140.0,60.0],2.095085e-05],
[[140.0,80.0,140.0,80.0],3.51786e-05],
[[140.0,100.0,140.0,100.0],3.906104e-05],
[[142.0,102.0,142.0,102.0],4.560378e-05],
[[142.0,122.0,142.0,122.0],0.0001207744],
[[143.0,142.0,143.0,142.0],0.0002875729],
[[145.0,142.0,145.0,142.0],0.0002530731],
[[147.0,142.0,147.0,142.0],0.0002378248],
[[150.0,70.0,150.0,70.0],2.693961e-05],
[[150.0,90.0,150.0,90.0],3.59554e-05],
[[152.0,142.0,152.0,142.0],0.0001895063],
[[160.0,80.0,160.0,80.0],3.264957e-05],
[[160.0,100.0,160.0,100.0],4.856283e-05],
[[162.0,102.0,162.0,102.0],5.34306e-05],
[[162.0,122.0,162.0,122.0],6.863118e-05],
[[162.0,142.0,162.0,142.0],0.0001324878],
[[163.0,162.0,163.0,162.0],0.0003072698],
[[165.0,162.0,165.0,162.0],0.0002940521],
[[167.0,162.0,167.0,162.0],0.0002946248],
[[170.0,90.0,170.0,90.0],5.227269e-05],
[[172.0,162.0,172.0,162.0],0.0002464858],
[[180.0,100.0,180.0,100.0],5.607543e-05],
[[182.0,102.0,182.0,102.0],5.518497e-05],
[[182.0,122.0,182.0,122.0],7.308632e-05],
[[182.0,142.0,182.0,142.0],9.617455e-05],
[[182.0,162.0,182.0,162.0],0.0001758428],
[[183.0,182.0,183.0,182.0],0.0003878398],
[[185.0,182.0,185.0,182.0],0.0003713252],
[[187.0,182.0,187.0,182.0],0.0003260023],
[[192.0,182.0,192.0,182.0],0.0003069061],
[[202.0,122.0,202.0,122.0],8.400505e-05],
[[202.0,142.0,202.0,142.0],9.269437e-05],
[[202.0,162.0,202.0,162.0],0.0001264993],
[[202.0,182.0,202.0,182.0],0.000214083],
[[203.0,202.0,203.0,202.0],0.0004237006],
[[205.0,202.0,205.0,202.0],0.0003932973],
[[207.0,202.0,207.0,202.0],0.0003960824],
[[212.0,202.0,212.0,202.0],0.0003356982],
[[222.0,142.0,222.0,142.0],0.0001084189],
[[222.0,162.0,222.0,162.0],0.0001395356],
[[222.0,182.0,222.0,182.0],0.0001570139],
[[222.0,202.0,222.0,202.0],0.000275007],
[[223.0,222.0,223.0,222.0],0.0004627511],
[[225.0,222.0,225.0,222.0],0.000440383],
[[227.0,222.0,227.0,222.0],0.0004238666],
[[232.0,222.0,232.0,222.0],0.0004072301],
[[242.0,162.0,242.0,162.0],0.0001467917],
[[242.0,182.0,242.0,182.0],0.0001569973],
[[242.0,202.0,242.0,202.0],0.000189281],
[[242.0,222.0,242.0,222.0],0.0002991786],
[[243.0,242.0,243.0,242.0],0.0004792066],
[[245.0,242.0,245.0,242.0],0.0005080835],
[[247.0,242.0,247.0,242.0],0.0004615868],
[[252.0,242.0,252.0,242.0],0.0004291188],
[[262.0,182.0,262.0,182.0],0.0001689334],
[[262.0,202.0,262.0,202.0],0.0001593695],
[[262.0,222.0,262.0,222.0],0.000223446],
[[262.0,242.0,262.0,242.0],0.0003446868],
[[263.0,262.0,263.0,262.0],0.0005408078],
[[265.0,262.0,265.0,262.0],0.0005116794],
[[267.0,262.0,267.0,262.0],0.0005019474],
[[272.0,262.0,272.0,262.0],0.000491236],
[[282.0,202.0,282.0,202.0],0.0001972959],
[[282.0,222.0,282.0,222.0],0.000226051],
[[282.0,242.0,282.0,242.0],0.0002670633],
[[282.0,262.0,282.0,262.0],0.000396571],
[[283.0,282.0,283.0,282.0],0.0005952753],
[[285.0,282.0,285.0,282.0],0.0005706294],
[[287.0,282.0,287.0,282.0],0.0005266233],
[[292.0,282.0,292.0,282.0],0.0005101095],
[[302.0,222.0,302.0,222.0],0.0002046206],
[[302.0,242.0,302.0,242.0],0.0002106923],
[[302.0,262.0,302.0,262.0],0.000305189],
[[302.0,282.0,302.0,282.0],0.0004185826],
[[303.0,302.0,303.0,302.0],0.0006108723],
[[305.0,302.0,305.0,302.0],0.0006283776],
[[307.0,302.0,307.0,302.0],0.0005965077],
[[312.0,302.0,312.0,302.0],0.0005610413],
[[322.0,242.0,322.0,242.0],0.0002362384],
[[322.0,262.0,322.0,262.0],0.0002888265],
[[322.0,282.0,322.0,282.0],0.0003540763],
[[322.0,302.0,322.0,302.0],0.000477187],
[[323.0,322.0,323.0,322.0],0.0006704677],
[[325.0,322.0,325.0,322.0],0.0006186777],
[[327.0,322.0,327.0,322.0],0.0006016363],
[[332.0,322.0,332.0,322.0],0.0006032212],
[[342.0,262.0,342.0,262.0],0.0002767602],
[[342.0,282.0,342.0,282.0],0.0002954809],
[[342.0,302.0,342.0,302.0],0.0003534359],
[[342.0,322.0,342.0,322.0],0.0004953531],
[[343.0,342.0,343.0,342.0],0.0006787765],
[[345.0,342.0,345.0,342.0],0.0006444436],
[[347.0,342.0,347.0,342.0],0.000627437],
[[352.0,342.0,352.0,342.0],0.0005699648],
[[362.0,282.0,362.0,282.0],0.0003083263],
[[362.0,302.0,362.0,302.0],0.0003296962],
[[362.0,322.0,362.0,322.0],0.0003938282],
[[362.0,342.0,362.0,342.0],0.0005303852],
[[363.0,362.0,363.0,362.0],0.0006509717],
[[365.0,362.0,365.0,362.0],0.0006986174],
[[367.0,362.0,367.0,362.0],0.0006734978],
[[372.0,362.0,372.0,362.0],0.0006591016],
[[382.0,302.0,382.0,302.0],0.0003651293],
[[382.0,322.0,382.0,322.0],0.000378735],
[[382.0,342.0,382.0,342.0],0.0004147274],
[[382.0,362.0,382.0,362.0],0.0005327612],
[[383.0,382.0,383.0,382.0],0.000701858],
[[385.0,382.0,385.0,382.0],0.0007003208],
[[387.0,382.0,387.0,382.0],0.0006979537],
[[392.0,382.0,392.0,382.0],0.000695078],
[[402.0,322.0,402.0,322.0],0.0003783232],
[[402.0,342.0,402.0,342.0],0.0004138689],
[[402.0,362.0,402.0,362.0],0.000457848],
[[402.0,382.0,402.0,382.0],0.0006070041],
[[403.0,402.0,403.0,402.0],0.0007270558],
[[405.0,402.0,405.0,402.0],0.0007541913],
[[407.0,402.0,407.0,402.0],0.0007146007],
[[412.0,402.0,412.0,402.0],0.0007086863],
[[422.0,342.0,422.0,342.0],0.0003767969],
[[422.0,362.0,422.0,362.0],0.0004370111],
[[422.0,382.0,422.0,382.0],0.0005118074],
[[422.0,402.0,422.0,402.0],0.0006435235],
[[442.0,362.0,442.0,362.0],0.0004372285],
[[442.0,382.0,442.0,382.0],0.0004443936],
[[442.0,402.0,442.0,402.0],0.0005195921],
[[462.0,382.0,462.0,382.0],0.0004335768],
[[462.0,402.0,462.0,402.0],0.0004826454],
[[482.0,402.0,482.0,402.0],0.0004732026],
[[503.0,502.0,503.0,502.0],0.0008327166],
[[505.0,502.0,505.0,502.0],0.0008666042],
[[507.0,502.0,507.0,502.0],0.0008240264],
[[512.0,502.0,512.0,502.0],0.0008498977],
[[522.0,502.0,522.0,502.0],0.0007541041],
[[542.0,502.0,542.0,502.0],0.0006111987],
[[562.0,502.0,562.0,502.0],0.0005640768],
[[582.0,502.0,582.0,502.0],0.0005669252],
[[603.0,602.0,603.0,602.0],0.0009501089],
[[605.0,602.0,605.0,602.0],0.0009358001],
[[607.0,602.0,607.0,602.0],0.0009101398],
[[612.0,602.0,612.0,602.0],0.0009232663],
[[622.0,602.0,622.0,602.0],0.0008661957],
[[642.0,602.0,642.0,602.0],0.0006979646],
[[662.0,602.0,662.0,602.0],0.0006282134],
[[682.0,602.0,682.0,602.0],0.0006680196],
[[703.0,702.0,703.0,702.0],0.001027224],
[[705.0,702.0,705.0,702.0],0.0009916114],
[[707.0,702.0,707.0,702.0],0.0009958909],
[[712.0,702.0,712.0,702.0],0.0009900764],
[[722.0,702.0,722.0,702.0],0.0009422015],
[[742.0,702.0,742.0,702.0],0.000765508],
[[762.0,702.0,762.0,702.0],0.0007280315],
[[782.0,702.0,782.0,702.0],0.0007103651],
[[803.0,802.0,803.0,802.0],0.001068416],
[[805.0,802.0,805.0,802.0],0.001093956],
[[807.0,802.0,807.0,802.0],0.001021583],
[[812.0,802.0,812.0,802.0],0.00102206],
[[822.0,802.0,822.0,802.0],0.0009788218],
[[842.0,802.0,842.0,802.0],0.0008476885],
[[862.0,802.0,862.0,802.0],0.0007883348],
[[882.0,802.0,882.0,802.0],0.0007599988],
[[903.0,902.0,903.0,902.0],0.001085269],
[[905.0,902.0,905.0,902.0],0.001160805],
[[907.0,902.0,907.0,902.0],0.001119836],
[[912.0,902.0,912.0,902.0],0.001122773],
[[922.0,902.0,922.0,902.0],0.001006202],
[[942.0,902.0,942.0,902.0],0.0008887325],
[[962.0,902.0,962.0,902.0],0.0007806521],
[[982.0,902.0,982.0,902.0],0.000823497],
[[1003.0,1002.0,1003.0,1002.0],0.001126378],
[[1005.0,1002.0,1005.0,1002.0],0.001143072],
[[1007.0,1002.0,1007.0,1002.0],0.001128847],
[[1012.0,1002.0,1012.0,1002.0],0.001134269],
[[1022.0,1002.0,1022.0,1002.0],0.001117796],
[[1042.0,1002.0,1042.0,1002.0],0.0009017679],
[[1062.0,1002.0,1062.0,1002.0],0.0008932648],
[[1082.0,1002.0,1082.0,1002.0],0.0009262794],
[[1103.0,1102.0,1103.0,1102.0],0.001178494],
[[1105.0,1102.0,1105.0,1102.0],0.001144217],
[[1107.0,1102.0,1107.0,1102.0],0.001151555],
[[1112.0,1102.0,1112.0,1102.0],0.001143663],
[[1122.0,1102.0,1122.0,1102.0],0.001127611],
[[1142.0,1102.0,1142.0,1102.0],0.0009696054],
[[1162.0,1102.0,1162.0,1102.0],0.0008556233],
[[1182.0,1102.0,1182.0,1102.0],0.0009131048],
[[1203.0,1202.0,1203.0,1202.0],0.001216596],
[[1205.0,1202.0,1205.0,1202.0],0.001230513],
[[1207.0,1202.0,1207.0,1202.0],0.001175981],
[[1212.0,1202.0,1212.0,1202.0],0.001189904],
[[1222.0,1202.0,1222.0,1202.0],0.001097228],
[[1242.0,1202.0,1242.0,1202.0],0.0009918979],
[[1262.0,1202.0,1262.0,1202.0],0.0009250064],
[[1282.0,1202.0,1282.0,1202.0],0.0009052624],
[[1303.0,1302.0,1303.0,1302.0],0.001273906],
[[1305.0,1302.0,1305.0,1302.0],0.00115822],
[[1307.0,1302.0,1307.0,1302.0],0.001203096],
[[1312.0,1302.0,1312.0,1302.0],0.001197027],
[[1322.0,1302.0,1322.0,1302.0],0.00116553],
[[1342.0,1302.0,1342.0,1302.0],0.001037367],
[[1362.0,1302.0,1362.0,1302.0],0.0009872005],
[[1382.0,1302.0,1382.0,1302.0],0.001003563],
[[1403.0,1402.0,1403.0,1402.0],0.001272623],
[[1405.0,1402.0,1405.0,1402.0],0.001241464],
[[1407.0,1402.0,1407.0,1402.0],0.001162896],
[[1412.0,1402.0,1412.0,1402.0],0.001158303],
[[1422.0,1402.0,1422.0,1402.0],0.001136147],
[[1442.0,1402.0,1442.0,1402.0],0.001132436],
[[1462.0,1402.0,1462.0,1402.0],0.001039423],
[[1482.0,1402.0,1482.0,1402.0],0.001014634],
[[1503.0,1502.0,1503.0,1502.0],0.001348478],
[[1505.0,1502.0,1505.0,1502.0],0.001262758],
[[1507.0,1502.0,1507.0,1502.0],0.001312072],
[[1512.0,1502.0,1512.0,1502.0],0.001301654],
[[1522.0,1502.0,1522.0,1502.0],0.001280884],
[[1542.0,1502.0,1542.0,1502.0],0.001087301],
[[1562.0,1502.0,1562.0,1502.0],0.001027174],
[[1582.0,1502.0,1582.0,1502.0],0.0009637071],
[[1603.0,1602.0,1603.0,1602.0],0.001330279],
[[1605.0,1602.0,1605.0,1602.0],0.001294978],
[[1607.0,1602.0,1607.0,1602.0],0.001307432],
[[1612.0,1602.0,1612.0,1602.0],0.001241257],
[[1622.0,1602.0,1622.0,1602.0],0.0012014],
[[1642.0,1602.0,1642.0,1602.0],0.001024922],
[[1662.0,1602.0,1662.0,1602.0],0.001028243],
[[1682.0,1602.0,1682.0,1602.0],0.001047582],
[[1703.0,1702.0,1703.0,1702.0],0.001235033],
[[1705.0,1702.0,1705.0,1702.0],0.001241382],
[[1707.0,1702.0,1707.0,1702.0],0.001346036],
[[1712.0,1702.0,1712.0,1702.0],0.001278479],
[[1722.0,1702.0,1722.0,1702.0],0.001248421],
[[1742.0,1702.0,1742.0,1702.0],0.001062967],
[[1762.0,1702.0,1762.0,1702.0],0.001064171],
[[1782.0,1702.0,1782.0,1702.0],0.001031583],
[[1803.0,1802.0,1803.0,1802.0],0.001233625],
[[1805.0,1802.0,1805.0,1802.0],0.001344104],
[[1807.0,1802.0,1807.0,1802.0],0.001281347],
[[1812.0,1802.0,1812.0,1802.0],0.001369903],
[[1822.0,1802.0,1822.0,1802.0],0.001210741],
[[1842.0,1802.0,1842.0,1802.0],0.001171953],
[[1862.0,1802.0,1862.0,1802.0],0.001057099],
[[1882.0,1802.0,1882.0,1802.0],0.001053907],
[[1903.0,1902.0,1903.0,1902.0],0.001347137],
[[1905.0,1902.0,1905.0,1902.0],0.001370115],
[[1907.0,1902.0,1907.0,1902.0],0.001357605],
[[1912.0,1902.0,1912.0,1902.0],0.001270345],
[[1922.0,1902.0,1922.0,1902.0],0.001230204],
[[1942.0,1902.0,1942.0,1902.0],0.001144272],
[[1962.0,1902.0,1962.0,1902.0],0.001065854],
[[1982.0,1902.0,1982.0,1902.0],0.001006611],
[[2003.0,2002.0,2003.0,2002.0],0.001299477],
[[2005.0,2002.0,2005.0,2002.0],0.001325607],
[[2007.0,2002.0,2007.0,2002.0],0.00126586],
[[2012.0,2002.0,2012.0,2002.0],0.001286639],
[[2022.0,2002.0,2022.0,2002.0],0.001196784],
[[2042.0,2002.0,2042.0,2002.0],0.001126572],
[[2062.0,2002.0,2062.0,2002.0],0.001035918],
[[2082.0,2002.0,2082.0,2002.0],0.00101835]]
