txName: TChiISR
constraint: {(PV > MET(1), MET(2))}
condition: None
conditionDescription: None
figureUrl: None
source: Recast by MA5
validated: True
axesMap: [{0: 'x', 1: 'y'}]
dataMap: {0: (1, 'mass', GeV), 1: (2, 'mass', GeV)}
finalState: ['MET', 'MET']
efficiencyMap: [[[1.0,10.0],1.455299e-05],
[[1.0,20.0],1.228037e-05],
[[1.0,30.0],8.373499e-06],
[[1.0,40.0],9.72788e-06],
[[1.0,50.0],1.227216e-05],
[[1.0,60.0],1.175649e-05],
[[5.0,10.0],9.046104e-06],
[[7.0,10.0],7.868703e-06],
[[9.0,10.0],1.015036e-05],
[[10.0,1.0],1.455299e-05],
[[10.0,5.0],9.046104e-06],
[[10.0,7.0],7.868703e-06],
[[10.0,9.0],1.015036e-05],
[[10.0,10.0],1.168967e-05],
[[12.0,62.0],1.143793e-05],
[[12.0,72.0],1.331319e-05],
[[12.0,82.0],2.863811e-05],
[[12.0,92.0],5.402247e-05],
[[12.0,102.0],7.260341e-05],
[[12.0,212.0],0.0002554737],
[[12.0,312.0],0.0003780114],
[[15.0,20.0],1.078523e-05],
[[17.0,20.0],1.098088e-05],
[[19.0,20.0],1.240976e-05],
[[20.0,1.0],1.228037e-05],
[[20.0,15.0],1.078523e-05],
[[20.0,17.0],1.098088e-05],
[[20.0,19.0],1.240976e-05],
[[20.0,20.0],9.881731e-06],
[[20.0,30.0],1.269612e-05],
[[20.0,40.0],1.446052e-05],
[[20.0,50.0],9.714878e-06],
[[20.0,60.0],1.020521e-05],
[[25.0,30.0],1.611369e-05],
[[27.0,30.0],1.27819e-05],
[[29.0,30.0],1.205662e-05],
[[30.0,1.0],8.373499e-06],
[[30.0,20.0],1.269612e-05],
[[30.0,25.0],1.611369e-05],
[[30.0,27.0],1.27819e-05],
[[30.0,29.0],1.205662e-05],
[[30.0,30.0],1.164848e-05],
[[30.0,40.0],1.089548e-05],
[[30.0,50.0],1.015746e-05],
[[30.0,60.0],1.993997e-05],
[[32.0,62.0],3.351639e-05],
[[32.0,72.0],4.809906e-05],
[[32.0,82.0],6.555976e-05],
[[32.0,92.0],9.367038e-05],
[[32.0,102.0],0.0001067913],
[[32.0,112.0],0.0001161221],
[[32.0,122.0],0.0001312326],
[[32.0,232.0],0.0003256492],
[[32.0,332.0],0.0004635034],
[[35.0,40.0],9.780546e-06],
[[37.0,40.0],1.154029e-05],
[[39.0,40.0],1.094644e-05],
[[40.0,1.0],9.72788e-06],
[[40.0,20.0],1.446052e-05],
[[40.0,30.0],1.089548e-05],
[[40.0,35.0],9.780546e-06],
[[40.0,37.0],1.154029e-05],
[[40.0,39.0],1.094644e-05],
[[40.0,40.0],1.41157e-05],
[[40.0,50.0],1.742091e-05],
[[40.0,60.0],4.131135e-05],
[[45.0,50.0],3.357736e-05],
[[47.0,50.0],3.648195e-05],
[[49.0,50.0],3.696327e-05],
[[50.0,1.0],1.227216e-05],
[[50.0,20.0],9.714878e-06],
[[50.0,30.0],1.015746e-05],
[[50.0,40.0],1.742091e-05],
[[50.0,45.0],3.357736e-05],
[[50.0,47.0],3.648195e-05],
[[50.0,49.0],3.696327e-05],
[[50.0,50.0],4.674329e-05],
[[50.0,60.0],5.975106e-05],
[[52.0,62.0],7.573626e-05],
[[52.0,67.0],8.82453e-05],
[[52.0,72.0],7.992162e-05],
[[52.0,82.0],9.678908e-05],
[[52.0,92.0],0.000122061],
[[52.0,102.0],0.0001400567],
[[52.0,112.0],0.0001556324],
[[52.0,122.0],0.0001581701],
[[52.0,132.0],0.0001926217],
[[52.0,142.0],0.0001876515],
[[52.0,252.0],0.0003711341],
[[52.0,352.0],0.0004625289],
[[55.0,60.0],7.051782e-05],
[[57.0,60.0],7.196192e-05],
[[59.0,60.0],7.535377e-05],
[[60.0,1.0],1.175649e-05],
[[60.0,20.0],1.020521e-05],
[[60.0,30.0],1.993997e-05],
[[60.0,40.0],4.131135e-05],
[[60.0,50.0],5.975106e-05],
[[60.0,55.0],7.051782e-05],
[[60.0,57.0],7.196192e-05],
[[60.0,59.0],7.535377e-05],
[[60.0,60.0],7.58891e-05],
[[62.0,12.0],1.143793e-05],
[[62.0,32.0],3.351639e-05],
[[62.0,52.0],7.573626e-05],
[[67.0,52.0],8.82453e-05],
[[72.0,12.0],1.331319e-05],
[[72.0,32.0],4.809906e-05],
[[72.0,52.0],7.992162e-05],
[[72.0,72.0],0.0001217941],
[[72.0,75.0],0.0001129077],
[[72.0,77.0],0.000162939],
[[72.0,82.0],0.0001311781],
[[72.0,87.0],0.0001292415],
[[72.0,92.0],0.0001472177],
[[72.0,102.0],0.0001616151],
[[72.0,112.0],0.0001830413],
[[72.0,122.0],0.0002080271],
[[72.0,132.0],0.0002486686],
[[72.0,142.0],0.0002745235],
[[72.0,152.0],0.0002698873],
[[72.0,162.0],0.0003013516],
[[72.0,272.0],0.0004486504],
[[72.0,372.0],0.0005354489],
[[75.0,72.0],0.0001129077],
[[77.0,72.0],0.000162939],
[[82.0,12.0],2.863811e-05],
[[82.0,32.0],6.555976e-05],
[[82.0,52.0],9.678908e-05],
[[82.0,72.0],0.0001311781],
[[87.0,72.0],0.0001292415],
[[92.0,12.0],5.402247e-05],
[[92.0,32.0],9.367038e-05],
[[92.0,52.0],0.000122061],
[[92.0,72.0],0.0001472177],
[[92.0,92.0],0.0001761035],
[[92.0,95.0],0.0001882413],
[[92.0,97.0],0.0001881751],
[[92.0,102.0],0.0002317891],
[[92.0,107.0],0.0002091527],
[[92.0,112.0],0.0002231296],
[[92.0,122.0],0.0002646759],
[[92.0,132.0],0.0002444933],
[[92.0,142.0],0.0002656129],
[[92.0,152.0],0.0002777831],
[[92.0,162.0],0.0003018268],
[[92.0,172.0],0.0003125164],
[[92.0,182.0],0.0003327837],
[[92.0,292.0],0.0004349234],
[[92.0,392.0],0.0005679531],
[[95.0,92.0],0.0001882413],
[[97.0,92.0],0.0001881751],
[[102.0,12.0],7.260341e-05],
[[102.0,32.0],0.0001067913],
[[102.0,52.0],0.0001400567],
[[102.0,72.0],0.0001616151],
[[102.0,92.0],0.0002317891],
[[102.0,102.0],0.0002295605],
[[102.0,105.0],0.0002530955],
[[102.0,107.0],0.0002608024],
[[102.0,112.0],0.0002364235],
[[102.0,117.0],0.0002380089],
[[102.0,122.0],0.0002450989],
[[102.0,132.0],0.0002675931],
[[102.0,142.0],0.000274853],
[[102.0,152.0],0.0002768764],
[[102.0,162.0],0.0003098056],
[[102.0,172.0],0.0003257461],
[[102.0,182.0],0.0003262801],
[[102.0,192.0],0.0003663363],
[[102.0,302.0],0.0005116822],
[[102.0,402.0],0.0006003545],
[[105.0,102.0],0.0002530955],
[[107.0,92.0],0.0002091527],
[[107.0,102.0],0.0002608024],
[[112.0,32.0],0.0001161221],
[[112.0,52.0],0.0001556324],
[[112.0,72.0],0.0001830413],
[[112.0,92.0],0.0002231296],
[[112.0,102.0],0.0002364235],
[[117.0,102.0],0.0002380089],
[[122.0,32.0],0.0001312326],
[[122.0,52.0],0.0001581701],
[[122.0,72.0],0.0002080271],
[[122.0,92.0],0.0002646759],
[[122.0,102.0],0.0002450989],
[[132.0,52.0],0.0001926217],
[[132.0,72.0],0.0002486686],
[[132.0,92.0],0.0002444933],
[[132.0,102.0],0.0002675931],
[[142.0,52.0],0.0001876515],
[[142.0,72.0],0.0002745235],
[[142.0,92.0],0.0002656129],
[[142.0,102.0],0.000274853],
[[152.0,72.0],0.0002698873],
[[152.0,92.0],0.0002777831],
[[152.0,102.0],0.0002768764],
[[152.0,152.0],0.0004057235],
[[152.0,155.0],0.0003974006],
[[152.0,157.0],0.000379431],
[[152.0,162.0],0.000460459],
[[152.0,167.0],0.0003708527],
[[152.0,172.0],0.0004076846],
[[152.0,182.0],0.0004336585],
[[152.0,192.0],0.0004329271],
[[152.0,202.0],0.000437913],
[[152.0,212.0],0.0004458331],
[[152.0,222.0],0.0004720018],
[[152.0,232.0],0.0005017703],
[[152.0,242.0],0.0005062537],
[[152.0,352.0],0.0005885106],
[[152.0,452.0],0.0006821088],
[[155.0,152.0],0.0003974006],
[[157.0,152.0],0.000379431],
[[162.0,72.0],0.0003013516],
[[162.0,92.0],0.0003018268],
[[162.0,102.0],0.0003098056],
[[162.0,152.0],0.000460459],
[[167.0,152.0],0.0003708527],
[[172.0,92.0],0.0003125164],
[[172.0,102.0],0.0003257461],
[[172.0,152.0],0.0004076846],
[[182.0,92.0],0.0003327837],
[[182.0,102.0],0.0003262801],
[[182.0,152.0],0.0004336585],
[[192.0,102.0],0.0003663363],
[[192.0,152.0],0.0004329271],
[[202.0,152.0],0.000437913],
[[202.0,202.0],0.0005264995],
[[202.0,205.0],0.0005326841],
[[202.0,207.0],0.0005454702],
[[202.0,212.0],0.0005132774],
[[202.0,217.0],0.0004905565],
[[202.0,222.0],0.0005142859],
[[202.0,232.0],0.0005081703],
[[202.0,242.0],0.0005299118],
[[202.0,252.0],0.0005417933],
[[202.0,262.0],0.0005360257],
[[202.0,272.0],0.0005840078],
[[202.0,282.0],0.0005815596],
[[202.0,402.0],0.0006716761],
[[202.0,502.0],0.0007559244],
[[205.0,202.0],0.0005326841],
[[207.0,202.0],0.0005454702],
[[212.0,12.0],0.0002554737],
[[212.0,152.0],0.0004458331],
[[212.0,202.0],0.0005132774],
[[217.0,202.0],0.0004905565],
[[222.0,152.0],0.0004720018],
[[222.0,202.0],0.0005142859],
[[232.0,32.0],0.0003256492],
[[232.0,152.0],0.0005017703],
[[232.0,202.0],0.0005081703],
[[242.0,152.0],0.0005062537],
[[242.0,202.0],0.0005299118],
[[252.0,52.0],0.0003711341],
[[252.0,202.0],0.0005417933],
[[252.0,252.0],0.0005748395],
[[252.0,255.0],0.0005913648],
[[252.0,257.0],0.0006237799],
[[252.0,262.0],0.0005985743],
[[252.0,267.0],0.0006489587],
[[252.0,272.0],0.0006058088],
[[252.0,282.0],0.0006447724],
[[252.0,292.0],0.000658773],
[[252.0,302.0],0.000634236],
[[252.0,312.0],0.0006492696],
[[252.0,322.0],0.0006544963],
[[252.0,332.0],0.0006294415],
[[252.0,342.0],0.0006836598],
[[252.0,452.0],0.0007375175],
[[252.0,552.0],0.0007990227],
[[255.0,252.0],0.0005913648],
[[257.0,252.0],0.0006237799],
[[262.0,202.0],0.0005360257],
[[262.0,252.0],0.0005985743],
[[267.0,252.0],0.0006489587],
[[272.0,72.0],0.0004486504],
[[272.0,202.0],0.0005840078],
[[272.0,252.0],0.0006058088],
[[282.0,202.0],0.0005815596],
[[282.0,252.0],0.0006447724],
[[292.0,92.0],0.0004349234],
[[292.0,252.0],0.000658773],
[[302.0,102.0],0.0005116822],
[[302.0,252.0],0.000634236],
[[302.0,302.0],0.0007067134],
[[302.0,305.0],0.0007137528],
[[302.0,307.0],0.0007169608],
[[302.0,312.0],0.0006871048],
[[302.0,317.0],0.0006976945],
[[302.0,322.0],0.0006498514],
[[302.0,332.0],0.0006955771],
[[302.0,342.0],0.000741736],
[[302.0,352.0],0.0007064693],
[[302.0,362.0],0.0007456181],
[[302.0,372.0],0.0007734773],
[[302.0,382.0],0.0007698193],
[[302.0,392.0],0.0007555442],
[[302.0,502.0],0.0008377719],
[[302.0,602.0],0.000846609],
[[305.0,302.0],0.0007137528],
[[307.0,302.0],0.0007169608],
[[312.0,12.0],0.0003780114],
[[312.0,252.0],0.0006492696],
[[312.0,302.0],0.0006871048],
[[317.0,302.0],0.0006976945],
[[322.0,252.0],0.0006544963],
[[322.0,302.0],0.0006498514],
[[332.0,32.0],0.0004635034],
[[332.0,252.0],0.0006294415],
[[332.0,302.0],0.0006955771],
[[342.0,252.0],0.0006836598],
[[342.0,302.0],0.000741736],
[[352.0,52.0],0.0004625289],
[[352.0,152.0],0.0005885106],
[[352.0,302.0],0.0007064693],
[[352.0,352.0],0.000748197],
[[352.0,355.0],0.0007624371],
[[352.0,357.0],0.0007589118],
[[352.0,362.0],0.0007934717],
[[352.0,367.0],0.0008153337],
[[352.0,372.0],0.0008206102],
[[352.0,382.0],0.0007720135],
[[352.0,392.0],0.0007856124],
[[352.0,402.0],0.0007907883],
[[352.0,412.0],0.0007971805],
[[352.0,422.0],0.0007876137],
[[352.0,432.0],0.0008202211],
[[352.0,442.0],0.0008327383],
[[352.0,552.0],0.0008327876],
[[352.0,652.0],0.0009093587],
[[355.0,352.0],0.0007624371],
[[357.0,352.0],0.0007589118],
[[362.0,302.0],0.0007456181],
[[362.0,352.0],0.0007934717],
[[367.0,352.0],0.0008153337],
[[372.0,72.0],0.0005354489],
[[372.0,302.0],0.0007734773],
[[372.0,352.0],0.0008206102],
[[382.0,302.0],0.0007698193],
[[382.0,352.0],0.0007720135],
[[392.0,92.0],0.0005679531],
[[392.0,302.0],0.0007555442],
[[392.0,352.0],0.0007856124],
[[402.0,102.0],0.0006003545],
[[402.0,202.0],0.0006716761],
[[402.0,352.0],0.0007907883],
[[402.0,402.0],0.0008428968],
[[402.0,405.0],0.0008264941],
[[402.0,407.0],0.0008378724],
[[402.0,412.0],0.0008720408],
[[402.0,417.0],0.0008289803],
[[402.0,422.0],0.0008679782],
[[402.0,432.0],0.0008187397],
[[402.0,442.0],0.0008441327],
[[402.0,452.0],0.0008658281],
[[402.0,462.0],0.0009064821],
[[402.0,472.0],0.0008579565],
[[402.0,482.0],0.0008624337],
[[402.0,492.0],0.0008866885],
[[402.0,602.0],0.0009623178],
[[402.0,702.0],0.001004482],
[[405.0,402.0],0.0008264941],
[[407.0,402.0],0.0008378724],
[[412.0,352.0],0.0007971805],
[[412.0,402.0],0.0008720408],
[[417.0,402.0],0.0008289803],
[[422.0,352.0],0.0007876137],
[[422.0,402.0],0.0008679782],
[[432.0,352.0],0.0008202211],
[[432.0,402.0],0.0008187397],
[[442.0,352.0],0.0008327383],
[[442.0,402.0],0.0008441327],
[[452.0,152.0],0.0006821088],
[[452.0,252.0],0.0007375175],
[[452.0,402.0],0.0008658281],
[[462.0,402.0],0.0009064821],
[[472.0,402.0],0.0008579565],
[[482.0,402.0],0.0008624337],
[[492.0,402.0],0.0008866885],
[[502.0,202.0],0.0007559244],
[[502.0,302.0],0.0008377719],
[[552.0,252.0],0.0007990227],
[[552.0,352.0],0.0008327876],
[[602.0,302.0],0.000846609],
[[602.0,402.0],0.0009623178],
[[602.0,602.0],0.001054338],
[[602.0,605.0],0.001034047],
[[602.0,607.0],0.000993563],
[[602.0,612.0],0.001020561],
[[602.0,617.0],0.0009972497],
[[602.0,622.0],0.001000124],
[[602.0,632.0],0.001014813],
[[602.0,642.0],0.001033069],
[[602.0,652.0],0.001031522],
[[602.0,662.0],0.001023076],
[[602.0,672.0],0.001064742],
[[602.0,682.0],0.001004339],
[[602.0,692.0],0.001068711],
[[602.0,802.0],0.001080088],
[[602.0,902.0],0.001075427],
[[605.0,602.0],0.001034047],
[[607.0,602.0],0.000993563],
[[612.0,602.0],0.001020561],
[[617.0,602.0],0.0009972497],
[[622.0,602.0],0.001000124],
[[632.0,602.0],0.001014813],
[[642.0,602.0],0.001033069],
[[652.0,352.0],0.0009093587],
[[652.0,602.0],0.001031522],
[[662.0,602.0],0.001023076],
[[672.0,602.0],0.001064742],
[[682.0,602.0],0.001004339],
[[692.0,602.0],0.001068711],
[[702.0,402.0],0.001004482],
[[802.0,602.0],0.001080088],
[[802.0,802.0],0.00116988],
[[802.0,805.0],0.001116992],
[[802.0,807.0],0.001112727],
[[802.0,812.0],0.001116018],
[[802.0,817.0],0.001126936],
[[802.0,822.0],0.001111052],
[[802.0,832.0],0.00109057],
[[802.0,842.0],0.001153283],
[[802.0,852.0],0.001127067],
[[802.0,862.0],0.001126142],
[[802.0,872.0],0.001095941],
[[802.0,882.0],0.001153315],
[[802.0,892.0],0.001173112],
[[802.0,1002.0],0.001156116],
[[802.0,1102.0],0.001159417],
[[805.0,802.0],0.001116992],
[[807.0,802.0],0.001112727],
[[812.0,802.0],0.001116018],
[[817.0,802.0],0.001126936],
[[822.0,802.0],0.001111052],
[[832.0,802.0],0.00109057],
[[842.0,802.0],0.001153283],
[[852.0,802.0],0.001127067],
[[862.0,802.0],0.001126142],
[[872.0,802.0],0.001095941],
[[882.0,802.0],0.001153315],
[[892.0,802.0],0.001173112],
[[902.0,602.0],0.001075427],
[[1002.0,802.0],0.001156116],
[[1002.0,1002.0],0.001221539],
[[1002.0,1005.0],0.00119453],
[[1002.0,1007.0],0.001207187],
[[1002.0,1012.0],0.001179507],
[[1002.0,1017.0],0.001189658],
[[1002.0,1022.0],0.001207144],
[[1002.0,1032.0],0.00119406],
[[1002.0,1042.0],0.001224859],
[[1002.0,1052.0],0.001200909],
[[1002.0,1062.0],0.001170086],
[[1002.0,1072.0],0.001182258],
[[1002.0,1082.0],0.001220326],
[[1002.0,1092.0],0.001217959],
[[1002.0,1202.0],0.001156775],
[[1002.0,1302.0],0.001238977],
[[1005.0,1002.0],0.00119453],
[[1007.0,1002.0],0.001207187],
[[1012.0,1002.0],0.001179507],
[[1017.0,1002.0],0.001189658],
[[1022.0,1002.0],0.001207144],
[[1032.0,1002.0],0.00119406],
[[1042.0,1002.0],0.001224859],
[[1052.0,1002.0],0.001200909],
[[1062.0,1002.0],0.001170086],
[[1072.0,1002.0],0.001182258],
[[1082.0,1002.0],0.001220326],
[[1092.0,1002.0],0.001217959],
[[1102.0,802.0],0.001159417],
[[1202.0,1002.0],0.001156775],
[[1202.0,1202.0],0.001234794],
[[1202.0,1205.0],0.001216325],
[[1202.0,1207.0],0.001265774],
[[1202.0,1212.0],0.001291706],
[[1202.0,1217.0],0.001257065],
[[1202.0,1222.0],0.001227587],
[[1202.0,1232.0],0.001223795],
[[1202.0,1242.0],0.001235113],
[[1202.0,1252.0],0.001289328],
[[1202.0,1262.0],0.001266056],
[[1202.0,1272.0],0.001213196],
[[1202.0,1282.0],0.001210038],
[[1202.0,1292.0],0.00124495],
[[1202.0,1402.0],0.00125948],
[[1202.0,1502.0],0.001321668],
[[1205.0,1202.0],0.001216325],
[[1207.0,1202.0],0.001265774],
[[1212.0,1202.0],0.001291706],
[[1217.0,1202.0],0.001257065],
[[1222.0,1202.0],0.001227587],
[[1232.0,1202.0],0.001223795],
[[1242.0,1202.0],0.001235113],
[[1252.0,1202.0],0.001289328],
[[1262.0,1202.0],0.001266056],
[[1272.0,1202.0],0.001213196],
[[1282.0,1202.0],0.001210038],
[[1292.0,1202.0],0.00124495],
[[1302.0,1002.0],0.001238977],
[[1402.0,1202.0],0.00125948],
[[1402.0,1402.0],0.001286132],
[[1402.0,1405.0],0.001384721],
[[1402.0,1407.0],0.001226703],
[[1402.0,1412.0],0.00130965],
[[1402.0,1417.0],0.001351513],
[[1402.0,1422.0],0.001356246],
[[1402.0,1432.0],0.001233847],
[[1402.0,1442.0],0.001271969],
[[1402.0,1452.0],0.00131358],
[[1402.0,1462.0],0.001302405],
[[1402.0,1472.0],0.001287875],
[[1402.0,1482.0],0.001286968],
[[1402.0,1492.0],0.001315707],
[[1402.0,1602.0],0.001307318],
[[1402.0,1702.0],0.001236361],
[[1405.0,1402.0],0.001384721],
[[1407.0,1402.0],0.001226703],
[[1412.0,1402.0],0.00130965],
[[1417.0,1402.0],0.001351513],
[[1422.0,1402.0],0.001356246],
[[1432.0,1402.0],0.001233847],
[[1442.0,1402.0],0.001271969],
[[1452.0,1402.0],0.00131358],
[[1462.0,1402.0],0.001302405],
[[1472.0,1402.0],0.001287875],
[[1482.0,1402.0],0.001286968],
[[1492.0,1402.0],0.001315707],
[[1502.0,1202.0],0.001321668],
[[1602.0,1402.0],0.001307318],
[[1602.0,1602.0],0.001261869],
[[1602.0,1605.0],0.001358124],
[[1602.0,1607.0],0.001357424],
[[1602.0,1612.0],0.00135018],
[[1602.0,1617.0],0.001306466],
[[1602.0,1622.0],0.001370508],
[[1602.0,1632.0],0.00123535],
[[1602.0,1642.0],0.001300202],
[[1602.0,1652.0],0.001318242],
[[1602.0,1662.0],0.001279949],
[[1602.0,1672.0],0.001332769],
[[1602.0,1682.0],0.001296806],
[[1602.0,1692.0],0.001303169],
[[1602.0,1802.0],0.001238249],
[[1602.0,1902.0],0.001368622],
[[1605.0,1602.0],0.001358124],
[[1607.0,1602.0],0.001357424],
[[1612.0,1602.0],0.00135018],
[[1617.0,1602.0],0.001306466],
[[1622.0,1602.0],0.001370508],
[[1632.0,1602.0],0.00123535],
[[1642.0,1602.0],0.001300202],
[[1652.0,1602.0],0.001318242],
[[1662.0,1602.0],0.001279949],
[[1672.0,1602.0],0.001332769],
[[1682.0,1602.0],0.001296806],
[[1692.0,1602.0],0.001303169],
[[1702.0,1402.0],0.001236361],
[[1802.0,1602.0],0.001238249],
[[1802.0,1802.0],0.001303864],
[[1802.0,1805.0],0.001296123],
[[1802.0,1807.0],0.001265958],
[[1802.0,1812.0],0.001258911],
[[1802.0,1817.0],0.001326199],
[[1802.0,1822.0],0.001355995],
[[1802.0,1832.0],0.001369666],
[[1802.0,1842.0],0.001411155],
[[1802.0,1852.0],0.00127572],
[[1802.0,1862.0],0.001315626],
[[1802.0,1872.0],0.001318414],
[[1802.0,1882.0],0.001312274],
[[1802.0,1892.0],0.001291155],
[[1802.0,2002.0],0.001364264],
[[1802.0,2102.0],0.001251793],
[[1805.0,1802.0],0.001296123],
[[1807.0,1802.0],0.001265958],
[[1812.0,1802.0],0.001258911],
[[1817.0,1802.0],0.001326199],
[[1822.0,1802.0],0.001355995],
[[1832.0,1802.0],0.001369666],
[[1842.0,1802.0],0.001411155],
[[1852.0,1802.0],0.00127572],
[[1862.0,1802.0],0.001315626],
[[1872.0,1802.0],0.001318414],
[[1882.0,1802.0],0.001312274],
[[1892.0,1802.0],0.001291155],
[[1902.0,1602.0],0.001368622],
[[2002.0,1802.0],0.001364264],
[[2002.0,2002.0],0.001212528],
[[2002.0,2005.0],0.00124598],
[[2002.0,2007.0],0.001266906],
[[2002.0,2012.0],0.001340624],
[[2002.0,2017.0],0.001346231],
[[2002.0,2022.0],0.001282151],
[[2002.0,2032.0],0.001402676],
[[2002.0,2042.0],0.001310052],
[[2002.0,2052.0],0.001356652],
[[2002.0,2062.0],0.001218432],
[[2002.0,2072.0],0.001314267],
[[2002.0,2082.0],0.001307052],
[[2002.0,2092.0],0.001255437],
[[2002.0,2202.0],0.001282419],
[[2002.0,2302.0],0.001293309],
[[2005.0,2002.0],0.00124598],
[[2007.0,2002.0],0.001266906],
[[2012.0,2002.0],0.001340624],
[[2017.0,2002.0],0.001346231],
[[2022.0,2002.0],0.001282151],
[[2032.0,2002.0],0.001402676],
[[2042.0,2002.0],0.001310052],
[[2052.0,2002.0],0.001356652],
[[2062.0,2002.0],0.001218432],
[[2072.0,2002.0],0.001314267],
[[2082.0,2002.0],0.001307052],
[[2092.0,2002.0],0.001255437],
[[2102.0,1802.0],0.001251793],
[[2202.0,2002.0],0.001282419],
[[2302.0,2002.0],0.001293309]]
