txName: TChiZISRll
constraint: {(PV > anyBSM(1), MET(3)), (anyBSM(1) > l+,l-,MET(2))}
condition: None
conditionDescription: None
figureUrl: None
source: Recast by MA5
validated: True
axesMap: [{0: 'x', 1: 'y', 2: 'y'}]
dataMap: {0: (1, 'mass', GeV), 1: (2, 'mass', GeV), 2: (3, 'mass', GeV)}
finalState: ['MET', 'MET']
efficiencyMap: [[[10.0,1.0,1.0],1.077999e-06],
[[10.0,5.0,5.0],1.700434e-06],
[[10.0,7.0,7.0],2.389395e-06],
[[10.0,9.0,9.0],8.240183e-06],
[[20.0,1.0,1.0],8.240932e-07],
[[20.0,15.0,15.0],2.272648e-06],
[[20.0,17.0,17.0],4.311603e-06],
[[20.0,19.0,19.0],6.343166e-06],
[[30.0,1.0,1.0],8.306359e-07],
[[30.0,20.0,20.0],1.503909e-06],
[[30.0,25.0,25.0],4.26112e-06],
[[30.0,27.0,27.0],4.976859e-06],
[[30.0,29.0,29.0],1.198409e-05],
[[40.0,1.0,1.0],2.333433e-07],
[[40.0,20.0,20.0],4.696366e-07],
[[40.0,30.0,30.0],2.406436e-06],
[[40.0,35.0,35.0],6.004032e-06],
[[40.0,37.0,37.0],7.302314e-06],
[[40.0,39.0,39.0],9.393871e-06],
[[50.0,1.0,1.0],2.782068e-07],
[[50.0,20.0,20.0],7.362731e-07],
[[50.0,30.0,30.0],8.282366e-07],
[[50.0,40.0,40.0],3.872131e-06],
[[50.0,45.0,45.0],1.59002e-05],
[[50.0,47.0,47.0],3.05458e-05],
[[50.0,49.0,49.0],4.358172e-05],
[[60.0,1.0,1.0],5.717772e-07],
[[60.0,20.0,20.0],1.841004e-07],
[[60.0,30.0,30.0],1.408868e-06],
[[60.0,40.0,40.0],6.707946e-06],
[[60.0,50.0,50.0],2.119026e-05],
[[60.0,55.0,55.0],4.147844e-05],
[[60.0,57.0,57.0],5.779874e-05],
[[60.0,59.0,59.0],7.297721e-05],
[[61.0,52.0,52.0],1.969629e-05],
[[62.0,2.0,2.0],1.145683e-07],
[[62.0,12.0,12.0],2.045728e-07],
[[62.0,22.0,22.0],2.36052e-07],
[[62.0,32.0,32.0],3.002024e-06],
[[62.0,42.0,42.0],6.99196e-06],
[[63.0,62.0,62.0],6.741902e-05],
[[65.0,62.0,62.0],5.499293e-05],
[[67.0,62.0,62.0],4.14052e-05],
[[69.0,62.0,62.0],3.945087e-05],
[[72.0,2.0,2.0],1.304037e-07],
[[72.0,12.0,12.0],1.236563e-07],
[[72.0,22.0,22.0],1.733001e-06],
[[72.0,32.0,32.0],4.570665e-06],
[[72.0,42.0,42.0],6.622328e-06],
[[72.0,52.0,52.0],1.383175e-05],
[[73.0,72.0,72.0],0.0001022689],
[[75.0,72.0,72.0],8.166836e-05],
[[77.0,72.0,72.0],6.306966e-05],
[[79.0,72.0,72.0],5.16419e-05],
[[82.0,2.0,2.0],9.369427e-08],
[[82.0,12.0,12.0],1.879776e-06],
[[82.0,22.0,22.0],2.65341e-06],
[[82.0,32.0,32.0],6.147225e-06],
[[82.0,42.0,42.0],6.908978e-06],
[[82.0,52.0,52.0],1.113551e-05],
[[82.0,62.0,62.0],2.044845e-05],
[[83.0,82.0,82.0],0.0001229231],
[[85.0,82.0,82.0],0.000107982],
[[87.0,82.0,82.0],8.831915e-05],
[[89.0,82.0,82.0],7.640322e-05],
[[91.0,82.0,82.0],6.849134e-05],
[[92.0,12.0,12.0],4.717144e-06],
[[92.0,22.0,22.0],4.366281e-06],
[[92.0,32.0,32.0],9.241478e-06],
[[92.0,42.0,42.0],7.840923e-06],
[[92.0,52.0,52.0],1.232327e-05],
[[92.0,62.0,62.0],1.819322e-05],
[[92.0,72.0,72.0],3.317819e-05],
[[93.0,92.0,92.0],0.0001560698],
[[97.0,92.0,92.0],0.0001121601],
[[99.0,92.0,92.0],9.361059e-05],
[[102.0,22.0,22.0],1.998307e-05],
[[102.0,32.0,32.0],9.984421e-06],
[[102.0,42.0,42.0],1.254591e-05],
[[102.0,52.0,52.0],1.347199e-05],
[[102.0,62.0,62.0],2.510265e-05],
[[102.0,72.0,72.0],2.762469e-05],
[[102.0,82.0,82.0],3.847822e-05],
[[103.0,102.0,102.0],0.000193052],
[[107.0,102.0,102.0],0.000149011],
[[109.0,102.0,102.0],0.0001154404],
[[112.0,32.0,32.0],9.286684e-06],
[[112.0,42.0,42.0],1.190674e-05],
[[112.0,52.0,52.0],1.854707e-05],
[[112.0,62.0,62.0],1.726054e-05],
[[112.0,72.0,72.0],2.317441e-05],
[[112.0,82.0,82.0],3.202583e-05],
[[112.0,92.0,92.0],5.176397e-05],
[[122.0,42.0,42.0],1.16882e-05],
[[122.0,52.0,52.0],1.311816e-05],
[[122.0,62.0,62.0],2.007323e-05],
[[122.0,72.0,72.0],1.96305e-05],
[[122.0,82.0,82.0],2.626096e-05],
[[122.0,92.0,92.0],3.756076e-05],
[[122.0,102.0,102.0],6.157733e-05],
[[123.0,122.0,122.0],0.0002441367],
[[127.0,122.0,122.0],0.0001929971],
[[129.0,122.0,122.0],0.0001640757],
[[132.0,52.0,52.0],1.723036e-05],
[[132.0,62.0,62.0],2.423935e-05],
[[132.0,72.0,72.0],2.095644e-05],
[[132.0,82.0,82.0],2.502377e-05],
[[132.0,92.0,92.0],3.482113e-05],
[[132.0,102.0,102.0],4.666949e-05],
[[142.0,62.0,62.0],2.004384e-05],
[[142.0,72.0,72.0],2.520953e-05],
[[142.0,82.0,82.0],2.598662e-05],
[[142.0,92.0,92.0],3.348754e-05],
[[142.0,102.0,102.0],4.050526e-05],
[[142.0,122.0,122.0],9.497072e-05],
[[143.0,142.0,142.0],0.0003155788],
[[147.0,142.0,142.0],0.0002610191],
[[149.0,142.0,142.0],0.000234625],
[[151.0,142.0,142.0],0.0002042466],
[[152.0,72.0,72.0],3.126956e-05],
[[152.0,82.0,82.0],2.679729e-05],
[[152.0,92.0,92.0],3.474955e-05],
[[152.0,102.0,102.0],3.316587e-05],
[[152.0,122.0,122.0],6.158393e-05],
[[162.0,82.0,82.0],3.151557e-05],
[[162.0,92.0,92.0],2.903809e-05],
[[162.0,102.0,102.0],3.983025e-05],
[[162.0,122.0,122.0],4.638859e-05],
[[162.0,142.0,142.0],0.0001047558],
[[163.0,162.0,162.0],0.0003663237],
[[167.0,162.0,162.0],0.0003203714],
[[169.0,162.0,162.0],0.000304464],
[[171.0,162.0,162.0],0.0002319416],
[[172.0,92.0,92.0],3.262449e-05],
[[172.0,102.0,102.0],4.966481e-05],
[[172.0,122.0,122.0],4.553237e-05],
[[172.0,142.0,142.0],7.550194e-05],
[[182.0,102.0,102.0],4.533735e-05],
[[182.0,122.0,122.0],4.358359e-05],
[[182.0,142.0,142.0],5.858981e-05],
[[182.0,162.0,162.0],0.0001459176],
[[183.0,182.0,182.0],0.0004449711],
[[187.0,182.0,182.0],0.0003676083],
[[189.0,182.0,182.0],0.0003115483],
[[191.0,182.0,182.0],0.0002856539],
[[192.0,122.0,122.0],4.360091e-05],
[[192.0,142.0,142.0],6.878815e-05],
[[192.0,162.0,162.0],9.600206e-05],
[[202.0,122.0,122.0],5.784989e-05],
[[202.0,142.0,142.0],6.143568e-05],
[[202.0,162.0,162.0],7.982658e-05],
[[202.0,182.0,182.0],0.0001467333],
[[203.0,202.0,202.0],0.0004637966],
[[207.0,202.0,202.0],0.0004106595],
[[209.0,202.0,202.0],0.0003790572],
[[211.0,202.0,202.0],0.0003451416],
[[212.0,142.0,142.0],5.217562e-05],
[[212.0,162.0,162.0],7.97177e-05],
[[212.0,182.0,182.0],0.0001109559],
[[222.0,142.0,142.0],5.004165e-05],
[[222.0,162.0,162.0],6.983775e-05],
[[222.0,182.0,182.0],9.470037e-05],
[[222.0,202.0,202.0],0.0001658372],
[[223.0,222.0,222.0],0.0005256829],
[[227.0,222.0,222.0],0.0004626686],
[[229.0,222.0,222.0],0.0004169913],
[[231.0,222.0,222.0],0.0003668759],
[[232.0,162.0,162.0],6.996795e-05],
[[232.0,182.0,182.0],7.741456e-05],
[[232.0,202.0,202.0],0.0001123856],
[[242.0,162.0,162.0],6.645223e-05],
[[242.0,182.0,182.0],8.2847e-05],
[[242.0,202.0,202.0],9.257635e-05],
[[242.0,222.0,222.0],0.0001992441],
[[243.0,242.0,242.0],0.0005429447],
[[247.0,242.0,242.0],0.0004981907],
[[249.0,242.0,242.0],0.0004626269],
[[251.0,242.0,242.0],0.0003909698],
[[252.0,182.0,182.0],6.844689e-05],
[[252.0,202.0,202.0],9.117728e-05],
[[252.0,222.0,222.0],0.0001405409],
[[262.0,182.0,182.0],6.920934e-05],
[[262.0,202.0,202.0],8.658648e-05],
[[262.0,222.0,222.0],0.0001117238],
[[262.0,242.0,242.0],0.0002137331],
[[263.0,262.0,262.0],0.0006059991],
[[267.0,262.0,262.0],0.0005260397],
[[269.0,262.0,262.0],0.0005075912],
[[272.0,202.0,202.0],7.440519e-05],
[[272.0,222.0,222.0],9.498429e-05],
[[272.0,242.0,242.0],0.0001737861],
[[282.0,202.0,202.0],8.966575e-05],
[[282.0,222.0,222.0],9.076069e-05],
[[282.0,242.0,242.0],0.0001247411],
[[282.0,262.0,262.0],0.0002519261],
[[283.0,282.0,282.0],0.0006661795],
[[287.0,282.0,282.0],0.0006217461],
[[289.0,282.0,282.0],0.0005466824],
[[292.0,222.0,222.0],9.38652e-05],
[[292.0,242.0,242.0],9.752451e-05],
[[292.0,262.0,262.0],0.0001882212],
[[302.0,222.0,222.0],8.742872e-05],
[[302.0,242.0,242.0],8.804088e-05],
[[302.0,262.0,262.0],0.0001473448],
[[302.0,282.0,282.0],0.0002655462],
[[303.0,302.0,302.0],0.0007327562],
[[307.0,302.0,302.0],0.000653862],
[[309.0,302.0,302.0],0.0005912339],
[[312.0,242.0,242.0],8.497124e-05],
[[312.0,262.0,262.0],0.0001213632],
[[312.0,282.0,282.0],0.000207578],
[[322.0,242.0,242.0],9.760702e-05],
[[322.0,262.0,262.0],0.0001058195],
[[322.0,282.0,282.0],0.0001621331],
[[322.0,302.0,302.0],0.000268319],
[[323.0,322.0,322.0],0.0007162532],
[[327.0,322.0,322.0],0.0006952727],
[[329.0,322.0,322.0],0.0006219817],
[[332.0,262.0,262.0],8.628521e-05],
[[332.0,282.0,282.0],0.0001232782],
[[332.0,302.0,302.0],0.0001868748],
[[342.0,262.0,262.0],0.0001008094],
[[342.0,282.0,282.0],0.0001056564],
[[342.0,302.0,302.0],0.0001470578],
[[342.0,322.0,322.0],0.0003183996],
[[343.0,342.0,342.0],0.0007657465],
[[347.0,342.0,342.0],0.0007276165],
[[349.0,342.0,342.0],0.0006545367],
[[352.0,282.0,282.0],0.000108282],
[[352.0,302.0,302.0],0.0001340202],
[[352.0,322.0,322.0],0.0002078684],
[[362.0,282.0,282.0],0.0001050574],
[[362.0,302.0,302.0],0.0001253746],
[[362.0,322.0,322.0],0.0001531425],
[[362.0,342.0,342.0],0.0003288977],
[[363.0,362.0,362.0],0.0008367486],
[[367.0,362.0,362.0],0.0007807533],
[[369.0,362.0,362.0],0.0006982692],
[[372.0,302.0,302.0],0.0001046921],
[[372.0,342.0,342.0],0.0002258478],
[[382.0,302.0,302.0],0.000108582],
[[382.0,322.0,322.0],0.0001161315],
[[382.0,362.0,362.0],0.0003453],
[[383.0,382.0,382.0],0.0008184546],
[[387.0,382.0,382.0],0.0007599512],
[[389.0,382.0,382.0],0.0007038844],
[[391.0,382.0,382.0],0.0006757964],
[[392.0,322.0,322.0],0.0001239351],
[[392.0,342.0,342.0],0.000139067],
[[392.0,362.0,362.0],0.000232844],
[[402.0,322.0,322.0],0.0001143907],
[[402.0,342.0,342.0],0.0001428614],
[[402.0,362.0,362.0],0.0001867367],
[[402.0,382.0,382.0],0.0003650127],
[[403.0,402.0,402.0],0.0008626031],
[[412.0,342.0,342.0],0.0001225076],
[[412.0,362.0,362.0],0.0001523348],
[[412.0,382.0,382.0],0.0002325465],
[[413.0,402.0,402.0],0.0005844038],
[[417.0,402.0,402.0],0.0004936352],
[[422.0,342.0,342.0],0.0001041834],
[[422.0,362.0,362.0],0.0001378099],
[[422.0,382.0,382.0],0.0001991317],
[[422.0,402.0,402.0],0.0003749875],
[[432.0,362.0,362.0],0.0001215514],
[[432.0,382.0,382.0],0.0001517741],
[[432.0,402.0,402.0],0.0002481441],
[[442.0,362.0,362.0],0.0001175296],
[[442.0,382.0,382.0],0.0001470883],
[[452.0,382.0,382.0],0.0001241582],
[[452.0,402.0,402.0],0.0001475865],
[[462.0,382.0,382.0],0.0001098205],
[[462.0,402.0,402.0],0.0001516895],
[[482.0,402.0,402.0],0.0001351588],
[[503.0,502.0,502.0],0.0009626546],
[[513.0,502.0,502.0],0.0007395775],
[[517.0,502.0,502.0],0.0005453336],
[[522.0,502.0,502.0],0.0004355641],
[[532.0,502.0,502.0],0.0002999878],
[[552.0,502.0,502.0],0.0001891723],
[[582.0,502.0,502.0],0.0001229176],
[[603.0,602.0,602.0],0.001055964],
[[613.0,602.0,602.0],0.0007971105],
[[617.0,602.0,602.0],0.0006492564],
[[622.0,602.0,602.0],0.0005032195],
[[632.0,602.0,602.0],0.0003150821],
[[652.0,602.0,602.0],0.0002163262],
[[682.0,602.0,602.0],0.0001324296],
[[703.0,702.0,702.0],0.001074192],
[[713.0,702.0,702.0],0.0008304875],
[[717.0,702.0,702.0],0.0006795608],
[[722.0,702.0,702.0],0.0005376417],
[[732.0,702.0,702.0],0.0003227229],
[[752.0,702.0,702.0],0.000179108],
[[782.0,702.0,702.0],0.000144688],
[[803.0,802.0,802.0],0.001090831],
[[813.0,802.0,802.0],0.0009096326],
[[817.0,802.0,802.0],0.0007241493],
[[822.0,802.0,802.0],0.0005781607],
[[832.0,802.0,802.0],0.000362426],
[[852.0,802.0,802.0],0.0001973815],
[[882.0,802.0,802.0],0.0001371841],
[[903.0,902.0,902.0],0.00120017],
[[913.0,902.0,902.0],0.0009245104],
[[917.0,902.0,902.0],0.0007414139],
[[922.0,902.0,902.0],0.0005816155],
[[932.0,902.0,902.0],0.0003817454],
[[952.0,902.0,902.0],0.0002209962],
[[982.0,902.0,902.0],0.0001679309],
[[1003.0,1002.0,1002.0],0.001196825],
[[1013.0,1002.0,1002.0],0.0009723834],
[[1017.0,1002.0,1002.0],0.0007603889],
[[1022.0,1002.0,1002.0],0.0006572671],
[[1032.0,1002.0,1002.0],0.000372414],
[[1052.0,1002.0,1002.0],0.0002118364],
[[1082.0,1002.0,1002.0],0.0001774926],
[[1103.0,1102.0,1102.0],0.00124341],
[[1113.0,1102.0,1102.0],0.0009796175],
[[1117.0,1102.0,1102.0],0.0008089819],
[[1122.0,1102.0,1102.0],0.0006088704],
[[1132.0,1102.0,1102.0],0.0003692743],
[[1152.0,1102.0,1102.0],0.0002336398],
[[1182.0,1102.0,1102.0],0.0001527664],
[[1203.0,1202.0,1202.0],0.001307454],
[[1213.0,1202.0,1202.0],0.00103378],
[[1217.0,1202.0,1202.0],0.0008396081],
[[1222.0,1202.0,1202.0],0.0006289012],
[[1232.0,1202.0,1202.0],0.0003925556],
[[1252.0,1202.0,1202.0],0.0002112656],
[[1282.0,1202.0,1202.0],0.0001544141],
[[1303.0,1302.0,1302.0],0.001294546],
[[1313.0,1302.0,1302.0],0.001048484],
[[1317.0,1302.0,1302.0],0.0008379843],
[[1322.0,1302.0,1302.0],0.0006310449],
[[1332.0,1302.0,1302.0],0.0004156272],
[[1352.0,1302.0,1302.0],0.0002210175],
[[1382.0,1302.0,1302.0],0.0001656327],
[[1403.0,1402.0,1402.0],0.001230891],
[[1413.0,1402.0,1402.0],0.001091976],
[[1417.0,1402.0,1402.0],0.0008702436],
[[1422.0,1402.0,1402.0],0.0006128411],
[[1432.0,1402.0,1402.0],0.0004072066],
[[1452.0,1402.0,1402.0],0.0002124254],
[[1482.0,1402.0,1402.0],0.000148385],
[[1503.0,1502.0,1502.0],0.001319786],
[[1513.0,1502.0,1502.0],0.001101397],
[[1517.0,1502.0,1502.0],0.000932458],
[[1522.0,1502.0,1502.0],0.0007063129],
[[1532.0,1502.0,1502.0],0.0003740806],
[[1552.0,1502.0,1502.0],0.0002262626],
[[1582.0,1502.0,1502.0],0.0001602074],
[[1603.0,1602.0,1602.0],0.001328555],
[[1613.0,1602.0,1602.0],0.001134305],
[[1617.0,1602.0,1602.0],0.0008632686],
[[1622.0,1602.0,1602.0],0.0006752983],
[[1632.0,1602.0,1602.0],0.0004184987],
[[1652.0,1602.0,1602.0],0.0002353606],
[[1682.0,1602.0,1602.0],0.0001471777],
[[1703.0,1702.0,1702.0],0.001348032],
[[1713.0,1702.0,1702.0],0.001054656],
[[1717.0,1702.0,1702.0],0.0008443173],
[[1722.0,1702.0,1702.0],0.000690228],
[[1732.0,1702.0,1702.0],0.0004049007],
[[1752.0,1702.0,1702.0],0.0002468618],
[[1782.0,1702.0,1702.0],0.0001862968],
[[1803.0,1802.0,1802.0],0.001323572],
[[1813.0,1802.0,1802.0],0.001176525],
[[1817.0,1802.0,1802.0],0.0009626141],
[[1822.0,1802.0,1802.0],0.0006934931],
[[1832.0,1802.0,1802.0],0.00039586],
[[1852.0,1802.0,1802.0],0.0002709783],
[[1872.0,1802.0,1802.0],0.0001678444],
[[1882.0,1802.0,1802.0],0.0001705456],
[[1903.0,1902.0,1902.0],0.00143819],
[[1913.0,1902.0,1902.0],0.001155042],
[[1917.0,1902.0,1902.0],0.000982161],
[[1922.0,1902.0,1902.0],0.0006138616],
[[1942.0,1902.0,1902.0],0.0003002342],
[[1952.0,1902.0,1902.0],0.0002454996],
[[1982.0,1902.0,1902.0],0.0001541165],
[[2003.0,2002.0,2002.0],0.00128669],
[[2013.0,2002.0,2002.0],0.001107699],
[[2017.0,2002.0,2002.0],0.0009319109],
[[2022.0,2002.0,2002.0],0.0007153573],
[[2032.0,2002.0,2002.0],0.0003951268],
[[2042.0,2002.0,2002.0],0.0002880129],
[[2052.0,2002.0,2002.0],0.0002612282],
[[2072.0,2002.0,2002.0],0.0001722579],
[[2082.0,2002.0,2002.0],0.0001540941]]
