txName: TRV1nunu
constraint: {(PV > Zprime(1)), (Zprime(1) > nu,nu)}
condition: None
conditionDescription: None
figureUrl: None
source: CMS
validated: N/A
axesMap: [{0: 'x'}]
dataMap: {0: (1, 'mass', GeV)}
finalState: ['MET', 'MET']
efficiencyMap: [[[50.0],2.168365e-06],
[[100.0],1.653795e-05],
[[150.0],4.900455e-05],
[[200.0],9.537576e-05],
[[250.0],0.0001792434],
[[300.0],0.0002637969],
[[350.0],0.0003518958],
[[400.0],0.0004441593],
[[450.0],0.0005582255],
[[500.0],0.0006216862],
[[550.0],0.0007783486],
[[600.0],0.0008398875],
[[650.0],0.0009706871],
[[700.0],0.001086331],
[[750.0],0.001134657],
[[800.0],0.001090349],
[[850.0],0.001223166],
[[900.0],0.001288365],
[[950.0],0.001275118],
[[1000.0],0.001510074],
[[1050.0],0.001438151],
[[1100.0],0.001539576],
[[1150.0],0.001521108],
[[1200.0],0.001599071],
[[1250.0],0.001614301],
[[1300.0],0.001760871],
[[1350.0],0.001745663],
[[1400.0],0.001749057],
[[1450.0],0.001800757],
[[1500.0],0.001677278],
[[1550.0],0.001840582],
[[1600.0],0.001827713],
[[1650.0],0.001951009],
[[1700.0],0.001727082],
[[1750.0],0.001838573],
[[1800.0],0.001901667],
[[1850.0],0.002011188],
[[1900.0],0.002093962],
[[1950.0],0.001998891],
[[2000.0],0.002305318],
[[2250.0],0.002264064],
[[2500.0],0.002407862],
[[2750.0],0.002151557],
[[3000.0],0.002426879]]
