txName: TChiZISRll
constraint: {(PV > anyBSM(1), MET(3)), (anyBSM(1) > l+,l-,MET(2))}
condition: None
conditionDescription: None
figureUrl: None
source: Recast by MA5
validated: True
axesMap: [{0: 'x', 1: 'y', 2: 'y'}]
dataMap: {0: (1, 'mass', GeV), 1: (2, 'mass', GeV), 2: (3, 'mass', GeV)}
finalState: ['MET', 'MET']
efficiencyMap: [[[10.0,1.0,1.0],0.0],
[[10.0,5.0,5.0],0.0],
[[10.0,7.0,7.0],4.70159e-08],
[[10.0,9.0,9.0],2.247496e-09],
[[20.0,1.0,1.0],0.0],
[[20.0,15.0,15.0],1.322484e-09],
[[20.0,17.0,17.0],5.084219e-09],
[[20.0,19.0,19.0],6.61201e-09],
[[30.0,1.0,1.0],0.0],
[[30.0,20.0,20.0],9.206405e-10],
[[30.0,25.0,25.0],1.312834e-09],
[[30.0,27.0,27.0],0.0],
[[30.0,29.0,29.0],8.368749e-09],
[[40.0,1.0,1.0],0.0],
[[40.0,20.0,20.0],0.0],
[[40.0,30.0,30.0],1.130172e-09],
[[40.0,35.0,35.0],0.0],
[[40.0,37.0,37.0],6.399779e-09],
[[40.0,39.0,39.0],3.827044e-08],
[[50.0,1.0,1.0],0.0],
[[50.0,20.0,20.0],0.0],
[[50.0,30.0,30.0],0.0],
[[50.0,40.0,40.0],3.604142e-09],
[[50.0,45.0,45.0],4.398379e-07],
[[50.0,47.0,47.0],4.204143e-08],
[[50.0,49.0,49.0],8.012581e-08],
[[60.0,1.0,1.0],0.0],
[[60.0,20.0,20.0],0.0],
[[60.0,30.0,30.0],0.0],
[[60.0,40.0,40.0],4.521843e-09],
[[60.0,50.0,50.0],1.351899e-08],
[[60.0,55.0,55.0],8.175546e-08],
[[60.0,57.0,57.0],1.709079e-06],
[[60.0,59.0,59.0],2.611742e-07],
[[61.0,52.0,52.0],3.814301e-08],
[[62.0,2.0,2.0],0.0],
[[62.0,12.0,12.0],0.0],
[[62.0,22.0,22.0],0.0],
[[62.0,32.0,32.0],3.280871e-09],
[[62.0,42.0,42.0],8.475538e-09],
[[63.0,62.0,62.0],3.272576e-07],
[[65.0,62.0,62.0],1.438052e-07],
[[67.0,62.0,62.0],1.194042e-07],
[[69.0,62.0,62.0],6.992536e-08],
[[72.0,2.0,2.0],0.0],
[[72.0,12.0,12.0],0.0],
[[72.0,22.0,22.0],2.128277e-09],
[[72.0,32.0,32.0],8.455172e-09],
[[72.0,42.0,42.0],1.509844e-08],
[[72.0,52.0,52.0],8.047186e-08],
[[73.0,72.0,72.0],5.13411e-07],
[[75.0,72.0,72.0],2.689975e-07],
[[77.0,72.0,72.0],2.023967e-07],
[[79.0,72.0,72.0],1.922748e-07],
[[82.0,2.0,2.0],0.0],
[[82.0,12.0,12.0],1.890579e-09],
[[82.0,22.0,22.0],9.719696e-09],
[[82.0,32.0,32.0],3.391003e-09],
[[82.0,42.0,42.0],3.256521e-08],
[[82.0,52.0,52.0],3.582392e-08],
[[82.0,62.0,62.0],1.144171e-07],
[[83.0,82.0,82.0],6.622471e-07],
[[85.0,82.0,82.0],4.740705e-07],
[[87.0,82.0,82.0],2.776602e-07],
[[89.0,82.0,82.0],3.011491e-07],
[[91.0,82.0,82.0],2.277421e-07],
[[92.0,12.0,12.0],1.01447e-08],
[[92.0,22.0,22.0],2.607532e-09],
[[92.0,32.0,32.0],7.747945e-09],
[[92.0,42.0,42.0],7.400602e-09],
[[92.0,52.0,52.0],3.338767e-08],
[[92.0,62.0,62.0],4.741099e-08],
[[92.0,72.0,72.0],1.062263e-07],
[[93.0,92.0,92.0],8.781043e-07],
[[97.0,92.0,92.0],4.66838e-07],
[[99.0,92.0,92.0],6.594478e-07],
[[102.0,22.0,22.0],0.0],
[[102.0,32.0,32.0],1.940942e-08],
[[102.0,42.0,42.0],1.94896e-08],
[[102.0,52.0,52.0],2.171251e-08],
[[102.0,62.0,62.0],2.529803e-08],
[[102.0,72.0,72.0],5.319896e-08],
[[102.0,82.0,82.0],8.786559e-08],
[[103.0,102.0,102.0],1.441993e-06],
[[107.0,102.0,102.0],7.246507e-07],
[[109.0,102.0,102.0],4.272602e-07],
[[112.0,32.0,32.0],6.454829e-09],
[[112.0,42.0,42.0],7.033162e-08],
[[112.0,52.0,52.0],2.359603e-08],
[[112.0,62.0,62.0],2.48619e-08],
[[112.0,72.0,72.0],2.865947e-08],
[[112.0,82.0,82.0],6.976798e-08],
[[112.0,92.0,92.0],1.584579e-07],
[[122.0,42.0,42.0],3.584799e-08],
[[122.0,52.0,52.0],3.443001e-08],
[[122.0,62.0,62.0],8.003659e-08],
[[122.0,72.0,72.0],4.141154e-08],
[[122.0,82.0,82.0],1.125739e-07],
[[122.0,92.0,92.0],5.306205e-08],
[[122.0,102.0,102.0],1.448135e-07],
[[123.0,122.0,122.0],2.253126e-06],
[[127.0,122.0,122.0],9.589465e-07],
[[129.0,122.0,122.0],7.931063e-07],
[[132.0,52.0,52.0],1.278925e-08],
[[132.0,62.0,62.0],5.635697e-08],
[[132.0,72.0,72.0],1.042918e-07],
[[132.0,82.0,82.0],7.570513e-08],
[[132.0,92.0,92.0],7.865068e-08],
[[132.0,102.0,102.0],2.294202e-07],
[[142.0,62.0,62.0],3.694446e-08],
[[142.0,72.0,72.0],3.76916e-08],
[[142.0,82.0,82.0],8.279035e-08],
[[142.0,92.0,92.0],8.52731e-08],
[[142.0,102.0,102.0],1.359922e-07],
[[142.0,122.0,122.0],3.265407e-07],
[[143.0,142.0,142.0],3.294438e-06],
[[147.0,142.0,142.0],1.882716e-06],
[[149.0,142.0,142.0],1.210147e-06],
[[151.0,142.0,142.0],1.052066e-06],
[[152.0,72.0,72.0],7.365186e-08],
[[152.0,82.0,82.0],1.915752e-07],
[[152.0,92.0,92.0],1.438824e-07],
[[152.0,102.0,102.0],1.497459e-07],
[[152.0,122.0,122.0],2.673564e-07],
[[162.0,82.0,82.0],5.775329e-08],
[[162.0,92.0,92.0],1.046906e-07],
[[162.0,102.0,102.0],1.249692e-07],
[[162.0,122.0,122.0],4.861147e-07],
[[162.0,142.0,142.0],6.637597e-07],
[[163.0,162.0,162.0],3.711128e-06],
[[167.0,162.0,162.0],2.88416e-06],
[[169.0,162.0,162.0],2.10801e-06],
[[171.0,162.0,162.0],1.69507e-06],
[[172.0,92.0,92.0],2.279968e-07],
[[172.0,102.0,102.0],1.487786e-07],
[[172.0,122.0,122.0],1.780117e-07],
[[172.0,142.0,142.0],3.498538e-07],
[[182.0,102.0,102.0],7.806092e-08],
[[182.0,122.0,122.0],1.621498e-07],
[[182.0,142.0,142.0],3.072373e-07],
[[182.0,162.0,162.0],1.057634e-06],
[[183.0,182.0,182.0],5.156513e-06],
[[187.0,182.0,182.0],3.830506e-06],
[[189.0,182.0,182.0],2.625659e-06],
[[191.0,182.0,182.0],1.979385e-06],
[[192.0,122.0,122.0],1.900632e-07],
[[192.0,142.0,142.0],4.127198e-07],
[[192.0,162.0,162.0],8.249447e-07],
[[202.0,122.0,122.0],9.792794e-08],
[[202.0,142.0,142.0],3.02595e-07],
[[202.0,162.0,162.0],3.625996e-07],
[[202.0,182.0,182.0],1.07549e-06],
[[203.0,202.0,202.0],6.919997e-06],
[[207.0,202.0,202.0],4.317597e-06],
[[209.0,202.0,202.0],3.351216e-06],
[[211.0,202.0,202.0],2.916463e-06],
[[212.0,142.0,142.0],2.0689e-07],
[[212.0,162.0,162.0],2.962683e-07],
[[212.0,182.0,182.0],8.011383e-07],
[[222.0,142.0,142.0],1.806828e-07],
[[222.0,162.0,162.0],2.947374e-07],
[[222.0,182.0,182.0],5.054099e-07],
[[222.0,202.0,202.0],1.468298e-06],
[[223.0,222.0,222.0],9.58894e-06],
[[227.0,222.0,222.0],5.574946e-06],
[[229.0,222.0,222.0],4.753999e-06],
[[231.0,222.0,222.0],4.026555e-06],
[[232.0,162.0,162.0],6.543261e-07],
[[232.0,182.0,182.0],4.290906e-07],
[[232.0,202.0,202.0],9.618828e-07],
[[242.0,162.0,162.0],2.467022e-07],
[[242.0,182.0,182.0],4.410486e-07],
[[242.0,202.0,202.0],7.514818e-07],
[[242.0,222.0,222.0],1.703049e-06],
[[243.0,242.0,242.0],9.672576e-06],
[[247.0,242.0,242.0],7.210737e-06],
[[249.0,242.0,242.0],5.690493e-06],
[[251.0,242.0,242.0],4.340719e-06],
[[252.0,182.0,182.0],6.544046e-07],
[[252.0,202.0,202.0],8.166996e-07],
[[252.0,222.0,222.0],1.192405e-06],
[[262.0,182.0,182.0],5.477808e-07],
[[262.0,202.0,202.0],6.57596e-07],
[[262.0,222.0,222.0],1.004e-06],
[[262.0,242.0,242.0],2.352453e-06],
[[263.0,262.0,262.0],1.089019e-05],
[[267.0,262.0,262.0],1.176409e-05],
[[269.0,262.0,262.0],7.540082e-06],
[[272.0,202.0,202.0],4.240541e-07],
[[272.0,222.0,222.0],7.950226e-07],
[[272.0,242.0,242.0],1.407719e-06],
[[282.0,202.0,202.0],6.744954e-07],
[[282.0,222.0,222.0],8.276888e-07],
[[282.0,242.0,242.0],1.280118e-06],
[[282.0,262.0,262.0],2.748432e-06],
[[283.0,282.0,282.0],1.238486e-05],
[[287.0,282.0,282.0],9.691141e-06],
[[289.0,282.0,282.0],8.726403e-06],
[[292.0,222.0,222.0],4.875308e-07],
[[292.0,242.0,242.0],9.340179e-07],
[[292.0,262.0,262.0],1.907185e-06],
[[302.0,222.0,222.0],7.246206e-07],
[[302.0,242.0,242.0],2.460927e-06],
[[302.0,262.0,262.0],1.389246e-06],
[[302.0,282.0,282.0],3.240826e-06],
[[303.0,302.0,302.0],1.441533e-05],
[[307.0,302.0,302.0],1.489007e-05],
[[309.0,302.0,302.0],9.127878e-06],
[[312.0,242.0,242.0],7.157841e-07],
[[312.0,262.0,262.0],2.001407e-06],
[[312.0,282.0,282.0],2.237002e-06],
[[322.0,242.0,242.0],5.757045e-07],
[[322.0,262.0,262.0],8.638135e-07],
[[322.0,282.0,282.0],1.41247e-06],
[[322.0,302.0,302.0],3.90003e-06],
[[323.0,322.0,322.0],1.64219e-05],
[[327.0,322.0,322.0],1.307948e-05],
[[329.0,322.0,322.0],1.059461e-05],
[[332.0,262.0,262.0],1.206872e-06],
[[332.0,282.0,282.0],1.033587e-06],
[[332.0,302.0,302.0],2.193774e-06],
[[342.0,262.0,262.0],7.869972e-07],
[[342.0,282.0,282.0],1.320865e-06],
[[342.0,302.0,302.0],1.532807e-06],
[[342.0,322.0,322.0],7.184242e-06],
[[343.0,342.0,342.0],1.811297e-05],
[[347.0,342.0,342.0],1.465112e-05],
[[349.0,342.0,342.0],1.191716e-05],
[[352.0,282.0,282.0],1.210059e-06],
[[352.0,302.0,302.0],1.415804e-06],
[[352.0,322.0,322.0],2.830217e-06],
[[362.0,282.0,282.0],7.516343e-07],
[[362.0,302.0,302.0],1.516668e-06],
[[362.0,322.0,322.0],2.189395e-06],
[[362.0,342.0,342.0],4.667998e-06],
[[363.0,362.0,362.0],1.857915e-05],
[[367.0,362.0,362.0],1.523684e-05],
[[369.0,362.0,362.0],1.234942e-05],
[[372.0,302.0,302.0],1.112492e-06],
[[372.0,342.0,342.0],3.671328e-06],
[[382.0,302.0,302.0],9.577833e-07],
[[382.0,322.0,322.0],1.434738e-06],
[[382.0,362.0,362.0],5.437549e-06],
[[383.0,382.0,382.0],2.055229e-05],
[[387.0,382.0,382.0],1.621861e-05],
[[389.0,382.0,382.0],1.480754e-05],
[[391.0,382.0,382.0],1.399514e-05],
[[392.0,322.0,322.0],1.27049e-06],
[[392.0,342.0,342.0],1.459727e-06],
[[392.0,362.0,362.0],4.087251e-06],
[[402.0,322.0,322.0],1.81076e-06],
[[402.0,342.0,342.0],1.302868e-06],
[[402.0,362.0,362.0],5.001142e-06],
[[402.0,382.0,382.0],6.163074e-06],
[[403.0,402.0,402.0],2.367404e-05],
[[412.0,342.0,342.0],1.494792e-06],
[[412.0,362.0,362.0],2.283625e-06],
[[412.0,382.0,382.0],7.230403e-06],
[[413.0,402.0,402.0],1.171603e-05],
[[417.0,402.0,402.0],9.603581e-06],
[[422.0,342.0,342.0],1.591586e-06],
[[422.0,362.0,362.0],2.009796e-06],
[[422.0,382.0,382.0],2.786503e-06],
[[422.0,402.0,402.0],6.386647e-06],
[[432.0,362.0,362.0],1.94667e-06],
[[432.0,382.0,382.0],2.842694e-06],
[[432.0,402.0,402.0],5.907713e-06],
[[442.0,362.0,362.0],1.37592e-06],
[[442.0,382.0,382.0],2.404724e-06],
[[452.0,382.0,382.0],1.809902e-06],
[[452.0,402.0,402.0],2.938061e-06],
[[462.0,382.0,382.0],1.696374e-06],
[[462.0,402.0,402.0],2.315948e-06],
[[482.0,402.0,402.0],2.107099e-06],
[[503.0,502.0,502.0],3.070477e-05],
[[513.0,502.0,502.0],1.812311e-05],
[[517.0,502.0,502.0],1.416729e-05],
[[522.0,502.0,502.0],9.579048e-06],
[[532.0,502.0,502.0],7.049368e-06],
[[552.0,502.0,502.0],4.165635e-06],
[[582.0,502.0,502.0],2.8972e-06],
[[603.0,602.0,602.0],3.837891e-05],
[[613.0,602.0,602.0],2.392424e-05],
[[617.0,602.0,602.0],1.70969e-05],
[[622.0,602.0,602.0],1.585551e-05],
[[632.0,602.0,602.0],9.494493e-06],
[[652.0,602.0,602.0],5.557325e-06],
[[682.0,602.0,602.0],3.974193e-06],
[[703.0,702.0,702.0],4.425092e-05],
[[713.0,702.0,702.0],3.028628e-05],
[[717.0,702.0,702.0],2.413815e-05],
[[722.0,702.0,702.0],1.676485e-05],
[[732.0,702.0,702.0],1.306148e-05],
[[752.0,702.0,702.0],5.701987e-06],
[[782.0,702.0,702.0],4.870492e-06],
[[803.0,802.0,802.0],5.322484e-05],
[[813.0,802.0,802.0],3.553694e-05],
[[817.0,802.0,802.0],3.116888e-05],
[[822.0,802.0,802.0],2.123776e-05],
[[832.0,802.0,802.0],1.340197e-05],
[[852.0,802.0,802.0],1.009057e-05],
[[882.0,802.0,802.0],4.83297e-06],
[[903.0,902.0,902.0],5.652785e-05],
[[913.0,902.0,902.0],4.312145e-05],
[[917.0,902.0,902.0],3.1296e-05],
[[922.0,902.0,902.0],2.34479e-05],
[[932.0,902.0,902.0],1.668993e-05],
[[952.0,902.0,902.0],1.047212e-05],
[[982.0,902.0,902.0],6.082698e-06],
[[1003.0,1002.0,1002.0],6.099416e-05],
[[1013.0,1002.0,1002.0],4.455795e-05],
[[1017.0,1002.0,1002.0],3.724246e-05],
[[1022.0,1002.0,1002.0],3.165784e-05],
[[1032.0,1002.0,1002.0],1.744904e-05],
[[1052.0,1002.0,1002.0],1.026665e-05],
[[1082.0,1002.0,1002.0],7.43242e-06],
[[1103.0,1102.0,1102.0],6.981626e-05],
[[1113.0,1102.0,1102.0],4.871969e-05],
[[1117.0,1102.0,1102.0],3.766789e-05],
[[1122.0,1102.0,1102.0],3.111757e-05],
[[1132.0,1102.0,1102.0],1.936151e-05],
[[1152.0,1102.0,1102.0],1.046129e-05],
[[1182.0,1102.0,1102.0],6.321284e-06],
[[1203.0,1202.0,1202.0],7.094912e-05],
[[1213.0,1202.0,1202.0],5.491613e-05],
[[1217.0,1202.0,1202.0],4.318577e-05],
[[1222.0,1202.0,1202.0],3.229394e-05],
[[1232.0,1202.0,1202.0],1.931579e-05],
[[1252.0,1202.0,1202.0],1.112969e-05],
[[1282.0,1202.0,1202.0],6.798061e-06],
[[1303.0,1302.0,1302.0],7.465669e-05],
[[1313.0,1302.0,1302.0],5.719181e-05],
[[1317.0,1302.0,1302.0],4.341081e-05],
[[1322.0,1302.0,1302.0],3.628889e-05],
[[1332.0,1302.0,1302.0],2.061342e-05],
[[1352.0,1302.0,1302.0],1.182473e-05],
[[1382.0,1302.0,1302.0],7.180651e-06],
[[1403.0,1402.0,1402.0],7.283632e-05],
[[1413.0,1402.0,1402.0],5.648227e-05],
[[1417.0,1402.0,1402.0],4.737921e-05],
[[1422.0,1402.0,1402.0],3.530376e-05],
[[1432.0,1402.0,1402.0],2.042726e-05],
[[1452.0,1402.0,1402.0],1.123347e-05],
[[1482.0,1402.0,1402.0],8.526894e-06],
[[1503.0,1502.0,1502.0],7.14283e-05],
[[1513.0,1502.0,1502.0],5.92817e-05],
[[1517.0,1502.0,1502.0],4.522528e-05],
[[1522.0,1502.0,1502.0],3.405875e-05],
[[1532.0,1502.0,1502.0],2.14017e-05],
[[1552.0,1502.0,1502.0],1.245076e-05],
[[1582.0,1502.0,1502.0],7.837039e-06],
[[1603.0,1602.0,1602.0],7.665801e-05],
[[1613.0,1602.0,1602.0],5.899931e-05],
[[1617.0,1602.0,1602.0],5.231085e-05],
[[1622.0,1602.0,1602.0],3.536963e-05],
[[1632.0,1602.0,1602.0],2.217131e-05],
[[1652.0,1602.0,1602.0],1.285146e-05],
[[1682.0,1602.0,1602.0],8.611344e-06],
[[1703.0,1702.0,1702.0],7.537036e-05],
[[1713.0,1702.0,1702.0],6.539656e-05],
[[1717.0,1702.0,1702.0],4.723609e-05],
[[1722.0,1702.0,1702.0],3.742421e-05],
[[1732.0,1702.0,1702.0],2.313142e-05],
[[1752.0,1702.0,1702.0],1.17899e-05],
[[1782.0,1702.0,1702.0],7.587689e-06],
[[1803.0,1802.0,1802.0],7.372043e-05],
[[1813.0,1802.0,1802.0],6.275354e-05],
[[1817.0,1802.0,1802.0],4.866293e-05],
[[1822.0,1802.0,1802.0],3.84248e-05],
[[1832.0,1802.0,1802.0],2.16609e-05],
[[1852.0,1802.0,1802.0],1.26978e-05],
[[1872.0,1802.0,1802.0],9.544004e-06],
[[1882.0,1802.0,1802.0],8.09642e-06],
[[1903.0,1902.0,1902.0],7.647359e-05],
[[1913.0,1902.0,1902.0],6.647255e-05],
[[1917.0,1902.0,1902.0],5.152624e-05],
[[1922.0,1902.0,1902.0],3.657931e-05],
[[1942.0,1902.0,1902.0],1.518043e-05],
[[1952.0,1902.0,1902.0],1.315858e-05],
[[1982.0,1902.0,1902.0],8.386115e-06],
[[2003.0,2002.0,2002.0],7.601102e-05],
[[2013.0,2002.0,2002.0],6.402279e-05],
[[2017.0,2002.0,2002.0],5.064248e-05],
[[2022.0,2002.0,2002.0],3.970013e-05],
[[2032.0,2002.0,2002.0],2.197334e-05],
[[2042.0,2002.0,2002.0],1.531676e-05],
[[2052.0,2002.0,2002.0],1.260909e-05],
[[2072.0,2002.0,2002.0],8.829046e-06],
[[2082.0,2002.0,2002.0],9.8946e-06]]
