txName: TRV1nunu
constraint: {(PV > Zprime(1)), (Zprime(1) > nu,nu)}
condition: None
conditionDescription: None
figureUrl: None
source: CMS
validated: N/A
axesMap: [{0: 'x'}]
dataMap: {0: (1, 'mass', GeV)}
finalState: ['MET', 'MET']
efficiencyMap: [[[50.0],0.0],
[[100.0],3.940016e-08],
[[150.0],1.320588e-07],
[[200.0],5.385822e-07],
[[250.0],9.335713e-07],
[[300.0],1.482898e-06],
[[350.0],2.013607e-06],
[[400.0],3.124647e-06],
[[450.0],4.476457e-06],
[[500.0],5.851349e-06],
[[550.0],8.59365e-06],
[[600.0],1.129482e-05],
[[650.0],1.147051e-05],
[[700.0],1.632346e-05],
[[750.0],1.675764e-05],
[[800.0],2.109875e-05],
[[850.0],2.803958e-05],
[[900.0],2.743341e-05],
[[950.0],2.947484e-05],
[[1000.0],3.408271e-05],
[[1050.0],3.557913e-05],
[[1100.0],3.8751e-05],
[[1150.0],4.721579e-05],
[[1200.0],5.073239e-05],
[[1250.0],5.48736e-05],
[[1300.0],5.769015e-05],
[[1350.0],8.15684e-05],
[[1400.0],6.611071e-05],
[[1450.0],6.317269e-05],
[[1500.0],7.870005e-05],
[[1550.0],6.78113e-05],
[[1600.0],8.994504e-05],
[[1650.0],7.848316e-05],
[[1700.0],7.931862e-05],
[[1750.0],9.845133e-05],
[[1800.0],9.335198e-05],
[[1850.0],9.710576e-05],
[[1900.0],9.237658e-05],
[[1950.0],0.0001030815],
[[2000.0],0.000111326],
[[2250.0],0.0001242764],
[[2500.0],0.0001238763],
[[2750.0],0.0001353618],
[[3000.0],0.000135366]]
