txName: TChiWWISRqq
constraint: {(PV > anyBSM(1), anyBSM(3)), (anyBSM(1) > q, q, MET(2)), (anyBSM(3) > q, q, MET(4))}
condition: None
conditionDescription: None
figureUrl: None
source: Recast by MA5
validated: True
axesMap: [{0: 'x', 1: 'y', 2: 'x', 3: 'y'}]
dataMap: {0: (1, 'mass', GeV), 1: (2, 'mass', GeV), 2: (3, 'mass', GeV), 3: (4, 'mass', GeV)}
finalState: ['MET', 'MET']
intermediateState: None
efficiencyMap: [[[10.0,1.0,10.0,1.0],0.0],
[[10.0,3.0,10.0,3.0],0.0],
[[10.0,5.0,10.0,5.0],0.0],
[[10.0,7.0,10.0,7.0],0.0],
[[10.0,9.0,10.0,9.0],0.0],
[[11.0,10.0,11.0,10.0],0.0],
[[13.0,10.0,13.0,10.0],0.0],
[[15.0,10.0,15.0,10.0],0.0],
[[20.0,10.0,20.0,10.0],0.0],
[[21.0,20.0,21.0,20.0],1.140765e-08],
[[23.0,20.0,23.0,20.0],0.0],
[[25.0,20.0,25.0,20.0],0.0],
[[30.0,10.0,30.0,10.0],0.0],
[[30.0,20.0,30.0,20.0],0.0],
[[31.0,30.0,31.0,30.0],2.022408e-08],
[[33.0,30.0,33.0,30.0],0.0],
[[35.0,30.0,35.0,30.0],0.0],
[[40.0,20.0,40.0,20.0],0.0],
[[40.0,30.0,40.0,30.0],0.0],
[[41.0,40.0,41.0,40.0],9.735051e-08],
[[43.0,40.0,43.0,40.0],9.858986e-09],
[[45.0,40.0,45.0,40.0],0.0],
[[50.0,10.0,50.0,10.0],0.0],
[[50.0,30.0,50.0,30.0],0.0],
[[50.0,40.0,50.0,40.0],1.744684e-08],
[[51.0,50.0,51.0,50.0],5.080782e-07],
[[53.0,50.0,53.0,50.0],6.769472e-08],
[[55.0,50.0,55.0,50.0],3.286459e-08],
[[60.0,20.0,60.0,20.0],0.0],
[[60.0,40.0,60.0,40.0],1.498665e-07],
[[60.0,50.0,60.0,50.0],1.808735e-08],
[[61.0,60.0,61.0,60.0],3.00445e-06],
[[63.0,60.0,63.0,60.0],6.403065e-07],
[[65.0,60.0,65.0,60.0],3.029675e-07],
[[70.0,10.0,70.0,10.0],9.832895e-09],
[[70.0,30.0,70.0,30.0],0.0],
[[70.0,50.0,70.0,50.0],0.0],
[[70.0,60.0,70.0,60.0],8.198739e-08],
[[71.0,70.0,71.0,70.0],4.766004e-06],
[[73.0,70.0,73.0,70.0],4.7525e-06],
[[75.0,70.0,75.0,70.0],7.663308e-07],
[[80.0,20.0,80.0,20.0],4.74169e-09],
[[80.0,40.0,80.0,40.0],7.169368e-09],
[[80.0,60.0,80.0,60.0],9.488021e-08],
[[80.0,70.0,80.0,70.0],1.552846e-07],
[[81.0,80.0,81.0,80.0],5.343798e-06],
[[83.0,80.0,83.0,80.0],4.685142e-06],
[[85.0,80.0,85.0,80.0],1.3529e-06],
[[90.0,10.0,90.0,10.0],0.0],
[[90.0,30.0,90.0,30.0],0.0],
[[90.0,50.0,90.0,50.0],2.974817e-08],
[[90.0,70.0,90.0,70.0],1.427956e-07],
[[90.0,80.0,90.0,80.0],2.834611e-07],
[[91.0,90.0,91.0,90.0],8.671112e-06],
[[93.0,90.0,93.0,90.0],4.245244e-06],
[[95.0,90.0,95.0,90.0],2.691797e-06],
[[100.0,20.0,100.0,20.0],7.725465e-09],
[[100.0,40.0,100.0,40.0],1.464006e-08],
[[100.0,60.0,100.0,60.0],1.677125e-08],
[[100.0,80.0,100.0,80.0],2.094134e-07],
[[100.0,90.0,100.0,90.0],5.101138e-07],
[[101.0,100.0,101.0,100.0],1.056542e-05],
[[103.0,100.0,103.0,100.0],5.887324e-06],
[[103.0,102.0,103.0,102.0],1.283841e-05],
[[105.0,100.0,105.0,100.0],5.012916e-06],
[[105.0,102.0,105.0,102.0],5.430344e-06],
[[107.0,102.0,107.0,102.0],5.43404e-06],
[[110.0,30.0,110.0,30.0],2.553757e-08],
[[110.0,50.0,110.0,50.0],4.776232e-08],
[[110.0,70.0,110.0,70.0],8.37754e-08],
[[110.0,90.0,110.0,90.0],3.435494e-07],
[[110.0,100.0,110.0,100.0],7.975586e-07],
[[112.0,102.0,112.0,102.0],9.021356e-07],
[[120.0,40.0,120.0,40.0],1.942327e-08],
[[120.0,60.0,120.0,60.0],5.888844e-08],
[[120.0,80.0,120.0,80.0],7.374528e-08],
[[120.0,100.0,120.0,100.0],4.383459e-07],
[[122.0,102.0,122.0,102.0],3.520234e-07],
[[123.0,122.0,123.0,122.0],1.896987e-05],
[[125.0,122.0,125.0,122.0],1.217463e-05],
[[127.0,122.0,127.0,122.0],5.618338e-06],
[[130.0,50.0,130.0,50.0],9.019192e-08],
[[130.0,70.0,130.0,70.0],1.250566e-07],
[[130.0,90.0,130.0,90.0],1.434624e-07],
[[132.0,122.0,132.0,122.0],3.2429e-06],
[[140.0,60.0,140.0,60.0],2.229764e-08],
[[140.0,80.0,140.0,80.0],1.015888e-07],
[[140.0,100.0,140.0,100.0],3.806551e-07],
[[142.0,102.0,142.0,102.0],2.918784e-07],
[[142.0,122.0,142.0,122.0],7.932203e-07],
[[143.0,142.0,143.0,142.0],2.976455e-05],
[[145.0,142.0,145.0,142.0],2.847809e-05],
[[147.0,142.0,147.0,142.0],1.143609e-05],
[[150.0,70.0,150.0,70.0],1.648278e-07],
[[150.0,90.0,150.0,90.0],4.997735e-07],
[[152.0,142.0,152.0,142.0],5.008524e-06],
[[160.0,80.0,160.0,80.0],7.25571e-08],
[[160.0,100.0,160.0,100.0],1.6918e-07],
[[162.0,102.0,162.0,102.0],8.705314e-07],
[[162.0,122.0,162.0,122.0],6.76354e-07],
[[162.0,142.0,162.0,142.0],2.137509e-06],
[[163.0,162.0,163.0,162.0],3.426254e-05],
[[165.0,162.0,165.0,162.0],3.39156e-05],
[[167.0,162.0,167.0,162.0],1.795853e-05],
[[170.0,90.0,170.0,90.0],1.22857e-07],
[[172.0,162.0,172.0,162.0],7.820439e-06],
[[180.0,100.0,180.0,100.0],2.591128e-07],
[[182.0,102.0,182.0,102.0],3.331577e-07],
[[182.0,122.0,182.0,122.0],4.666248e-07],
[[182.0,142.0,182.0,142.0],1.291899e-06],
[[182.0,162.0,182.0,162.0],4.841935e-06],
[[183.0,182.0,183.0,182.0],6.071934e-05],
[[185.0,182.0,185.0,182.0],4.859413e-05],
[[187.0,182.0,187.0,182.0],3.742274e-05],
[[192.0,182.0,192.0,182.0],1.263578e-05],
[[202.0,122.0,202.0,122.0],5.025145e-07],
[[202.0,142.0,202.0,142.0],1.210236e-06],
[[202.0,162.0,202.0,162.0],2.53319e-06],
[[202.0,182.0,202.0,182.0],6.350456e-06],
[[203.0,202.0,203.0,202.0],6.446306e-05],
[[205.0,202.0,205.0,202.0],5.849142e-05],
[[207.0,202.0,207.0,202.0],4.357769e-05],
[[212.0,202.0,212.0,202.0],1.930265e-05],
[[222.0,142.0,222.0,142.0],1.172484e-06],
[[222.0,162.0,222.0,162.0],5.693429e-06],
[[222.0,182.0,222.0,182.0],3.867994e-06],
[[222.0,202.0,222.0,202.0],1.016731e-05],
[[223.0,222.0,223.0,222.0],7.726707e-05],
[[225.0,222.0,225.0,222.0],7.9417e-05],
[[227.0,222.0,227.0,222.0],5.727163e-05],
[[232.0,222.0,232.0,222.0],3.179726e-05],
[[242.0,162.0,242.0,162.0],2.268466e-06],
[[242.0,182.0,242.0,182.0],2.522234e-06],
[[242.0,202.0,242.0,202.0],5.20237e-06],
[[242.0,222.0,242.0,222.0],1.62486e-05],
[[243.0,242.0,243.0,242.0],9.658104e-05],
[[245.0,242.0,245.0,242.0],9.006835e-05],
[[247.0,242.0,247.0,242.0],7.763177e-05],
[[252.0,242.0,252.0,242.0],4.151166e-05],
[[262.0,182.0,262.0,182.0],3.252588e-06],
[[262.0,202.0,262.0,202.0],3.872452e-06],
[[262.0,222.0,262.0,222.0],7.399705e-06],
[[262.0,242.0,262.0,242.0],1.909399e-05],
[[263.0,262.0,263.0,262.0],0.0001101756],
[[265.0,262.0,265.0,262.0],0.000102153],
[[267.0,262.0,267.0,262.0],8.669659e-05],
[[272.0,262.0,272.0,262.0],5.532192e-05],
[[282.0,202.0,282.0,202.0],2.838336e-06],
[[282.0,222.0,282.0,222.0],6.175591e-06],
[[282.0,242.0,282.0,242.0],2.71465e-05],
[[282.0,262.0,282.0,262.0],2.486385e-05],
[[283.0,282.0,283.0,282.0],0.0001259705],
[[285.0,282.0,285.0,282.0],0.0001175547],
[[287.0,282.0,287.0,282.0],0.0001200057],
[[292.0,282.0,292.0,282.0],6.737281e-05],
[[302.0,222.0,302.0,222.0],4.683643e-06],
[[302.0,242.0,302.0,242.0],7.853545e-06],
[[302.0,262.0,302.0,262.0],1.219405e-05],
[[302.0,282.0,302.0,282.0],4.022332e-05],
[[303.0,302.0,303.0,302.0],0.0001482938],
[[305.0,302.0,305.0,302.0],0.0001493263],
[[307.0,302.0,307.0,302.0],0.0001352263],
[[312.0,302.0,312.0,302.0],8.544093e-05],
[[322.0,242.0,322.0,242.0],6.082108e-06],
[[322.0,262.0,322.0,262.0],1.008104e-05],
[[322.0,282.0,322.0,282.0],3.139429e-05],
[[322.0,302.0,322.0,302.0],5.552027e-05],
[[323.0,322.0,323.0,322.0],0.0002055344],
[[325.0,322.0,325.0,322.0],0.0001617905],
[[327.0,322.0,327.0,322.0],0.0001535784],
[[332.0,322.0,332.0,322.0],0.0001156623],
[[342.0,262.0,342.0,262.0],8.739647e-06],
[[342.0,282.0,342.0,282.0],1.282901e-05],
[[342.0,302.0,342.0,302.0],3.538673e-05],
[[342.0,322.0,342.0,322.0],5.539598e-05],
[[343.0,342.0,343.0,342.0],0.0001808969],
[[345.0,342.0,345.0,342.0],0.000180546],
[[347.0,342.0,347.0,342.0],0.000162971],
[[352.0,342.0,352.0,342.0],0.0001288415],
[[362.0,282.0,362.0,282.0],9.868208e-06],
[[362.0,302.0,362.0,302.0],1.727618e-05],
[[362.0,322.0,362.0,322.0],2.847404e-05],
[[362.0,342.0,362.0,342.0],7.660427e-05],
[[363.0,362.0,363.0,362.0],0.0001994393],
[[365.0,362.0,365.0,362.0],0.0002009505],
[[367.0,362.0,367.0,362.0],0.00019463],
[[372.0,362.0,372.0,362.0],0.0001329162],
[[382.0,302.0,382.0,302.0],1.473033e-05],
[[382.0,322.0,382.0,322.0],2.225238e-05],
[[382.0,342.0,382.0,342.0],3.51645e-05],
[[382.0,362.0,382.0,362.0],8.341024e-05],
[[383.0,382.0,383.0,382.0],0.0002314281],
[[385.0,382.0,385.0,382.0],0.0002404825],
[[387.0,382.0,387.0,382.0],0.0002082377],
[[392.0,382.0,392.0,382.0],0.0001692805],
[[402.0,322.0,402.0,322.0],1.632031e-05],
[[402.0,342.0,402.0,342.0],2.857512e-05],
[[402.0,362.0,402.0,362.0],4.363706e-05],
[[402.0,382.0,402.0,382.0],0.0001038193],
[[403.0,402.0,403.0,402.0],0.0002565822],
[[405.0,402.0,405.0,402.0],0.0002504901],
[[407.0,402.0,407.0,402.0],0.0002351047],
[[412.0,402.0,412.0,402.0],0.000183016],
[[422.0,342.0,422.0,342.0],1.795393e-05],
[[422.0,362.0,422.0,362.0],2.92224e-05],
[[422.0,382.0,422.0,382.0],5.254725e-05],
[[422.0,402.0,422.0,402.0],0.000110602],
[[442.0,362.0,442.0,362.0],2.051901e-05],
[[442.0,382.0,442.0,382.0],3.97383e-05],
[[442.0,402.0,442.0,402.0],6.042943e-05],
[[462.0,382.0,462.0,382.0],3.585668e-05],
[[462.0,402.0,462.0,402.0],5.606027e-05],
[[482.0,402.0,482.0,402.0],3.37462e-05],
[[503.0,502.0,503.0,502.0],0.0003448046],
[[505.0,502.0,505.0,502.0],0.0003510675],
[[507.0,502.0,507.0,502.0],0.0003354631],
[[512.0,502.0,512.0,502.0],0.0003053663],
[[522.0,502.0,522.0,502.0],0.0001953845],
[[542.0,502.0,542.0,502.0],0.0001292837],
[[562.0,502.0,562.0,502.0],7.030376e-05],
[[582.0,502.0,582.0,502.0],6.616283e-05],
[[603.0,602.0,603.0,602.0],0.000470224],
[[605.0,602.0,605.0,602.0],0.000458703],
[[607.0,602.0,607.0,602.0],0.0004438704],
[[612.0,602.0,612.0,602.0],0.0004165301],
[[622.0,602.0,622.0,602.0],0.0003157782],
[[642.0,602.0,642.0,602.0],0.0001801226],
[[662.0,602.0,662.0,602.0],0.0001156911],
[[682.0,602.0,682.0,602.0],9.453144e-05],
[[703.0,702.0,703.0,702.0],0.0005493266],
[[705.0,702.0,705.0,702.0],0.0005616069],
[[707.0,702.0,707.0,702.0],0.0005501163],
[[712.0,702.0,712.0,702.0],0.0004931358],
[[722.0,702.0,722.0,702.0],0.0003967746],
[[742.0,702.0,742.0,702.0],0.0002509219],
[[762.0,702.0,762.0,702.0],0.000168044],
[[782.0,702.0,782.0,702.0],0.000124448],
[[803.0,802.0,803.0,802.0],0.0006645466],
[[805.0,802.0,805.0,802.0],0.0006247803],
[[807.0,802.0,807.0,802.0],0.0006210534],
[[812.0,802.0,812.0,802.0],0.0005979068],
[[822.0,802.0,822.0,802.0],0.0004721265],
[[842.0,802.0,842.0,802.0],0.0003057017],
[[862.0,802.0,862.0,802.0],0.0002038054],
[[882.0,802.0,882.0,802.0],0.0001559476],
[[903.0,902.0,903.0,902.0],0.0007366074],
[[905.0,902.0,905.0,902.0],0.0007097929],
[[907.0,902.0,907.0,902.0],0.0007156845],
[[912.0,902.0,912.0,902.0],0.0006768859],
[[922.0,902.0,922.0,902.0],0.0005545182],
[[942.0,902.0,942.0,902.0],0.0003682483],
[[962.0,902.0,962.0,902.0],0.0002620312],
[[982.0,902.0,982.0,902.0],0.0001990239],
[[1003.0,1002.0,1003.0,1002.0],0.0008047955],
[[1005.0,1002.0,1005.0,1002.0],0.0008333357],
[[1007.0,1002.0,1007.0,1002.0],0.0007839835],
[[1012.0,1002.0,1012.0,1002.0],0.0007847245],
[[1022.0,1002.0,1022.0,1002.0],0.0006274898],
[[1042.0,1002.0,1042.0,1002.0],0.0004343485],
[[1062.0,1002.0,1062.0,1002.0],0.0003010328],
[[1082.0,1002.0,1082.0,1002.0],0.0002249096],
[[1103.0,1102.0,1103.0,1102.0],0.0008491973],
[[1105.0,1102.0,1105.0,1102.0],0.0008399034],
[[1107.0,1102.0,1107.0,1102.0],0.0008300718],
[[1112.0,1102.0,1112.0,1102.0],0.0008183002],
[[1122.0,1102.0,1122.0,1102.0],0.0006991308],
[[1142.0,1102.0,1142.0,1102.0],0.0004922819],
[[1162.0,1102.0,1162.0,1102.0],0.0003415451],
[[1182.0,1102.0,1182.0,1102.0],0.0002641919],
[[1203.0,1202.0,1203.0,1202.0],0.0009019623],
[[1205.0,1202.0,1205.0,1202.0],0.000902691],
[[1207.0,1202.0,1207.0,1202.0],0.0009143021],
[[1212.0,1202.0,1212.0,1202.0],0.0008643215],
[[1222.0,1202.0,1222.0,1202.0],0.0007779749],
[[1242.0,1202.0,1242.0,1202.0],0.0005568441],
[[1262.0,1202.0,1262.0,1202.0],0.0003641793],
[[1282.0,1202.0,1282.0,1202.0],0.0003014296],
[[1303.0,1302.0,1303.0,1302.0],0.0009716324],
[[1305.0,1302.0,1305.0,1302.0],0.0009029282],
[[1307.0,1302.0,1307.0,1302.0],0.0009150534],
[[1312.0,1302.0,1312.0,1302.0],0.0009356271],
[[1322.0,1302.0,1322.0,1302.0],0.0007987245],
[[1342.0,1302.0,1342.0,1302.0],0.0005746563],
[[1362.0,1302.0,1362.0,1302.0],0.0004137884],
[[1382.0,1302.0,1382.0,1302.0],0.0003207772],
[[1403.0,1402.0,1403.0,1402.0],0.0009760236],
[[1405.0,1402.0,1405.0,1402.0],0.000959377],
[[1407.0,1402.0,1407.0,1402.0],0.0009794865],
[[1412.0,1402.0,1412.0,1402.0],0.0009438105],
[[1422.0,1402.0,1422.0,1402.0],0.0008728861],
[[1442.0,1402.0,1442.0,1402.0],0.0006032087],
[[1462.0,1402.0,1462.0,1402.0],0.00041966],
[[1482.0,1402.0,1482.0,1402.0],0.0003182555],
[[1503.0,1502.0,1503.0,1502.0],0.00100165],
[[1505.0,1502.0,1505.0,1502.0],0.001039408],
[[1507.0,1502.0,1507.0,1502.0],0.000984901],
[[1512.0,1502.0,1512.0,1502.0],0.0009612187],
[[1522.0,1502.0,1522.0,1502.0],0.000890867],
[[1542.0,1502.0,1542.0,1502.0],0.0006207004],
[[1562.0,1502.0,1562.0,1502.0],0.0004513426],
[[1582.0,1502.0,1582.0,1502.0],0.0003659707],
[[1603.0,1602.0,1603.0,1602.0],0.0009945757],
[[1605.0,1602.0,1605.0,1602.0],0.0009744947],
[[1607.0,1602.0,1607.0,1602.0],0.001003883],
[[1612.0,1602.0,1612.0,1602.0],0.0009829214],
[[1622.0,1602.0,1622.0,1602.0],0.0009101664],
[[1642.0,1602.0,1642.0,1602.0],0.0006437986],
[[1662.0,1602.0,1662.0,1602.0],0.0004920864],
[[1682.0,1602.0,1682.0,1602.0],0.0003811611],
[[1703.0,1702.0,1703.0,1702.0],0.00102156],
[[1705.0,1702.0,1705.0,1702.0],0.0009975543],
[[1707.0,1702.0,1707.0,1702.0],0.001028088],
[[1712.0,1702.0,1712.0,1702.0],0.001004739],
[[1722.0,1702.0,1722.0,1702.0],0.0009200907],
[[1742.0,1702.0,1742.0,1702.0],0.0007077626],
[[1762.0,1702.0,1762.0,1702.0],0.0004894746],
[[1782.0,1702.0,1782.0,1702.0],0.0003742911],
[[1803.0,1802.0,1803.0,1802.0],0.001040847],
[[1805.0,1802.0,1805.0,1802.0],0.001027685],
[[1807.0,1802.0,1807.0,1802.0],0.001022411],
[[1812.0,1802.0,1812.0,1802.0],0.001007504],
[[1822.0,1802.0,1822.0,1802.0],0.0009642019],
[[1842.0,1802.0,1842.0,1802.0],0.0006825191],
[[1862.0,1802.0,1862.0,1802.0],0.0005344784],
[[1882.0,1802.0,1882.0,1802.0],0.0003890352],
[[1903.0,1902.0,1903.0,1902.0],0.001020244],
[[1905.0,1902.0,1905.0,1902.0],0.001003995],
[[1907.0,1902.0,1907.0,1902.0],0.001062361],
[[1912.0,1902.0,1912.0,1902.0],0.001009715],
[[1922.0,1902.0,1922.0,1902.0],0.0009496353],
[[1942.0,1902.0,1942.0,1902.0],0.0007375189],
[[1962.0,1902.0,1962.0,1902.0],0.0005281605],
[[1982.0,1902.0,1982.0,1902.0],0.0004039903],
[[2003.0,2002.0,2003.0,2002.0],0.001024943],
[[2005.0,2002.0,2005.0,2002.0],0.001020771],
[[2007.0,2002.0,2007.0,2002.0],0.001033365],
[[2012.0,2002.0,2012.0,2002.0],0.001027868],
[[2022.0,2002.0,2022.0,2002.0],0.0009440189],
[[2042.0,2002.0,2042.0,2002.0],0.0007336812],
[[2062.0,2002.0,2062.0,2002.0],0.0005382355],
[[2082.0,2002.0,2082.0,2002.0],0.0004271251]]
