txName: TChiZISRqq
constraint: {(PV > anyBSM(1), MET(3)), (anyBSM(1) > q,q,MET(2))}
condition: None
conditionDescription: None
figureUrl: None
source: Recast by MA5
validated: True
axesMap: [{0: 'x', 1: 'y', 2: 'y'}]
dataMap: {0: (1, 'mass', GeV), 1: (2, 'mass', GeV), 2: (3, 'mass', GeV)}
finalState: ['MET', 'MET']
efficiencyMap: [[[10.0,1.0,1.0],1.588279e-07],
[[10.0,5.0,5.0],2.75968e-07],
[[10.0,7.0,7.0],1.520122e-07],
[[10.0,9.0,9.0],3.020559e-06],
[[20.0,1.0,1.0],5.126198e-08],
[[20.0,15.0,15.0],5.757049e-07],
[[20.0,17.0,17.0],5.092812e-07],
[[20.0,19.0,19.0],1.408736e-05],
[[30.0,1.0,1.0],2.444299e-07],
[[30.0,20.0,20.0],9.527543e-08],
[[30.0,25.0,25.0],3.491029e-07],
[[30.0,27.0,27.0],5.022514e-06],
[[30.0,29.0,29.0],3.881204e-06],
[[40.0,1.0,1.0],9.327803e-08],
[[40.0,20.0,20.0],8.113912e-07],
[[40.0,30.0,30.0],2.477735e-07],
[[40.0,35.0,35.0],4.303305e-07],
[[40.0,37.0,37.0],9.966402e-07],
[[40.0,39.0,39.0],8.597001e-06],
[[50.0,1.0,1.0],1.24406e-08],
[[50.0,20.0,20.0],5.992134e-09],
[[50.0,30.0,30.0],3.737416e-08],
[[50.0,40.0,40.0],1.42716e-06],
[[50.0,45.0,45.0],7.046467e-06],
[[50.0,47.0,47.0],1.250784e-05],
[[50.0,49.0,49.0],1.671928e-05],
[[60.0,1.0,1.0],6.467736e-09],
[[60.0,20.0,20.0],4.809352e-08],
[[60.0,30.0,30.0],6.628557e-07],
[[60.0,40.0,40.0],8.148305e-06],
[[60.0,50.0,50.0],1.638368e-05],
[[60.0,55.0,55.0],1.774757e-05],
[[60.0,57.0,57.0],2.40205e-05],
[[60.0,59.0,59.0],5.232619e-05],
[[62.0,2.0,2.0],1.391602e-08],
[[62.0,22.0,22.0],5.112397e-08],
[[62.0,42.0,42.0],9.072306e-06],
[[62.0,52.0,52.0],2.130399e-05],
[[63.0,62.0,62.0],4.344188e-05],
[[65.0,62.0,62.0],3.983876e-05],
[[67.0,62.0,62.0],2.318723e-05],
[[72.0,12.0,12.0],1.35496e-07],
[[72.0,32.0,32.0],2.782373e-06],
[[72.0,52.0,52.0],1.224764e-05],
[[72.0,62.0,62.0],1.995401e-05],
[[73.0,72.0,72.0],0.0001078024],
[[75.0,72.0,72.0],5.229928e-05],
[[77.0,72.0,72.0],4.328832e-05],
[[82.0,2.0,2.0],3.196299e-08],
[[82.0,22.0,22.0],1.451892e-05],
[[82.0,42.0,42.0],1.067483e-05],
[[82.0,62.0,62.0],2.205522e-05],
[[82.0,72.0,72.0],3.532773e-05],
[[83.0,82.0,82.0],0.0001075339],
[[85.0,82.0,82.0],9.110674e-05],
[[87.0,82.0,82.0],7.181417e-05],
[[92.0,12.0,12.0],2.855619e-06],
[[92.0,32.0,32.0],7.948103e-06],
[[92.0,52.0,52.0],1.551148e-05],
[[92.0,72.0,72.0],3.603948e-05],
[[92.0,82.0,82.0],5.399331e-05],
[[93.0,92.0,92.0],0.0001699931],
[[95.0,92.0,92.0],0.0001169005],
[[97.0,92.0,92.0],8.942942e-05],
[[102.0,22.0,22.0],1.236422e-05],
[[102.0,42.0,42.0],6.45547e-05],
[[102.0,62.0,62.0],6.683386e-05],
[[102.0,82.0,82.0],4.693073e-05],
[[102.0,92.0,92.0],7.561397e-05],
[[103.0,102.0,102.0],0.0001885708],
[[105.0,102.0,102.0],0.000178961],
[[107.0,102.0,102.0],0.0001404485],
[[112.0,32.0,32.0],1.557736e-05],
[[112.0,52.0,52.0],2.838906e-05],
[[112.0,72.0,72.0],4.343928e-05],
[[112.0,92.0,92.0],7.335531e-05],
[[112.0,102.0,102.0],0.0001040707],
[[122.0,42.0,42.0],2.74377e-05],
[[122.0,62.0,62.0],4.494023e-05],
[[122.0,82.0,82.0],7.584291e-05],
[[122.0,102.0,102.0],8.850078e-05],
[[123.0,122.0,122.0],0.0002888479],
[[125.0,122.0,122.0],0.0002728406],
[[127.0,122.0,122.0],0.0002894149],
[[132.0,52.0,52.0],4.167673e-05],
[[132.0,72.0,72.0],5.080621e-05],
[[132.0,92.0,92.0],8.701542e-05],
[[132.0,122.0,122.0],0.0001582854],
[[142.0,62.0,62.0],4.728961e-05],
[[142.0,82.0,82.0],6.987121e-05],
[[142.0,102.0,102.0],7.717324e-05],
[[142.0,122.0,122.0],0.000130155],
[[143.0,142.0,142.0],0.0003736124],
[[145.0,142.0,142.0],0.0003803614],
[[147.0,142.0,142.0],0.0003117486],
[[152.0,72.0,72.0],6.230616e-05],
[[152.0,92.0,92.0],8.180858e-05],
[[152.0,142.0,142.0],0.0002443505],
[[162.0,82.0,82.0],8.060426e-05],
[[162.0,102.0,102.0],0.000104541],
[[162.0,122.0,122.0],0.0001195482],
[[162.0,142.0,142.0],0.0001906193],
[[163.0,162.0,162.0],0.0005184552],
[[165.0,162.0,162.0],0.0005683983],
[[167.0,162.0,162.0],0.0004469108],
[[172.0,92.0,92.0],0.0001040325],
[[172.0,162.0,162.0],0.0003938123],
[[182.0,102.0,102.0],0.0001037299],
[[182.0,122.0,122.0],0.0001701409],
[[182.0,142.0,142.0],0.0002001359],
[[182.0,162.0,162.0],0.0002671495],
[[183.0,182.0,182.0],0.0006595876],
[[185.0,182.0,182.0],0.000634334],
[[187.0,182.0,182.0],0.000620831],
[[192.0,182.0,182.0],0.0004994229],
[[202.0,122.0,122.0],0.0001703679],
[[202.0,142.0,142.0],0.0001734912],
[[202.0,162.0,162.0],0.0002525282],
[[202.0,182.0,182.0],0.0004215186],
[[203.0,202.0,202.0],0.0008069252],
[[205.0,202.0,202.0],0.0008130162],
[[207.0,202.0,202.0],0.0007007737],
[[212.0,202.0,202.0],0.00056126],
[[222.0,142.0,142.0],0.0001893907],
[[222.0,162.0,162.0],0.000245752],
[[222.0,182.0,182.0],0.0003695577],
[[222.0,202.0,202.0],0.0004811988],
[[223.0,222.0,222.0],0.0009644068],
[[225.0,222.0,222.0],0.0009960946],
[[227.0,222.0,222.0],0.0008974922],
[[232.0,222.0,222.0],0.0007512038],
[[242.0,162.0,162.0],0.000238069],
[[242.0,182.0,182.0],0.000313765],
[[242.0,202.0,202.0],0.0004469421],
[[242.0,222.0,222.0],0.0006017127],
[[243.0,242.0,242.0],0.001093049],
[[245.0,242.0,242.0],0.001139622],
[[247.0,242.0,242.0],0.0009840213],
[[252.0,242.0,242.0],0.000814119],
[[262.0,182.0,182.0],0.0003212565],
[[262.0,202.0,202.0],0.0004119315],
[[262.0,222.0,222.0],0.0005161868],
[[262.0,242.0,242.0],0.000714119],
[[263.0,262.0,262.0],0.0012862],
[[265.0,262.0,262.0],0.001308955],
[[267.0,262.0,262.0],0.00116313],
[[272.0,262.0,262.0],0.0009640077],
[[282.0,222.0,222.0],0.0004732774],
[[282.0,242.0,242.0],0.0005720424],
[[282.0,262.0,262.0],0.0008366166],
[[283.0,282.0,282.0],0.001408522],
[[285.0,282.0,282.0],0.001430499],
[[287.0,282.0,282.0],0.001341039],
[[292.0,282.0,282.0],0.001152081],
[[302.0,222.0,222.0],0.0004448415],
[[302.0,242.0,242.0],0.000538386],
[[302.0,262.0,262.0],0.0007437142],
[[302.0,282.0,282.0],0.0009105479],
[[303.0,302.0,302.0],0.001627698],
[[305.0,302.0,302.0],0.001549445],
[[307.0,302.0,302.0],0.001560884],
[[312.0,302.0,302.0],0.00130788],
[[322.0,242.0,242.0],0.0005424244],
[[322.0,262.0,262.0],0.0006526385],
[[322.0,282.0,282.0],0.000779127],
[[322.0,302.0,302.0],0.001073095],
[[323.0,322.0,322.0],0.001732181],
[[325.0,322.0,322.0],0.001720916],
[[327.0,322.0,322.0],0.001665585],
[[332.0,322.0,322.0],0.001437116],
[[342.0,262.0,262.0],0.0006213053],
[[342.0,282.0,282.0],0.0007515404],
[[342.0,302.0,302.0],0.0009052227],
[[342.0,322.0,322.0],0.001222754],
[[343.0,342.0,342.0],0.001936576],
[[345.0,342.0,342.0],0.001929372],
[[347.0,342.0,342.0],0.001841233],
[[352.0,342.0,342.0],0.001617708],
[[362.0,282.0,282.0],0.0006904176],
[[362.0,302.0,302.0],0.0008459731],
[[362.0,322.0,322.0],0.001028529],
[[362.0,342.0,342.0],0.001383686],
[[363.0,362.0,362.0],0.002137186],
[[365.0,362.0,362.0],0.002106518],
[[367.0,362.0,362.0],0.002049163],
[[372.0,362.0,362.0],0.001817584],
[[382.0,302.0,302.0],0.0007715866],
[[382.0,322.0,322.0],0.000946423],
[[382.0,342.0,342.0],0.001115088],
[[382.0,362.0,362.0],0.001517288],
[[383.0,382.0,382.0],0.002304004],
[[385.0,382.0,382.0],0.002160714],
[[387.0,382.0,382.0],0.002193686],
[[392.0,382.0,382.0],0.002000781],
[[402.0,322.0,322.0],0.000918385],
[[402.0,342.0,342.0],0.001023822],
[[402.0,362.0,362.0],0.001268292],
[[402.0,382.0,382.0],0.001714878],
[[403.0,402.0,402.0],0.002431201],
[[405.0,402.0,402.0],0.002404606],
[[407.0,402.0,402.0],0.002342015],
[[412.0,402.0,402.0],0.002126797],
[[422.0,342.0,342.0],0.0009648015],
[[422.0,362.0,362.0],0.00119632],
[[422.0,382.0,382.0],0.001427343],
[[422.0,402.0,402.0],0.001756705],
[[442.0,362.0,362.0],0.00109128],
[[442.0,382.0,382.0],0.001277425],
[[442.0,402.0,402.0],0.001472534],
[[462.0,382.0,382.0],0.001152024],
[[462.0,402.0,402.0],0.001332788],
[[482.0,402.0,402.0],0.001266913],
[[503.0,502.0,502.0],0.003314939],
[[505.0,502.0,502.0],0.003065103],
[[507.0,502.0,502.0],0.003194992],
[[512.0,502.0,502.0],0.002931049],
[[522.0,502.0,502.0],0.002505933],
[[542.0,502.0,502.0],0.00209218],
[[562.0,502.0,502.0],0.001880548],
[[582.0,502.0,502.0],0.001763326],
[[603.0,602.0,602.0],0.00386126],
[[605.0,602.0,602.0],0.003831943],
[[607.0,602.0,602.0],0.003845608],
[[612.0,602.0,602.0],0.003592373],
[[622.0,602.0,602.0],0.003244672],
[[642.0,602.0,602.0],0.002789779],
[[662.0,602.0,602.0],0.002345423],
[[682.0,602.0,602.0],0.00224003],
[[703.0,702.0,702.0],0.004473837],
[[705.0,702.0,702.0],0.004540114],
[[707.0,702.0,702.0],0.004437252],
[[712.0,702.0,702.0],0.004244385],
[[722.0,702.0,702.0],0.003817198],
[[742.0,702.0,702.0],0.003193825],
[[762.0,702.0,702.0],0.002843195],
[[782.0,702.0,702.0],0.00261497],
[[803.0,802.0,802.0],0.004978026],
[[805.0,802.0,802.0],0.0050281],
[[807.0,802.0,802.0],0.005003602],
[[812.0,802.0,802.0],0.00483405],
[[822.0,802.0,802.0],0.0044017],
[[842.0,802.0,802.0],0.003716926],
[[862.0,802.0,802.0],0.003250033],
[[882.0,802.0,802.0],0.003101272],
[[903.0,902.0,902.0],0.005449363],
[[905.0,902.0,902.0],0.005541562],
[[907.0,902.0,902.0],0.005518948],
[[912.0,902.0,902.0],0.005341794],
[[922.0,902.0,902.0],0.004836046],
[[942.0,902.0,902.0],0.004110616],
[[962.0,902.0,902.0],0.003578432],
[[982.0,902.0,902.0],0.003337418],
[[1003.0,1002.0,1002.0],0.0059213],
[[1005.0,1002.0,1002.0],0.005837264],
[[1007.0,1002.0,1002.0],0.005815493],
[[1012.0,1002.0,1002.0],0.005589185],
[[1022.0,1002.0,1002.0],0.005229887],
[[1042.0,1002.0,1002.0],0.0044393],
[[1062.0,1002.0,1002.0],0.004027729],
[[1082.0,1002.0,1002.0],0.003699769],
[[1103.0,1102.0,1102.0],0.006184601],
[[1105.0,1102.0,1102.0],0.006140852],
[[1107.0,1102.0,1102.0],0.00620949],
[[1112.0,1102.0,1102.0],0.005974024],
[[1122.0,1102.0,1102.0],0.005548948],
[[1142.0,1102.0,1102.0],0.004744622],
[[1162.0,1102.0,1102.0],0.004302176],
[[1182.0,1102.0,1102.0],0.003987154],
[[1203.0,1202.0,1202.0],0.00642775],
[[1205.0,1202.0,1202.0],0.006355113],
[[1207.0,1202.0,1202.0],0.006374698],
[[1212.0,1202.0,1202.0],0.006267632],
[[1222.0,1202.0,1202.0],0.005840224],
[[1242.0,1202.0,1202.0],0.005111235],
[[1262.0,1202.0,1202.0],0.004567018],
[[1282.0,1202.0,1202.0],0.004134748],
[[1303.0,1302.0,1302.0],0.006675619],
[[1305.0,1302.0,1302.0],0.006608347],
[[1307.0,1302.0,1302.0],0.006597607],
[[1312.0,1302.0,1302.0],0.006475203],
[[1322.0,1302.0,1302.0],0.006171961],
[[1342.0,1302.0,1302.0],0.005359235],
[[1362.0,1302.0,1302.0],0.004753492],
[[1382.0,1302.0,1302.0],0.004332826],
[[1403.0,1402.0,1402.0],0.006755965],
[[1405.0,1402.0,1402.0],0.006764496],
[[1407.0,1402.0,1402.0],0.006714573],
[[1412.0,1402.0,1402.0],0.00668085],
[[1422.0,1402.0,1402.0],0.006279198],
[[1442.0,1402.0,1402.0],0.00544172],
[[1462.0,1402.0,1402.0],0.004866467],
[[1482.0,1402.0,1402.0],0.004411738],
[[1503.0,1502.0,1502.0],0.006894725],
[[1505.0,1502.0,1502.0],0.006856702],
[[1507.0,1502.0,1502.0],0.006907065],
[[1512.0,1502.0,1502.0],0.006787569],
[[1522.0,1502.0,1502.0],0.006503811],
[[1542.0,1502.0,1502.0],0.005675467],
[[1562.0,1502.0,1502.0],0.005016846],
[[1582.0,1502.0,1502.0],0.004635755],
[[1603.0,1602.0,1602.0],0.006956486],
[[1605.0,1602.0,1602.0],0.006993931],
[[1607.0,1602.0,1602.0],0.006953889],
[[1612.0,1602.0,1602.0],0.006958833],
[[1622.0,1602.0,1602.0],0.006548199],
[[1642.0,1602.0,1602.0],0.005724043],
[[1662.0,1602.0,1602.0],0.005048389],
[[1682.0,1602.0,1602.0],0.004730239],
[[1703.0,1702.0,1702.0],0.007012574],
[[1705.0,1702.0,1702.0],0.007001684],
[[1707.0,1702.0,1702.0],0.006975522],
[[1712.0,1702.0,1702.0],0.006935206],
[[1722.0,1702.0,1702.0],0.006581599],
[[1742.0,1702.0,1702.0],0.005748367],
[[1762.0,1702.0,1702.0],0.005196846],
[[1782.0,1702.0,1702.0],0.004782956],
[[1803.0,1802.0,1802.0],0.007011751],
[[1805.0,1802.0,1802.0],0.007054517],
[[1807.0,1802.0,1802.0],0.007020101],
[[1812.0,1802.0,1802.0],0.0069375],
[[1822.0,1802.0,1802.0],0.006666388],
[[1842.0,1802.0,1802.0],0.00591919],
[[1862.0,1802.0,1802.0],0.00529875],
[[1882.0,1802.0,1802.0],0.004878183],
[[1903.0,1902.0,1902.0],0.007045862],
[[1905.0,1902.0,1902.0],0.007075997],
[[1907.0,1902.0,1902.0],0.006976855],
[[1912.0,1902.0,1902.0],0.006998437],
[[1922.0,1902.0,1902.0],0.006642861],
[[1942.0,1902.0,1902.0],0.005980317],
[[1962.0,1902.0,1902.0],0.005409576],
[[1982.0,1902.0,1902.0],0.004866478],
[[2003.0,2002.0,2002.0],0.007115397],
[[2005.0,2002.0,2002.0],0.007089475],
[[2007.0,2002.0,2002.0],0.007086016],
[[2012.0,2002.0,2002.0],0.006999439],
[[2022.0,2002.0,2002.0],0.00676324],
[[2042.0,2002.0,2002.0],0.006044498],
[[2062.0,2002.0,2002.0],0.005449341],
[[2082.0,2002.0,2002.0],0.004965897]]
