txName: TRV1
constraint: {(PV > Zprime(1)), (Zprime(1) > MET(2),MET(3))}
condition: None
conditionDescription: None
figureUrl: https://atlas.web.cern.ch/Atlas/GROUPS/PHYSICS/PAPERS/EXOT-2018-06/figaux_06.png
source: CMS
validated: True
axesMap: [{0: 'x', 1: 'y', 2: 'y'}]
dataMap: {0: (1, 'mass', GeV), 1: (2, 'mass', GeV), 2: (3, 'mass', GeV)}
finalState: ['MET', 'MET']
efficiencyMap: [[[100.0,0.0,0.0],6.254102e-06],
[[100.0,50.0,50.0],8.672667e-06],
[[200.0,0.0,0.0],2.337995e-05],
[[200.0,50.0,50.0],2.505697e-05],
[[200.0,100.0,100.0],3.428261e-05],
[[300.0,0.0,0.0],8.767724e-05],
[[300.0,50.0,50.0],7.04619e-05],
[[300.0,100.0,100.0],7.746486e-05],
[[300.0,150.0,150.0],9.524855e-05],
[[400.0,0.0,0.0],0.0001537557],
[[400.0,50.0,50.0],0.0001550465],
[[400.0,100.0,100.0],0.0001632645],
[[400.0,150.0,150.0],0.0001745837],
[[400.0,200.0,200.0],0.0001938437],
[[500.0,0.0,0.0],0.0002756951],
[[500.0,50.0,50.0],0.0002808962],
[[500.0,100.0,100.0],0.000278446],
[[500.0,150.0,150.0],0.0002930811],
[[500.0,200.0,200.0],0.0003458356],
[[500.0,250.0,250.0],0.00035588],
[[600.0,0.0,0.0],0.0004223518],
[[600.0,50.0,50.0],0.0004640889],
[[600.0,100.0,100.0],0.0004758414],
[[600.0,150.0,150.0],0.0004471169],
[[600.0,200.0,200.0],0.0004977977],
[[600.0,250.0,250.0],0.0004689302],
[[600.0,300.0,300.0],0.0005534702],
[[700.0,0.0,0.0],0.000632014],
[[700.0,50.0,50.0],0.0006310359],
[[700.0,100.0,100.0],0.0006335161],
[[700.0,150.0,150.0],0.0006638663],
[[700.0,200.0,200.0],0.0006754554],
[[700.0,250.0,250.0],0.0006770323],
[[700.0,300.0,300.0],0.0006946119],
[[700.0,350.0,350.0],0.0007408154],
[[800.0,0.0,0.0],0.0008347056],
[[800.0,50.0,50.0],0.0008336584],
[[800.0,100.0,100.0],0.0008545437],
[[800.0,150.0,150.0],0.0008567485],
[[800.0,200.0,200.0],0.0009116014],
[[800.0,250.0,250.0],0.0008904853],
[[800.0,300.0,300.0],0.0009364803],
[[800.0,350.0,350.0],0.0009606493],
[[800.0,400.0,400.0],0.001054294],
[[900.0,0.0,0.0],0.001124079],
[[900.0,50.0,50.0],0.00107127],
[[900.0,100.0,100.0],0.001113058],
[[900.0,150.0,150.0],0.001134081],
[[900.0,200.0,200.0],0.001103853],
[[900.0,250.0,250.0],0.001144787],
[[900.0,300.0,300.0],0.001189555],
[[900.0,350.0,350.0],0.001179038],
[[900.0,400.0,400.0],0.0011831],
[[900.0,450.0,450.0],0.001330253],
[[1000.0,0.0,0.0],0.001333229],
[[1000.0,50.0,50.0],0.001351097],
[[1000.0,100.0,100.0],0.001396482],
[[1000.0,150.0,150.0],0.00139721],
[[1000.0,200.0,200.0],0.001414181],
[[1000.0,250.0,250.0],0.001439469],
[[1000.0,300.0,300.0],0.001438173],
[[1000.0,350.0,350.0],0.001461771],
[[1000.0,400.0,400.0],0.001453259],
[[1000.0,450.0,450.0],0.00158363],
[[1000.0,500.0,500.0],0.001632553],
[[1100.0,0.0,0.0],0.001639577],
[[1100.0,50.0,50.0],0.001656535],
[[1100.0,100.0,100.0],0.001699637],
[[1100.0,150.0,150.0],0.001675437],
[[1100.0,200.0,200.0],0.00167124],
[[1100.0,250.0,250.0],0.001691906],
[[1100.0,300.0,300.0],0.001747145],
[[1100.0,350.0,350.0],0.001686967],
[[1100.0,400.0,400.0],0.001718106],
[[1100.0,450.0,450.0],0.001764858],
[[1100.0,500.0,500.0],0.001833688],
[[1100.0,550.0,550.0],0.001988203],
[[1200.0,0.0,0.0],0.001899369],
[[1200.0,50.0,50.0],0.00187215],
[[1200.0,100.0,100.0],0.001940237],
[[1200.0,150.0,150.0],0.001944732],
[[1200.0,200.0,200.0],0.001979833],
[[1200.0,250.0,250.0],0.001976781],
[[1200.0,300.0,300.0],0.001985583],
[[1200.0,350.0,350.0],0.002031491],
[[1200.0,400.0,400.0],0.002037795],
[[1200.0,450.0,450.0],0.002078129],
[[1200.0,500.0,500.0],0.002128578],
[[1200.0,550.0,550.0],0.002131261],
[[1200.0,600.0,600.0],0.002324036],
[[1300.0,0.0,0.0],0.002171836],
[[1300.0,50.0,50.0],0.002161273],
[[1300.0,100.0,100.0],0.002207332],
[[1300.0,150.0,150.0],0.002197576],
[[1300.0,200.0,200.0],0.002271284],
[[1300.0,250.0,250.0],0.002298978],
[[1300.0,300.0,300.0],0.002315241],
[[1300.0,350.0,350.0],0.002297731],
[[1300.0,400.0,400.0],0.002310305],
[[1300.0,450.0,450.0],0.002433248],
[[1300.0,500.0,500.0],0.002422232],
[[1300.0,550.0,550.0],0.00239994],
[[1300.0,600.0,600.0],0.00244223],
[[1300.0,650.0,650.0],0.002622393],
[[1400.0,0.0,0.0],0.002435299],
[[1400.0,50.0,50.0],0.002462043],
[[1400.0,100.0,100.0],0.002529347],
[[1400.0,150.0,150.0],0.002514787],
[[1400.0,200.0,200.0],0.00255626],
[[1400.0,250.0,250.0],0.002583072],
[[1400.0,300.0,300.0],0.002616012],
[[1400.0,350.0,350.0],0.002563526],
[[1400.0,400.0,400.0],0.002671281],
[[1400.0,450.0,450.0],0.002714416],
[[1400.0,500.0,500.0],0.002655579],
[[1400.0,550.0,550.0],0.002708011],
[[1400.0,600.0,600.0],0.002739965],
[[1400.0,650.0,650.0],0.002766679],
[[1400.0,700.0,700.0],0.002916338],
[[1500.0,0.0,0.0],0.002724483],
[[1500.0,50.0,50.0],0.002691089],
[[1500.0,100.0,100.0],0.002828584],
[[1500.0,150.0,150.0],0.002818152],
[[1500.0,200.0,200.0],0.002857449],
[[1500.0,250.0,250.0],0.002884667],
[[1500.0,300.0,300.0],0.002903857],
[[1500.0,350.0,350.0],0.002861024],
[[1500.0,400.0,400.0],0.002925501],
[[1500.0,450.0,450.0],0.002921771],
[[1500.0,500.0,500.0],0.002959399],
[[1500.0,550.0,550.0],0.003017516],
[[1500.0,600.0,600.0],0.00303421],
[[1500.0,650.0,650.0],0.003012754],
[[1500.0,700.0,700.0],0.00312976],
[[1500.0,750.0,750.0],0.003235441],
[[1600.0,0.0,0.0],0.003020999],
[[1600.0,50.0,50.0],0.0029885],
[[1600.0,100.0,100.0],0.003039039],
[[1600.0,150.0,150.0],0.003083251],
[[1600.0,200.0,200.0],0.003161337],
[[1600.0,250.0,250.0],0.00320388],
[[1600.0,300.0,300.0],0.003168734],
[[1600.0,350.0,350.0],0.003217456],
[[1600.0,400.0,400.0],0.003207586],
[[1600.0,450.0,450.0],0.003228373],
[[1600.0,500.0,500.0],0.003232874],
[[1600.0,550.0,550.0],0.003306771],
[[1600.0,600.0,600.0],0.003306991],
[[1600.0,650.0,650.0],0.003335491],
[[1600.0,700.0,700.0],0.003342591],
[[1600.0,750.0,750.0],0.00344241],
[[1600.0,800.0,800.0],0.003613541],
[[1700.0,0.0,0.0],0.00326854],
[[1700.0,50.0,50.0],0.003243093],
[[1700.0,100.0,100.0],0.003321496],
[[1700.0,150.0,150.0],0.003346641],
[[1700.0,200.0,200.0],0.003419237],
[[1700.0,250.0,250.0],0.003448981],
[[1700.0,300.0,300.0],0.003450944],
[[1700.0,350.0,350.0],0.0035117],
[[1700.0,400.0,400.0],0.003496299],
[[1700.0,450.0,450.0],0.003517946],
[[1700.0,500.0,500.0],0.003546562],
[[1700.0,550.0,550.0],0.003583381],
[[1700.0,600.0,600.0],0.003689237],
[[1700.0,650.0,650.0],0.003648234],
[[1700.0,700.0,700.0],0.003604398],
[[1700.0,750.0,750.0],0.003657734],
[[1700.0,800.0,800.0],0.003716962],
[[1700.0,850.0,850.0],0.003865981],
[[1800.0,0.0,0.0],0.003401981],
[[1800.0,50.0,50.0],0.003537036],
[[1800.0,100.0,100.0],0.003506839],
[[1800.0,150.0,150.0],0.003585008],
[[1800.0,200.0,200.0],0.003643203],
[[1800.0,250.0,250.0],0.003665717],
[[1800.0,300.0,300.0],0.003670573],
[[1800.0,350.0,350.0],0.003677987],
[[1800.0,400.0,400.0],0.003817267],
[[1800.0,450.0,450.0],0.00375014],
[[1800.0,500.0,500.0],0.003790879],
[[1800.0,550.0,550.0],0.003798496],
[[1800.0,600.0,600.0],0.003831753],
[[1800.0,650.0,650.0],0.003891157],
[[1800.0,700.0,700.0],0.003926952],
[[1800.0,750.0,750.0],0.003940529],
[[1800.0,800.0,800.0],0.003945853],
[[1800.0,850.0,850.0],0.004012202],
[[1800.0,900.0,900.0],0.004295474],
[[1900.0,0.0,0.0],0.003666031],
[[1900.0,50.0,50.0],0.003738306],
[[1900.0,100.0,100.0],0.003766144],
[[1900.0,150.0,150.0],0.003801484],
[[1900.0,200.0,200.0],0.003834282],
[[1900.0,250.0,250.0],0.003916754],
[[1900.0,300.0,300.0],0.003932124],
[[1900.0,350.0,350.0],0.003960156],
[[1900.0,400.0,400.0],0.003958524],
[[1900.0,450.0,450.0],0.004089736],
[[1900.0,500.0,500.0],0.004047319],
[[1900.0,550.0,550.0],0.004034023],
[[1900.0,600.0,600.0],0.004152877],
[[1900.0,650.0,650.0],0.004137285],
[[1900.0,700.0,700.0],0.004181051],
[[1900.0,750.0,750.0],0.004203163],
[[1900.0,800.0,800.0],0.004188354],
[[1900.0,850.0,850.0],0.004238924],
[[1900.0,900.0,900.0],0.004294816],
[[1900.0,950.0,950.0],0.004473418],
[[2000.0,0.0,0.0],0.003943422],
[[2000.0,50.0,50.0],0.003954263],
[[2000.0,100.0,100.0],0.00397015],
[[2000.0,150.0,150.0],0.003989588],
[[2000.0,200.0,200.0],0.004033872],
[[2000.0,250.0,250.0],0.004185533],
[[2000.0,300.0,300.0],0.004164683],
[[2000.0,350.0,350.0],0.004181533],
[[2000.0,400.0,400.0],0.004265579],
[[2000.0,450.0,450.0],0.004236298],
[[2000.0,500.0,500.0],0.004237373],
[[2000.0,550.0,550.0],0.004331826],
[[2000.0,600.0,600.0],0.004332929],
[[2000.0,650.0,650.0],0.00437324],
[[2000.0,700.0,700.0],0.004417921],
[[2000.0,750.0,750.0],0.004382596],
[[2000.0,800.0,800.0],0.004466922],
[[2000.0,850.0,850.0],0.004510404],
[[2000.0,900.0,900.0],0.004473748],
[[2000.0,950.0,950.0],0.004586651],
[[2000.0,1000.0,1000.0],0.004660369],
[[2100.0,0.0,0.0],0.00406395],
[[2100.0,50.0,50.0],0.004059883],
[[2100.0,100.0,100.0],0.004178618],
[[2100.0,150.0,150.0],0.004220108],
[[2100.0,200.0,200.0],0.004264403],
[[2100.0,250.0,250.0],0.004349134],
[[2100.0,300.0,300.0],0.004335636],
[[2100.0,350.0,350.0],0.004425182],
[[2100.0,400.0,400.0],0.004408062],
[[2100.0,450.0,450.0],0.004452556],
[[2100.0,500.0,500.0],0.004618117],
[[2100.0,550.0,550.0],0.004527443],
[[2100.0,600.0,600.0],0.00456651],
[[2100.0,650.0,650.0],0.004641448],
[[2100.0,700.0,700.0],0.004611831],
[[2100.0,750.0,750.0],0.004742901],
[[2100.0,800.0,800.0],0.004713308],
[[2100.0,850.0,850.0],0.004676036],
[[2100.0,900.0,900.0],0.004754631],
[[2100.0,950.0,950.0],0.004817774],
[[2100.0,1000.0,1000.0],0.004818249],
[[2100.0,1050.0,1050.0],0.005034626],
[[2200.0,0.0,0.0],0.004181398],
[[2200.0,50.0,50.0],0.004303913],
[[2200.0,100.0,100.0],0.004401704],
[[2200.0,150.0,150.0],0.004419035],
[[2200.0,200.0,200.0],0.004431997],
[[2200.0,250.0,250.0],0.004571162],
[[2200.0,300.0,300.0],0.004614693],
[[2200.0,350.0,350.0],0.004640366],
[[2200.0,400.0,400.0],0.004630071],
[[2200.0,450.0,450.0],0.004810732],
[[2200.0,500.0,500.0],0.004741417],
[[2200.0,550.0,550.0],0.004819042],
[[2200.0,600.0,600.0],0.004803127],
[[2200.0,650.0,650.0],0.004779291],
[[2200.0,700.0,700.0],0.004847877],
[[2200.0,750.0,750.0],0.004921705],
[[2200.0,800.0,800.0],0.004952568],
[[2200.0,850.0,850.0],0.004952134],
[[2200.0,900.0,900.0],0.004923231],
[[2200.0,950.0,950.0],0.005014315],
[[2200.0,1000.0,1000.0],0.005037802],
[[2200.0,1050.0,1050.0],0.005079775],
[[2200.0,1100.0,1100.0],0.005249409]]
