txName: TChiWZoff
constraint: {(PV > anyBSM(1),anyBSM(2)), (anyBSM(1) > l+,l-,MET(3)), (anyBSM(2) > l,nu,MET(4))}
condition: None
conditionDescription: None
figureUrl: None
source: HackAnalysis recast by Mark Goodsell and others, https://doi.org/10.48550/arXiv.2506.21676
validated: True
axesMap: [{0: 'x', 1: 'y', 2: 'x', 3: 'y'}]
dataMap: {0: (1, 'mass', GeV), 1: (3, 'mass', GeV), 2: (2, 'mass', GeV), 3: (4, 'mass', GeV)}
finalState: ['MET', 'MET']
efficiencyMap: [[[120.0,70.0,120.0,70.0],8.413636e-05],
[[120.0,72.0,120.0,72.0],8.809545e-05],
[[120.0,74.0,120.0,74.0],8.082727e-05],
[[120.0,76.0,120.0,76.0],8.443636e-05],
[[120.0,78.0,120.0,78.0],9.080455e-05],
[[120.0,80.0,120.0,80.0],0.0001205773],
[[120.0,82.0,120.0,82.0],8.913182e-05],
[[120.0,84.0,120.0,84.0],6.705455e-05],
[[120.0,86.0,120.0,86.0],3.303682e-05],
[[120.0,88.0,120.0,88.0],9.090909e-06],
[[120.0,90.0,120.0,90.0],0.0],
[[120.0,92.0,120.0,92.0],0.0],
[[120.0,94.0,120.0,94.0],0.0],
[[120.0,96.0,120.0,96.0],0.0],
[[120.0,98.0,120.0,98.0],0.0],
[[120.0,100.0,120.0,100.0],0.0],
[[120.0,102.0,120.0,102.0],0.0],
[[120.0,104.0,120.0,104.0],0.0],
[[120.0,106.0,120.0,106.0],0.0],
[[120.0,108.0,120.0,108.0],0.0],
[[120.0,110.0,120.0,110.0],0.0],
[[120.0,112.0,120.0,112.0],0.0],
[[120.0,114.0,120.0,114.0],0.0],
[[120.0,116.0,120.0,116.0],0.0],
[[120.0,118.0,120.0,118.0],0.0],
[[130.0,80.0,130.0,80.0],0.0001245],
[[130.0,82.0,130.0,82.0],9.238636e-05],
[[130.0,84.0,130.0,84.0],9.664091e-05],
[[130.0,86.0,130.0,86.0],0.0001148909],
[[130.0,88.0,130.0,88.0],0.0001115045],
[[130.0,90.0,130.0,90.0],0.0001178727],
[[130.0,92.0,130.0,92.0],8.252273e-05],
[[130.0,94.0,130.0,94.0],6.683636e-05],
[[130.0,96.0,130.0,96.0],4.735e-05],
[[130.0,98.0,130.0,98.0],2.817455e-05],
[[130.0,100.0,130.0,100.0],3.648318e-06],
[[130.0,102.0,130.0,102.0],0.0],
[[130.0,104.0,130.0,104.0],0.0],
[[130.0,106.0,130.0,106.0],0.0],
[[130.0,108.0,130.0,108.0],0.0],
[[130.0,110.0,130.0,110.0],0.0],
[[130.0,112.0,130.0,112.0],0.0],
[[130.0,114.0,130.0,114.0],0.0],
[[130.0,116.0,130.0,116.0],0.0],
[[130.0,118.0,130.0,118.0],0.0],
[[130.0,120.0,130.0,120.0],0.0],
[[130.0,122.0,130.0,122.0],0.0],
[[130.0,124.0,130.0,124.0],0.0],
[[130.0,126.0,130.0,126.0],0.0],
[[130.0,128.0,130.0,128.0],0.0],
[[140.0,90.0,140.0,90.0],0.0001470591],
[[140.0,92.0,140.0,92.0],0.0001333773],
[[140.0,94.0,140.0,94.0],0.0001280864],
[[140.0,96.0,140.0,96.0],0.0001380727],
[[140.0,98.0,140.0,98.0],0.00013625],
[[140.0,100.0,140.0,100.0],0.0001383273],
[[140.0,102.0,140.0,102.0],0.0001148136],
[[140.0,104.0,140.0,104.0],8.780909e-05],
[[140.0,106.0,140.0,106.0],6.280455e-05],
[[140.0,108.0,140.0,108.0],3.667182e-05],
[[140.0,110.0,140.0,110.0],4.026045e-06],
[[140.0,112.0,140.0,112.0],0.0],
[[140.0,114.0,140.0,114.0],0.0],
[[140.0,116.0,140.0,116.0],0.0],
[[140.0,118.0,140.0,118.0],0.0],
[[140.0,120.0,140.0,120.0],0.0],
[[140.0,122.0,140.0,122.0],0.0],
[[140.0,124.0,140.0,124.0],0.0],
[[140.0,126.0,140.0,126.0],0.0],
[[140.0,128.0,140.0,128.0],0.0],
[[140.0,130.0,140.0,130.0],0.0],
[[140.0,132.0,140.0,132.0],0.0],
[[140.0,134.0,140.0,134.0],0.0],
[[140.0,136.0,140.0,136.0],0.0],
[[140.0,138.0,140.0,138.0],0.0],
[[150.0,100.0,150.0,100.0],0.0001542682],
[[150.0,102.0,150.0,102.0],0.0001683273],
[[150.0,104.0,150.0,104.0],0.0001624182],
[[150.0,106.0,150.0,106.0],0.0001614455],
[[150.0,108.0,150.0,108.0],0.0001791318],
[[150.0,110.0,150.0,110.0],0.0001551],
[[150.0,112.0,150.0,112.0],0.0001100545],
[[150.0,114.0,150.0,114.0],0.0001026045],
[[150.0,116.0,150.0,116.0],8.973182e-05],
[[150.0,118.0,150.0,118.0],3.646818e-05],
[[150.0,120.0,150.0,120.0],5.299091e-06],
[[150.0,122.0,150.0,122.0],0.0],
[[150.0,124.0,150.0,124.0],0.0],
[[150.0,126.0,150.0,126.0],0.0],
[[150.0,128.0,150.0,128.0],0.0],
[[150.0,130.0,150.0,130.0],0.0],
[[150.0,132.0,150.0,132.0],0.0],
[[150.0,134.0,150.0,134.0],0.0],
[[150.0,136.0,150.0,136.0],0.0],
[[150.0,138.0,150.0,138.0],0.0],
[[150.0,140.0,150.0,140.0],0.0],
[[150.0,142.0,150.0,142.0],0.0],
[[150.0,144.0,150.0,144.0],0.0],
[[150.0,146.0,150.0,146.0],0.0],
[[150.0,148.0,150.0,148.0],0.0],
[[160.0,110.0,160.0,110.0],0.0002148364],
[[160.0,112.0,160.0,112.0],0.0001950545],
[[160.0,114.0,160.0,114.0],0.0001685045],
[[160.0,116.0,160.0,116.0],0.0002117773],
[[160.0,118.0,160.0,118.0],0.0001921591],
[[160.0,120.0,160.0,120.0],0.0001547773],
[[160.0,122.0,160.0,122.0],0.0001456136],
[[160.0,124.0,160.0,124.0],0.0001485636],
[[160.0,126.0,160.0,126.0],0.0001021955],
[[160.0,128.0,160.0,128.0],3.658455e-05],
[[160.0,130.0,160.0,130.0],2.078182e-06],
[[160.0,132.0,160.0,132.0],0.0],
[[160.0,134.0,160.0,134.0],0.0],
[[160.0,136.0,160.0,136.0],0.0],
[[160.0,138.0,160.0,138.0],0.0],
[[160.0,140.0,160.0,140.0],0.0],
[[160.0,142.0,160.0,142.0],0.0],
[[160.0,144.0,160.0,144.0],0.0],
[[160.0,146.0,160.0,146.0],0.0],
[[160.0,148.0,160.0,148.0],0.0],
[[160.0,150.0,160.0,150.0],0.0],
[[160.0,152.0,160.0,152.0],0.0],
[[160.0,154.0,160.0,154.0],0.0],
[[160.0,156.0,160.0,156.0],0.0],
[[160.0,158.0,160.0,158.0],0.0],
[[170.0,120.0,170.0,120.0],0.00021605],
[[170.0,122.0,170.0,122.0],0.0002398273],
[[170.0,124.0,170.0,124.0],0.0002498409],
[[170.0,126.0,170.0,126.0],0.0002360227],
[[170.0,128.0,170.0,128.0],0.0002461182],
[[170.0,130.0,170.0,130.0],0.0002272364],
[[170.0,132.0,170.0,132.0],0.0001666227],
[[170.0,134.0,170.0,134.0],0.0001650091],
[[170.0,136.0,170.0,136.0],0.0001220136],
[[170.0,138.0,170.0,138.0],4.150455e-05],
[[170.0,140.0,170.0,140.0],1.772227e-06],
[[170.0,142.0,170.0,142.0],0.0],
[[170.0,144.0,170.0,144.0],0.0],
[[170.0,146.0,170.0,146.0],0.0],
[[170.0,148.0,170.0,148.0],0.0],
[[170.0,150.0,170.0,150.0],0.0],
[[170.0,152.0,170.0,152.0],0.0],
[[170.0,154.0,170.0,154.0],0.0],
[[170.0,156.0,170.0,156.0],0.0],
[[170.0,158.0,170.0,158.0],0.0],
[[170.0,160.0,170.0,160.0],0.0],
[[170.0,162.0,170.0,162.0],0.0],
[[170.0,164.0,170.0,164.0],0.0],
[[170.0,166.0,170.0,166.0],0.0],
[[170.0,168.0,170.0,168.0],0.0],
[[180.0,130.0,180.0,130.0],0.0002573773],
[[180.0,132.0,180.0,132.0],0.0002474364],
[[180.0,134.0,180.0,134.0],0.0002595364],
[[180.0,136.0,180.0,136.0],0.0002778182],
[[180.0,138.0,180.0,138.0],0.0002663773],
[[180.0,140.0,180.0,140.0],0.0002600409],
[[180.0,142.0,180.0,142.0],0.0002527045],
[[180.0,144.0,180.0,144.0],0.0001663636],
[[180.0,146.0,180.0,146.0],0.0001160682],
[[180.0,148.0,180.0,148.0],4.2135e-05],
[[180.0,150.0,180.0,150.0],1.687227e-06],
[[180.0,152.0,180.0,152.0],0.0],
[[180.0,154.0,180.0,154.0],0.0],
[[180.0,156.0,180.0,156.0],0.0],
[[180.0,158.0,180.0,158.0],0.0],
[[180.0,160.0,180.0,160.0],0.0],
[[180.0,162.0,180.0,162.0],0.0],
[[180.0,164.0,180.0,164.0],0.0],
[[180.0,166.0,180.0,166.0],0.0],
[[180.0,168.0,180.0,168.0],2.157545e-06],
[[180.0,170.0,180.0,170.0],0.0],
[[180.0,172.0,180.0,172.0],0.0],
[[180.0,174.0,180.0,174.0],0.0],
[[180.0,176.0,180.0,176.0],0.0],
[[180.0,178.0,180.0,178.0],0.0],
[[190.0,140.0,190.0,140.0],0.0002970682],
[[190.0,142.0,190.0,142.0],0.0003505864],
[[190.0,144.0,190.0,144.0],0.0003265364],
[[190.0,146.0,190.0,146.0],0.0003276182],
[[190.0,148.0,190.0,148.0],0.0002802818],
[[190.0,150.0,190.0,150.0],0.0003083409],
[[190.0,152.0,190.0,152.0],0.0002466727],
[[190.0,154.0,190.0,154.0],0.0001875091],
[[190.0,156.0,190.0,156.0],0.0001401091],
[[190.0,158.0,190.0,158.0],6.048182e-05],
[[190.0,160.0,190.0,160.0],2.056818e-06],
[[190.0,162.0,190.0,162.0],1.876636e-06],
[[190.0,164.0,190.0,164.0],0.0],
[[190.0,166.0,190.0,166.0],0.0],
[[190.0,168.0,190.0,168.0],0.0],
[[190.0,170.0,190.0,170.0],0.0],
[[190.0,172.0,190.0,172.0],0.0],
[[190.0,174.0,190.0,174.0],1.634545e-06],
[[190.0,176.0,190.0,176.0],0.0],
[[190.0,178.0,190.0,178.0],0.0],
[[190.0,180.0,190.0,180.0],0.0],
[[190.0,182.0,190.0,182.0],0.0],
[[190.0,184.0,190.0,184.0],0.0],
[[190.0,186.0,190.0,186.0],0.0],
[[190.0,188.0,190.0,188.0],0.0],
[[200.0,150.0,200.0,150.0],0.0003630818],
[[200.0,152.0,200.0,152.0],0.0003965455],
[[200.0,154.0,200.0,154.0],0.0003678909],
[[200.0,156.0,200.0,156.0],0.0003709682],
[[200.0,158.0,200.0,158.0],0.0003793227],
[[200.0,160.0,200.0,160.0],0.0003311227],
[[200.0,162.0,200.0,162.0],0.0002615636],
[[200.0,164.0,200.0,164.0],0.0002421636],
[[200.0,166.0,200.0,166.0],0.0001969773],
[[200.0,168.0,200.0,168.0],8.689091e-05],
[[200.0,170.0,200.0,170.0],2.209227e-06],
[[200.0,172.0,200.0,172.0],0.0],
[[200.0,174.0,200.0,174.0],0.0],
[[200.0,176.0,200.0,176.0],0.0],
[[200.0,178.0,200.0,178.0],0.0],
[[200.0,180.0,200.0,180.0],0.0],
[[200.0,182.0,200.0,182.0],0.0],
[[200.0,184.0,200.0,184.0],0.0],
[[200.0,186.0,200.0,186.0],0.0],
[[200.0,188.0,200.0,188.0],0.0],
[[200.0,190.0,200.0,190.0],0.0],
[[200.0,192.0,200.0,192.0],0.0],
[[200.0,194.0,200.0,194.0],0.0],
[[200.0,196.0,200.0,196.0],0.0],
[[200.0,198.0,200.0,198.0],0.0],
[[210.0,160.0,210.0,160.0],0.0003501682],
[[210.0,162.0,210.0,162.0],0.0004017273],
[[210.0,164.0,210.0,164.0],0.0004417864],
[[210.0,166.0,210.0,166.0],0.0003475455],
[[210.0,168.0,210.0,168.0],0.0003893409],
[[210.0,170.0,210.0,170.0],0.0004108091],
[[210.0,172.0,210.0,172.0],0.0003142136],
[[210.0,174.0,210.0,174.0],0.0002400591],
[[210.0,176.0,210.0,176.0],0.0001964636],
[[210.0,178.0,210.0,178.0],9.246818e-05],
[[210.0,180.0,210.0,180.0],4.410318e-06],
[[210.0,182.0,210.0,182.0],4.421045e-06],
[[210.0,184.0,210.0,184.0],0.0],
[[210.0,186.0,210.0,186.0],0.0],
[[210.0,188.0,210.0,188.0],0.0],
[[210.0,190.0,210.0,190.0],0.0],
[[210.0,192.0,210.0,192.0],0.0],
[[210.0,194.0,210.0,194.0],0.0],
[[210.0,196.0,210.0,196.0],0.0],
[[210.0,198.0,210.0,198.0],0.0],
[[210.0,200.0,210.0,200.0],0.0],
[[210.0,202.0,210.0,202.0],0.0],
[[210.0,204.0,210.0,204.0],0.0],
[[210.0,206.0,210.0,206.0],0.0],
[[210.0,208.0,210.0,208.0],0.0],
[[220.0,170.0,220.0,170.0],0.0004217227],
[[220.0,172.0,220.0,172.0],0.0004397909],
[[220.0,174.0,220.0,174.0],0.0004557727],
[[220.0,176.0,220.0,176.0],0.0004901818],
[[220.0,178.0,220.0,178.0],0.0004400545],
[[220.0,180.0,220.0,180.0],0.0003723909],
[[220.0,182.0,220.0,182.0],0.0003679727],
[[220.0,184.0,220.0,184.0],0.0003178727],
[[220.0,186.0,220.0,186.0],0.0002278773],
[[220.0,188.0,220.0,188.0],7.499545e-05],
[[220.0,190.0,220.0,190.0],4.442273e-06],
[[220.0,192.0,220.0,192.0],0.0],
[[220.0,194.0,220.0,194.0],0.0],
[[220.0,196.0,220.0,196.0],0.0],
[[220.0,198.0,220.0,198.0],2.071e-06],
[[220.0,200.0,220.0,200.0],0.0],
[[220.0,202.0,220.0,202.0],2.035182e-06],
[[220.0,204.0,220.0,204.0],0.0],
[[220.0,206.0,220.0,206.0],0.0],
[[220.0,208.0,220.0,208.0],0.0],
[[220.0,210.0,220.0,210.0],0.0],
[[220.0,212.0,220.0,212.0],0.0],
[[220.0,214.0,220.0,214.0],0.0],
[[220.0,216.0,220.0,216.0],0.0],
[[220.0,218.0,220.0,218.0],0.0],
[[230.0,180.0,230.0,180.0],0.0004282864],
[[230.0,182.0,230.0,182.0],0.0004803636],
[[230.0,184.0,230.0,184.0],0.00049],
[[230.0,186.0,230.0,186.0],0.0004993636],
[[230.0,188.0,230.0,188.0],0.0005065],
[[230.0,190.0,230.0,190.0],0.0004380136],
[[230.0,192.0,230.0,192.0],0.0003758773],
[[230.0,194.0,230.0,194.0],0.0003491909],
[[230.0,196.0,230.0,196.0],0.0001776136],
[[230.0,198.0,230.0,198.0],6.965455e-05],
[[230.0,200.0,230.0,200.0],8.420455e-06],
[[230.0,202.0,230.0,202.0],0.0],
[[230.0,204.0,230.0,204.0],2.2895e-06],
[[230.0,206.0,230.0,206.0],0.0],
[[230.0,208.0,230.0,208.0],0.0],
[[230.0,210.0,230.0,210.0],0.0],
[[230.0,212.0,230.0,212.0],0.0],
[[230.0,214.0,230.0,214.0],0.0],
[[230.0,216.0,230.0,216.0],0.0],
[[230.0,218.0,230.0,218.0],0.0],
[[230.0,220.0,230.0,220.0],0.0],
[[230.0,222.0,230.0,222.0],0.0],
[[230.0,224.0,230.0,224.0],0.0],
[[230.0,226.0,230.0,226.0],0.0],
[[230.0,228.0,230.0,228.0],0.0],
[[240.0,190.0,240.0,190.0],0.0004871818],
[[240.0,192.0,240.0,192.0],0.0005362273],
[[240.0,194.0,240.0,194.0],0.0005320455],
[[240.0,196.0,240.0,196.0],0.0005562727],
[[240.0,198.0,240.0,198.0],0.0005325],
[[240.0,200.0,240.0,200.0],0.0004900909],
[[240.0,202.0,240.0,202.0],0.0004584545],
[[240.0,204.0,240.0,204.0],0.0003396409],
[[240.0,206.0,240.0,206.0],0.00026015],
[[240.0,208.0,240.0,208.0],7.755e-05],
[[240.0,210.0,240.0,210.0],6.569545e-06],
[[240.0,212.0,240.0,212.0],0.0],
[[240.0,214.0,240.0,214.0],0.0],
[[240.0,216.0,240.0,216.0],0.0],
[[240.0,218.0,240.0,218.0],0.0],
[[240.0,220.0,240.0,220.0],0.0],
[[240.0,222.0,240.0,222.0],0.0],
[[240.0,224.0,240.0,224.0],0.0],
[[240.0,226.0,240.0,226.0],1.977591e-06],
[[240.0,228.0,240.0,228.0],0.0],
[[240.0,230.0,240.0,230.0],0.0],
[[240.0,232.0,240.0,232.0],0.0],
[[240.0,234.0,240.0,234.0],0.0],
[[240.0,236.0,240.0,236.0],0.0],
[[240.0,238.0,240.0,238.0],0.0],
[[250.0,200.0,250.0,200.0],0.0005872273],
[[250.0,202.0,250.0,202.0],0.0005950909],
[[250.0,204.0,250.0,204.0],0.000585],
[[250.0,206.0,250.0,206.0],0.0005189091],
[[250.0,208.0,250.0,208.0],0.0005611818],
[[250.0,210.0,250.0,210.0],0.0004835455],
[[250.0,212.0,250.0,212.0],0.00042785],
[[250.0,214.0,250.0,214.0],0.0004081318],
[[250.0,216.0,250.0,216.0],0.0002422455],
[[250.0,218.0,250.0,218.0],0.0001166727],
[[250.0,220.0,250.0,220.0],8.232273e-06],
[[250.0,222.0,250.0,222.0],0.0],
[[250.0,224.0,250.0,224.0],0.0],
[[250.0,226.0,250.0,226.0],0.0],
[[250.0,228.0,250.0,228.0],0.0],
[[250.0,230.0,250.0,230.0],0.0],
[[250.0,232.0,250.0,232.0],0.0],
[[250.0,234.0,250.0,234.0],0.0],
[[250.0,236.0,250.0,236.0],0.0],
[[250.0,238.0,250.0,238.0],0.0],
[[250.0,240.0,250.0,240.0],0.0],
[[250.0,242.0,250.0,242.0],0.0],
[[250.0,244.0,250.0,244.0],0.0],
[[250.0,246.0,250.0,246.0],0.0],
[[250.0,248.0,250.0,248.0],0.0],
[[260.0,210.0,260.0,210.0],0.0006012727],
[[260.0,212.0,260.0,212.0],0.0006918636],
[[260.0,214.0,260.0,214.0],0.0006098182],
[[260.0,216.0,260.0,216.0],0.0005885455],
[[260.0,218.0,260.0,218.0],0.0005689091],
[[260.0,220.0,260.0,220.0],0.000551],
[[260.0,222.0,260.0,222.0],0.00048],
[[260.0,224.0,260.0,224.0],0.0004481045],
[[260.0,226.0,260.0,226.0],0.0002967773],
[[260.0,228.0,260.0,228.0],0.0001422409],
[[260.0,230.0,260.0,230.0],1.069591e-05],
[[260.0,232.0,260.0,232.0],0.0],
[[260.0,234.0,260.0,234.0],0.0],
[[260.0,236.0,260.0,236.0],0.0],
[[260.0,238.0,260.0,238.0],0.0],
[[260.0,240.0,260.0,240.0],0.0],
[[260.0,242.0,260.0,242.0],0.0],
[[260.0,244.0,260.0,244.0],0.0],
[[260.0,246.0,260.0,246.0],0.0],
[[260.0,248.0,260.0,248.0],0.0],
[[260.0,250.0,260.0,250.0],0.0],
[[260.0,252.0,260.0,252.0],0.0],
[[260.0,254.0,260.0,254.0],0.0],
[[260.0,256.0,260.0,256.0],0.0],
[[260.0,258.0,260.0,258.0],0.0],
[[270.0,220.0,270.0,220.0],0.0006603182],
[[270.0,222.0,270.0,222.0],0.0007255909],
[[270.0,224.0,270.0,224.0],0.0006712273],
[[270.0,226.0,270.0,226.0],0.0006715],
[[270.0,228.0,270.0,228.0],0.0006766364],
[[270.0,230.0,270.0,230.0],0.0006120909],
[[270.0,232.0,270.0,232.0],0.0005114091],
[[270.0,234.0,270.0,234.0],0.0004700909],
[[270.0,236.0,270.0,236.0],0.0003057955],
[[270.0,238.0,270.0,238.0],0.0001079909],
[[270.0,240.0,270.0,240.0],2.114909e-06],
[[270.0,242.0,270.0,242.0],0.0],
[[270.0,244.0,270.0,244.0],0.0],
[[270.0,246.0,270.0,246.0],0.0],
[[270.0,248.0,270.0,248.0],2.374e-06],
[[270.0,250.0,270.0,250.0],0.0],
[[270.0,252.0,270.0,252.0],0.0],
[[270.0,254.0,270.0,254.0],0.0],
[[270.0,256.0,270.0,256.0],0.0],
[[270.0,258.0,270.0,258.0],2.246636e-06],
[[270.0,260.0,270.0,260.0],0.0],
[[270.0,262.0,270.0,262.0],0.0],
[[270.0,264.0,270.0,264.0],0.0],
[[270.0,266.0,270.0,266.0],0.0],
[[270.0,268.0,270.0,268.0],0.0],
[[280.0,230.0,280.0,230.0],0.0006200455],
[[280.0,232.0,280.0,232.0],0.0006843182],
[[280.0,234.0,280.0,234.0],0.0007382273],
[[280.0,236.0,280.0,236.0],0.0006555],
[[280.0,238.0,280.0,238.0],0.0006761364],
[[280.0,240.0,280.0,240.0],0.0006688636],
[[280.0,242.0,280.0,242.0],0.0005662273],
[[280.0,244.0,280.0,244.0],0.0004805909],
[[280.0,246.0,280.0,246.0],0.0002981273],
[[280.0,248.0,280.0,248.0],0.0001409273],
[[280.0,250.0,280.0,250.0],6.599545e-06],
[[280.0,252.0,280.0,252.0],0.0],
[[280.0,254.0,280.0,254.0],0.0],
[[280.0,256.0,280.0,256.0],0.0],
[[280.0,258.0,280.0,258.0],0.0],
[[280.0,260.0,280.0,260.0],0.0],
[[280.0,262.0,280.0,262.0],0.0],
[[280.0,264.0,280.0,264.0],0.0],
[[280.0,266.0,280.0,266.0],0.0],
[[280.0,268.0,280.0,268.0],0.0],
[[280.0,270.0,280.0,270.0],0.0],
[[280.0,272.0,280.0,272.0],0.0],
[[280.0,274.0,280.0,274.0],0.0],
[[280.0,276.0,280.0,276.0],0.0],
[[280.0,278.0,280.0,278.0],0.0],
[[290.0,240.0,290.0,240.0],0.0007873636],
[[290.0,242.0,290.0,242.0],0.0007093182],
[[290.0,244.0,290.0,244.0],0.0007769545],
[[290.0,246.0,290.0,246.0],0.0007553636],
[[290.0,248.0,290.0,248.0],0.0007279545],
[[290.0,250.0,290.0,250.0],0.0007002273],
[[290.0,252.0,290.0,252.0],0.0005589091],
[[290.0,254.0,290.0,254.0],0.0004624091],
[[290.0,256.0,290.0,256.0],0.0002841364],
[[290.0,258.0,290.0,258.0],0.0001757227],
[[290.0,260.0,290.0,260.0],6.633636e-06],
[[290.0,262.0,290.0,262.0],2.397409e-06],
[[290.0,264.0,290.0,264.0],2.415682e-06],
[[290.0,266.0,290.0,266.0],0.0],
[[290.0,268.0,290.0,268.0],0.0],
[[290.0,270.0,290.0,270.0],0.0],
[[290.0,272.0,290.0,272.0],0.0],
[[290.0,274.0,290.0,274.0],0.0],
[[290.0,276.0,290.0,276.0],0.0],
[[290.0,278.0,290.0,278.0],0.0],
[[290.0,280.0,290.0,280.0],0.0],
[[290.0,282.0,290.0,282.0],0.0],
[[290.0,284.0,290.0,284.0],0.0],
[[290.0,286.0,290.0,286.0],0.0],
[[290.0,288.0,290.0,288.0],0.0],
[[300.0,250.0,300.0,250.0],0.0007827727],
[[300.0,252.0,300.0,252.0],0.0008028182],
[[300.0,254.0,300.0,254.0],0.0007605909],
[[300.0,256.0,300.0,256.0],0.000776],
[[300.0,258.0,300.0,258.0],0.0007682273],
[[300.0,260.0,300.0,260.0],0.000771],
[[300.0,262.0,300.0,262.0],0.0006686818],
[[300.0,264.0,300.0,264.0],0.0005175909],
[[300.0,266.0,300.0,266.0],0.0003872364],
[[300.0,268.0,300.0,268.0],0.00014785],
[[300.0,270.0,300.0,270.0],4.368727e-06],
[[300.0,272.0,300.0,272.0],0.0],
[[300.0,274.0,300.0,274.0],0.0],
[[300.0,276.0,300.0,276.0],0.0],
[[300.0,278.0,300.0,278.0],0.0],
[[300.0,280.0,300.0,280.0],0.0],
[[300.0,282.0,300.0,282.0],0.0],
[[300.0,284.0,300.0,284.0],0.0],
[[300.0,286.0,300.0,286.0],0.0],
[[300.0,288.0,300.0,288.0],0.0],
[[300.0,290.0,300.0,290.0],0.0],
[[300.0,292.0,300.0,292.0],0.0],
[[300.0,294.0,300.0,294.0],0.0],
[[300.0,296.0,300.0,296.0],0.0],
[[300.0,298.0,300.0,298.0],0.0],
[[310.0,270.0,310.0,270.0],0.0007512727],
[[310.0,272.0,310.0,272.0],0.0006690909],
[[310.0,274.0,310.0,274.0],0.0005178636],
[[310.0,276.0,310.0,276.0],0.0004153045],
[[310.0,278.0,310.0,278.0],0.0001471227],
[[310.0,280.0,310.0,280.0],6.749091e-06],
[[310.0,282.0,310.0,282.0],0.0],
[[310.0,284.0,310.0,284.0],0.0],
[[310.0,286.0,310.0,286.0],0.0],
[[310.0,288.0,310.0,288.0],0.0],
[[310.0,290.0,310.0,290.0],0.0],
[[310.0,292.0,310.0,292.0],0.0],
[[310.0,294.0,310.0,294.0],1.934455e-06],
[[310.0,296.0,310.0,296.0],0.0],
[[310.0,298.0,310.0,298.0],0.0],
[[310.0,300.0,310.0,300.0],0.0],
[[310.0,302.0,310.0,302.0],0.0],
[[310.0,304.0,310.0,304.0],0.0],
[[310.0,306.0,310.0,306.0],0.0],
[[310.0,308.0,310.0,308.0],0.0],
[[320.0,280.0,320.0,280.0],0.0008050909],
[[320.0,282.0,320.0,282.0],0.0007443636],
[[320.0,284.0,320.0,284.0],0.0005641364],
[[320.0,286.0,320.0,286.0],0.0003854455],
[[320.0,288.0,320.0,288.0],0.0001920364],
[[320.0,290.0,320.0,290.0],2.139182e-05],
[[320.0,292.0,320.0,292.0],0.0],
[[320.0,294.0,320.0,294.0],2.393318e-06],
[[320.0,296.0,320.0,296.0],0.0],
[[320.0,298.0,320.0,298.0],0.0],
[[320.0,300.0,320.0,300.0],0.0],
[[320.0,302.0,320.0,302.0],0.0],
[[320.0,304.0,320.0,304.0],0.0],
[[320.0,306.0,320.0,306.0],0.0],
[[320.0,308.0,320.0,308.0],2.406318e-06],
[[320.0,310.0,320.0,310.0],0.0],
[[320.0,312.0,320.0,312.0],0.0],
[[320.0,314.0,320.0,314.0],0.0],
[[320.0,316.0,320.0,316.0],0.0],
[[320.0,318.0,320.0,318.0],0.0],
[[330.0,290.0,330.0,290.0],0.0008846364],
[[330.0,292.0,330.0,292.0],0.0007404545],
[[330.0,294.0,330.0,294.0],0.0006706818],
[[330.0,296.0,330.0,296.0],0.0004801818],
[[330.0,298.0,330.0,298.0],0.0001882545],
[[330.0,300.0,330.0,300.0],1.646e-05],
[[330.0,302.0,330.0,302.0],0.0],
[[330.0,304.0,330.0,304.0],0.0],
[[330.0,306.0,330.0,306.0],0.0],
[[330.0,308.0,330.0,308.0],0.0],
[[330.0,310.0,330.0,310.0],2.037136e-06],
[[330.0,312.0,330.0,312.0],0.0],
[[330.0,314.0,330.0,314.0],0.0],
[[330.0,316.0,330.0,316.0],0.0],
[[330.0,318.0,330.0,318.0],0.0],
[[330.0,320.0,330.0,320.0],0.0],
[[330.0,322.0,330.0,322.0],0.0],
[[330.0,326.0,330.0,326.0],0.0],
[[330.0,328.0,330.0,328.0],0.0],
[[340.0,300.0,340.0,300.0],0.0008438182],
[[340.0,302.0,340.0,302.0],0.0007456364],
[[340.0,304.0,340.0,304.0],0.0006165455],
[[340.0,306.0,340.0,306.0],0.0004507682],
[[340.0,308.0,340.0,308.0],0.0001587409],
[[340.0,310.0,340.0,310.0],9.155e-06],
[[340.0,312.0,340.0,312.0],0.0],
[[340.0,314.0,340.0,314.0],0.0],
[[340.0,316.0,340.0,316.0],0.0],
[[340.0,318.0,340.0,318.0],0.0],
[[340.0,320.0,340.0,320.0],0.0],
[[340.0,322.0,340.0,322.0],0.0],
[[340.0,324.0,340.0,324.0],0.0],
[[340.0,326.0,340.0,326.0],0.0],
[[340.0,328.0,340.0,328.0],0.0],
[[340.0,330.0,340.0,330.0],0.0],
[[340.0,332.0,340.0,332.0],0.0],
[[340.0,334.0,340.0,334.0],0.0],
[[340.0,336.0,340.0,336.0],0.0],
[[340.0,338.0,340.0,338.0],0.0],
[[350.0,310.0,350.0,310.0],0.0009765909],
[[350.0,312.0,350.0,312.0],0.0008876818],
[[350.0,314.0,350.0,314.0],0.0007031818],
[[350.0,316.0,350.0,316.0],0.0004701818],
[[350.0,318.0,350.0,318.0],0.0002029636],
[[350.0,320.0,350.0,320.0],1.202045e-05],
[[350.0,322.0,350.0,322.0],0.0],
[[350.0,324.0,350.0,324.0],2.520682e-06],
[[350.0,326.0,350.0,326.0],0.0],
[[350.0,328.0,350.0,328.0],0.0],
[[350.0,330.0,350.0,330.0],0.0],
[[350.0,332.0,350.0,332.0],0.0],
[[350.0,334.0,350.0,334.0],0.0],
[[350.0,336.0,350.0,336.0],0.0],
[[350.0,338.0,350.0,338.0],0.0],
[[350.0,340.0,350.0,340.0],0.0],
[[350.0,342.0,350.0,342.0],0.0],
[[350.0,344.0,350.0,344.0],0.0],
[[350.0,346.0,350.0,346.0],0.0],
[[350.0,348.0,350.0,348.0],0.0],
[[360.0,320.0,360.0,320.0],0.001016364],
[[360.0,322.0,360.0,322.0],0.0008999091],
[[360.0,324.0,360.0,324.0],0.0006446818],
[[360.0,326.0,360.0,326.0],0.0004777273],
[[360.0,328.0,360.0,328.0],0.0001807227],
[[360.0,330.0,360.0,330.0],1.203045e-05],
[[360.0,332.0,360.0,332.0],2.346818e-06],
[[360.0,334.0,360.0,334.0],0.0],
[[360.0,336.0,360.0,336.0],2.316773e-06],
[[360.0,338.0,360.0,338.0],2.188818e-06],
[[360.0,340.0,360.0,340.0],0.0],
[[360.0,342.0,360.0,342.0],0.0],
[[360.0,344.0,360.0,344.0],0.0],
[[360.0,346.0,360.0,346.0],0.0],
[[360.0,348.0,360.0,348.0],0.0],
[[360.0,350.0,360.0,350.0],0.0],
[[360.0,352.0,360.0,352.0],0.0],
[[360.0,354.0,360.0,354.0],0.0],
[[360.0,356.0,360.0,356.0],0.0],
[[360.0,358.0,360.0,358.0],0.0],
[[370.0,330.0,370.0,330.0],0.001022909],
[[370.0,332.0,370.0,332.0],0.0009392273],
[[370.0,334.0,370.0,334.0],0.0007011818],
[[370.0,336.0,370.0,336.0],0.0005156364],
[[370.0,338.0,370.0,338.0],0.0002006591],
[[370.0,340.0,370.0,340.0],1.671636e-05],
[[370.0,342.0,370.0,342.0],0.0],
[[370.0,344.0,370.0,344.0],0.0],
[[370.0,346.0,370.0,346.0],0.0],
[[370.0,348.0,370.0,348.0],0.0],
[[370.0,350.0,370.0,350.0],0.0],
[[370.0,352.0,370.0,352.0],0.0],
[[370.0,354.0,370.0,354.0],0.0],
[[370.0,356.0,370.0,356.0],0.0],
[[370.0,358.0,370.0,358.0],0.0],
[[370.0,360.0,370.0,360.0],0.0],
[[370.0,362.0,370.0,362.0],0.0],
[[370.0,364.0,370.0,364.0],0.0],
[[370.0,366.0,370.0,366.0],0.0],
[[370.0,368.0,370.0,368.0],0.0],
[[380.0,340.0,380.0,340.0],0.001030409],
[[380.0,342.0,380.0,342.0],0.000921],
[[380.0,344.0,380.0,344.0],0.0008282727],
[[380.0,346.0,380.0,346.0],0.0005688182],
[[380.0,348.0,380.0,348.0],0.0001838409],
[[380.0,350.0,380.0,350.0],1.716227e-05],
[[380.0,352.0,380.0,352.0],0.0],
[[380.0,354.0,380.0,354.0],0.0],
[[380.0,356.0,380.0,356.0],0.0],
[[380.0,358.0,380.0,358.0],0.0],
[[380.0,360.0,380.0,360.0],0.0],
[[380.0,362.0,380.0,362.0],0.0],
[[380.0,364.0,380.0,364.0],0.0],
[[380.0,366.0,380.0,366.0],0.0],
[[380.0,368.0,380.0,368.0],0.0],
[[380.0,370.0,380.0,370.0],0.0],
[[380.0,372.0,380.0,372.0],0.0],
[[380.0,374.0,380.0,374.0],0.0],
[[380.0,376.0,380.0,376.0],0.0],
[[380.0,378.0,380.0,378.0],0.0],
[[390.0,350.0,390.0,350.0],0.001086545],
[[390.0,352.0,390.0,352.0],0.001034091],
[[390.0,354.0,390.0,354.0],0.0007815909],
[[390.0,356.0,390.0,356.0],0.0005278636],
[[390.0,358.0,390.0,358.0],0.0002070409],
[[390.0,360.0,390.0,360.0],2.272636e-05],
[[390.0,362.0,390.0,362.0],0.0],
[[390.0,364.0,390.0,364.0],0.0],
[[390.0,366.0,390.0,366.0],0.0],
[[390.0,368.0,390.0,368.0],0.0],
[[390.0,370.0,390.0,370.0],0.0],
[[390.0,372.0,390.0,372.0],0.0],
[[390.0,374.0,390.0,374.0],0.0],
[[390.0,376.0,390.0,376.0],0.0],
[[390.0,378.0,390.0,378.0],0.0],
[[390.0,380.0,390.0,380.0],0.0],
[[390.0,382.0,390.0,382.0],0.0],
[[390.0,384.0,390.0,384.0],0.0],
[[390.0,386.0,390.0,386.0],0.0],
[[390.0,388.0,390.0,388.0],0.0],
[[400.0,360.0,400.0,360.0],0.001221],
[[400.0,362.0,400.0,362.0],0.001095864],
[[400.0,364.0,400.0,364.0],0.0008728636],
[[400.0,368.0,400.0,368.0],0.0002456864],
[[400.0,370.0,400.0,370.0],1.202682e-05],
[[400.0,372.0,400.0,372.0],0.0],
[[400.0,374.0,400.0,374.0],2.526591e-06],
[[400.0,376.0,400.0,376.0],2.590227e-06],
[[400.0,378.0,400.0,378.0],0.0],
[[400.0,380.0,400.0,380.0],0.0],
[[400.0,382.0,400.0,382.0],0.0],
[[400.0,384.0,400.0,384.0],0.0],
[[400.0,386.0,400.0,386.0],0.0],
[[400.0,388.0,400.0,388.0],0.0],
[[400.0,390.0,400.0,390.0],0.0],
[[400.0,392.0,400.0,392.0],3.453e-06],
[[400.0,394.0,400.0,394.0],0.0],
[[400.0,396.0,400.0,396.0],0.0],
[[400.0,398.0,400.0,398.0],0.0]]
