dataId: SR_2017_10
dataType: efficiencyMap
observedN: 2587
expectedBG: 2519.861908
bgError: 58.43127995346328
upperLimit: 1.539*fb
expectedUpperLimit: 1.351*fb
