txName: TRV1nunu
constraint: {(PV > Zprime(1)), (Zprime(1) > nu,nu)}
condition: None
conditionDescription: None
figureUrl: None
source: CMS
validated: N/A
axesMap: [{0: 'x'}]
dataMap: {0: (1, 'mass', GeV)}
finalState: ['MET', 'MET']
efficiencyMap: [[[50.0],2.261829e-07],
[[100.0],1.387996e-06],
[[150.0],4.939712e-06],
[[200.0],1.0541e-05],
[[250.0],1.85883e-05],
[[300.0],2.720549e-05],
[[350.0],4.533557e-05],
[[400.0],5.899634e-05],
[[450.0],7.789247e-05],
[[500.0],9.514526e-05],
[[550.0],0.0001207162],
[[600.0],0.0001501234],
[[650.0],0.0001589186],
[[700.0],0.0001825876],
[[750.0],0.0002174739],
[[800.0],0.0002487852],
[[850.0],0.000246729],
[[900.0],0.0002951029],
[[950.0],0.0003021636],
[[1000.0],0.0003587357],
[[1050.0],0.0003514232],
[[1100.0],0.0004004114],
[[1150.0],0.0004530043],
[[1200.0],0.0004165025],
[[1250.0],0.0004179111],
[[1300.0],0.0004354683],
[[1350.0],0.0005050792],
[[1400.0],0.0004936955],
[[1450.0],0.0005008959],
[[1500.0],0.0004550975],
[[1550.0],0.00050547],
[[1600.0],0.0005421112],
[[1650.0],0.0005155633],
[[1700.0],0.0005532071],
[[1750.0],0.0005614314],
[[1800.0],0.000555994],
[[1850.0],0.0005269046],
[[1900.0],0.0005288433],
[[1950.0],0.0005881641],
[[2000.0],0.0005975636],
[[2250.0],0.0006998021],
[[2500.0],0.000755921],
[[2750.0],0.0007058877],
[[3000.0],0.0007427591]]
