dataId: SR_2017_20
dataType: efficiencyMap
observedN: 39
expectedBG: 32.26833493
bgError: 3.2300124179327856
upperLimit: 0.1462*fb
expectedUpperLimit: 0.1112*fb
