txName: TChiWWISRqq
constraint: {(PV > anyBSM(1), anyBSM(3)), (anyBSM(1) > q, q, MET(2)), (anyBSM(3) > q, q, MET(4))}
condition: None
conditionDescription: None
figureUrl: None
source: Recast by MA5
validated: True
axesMap: [{0: 'x', 1: 'y', 2: 'x', 3: 'y'}]
dataMap: {0: (1, 'mass', GeV), 1: (2, 'mass', GeV), 2: (3, 'mass', GeV), 3: (4, 'mass', GeV)}
finalState: ['MET', 'MET']
efficiencyMap: [[[11.0,10.0,11.0,10.0],0.0],
[[13.0,10.0,13.0,10.0],2.22499e-09],
[[15.0,10.0,15.0,10.0],0.0],
[[20.0,10.0,20.0,10.0],0.0],
[[21.0,20.0,21.0,20.0],0.0],
[[23.0,20.0,23.0,20.0],0.0],
[[25.0,20.0,25.0,20.0],0.0],
[[30.0,10.0,30.0,10.0],0.0],
[[30.0,20.0,30.0,20.0],0.0],
[[31.0,30.0,31.0,30.0],1.107191e-09],
[[33.0,30.0,33.0,30.0],0.0],
[[35.0,30.0,35.0,30.0],1.054328e-07],
[[40.0,20.0,40.0,20.0],0.0],
[[40.0,30.0,40.0,30.0],0.0],
[[41.0,40.0,41.0,40.0],6.441372e-09],
[[43.0,40.0,43.0,40.0],0.0],
[[45.0,40.0,45.0,40.0],0.0],
[[50.0,10.0,50.0,10.0],0.0],
[[50.0,30.0,50.0,30.0],0.0],
[[50.0,40.0,50.0,40.0],0.0],
[[51.0,50.0,51.0,50.0],3.627273e-08],
[[53.0,50.0,53.0,50.0],5.341702e-09],
[[55.0,50.0,55.0,50.0],1.996728e-09],
[[60.0,20.0,60.0,20.0],0.0],
[[60.0,40.0,60.0,40.0],0.0],
[[60.0,50.0,60.0,50.0],0.0],
[[61.0,60.0,61.0,60.0],9.198143e-08],
[[63.0,60.0,63.0,60.0],1.912639e-08],
[[65.0,60.0,65.0,60.0],6.575228e-09],
[[70.0,10.0,70.0,10.0],0.0],
[[70.0,30.0,70.0,30.0],0.0],
[[70.0,50.0,70.0,50.0],3.584046e-09],
[[70.0,60.0,70.0,60.0],5.226557e-09],
[[71.0,70.0,71.0,70.0],1.699998e-07],
[[73.0,70.0,73.0,70.0],4.233039e-08],
[[75.0,70.0,75.0,70.0],2.238141e-08],
[[80.0,20.0,80.0,20.0],0.0],
[[80.0,40.0,80.0,40.0],0.0],
[[80.0,60.0,80.0,60.0],1.173419e-08],
[[80.0,70.0,80.0,70.0],2.49841e-08],
[[81.0,80.0,81.0,80.0],2.263852e-07],
[[83.0,80.0,83.0,80.0],7.378067e-08],
[[85.0,80.0,85.0,80.0],1.21636e-07],
[[90.0,10.0,90.0,10.0],5.617439e-09],
[[90.0,30.0,90.0,30.0],3.049641e-09],
[[90.0,50.0,90.0,50.0],4.431399e-09],
[[90.0,70.0,90.0,70.0],0.0],
[[90.0,80.0,90.0,80.0],1.38188e-08],
[[91.0,90.0,91.0,90.0],2.927612e-07],
[[93.0,90.0,93.0,90.0],2.439934e-07],
[[95.0,90.0,95.0,90.0],4.020139e-07],
[[100.0,20.0,100.0,20.0],0.0],
[[100.0,40.0,100.0,40.0],0.0],
[[100.0,60.0,100.0,60.0],3.338022e-09],
[[100.0,80.0,100.0,80.0],3.622433e-09],
[[100.0,90.0,100.0,90.0],6.177648e-08],
[[101.0,100.0,101.0,100.0],5.081189e-07],
[[103.0,100.0,103.0,100.0],3.736898e-07],
[[103.0,102.0,103.0,102.0],4.29888e-07],
[[105.0,100.0,105.0,100.0],1.379925e-07],
[[105.0,102.0,105.0,102.0],2.668824e-07],
[[107.0,102.0,107.0,102.0],2.2609e-07],
[[110.0,30.0,110.0,30.0],0.0],
[[110.0,50.0,110.0,50.0],0.0],
[[110.0,70.0,110.0,70.0],0.0],
[[110.0,90.0,110.0,90.0],6.735314e-09],
[[110.0,100.0,110.0,100.0],6.204668e-08],
[[112.0,102.0,112.0,102.0],6.290582e-08],
[[120.0,40.0,120.0,40.0],0.0],
[[120.0,60.0,120.0,60.0],0.0],
[[120.0,80.0,120.0,80.0],9.182341e-09],
[[120.0,100.0,120.0,100.0],6.832978e-08],
[[122.0,102.0,122.0,102.0],5.288096e-08],
[[123.0,122.0,123.0,122.0],1.121006e-06],
[[125.0,122.0,125.0,122.0],2.174529e-06],
[[127.0,122.0,127.0,122.0],1.836023e-07],
[[130.0,50.0,130.0,50.0],0.0],
[[130.0,70.0,130.0,70.0],1.734795e-08],
[[130.0,90.0,130.0,90.0],0.0],
[[132.0,122.0,132.0,122.0],1.159504e-07],
[[140.0,60.0,140.0,60.0],8.682628e-09],
[[140.0,80.0,140.0,80.0],0.0],
[[140.0,100.0,140.0,100.0],1.328437e-08],
[[142.0,102.0,142.0,102.0],3.237504e-09],
[[142.0,122.0,142.0,122.0],7.906786e-08],
[[143.0,142.0,143.0,142.0],1.44428e-06],
[[145.0,142.0,145.0,142.0],7.397072e-07],
[[147.0,142.0,147.0,142.0],3.093014e-06],
[[150.0,70.0,150.0,70.0],7.820895e-09],
[[150.0,90.0,150.0,90.0],1.429618e-08],
[[152.0,142.0,152.0,142.0],3.045407e-07],
[[160.0,80.0,160.0,80.0],0.0],
[[160.0,100.0,160.0,100.0],1.296071e-08],
[[162.0,102.0,162.0,102.0],0.0],
[[162.0,122.0,162.0,122.0],2.221542e-08],
[[162.0,142.0,162.0,142.0],7.709602e-08],
[[163.0,162.0,163.0,162.0],1.71019e-06],
[[165.0,162.0,165.0,162.0],1.383549e-06],
[[167.0,162.0,167.0,162.0],5.981886e-06],
[[170.0,90.0,170.0,90.0],1.557453e-08],
[[172.0,162.0,172.0,162.0],3.651966e-07],
[[180.0,100.0,180.0,100.0],3.626181e-08],
[[182.0,102.0,182.0,102.0],5.105598e-09],
[[182.0,122.0,182.0,122.0],1.588611e-08],
[[182.0,142.0,182.0,142.0],7.943001e-08],
[[182.0,162.0,182.0,162.0],1.749082e-07],
[[183.0,182.0,183.0,182.0],2.222416e-06],
[[185.0,182.0,185.0,182.0],1.700193e-06],
[[187.0,182.0,187.0,182.0],1.143452e-06],
[[192.0,182.0,192.0,182.0],6.664728e-07],
[[202.0,122.0,202.0,122.0],5.156263e-08],
[[202.0,142.0,202.0,142.0],4.29814e-08],
[[202.0,162.0,202.0,162.0],1.890574e-07],
[[202.0,182.0,202.0,182.0],2.197472e-07],
[[203.0,202.0,203.0,202.0],2.851552e-06],
[[205.0,202.0,205.0,202.0],2.555608e-06],
[[207.0,202.0,207.0,202.0],1.867394e-06],
[[212.0,202.0,212.0,202.0],8.528234e-07],
[[222.0,142.0,222.0,142.0],9.052212e-08],
[[222.0,162.0,222.0,162.0],1.194322e-07],
[[222.0,182.0,222.0,182.0],2.404973e-07],
[[222.0,202.0,222.0,202.0],4.438846e-07],
[[223.0,222.0,223.0,222.0],2.928836e-06],
[[225.0,222.0,225.0,222.0],3.159449e-06],
[[227.0,222.0,227.0,222.0],2.635045e-06],
[[232.0,222.0,232.0,222.0],1.745038e-06],
[[242.0,162.0,242.0,162.0],7.502084e-08],
[[242.0,182.0,242.0,182.0],1.742307e-07],
[[242.0,202.0,242.0,202.0],3.963603e-07],
[[242.0,222.0,242.0,222.0],5.499998e-07],
[[243.0,242.0,243.0,242.0],4.132936e-06],
[[245.0,242.0,245.0,242.0],3.28977e-06],
[[247.0,242.0,247.0,242.0],3.106735e-06],
[[252.0,242.0,252.0,242.0],1.939079e-06],
[[262.0,182.0,262.0,182.0],1.079613e-07],
[[262.0,202.0,262.0,202.0],1.85516e-07],
[[262.0,222.0,262.0,222.0],2.54579e-07],
[[262.0,242.0,262.0,242.0],1.178883e-06],
[[263.0,262.0,263.0,262.0],4.588871e-06],
[[265.0,262.0,265.0,262.0],3.919356e-06],
[[267.0,262.0,267.0,262.0],4.19071e-06],
[[272.0,262.0,272.0,262.0],2.229208e-06],
[[282.0,202.0,282.0,202.0],2.350576e-07],
[[282.0,222.0,282.0,222.0],2.341803e-07],
[[282.0,242.0,282.0,242.0],5.642681e-07],
[[282.0,262.0,282.0,262.0],1.547437e-06],
[[283.0,282.0,283.0,282.0],6.107068e-06],
[[285.0,282.0,285.0,282.0],5.32114e-06],
[[287.0,282.0,287.0,282.0],4.995102e-06],
[[292.0,282.0,292.0,282.0],3.299567e-06],
[[302.0,222.0,302.0,222.0],3.454025e-07],
[[302.0,242.0,302.0,242.0],5.703819e-07],
[[302.0,262.0,302.0,262.0],1.184866e-06],
[[302.0,282.0,302.0,282.0],1.602518e-06],
[[303.0,302.0,303.0,302.0],6.655964e-06],
[[305.0,302.0,305.0,302.0],6.282948e-06],
[[307.0,302.0,307.0,302.0],6.160446e-06],
[[312.0,302.0,312.0,302.0],3.647276e-06],
[[322.0,242.0,322.0,242.0],3.475724e-07],
[[322.0,262.0,322.0,262.0],5.194318e-07],
[[322.0,282.0,322.0,282.0],7.827838e-07],
[[322.0,302.0,322.0,302.0],2.22729e-06],
[[323.0,322.0,323.0,322.0],7.81241e-06],
[[325.0,322.0,325.0,322.0],9.568018e-06],
[[327.0,322.0,327.0,322.0],6.781511e-06],
[[332.0,322.0,332.0,322.0],5.833962e-06],
[[342.0,262.0,342.0,262.0],5.379807e-07],
[[342.0,282.0,342.0,282.0],1.453292e-06],
[[342.0,302.0,342.0,302.0],1.172469e-06],
[[342.0,322.0,342.0,322.0],3.354195e-06],
[[343.0,342.0,343.0,342.0],8.592004e-06],
[[345.0,342.0,345.0,342.0],7.653947e-06],
[[347.0,342.0,347.0,342.0],6.738317e-06],
[[352.0,342.0,352.0,342.0],5.337857e-06],
[[362.0,282.0,362.0,282.0],5.814712e-07],
[[362.0,302.0,362.0,302.0],1.162113e-06],
[[362.0,322.0,362.0,322.0],1.63851e-06],
[[362.0,342.0,362.0,342.0],3.738046e-06],
[[363.0,362.0,363.0,362.0],9.803091e-06],
[[365.0,362.0,365.0,362.0],1.015651e-05],
[[367.0,362.0,367.0,362.0],8.147919e-06],
[[372.0,362.0,372.0,362.0],6.050029e-06],
[[382.0,302.0,382.0,302.0],9.897379e-07],
[[382.0,322.0,382.0,322.0],2.816537e-06],
[[382.0,342.0,382.0,342.0],2.571332e-06],
[[382.0,362.0,382.0,362.0],3.596819e-06],
[[383.0,382.0,383.0,382.0],1.152708e-05],
[[385.0,382.0,385.0,382.0],1.135893e-05],
[[387.0,382.0,387.0,382.0],9.380735e-06],
[[392.0,382.0,392.0,382.0],8.669902e-06],
[[402.0,322.0,402.0,322.0],1.332085e-06],
[[402.0,342.0,402.0,342.0],1.723175e-06],
[[402.0,362.0,402.0,362.0],2.253463e-06],
[[402.0,382.0,402.0,382.0],5.861448e-06],
[[403.0,402.0,403.0,402.0],1.043079e-05],
[[405.0,402.0,405.0,402.0],1.108251e-05],
[[407.0,402.0,407.0,402.0],9.997064e-06],
[[412.0,402.0,412.0,402.0],8.34958e-06],
[[422.0,342.0,422.0,342.0],1.137545e-06],
[[422.0,362.0,422.0,362.0],2.148805e-06],
[[422.0,382.0,422.0,382.0],3.390943e-06],
[[422.0,402.0,422.0,402.0],5.784371e-06],
[[442.0,362.0,442.0,362.0],2.345869e-06],
[[442.0,382.0,442.0,382.0],2.086052e-06],
[[442.0,402.0,442.0,402.0],2.769203e-06],
[[462.0,382.0,462.0,382.0],2.265525e-06],
[[462.0,402.0,462.0,402.0],2.61122e-06],
[[482.0,402.0,482.0,402.0],2.33091e-06],
[[503.0,502.0,503.0,502.0],1.567431e-05],
[[505.0,502.0,505.0,502.0],1.643501e-05],
[[507.0,502.0,507.0,502.0],1.711577e-05],
[[512.0,502.0,512.0,502.0],1.348094e-05],
[[522.0,502.0,522.0,502.0],1.026534e-05],
[[542.0,502.0,542.0,502.0],5.490432e-06],
[[562.0,502.0,562.0,502.0],5.281545e-06],
[[582.0,502.0,582.0,502.0],4.730241e-06],
[[603.0,602.0,603.0,602.0],2.466638e-05],
[[605.0,602.0,605.0,602.0],2.270562e-05],
[[607.0,602.0,607.0,602.0],2.147586e-05],
[[612.0,602.0,612.0,602.0],1.830807e-05],
[[622.0,602.0,622.0,602.0],1.750318e-05],
[[642.0,602.0,642.0,602.0],1.043995e-05],
[[662.0,602.0,662.0,602.0],8.345416e-06],
[[682.0,602.0,682.0,602.0],5.482205e-06],
[[703.0,702.0,703.0,702.0],2.43292e-05],
[[705.0,702.0,705.0,702.0],2.681747e-05],
[[707.0,702.0,707.0,702.0],2.734449e-05],
[[712.0,702.0,712.0,702.0],2.188784e-05],
[[722.0,702.0,722.0,702.0],2.085171e-05],
[[742.0,702.0,742.0,702.0],1.189289e-05],
[[762.0,702.0,762.0,702.0],1.177754e-05],
[[782.0,702.0,782.0,702.0],8.814174e-06],
[[803.0,802.0,803.0,802.0],3.080482e-05],
[[805.0,802.0,805.0,802.0],3.03579e-05],
[[807.0,802.0,807.0,802.0],3.167169e-05],
[[812.0,802.0,812.0,802.0],2.980193e-05],
[[822.0,802.0,822.0,802.0],2.503618e-05],
[[842.0,802.0,842.0,802.0],1.622133e-05],
[[862.0,802.0,862.0,802.0],1.561569e-05],
[[882.0,802.0,882.0,802.0],1.262189e-05],
[[903.0,902.0,903.0,902.0],3.587769e-05],
[[905.0,902.0,905.0,902.0],3.495266e-05],
[[907.0,902.0,907.0,902.0],3.666652e-05],
[[912.0,902.0,912.0,902.0],3.264048e-05],
[[922.0,902.0,922.0,902.0],2.787461e-05],
[[942.0,902.0,942.0,902.0],2.174056e-05],
[[962.0,902.0,962.0,902.0],1.694073e-05],
[[982.0,902.0,982.0,902.0],1.493471e-05],
[[1003.0,1002.0,1003.0,1002.0],3.922626e-05],
[[1005.0,1002.0,1005.0,1002.0],4.059971e-05],
[[1007.0,1002.0,1007.0,1002.0],4.111559e-05],
[[1012.0,1002.0,1012.0,1002.0],3.72866e-05],
[[1022.0,1002.0,1022.0,1002.0],3.104703e-05],
[[1042.0,1002.0,1042.0,1002.0],2.403233e-05],
[[1062.0,1002.0,1062.0,1002.0],1.782167e-05],
[[1082.0,1002.0,1082.0,1002.0],1.628629e-05],
[[1103.0,1102.0,1103.0,1102.0],4.242679e-05],
[[1105.0,1102.0,1105.0,1102.0],4.235949e-05],
[[1107.0,1102.0,1107.0,1102.0],4.595723e-05],
[[1112.0,1102.0,1112.0,1102.0],4.179006e-05],
[[1122.0,1102.0,1122.0,1102.0],3.510236e-05],
[[1142.0,1102.0,1142.0,1102.0],2.670285e-05],
[[1162.0,1102.0,1162.0,1102.0],2.459291e-05],
[[1182.0,1102.0,1182.0,1102.0],1.786783e-05],
[[1203.0,1202.0,1203.0,1202.0],4.472366e-05],
[[1205.0,1202.0,1205.0,1202.0],4.297752e-05],
[[1207.0,1202.0,1207.0,1202.0],4.196877e-05],
[[1212.0,1202.0,1212.0,1202.0],4.235865e-05],
[[1222.0,1202.0,1222.0,1202.0],3.843261e-05],
[[1242.0,1202.0,1242.0,1202.0],2.712533e-05],
[[1262.0,1202.0,1262.0,1202.0],2.383253e-05],
[[1282.0,1202.0,1282.0,1202.0],2.060973e-05],
[[1303.0,1302.0,1303.0,1302.0],4.560353e-05],
[[1305.0,1302.0,1305.0,1302.0],4.589125e-05],
[[1307.0,1302.0,1307.0,1302.0],4.454879e-05],
[[1312.0,1302.0,1312.0,1302.0],4.620274e-05],
[[1322.0,1302.0,1322.0,1302.0],3.795053e-05],
[[1342.0,1302.0,1342.0,1302.0],3.347549e-05],
[[1362.0,1302.0,1362.0,1302.0],2.424641e-05],
[[1382.0,1302.0,1382.0,1302.0],2.586671e-05],
[[1403.0,1402.0,1403.0,1402.0],4.599771e-05],
[[1405.0,1402.0,1405.0,1402.0],5.014815e-05],
[[1407.0,1402.0,1407.0,1402.0],5.000118e-05],
[[1412.0,1402.0,1412.0,1402.0],4.757836e-05],
[[1422.0,1402.0,1422.0,1402.0],4.28449e-05],
[[1442.0,1402.0,1442.0,1402.0],3.241879e-05],
[[1462.0,1402.0,1462.0,1402.0],2.651463e-05],
[[1482.0,1402.0,1482.0,1402.0],2.564016e-05],
[[1503.0,1502.0,1503.0,1502.0],4.623341e-05],
[[1505.0,1502.0,1505.0,1502.0],5.099115e-05],
[[1507.0,1502.0,1507.0,1502.0],4.856321e-05],
[[1512.0,1502.0,1512.0,1502.0],4.673777e-05],
[[1522.0,1502.0,1522.0,1502.0],4.511851e-05],
[[1542.0,1502.0,1542.0,1502.0],3.479024e-05],
[[1562.0,1502.0,1562.0,1502.0],2.912634e-05],
[[1582.0,1502.0,1582.0,1502.0],2.805013e-05],
[[1603.0,1602.0,1603.0,1602.0],4.968732e-05],
[[1605.0,1602.0,1605.0,1602.0],5.060762e-05],
[[1607.0,1602.0,1607.0,1602.0],5.116229e-05],
[[1612.0,1602.0,1612.0,1602.0],4.990321e-05],
[[1622.0,1602.0,1622.0,1602.0],4.656397e-05],
[[1642.0,1602.0,1642.0,1602.0],3.595851e-05],
[[1662.0,1602.0,1662.0,1602.0],3.154835e-05],
[[1682.0,1602.0,1682.0,1602.0],2.868178e-05],
[[1703.0,1702.0,1703.0,1702.0],4.850606e-05],
[[1705.0,1702.0,1705.0,1702.0],5.02139e-05],
[[1707.0,1702.0,1707.0,1702.0],5.087228e-05],
[[1712.0,1702.0,1712.0,1702.0],4.880015e-05],
[[1722.0,1702.0,1722.0,1702.0],4.594391e-05],
[[1742.0,1702.0,1742.0,1702.0],3.854842e-05],
[[1762.0,1702.0,1762.0,1702.0],2.94339e-05],
[[1782.0,1702.0,1782.0,1702.0],2.91978e-05],
[[1803.0,1802.0,1803.0,1802.0],4.982984e-05],
[[1805.0,1802.0,1805.0,1802.0],4.939772e-05],
[[1807.0,1802.0,1807.0,1802.0],5.02994e-05],
[[1812.0,1802.0,1812.0,1802.0],5.116702e-05],
[[1822.0,1802.0,1822.0,1802.0],4.632745e-05],
[[1842.0,1802.0,1842.0,1802.0],3.501647e-05],
[[1862.0,1802.0,1862.0,1802.0],3.287012e-05],
[[1882.0,1802.0,1882.0,1802.0],3.056926e-05],
[[1903.0,1902.0,1903.0,1902.0],5.409928e-05],
[[1905.0,1902.0,1905.0,1902.0],5.259828e-05],
[[1907.0,1902.0,1907.0,1902.0],5.07086e-05],
[[1912.0,1902.0,1912.0,1902.0],5.178845e-05],
[[1922.0,1902.0,1922.0,1902.0],4.562067e-05],
[[1942.0,1902.0,1942.0,1902.0],3.772847e-05],
[[1962.0,1902.0,1962.0,1902.0],3.308333e-05],
[[1982.0,1902.0,1982.0,1902.0],3.05396e-05],
[[2003.0,2002.0,2003.0,2002.0],5.00637e-05],
[[2005.0,2002.0,2005.0,2002.0],5.128074e-05],
[[2007.0,2002.0,2007.0,2002.0],5.378692e-05],
[[2012.0,2002.0,2012.0,2002.0],4.876421e-05],
[[2022.0,2002.0,2022.0,2002.0],4.792309e-05],
[[2042.0,2002.0,2042.0,2002.0],3.902219e-05],
[[2062.0,2002.0,2062.0,2002.0],3.361698e-05],
[[2082.0,2002.0,2082.0,2002.0],2.977623e-05]]
