dataId: SR_2016_12
dataType: efficiencyMap
observedN: 926
expectedBG: 839.2151833
bgError: 26.097744975380536
upperLimit: 1.135*fb
expectedUpperLimit: 0.8025*fb
