txName: TChiWWISRqq
constraint: {(PV > anyBSM(1), anyBSM(3)), (anyBSM(1) > q, q, MET(2)), (anyBSM(3) > q, q, MET(4))}
condition: None
conditionDescription: None
figureUrl: None
source: Recast by MA5
validated: True
axesMap: [{0: 'x', 1: 'y', 2: 'x', 3: 'y'}]
dataMap: {0: (1, 'mass', GeV), 1: (2, 'mass', GeV), 2: (3, 'mass', GeV), 3: (4, 'mass', GeV)}
finalState: ['MET', 'MET']
efficiencyMap: [[[10.0,1.0,10.0,1.0],1.103834e-06],
[[10.0,3.0,10.0,3.0],2.798517e-06],
[[10.0,5.0,10.0,5.0],6.462602e-06],
[[10.0,7.0,10.0,7.0],1.247451e-05],
[[10.0,9.0,10.0,9.0],0.0001512383],
[[11.0,10.0,11.0,10.0],0.0001939158],
[[13.0,10.0,13.0,10.0],2.251976e-05],
[[15.0,10.0,15.0,10.0],1.253813e-05],
[[20.0,10.0,20.0,10.0],2.587271e-06],
[[21.0,20.0,21.0,20.0],0.0003252535],
[[23.0,20.0,23.0,20.0],0.0001164318],
[[25.0,20.0,25.0,20.0],5.072479e-05],
[[30.0,10.0,30.0,10.0],2.712661e-06],
[[30.0,20.0,30.0,20.0],1.139958e-05],
[[31.0,30.0,31.0,30.0],0.0003440528],
[[33.0,30.0,33.0,30.0],0.0001900183],
[[35.0,30.0,35.0,30.0],8.581859e-05],
[[40.0,20.0,40.0,20.0],4.421933e-06],
[[40.0,30.0,40.0,30.0],2.676321e-05],
[[41.0,40.0,41.0,40.0],0.0003331033],
[[43.0,40.0,43.0,40.0],0.000268371],
[[45.0,40.0,45.0,40.0],0.0001549179],
[[50.0,10.0,50.0,10.0],1.337471e-05],
[[50.0,30.0,50.0,30.0],3.332894e-05],
[[50.0,40.0,50.0,40.0],0.0001481022],
[[51.0,50.0,51.0,50.0],0.0008303953],
[[53.0,50.0,53.0,50.0],0.0008559293],
[[55.0,50.0,55.0,50.0],0.000701185],
[[60.0,20.0,60.0,20.0],4.062297e-05],
[[60.0,40.0,60.0,40.0],0.0001460823],
[[60.0,50.0,60.0,50.0],0.0004356524],
[[61.0,60.0,61.0,60.0],0.001630798],
[[63.0,60.0,63.0,60.0],0.001485874],
[[65.0,60.0,65.0,60.0],0.001308235],
[[70.0,10.0,70.0,10.0],5.11917e-05],
[[70.0,30.0,70.0,30.0],0.0001081638],
[[70.0,50.0,70.0,50.0],0.0003454663],
[[70.0,60.0,70.0,60.0],0.0007677679],
[[71.0,70.0,71.0,70.0],0.002155199],
[[73.0,70.0,73.0,70.0],0.002135562],
[[75.0,70.0,75.0,70.0],0.001967472],
[[80.0,20.0,80.0,20.0],0.0001001323],
[[80.0,40.0,80.0,40.0],0.0002161221],
[[80.0,60.0,80.0,60.0],0.0005984265],
[[80.0,70.0,80.0,70.0],0.001350777],
[[81.0,80.0,81.0,80.0],0.002771052],
[[83.0,80.0,83.0,80.0],0.002808288],
[[85.0,80.0,85.0,80.0],0.002664906],
[[90.0,10.0,90.0,10.0],0.0002121217],
[[90.0,30.0,90.0,30.0],0.0002951983],
[[90.0,50.0,90.0,50.0],0.0003141407],
[[90.0,70.0,90.0,70.0],0.0009169218],
[[90.0,80.0,90.0,80.0],0.001716674],
[[91.0,90.0,91.0,90.0],0.003560699],
[[93.0,90.0,93.0,90.0],0.003441256],
[[95.0,90.0,95.0,90.0],0.003290458],
[[100.0,20.0,100.0,20.0],0.0003060636],
[[100.0,40.0,100.0,40.0],0.0003078511],
[[100.0,60.0,100.0,60.0],0.0005083224],
[[100.0,80.0,100.0,80.0],0.001218422],
[[100.0,90.0,100.0,90.0],0.002508081],
[[101.0,100.0,101.0,100.0],0.004235702],
[[103.0,100.0,103.0,100.0],0.003961216],
[[103.0,102.0,103.0,102.0],0.004095734],
[[105.0,100.0,105.0,100.0],0.003801618],
[[105.0,102.0,105.0,102.0],0.003965522],
[[107.0,102.0,107.0,102.0],0.004048345],
[[110.0,30.0,110.0,30.0],0.0004296461],
[[110.0,50.0,110.0,50.0],0.0003955189],
[[110.0,70.0,110.0,70.0],0.0007558971],
[[110.0,90.0,110.0,90.0],0.001639825],
[[110.0,100.0,110.0,100.0],0.002999954],
[[112.0,102.0,112.0,102.0],0.003215067],
[[120.0,40.0,120.0,40.0],0.0004851739],
[[120.0,60.0,120.0,60.0],0.0006095494],
[[120.0,80.0,120.0,80.0],0.001033294],
[[120.0,100.0,120.0,100.0],0.002209434],
[[122.0,102.0,122.0,102.0],0.002343144],
[[123.0,122.0,123.0,122.0],0.00530392],
[[125.0,122.0,125.0,122.0],0.005121675],
[[127.0,122.0,127.0,122.0],0.005382467],
[[130.0,50.0,130.0,50.0],0.0006975976],
[[130.0,70.0,130.0,70.0],0.0008224438],
[[130.0,90.0,130.0,90.0],0.001346555],
[[132.0,122.0,132.0,122.0],0.004370273],
[[140.0,60.0,140.0,60.0],0.0008471531],
[[140.0,80.0,140.0,80.0],0.001075368],
[[140.0,100.0,140.0,100.0],0.001731538],
[[142.0,102.0,142.0,102.0],0.001756506],
[[142.0,122.0,142.0,122.0],0.003223426],
[[143.0,142.0,143.0,142.0],0.006340384],
[[145.0,142.0,145.0,142.0],0.006205372],
[[147.0,142.0,147.0,142.0],0.006134762],
[[150.0,70.0,150.0,70.0],0.001056161],
[[150.0,90.0,150.0,90.0],0.001241872],
[[152.0,142.0,152.0,142.0],0.00561941],
[[160.0,80.0,160.0,80.0],0.00128486],
[[160.0,100.0,160.0,100.0],0.001605462],
[[162.0,102.0,162.0,102.0],0.001748997],
[[162.0,122.0,162.0,122.0],0.002365036],
[[162.0,142.0,162.0,142.0],0.004187383],
[[163.0,162.0,163.0,162.0],0.007475767],
[[165.0,162.0,165.0,162.0],0.007331043],
[[167.0,162.0,167.0,162.0],0.007225176],
[[170.0,90.0,170.0,90.0],0.001399782],
[[172.0,162.0,172.0,162.0],0.006820923],
[[180.0,100.0,180.0,100.0],0.001864033],
[[182.0,102.0,182.0,102.0],0.001779525],
[[182.0,122.0,182.0,122.0],0.00245562],
[[182.0,142.0,182.0,142.0],0.003166379],
[[182.0,162.0,182.0,162.0],0.005296977],
[[183.0,182.0,183.0,182.0],0.00838901],
[[185.0,182.0,185.0,182.0],0.008140982],
[[187.0,182.0,187.0,182.0],0.008370718],
[[192.0,182.0,192.0,182.0],0.007654804],
[[202.0,122.0,202.0,122.0],0.002454505],
[[202.0,142.0,202.0,142.0],0.003002732],
[[202.0,162.0,202.0,162.0],0.004045625],
[[202.0,182.0,202.0,182.0],0.006421982],
[[203.0,202.0,203.0,202.0],0.00923559],
[[205.0,202.0,205.0,202.0],0.008903824],
[[207.0,202.0,207.0,202.0],0.009012841],
[[212.0,202.0,212.0,202.0],0.008390352],
[[222.0,142.0,222.0,142.0],0.003003175],
[[222.0,162.0,222.0,162.0],0.003437999],
[[222.0,182.0,222.0,182.0],0.004516198],
[[222.0,202.0,222.0,202.0],0.007014106],
[[223.0,222.0,223.0,222.0],0.009784538],
[[225.0,222.0,225.0,222.0],0.009664581],
[[227.0,222.0,227.0,222.0],0.009735302],
[[232.0,222.0,232.0,222.0],0.009113361],
[[242.0,162.0,242.0,162.0],0.00351406],
[[242.0,182.0,242.0,182.0],0.004055439],
[[242.0,202.0,242.0,202.0],0.005396181],
[[242.0,222.0,242.0,222.0],0.007811296],
[[243.0,242.0,243.0,242.0],0.01060135],
[[245.0,242.0,245.0,242.0],0.01055368],
[[247.0,242.0,247.0,242.0],0.01051339],
[[252.0,242.0,252.0,242.0],0.01007568],
[[262.0,182.0,262.0,182.0],0.004126084],
[[262.0,202.0,262.0,202.0],0.004704066],
[[262.0,222.0,262.0,222.0],0.006072312],
[[262.0,242.0,262.0,242.0],0.00883997],
[[263.0,262.0,263.0,262.0],0.01121759],
[[265.0,262.0,265.0,262.0],0.01108267],
[[267.0,262.0,267.0,262.0],0.01094587],
[[272.0,262.0,272.0,262.0],0.01062996],
[[282.0,202.0,282.0,202.0],0.00465462],
[[282.0,222.0,282.0,222.0],0.005154281],
[[282.0,242.0,282.0,242.0],0.006675668],
[[282.0,262.0,282.0,262.0],0.009260145],
[[283.0,282.0,283.0,282.0],0.01178253],
[[285.0,282.0,285.0,282.0],0.01176687],
[[287.0,282.0,287.0,282.0],0.01174308],
[[292.0,282.0,292.0,282.0],0.01128731],
[[302.0,222.0,302.0,222.0],0.004991164],
[[302.0,242.0,302.0,242.0],0.005569804],
[[302.0,262.0,302.0,262.0],0.007417524],
[[302.0,282.0,302.0,282.0],0.009899615],
[[303.0,302.0,303.0,302.0],0.01227194],
[[305.0,302.0,305.0,302.0],0.01209453],
[[307.0,302.0,307.0,302.0],0.01204753],
[[312.0,302.0,312.0,302.0],0.01188429],
[[322.0,242.0,322.0,242.0],0.0054613],
[[322.0,262.0,322.0,262.0],0.006284923],
[[322.0,282.0,322.0,282.0],0.007952517],
[[322.0,302.0,322.0,302.0],0.01098531],
[[323.0,322.0,323.0,322.0],0.01274195],
[[325.0,322.0,325.0,322.0],0.01288025],
[[327.0,322.0,327.0,322.0],0.01258193],
[[332.0,322.0,332.0,322.0],0.01282006],
[[342.0,262.0,342.0,262.0],0.00593705],
[[342.0,282.0,342.0,282.0],0.006579862],
[[342.0,302.0,342.0,302.0],0.008209273],
[[342.0,322.0,342.0,322.0],0.0111738],
[[343.0,342.0,343.0,342.0],0.0133263],
[[345.0,342.0,345.0,342.0],0.0133839],
[[347.0,342.0,347.0,342.0],0.01331021],
[[352.0,342.0,352.0,342.0],0.01283997],
[[362.0,282.0,362.0,282.0],0.006307915],
[[362.0,302.0,362.0,302.0],0.00721415],
[[362.0,322.0,362.0,322.0],0.009068393],
[[362.0,342.0,362.0,342.0],0.01171717],
[[363.0,362.0,363.0,362.0],0.01377754],
[[365.0,362.0,365.0,362.0],0.01381046],
[[367.0,362.0,367.0,362.0],0.01359056],
[[372.0,362.0,372.0,362.0],0.0134583],
[[382.0,302.0,382.0,302.0],0.006716464],
[[382.0,322.0,382.0,322.0],0.007694082],
[[382.0,342.0,382.0,342.0],0.009469636],
[[382.0,362.0,382.0,362.0],0.01208772],
[[383.0,382.0,383.0,382.0],0.01417797],
[[385.0,382.0,385.0,382.0],0.01422669],
[[387.0,382.0,387.0,382.0],0.01428112],
[[392.0,382.0,392.0,382.0],0.01356065],
[[402.0,322.0,402.0,322.0],0.007186907],
[[402.0,342.0,402.0,342.0],0.00800965],
[[402.0,362.0,402.0,362.0],0.009718261],
[[402.0,382.0,402.0,382.0],0.01257655],
[[403.0,402.0,403.0,402.0],0.01451677],
[[405.0,402.0,405.0,402.0],0.01453647],
[[407.0,402.0,407.0,402.0],0.01435522],
[[412.0,402.0,412.0,402.0],0.01422613],
[[422.0,342.0,422.0,342.0],0.007318021],
[[422.0,362.0,422.0,362.0],0.008197579],
[[422.0,382.0,422.0,382.0],0.01009286],
[[422.0,402.0,422.0,402.0],0.01298404],
[[442.0,362.0,442.0,362.0],0.007743149],
[[442.0,382.0,442.0,382.0],0.008792594],
[[442.0,402.0,442.0,402.0],0.01049543],
[[462.0,382.0,462.0,382.0],0.007794433],
[[462.0,402.0,462.0,402.0],0.009029977],
[[482.0,402.0,482.0,402.0],0.008323972],
[[503.0,502.0,503.0,502.0],0.01619249],
[[505.0,502.0,505.0,502.0],0.01600988],
[[507.0,502.0,507.0,502.0],0.01603065],
[[512.0,502.0,512.0,502.0],0.01575351],
[[522.0,502.0,522.0,502.0],0.01459208],
[[542.0,502.0,542.0,502.0],0.01196844],
[[562.0,502.0,562.0,502.0],0.01051308],
[[582.0,502.0,582.0,502.0],0.009187753],
[[603.0,602.0,603.0,602.0],0.01732313],
[[605.0,602.0,605.0,602.0],0.01709094],
[[607.0,602.0,607.0,602.0],0.01702026],
[[612.0,602.0,612.0,602.0],0.01705439],
[[622.0,602.0,622.0,602.0],0.01597944],
[[642.0,602.0,642.0,602.0],0.01336864],
[[662.0,602.0,662.0,602.0],0.01154728],
[[682.0,602.0,682.0,602.0],0.01042691],
[[703.0,702.0,703.0,702.0],0.01827518],
[[705.0,702.0,705.0,702.0],0.01820283],
[[707.0,702.0,707.0,702.0],0.01818799],
[[712.0,702.0,712.0,702.0],0.01830573],
[[722.0,702.0,722.0,702.0],0.01696822],
[[742.0,702.0,742.0,702.0],0.01448013],
[[762.0,702.0,762.0,702.0],0.01262431],
[[782.0,702.0,782.0,702.0],0.01097107],
[[803.0,802.0,803.0,802.0],0.01876111],
[[805.0,802.0,805.0,802.0],0.01952223],
[[807.0,802.0,807.0,802.0],0.01910841],
[[812.0,802.0,812.0,802.0],0.01899729],
[[822.0,802.0,822.0,802.0],0.01776076],
[[842.0,802.0,842.0,802.0],0.01554559],
[[862.0,802.0,862.0,802.0],0.01344719],
[[882.0,802.0,882.0,802.0],0.01214824],
[[903.0,902.0,903.0,902.0],0.0201221],
[[905.0,902.0,905.0,902.0],0.01977495],
[[907.0,902.0,907.0,902.0],0.01999178],
[[912.0,902.0,912.0,902.0],0.01942369],
[[922.0,902.0,922.0,902.0],0.01889354],
[[942.0,902.0,942.0,902.0],0.0165059],
[[962.0,902.0,962.0,902.0],0.01424984],
[[982.0,902.0,982.0,902.0],0.01247013],
[[1003.0,1002.0,1003.0,1002.0],0.02059265],
[[1005.0,1002.0,1005.0,1002.0],0.02078645],
[[1007.0,1002.0,1007.0,1002.0],0.02025825],
[[1012.0,1002.0,1012.0,1002.0],0.02033001],
[[1022.0,1002.0,1022.0,1002.0],0.01961008],
[[1042.0,1002.0,1042.0,1002.0],0.01728419],
[[1062.0,1002.0,1062.0,1002.0],0.01478884],
[[1082.0,1002.0,1082.0,1002.0],0.01333017],
[[1103.0,1102.0,1103.0,1102.0],0.02170604],
[[1105.0,1102.0,1105.0,1102.0],0.02184331],
[[1107.0,1102.0,1107.0,1102.0],0.02140189],
[[1112.0,1102.0,1112.0,1102.0],0.02134586],
[[1122.0,1102.0,1122.0,1102.0],0.02056727],
[[1142.0,1102.0,1142.0,1102.0],0.01793588],
[[1162.0,1102.0,1162.0,1102.0],0.01558762],
[[1182.0,1102.0,1182.0,1102.0],0.01381057],
[[1203.0,1202.0,1203.0,1202.0],0.02186502],
[[1205.0,1202.0,1205.0,1202.0],0.02216043],
[[1207.0,1202.0,1207.0,1202.0],0.0221379],
[[1212.0,1202.0,1212.0,1202.0],0.02228602],
[[1222.0,1202.0,1222.0,1202.0],0.0215416],
[[1242.0,1202.0,1242.0,1202.0],0.01902493],
[[1262.0,1202.0,1262.0,1202.0],0.01607487],
[[1282.0,1202.0,1282.0,1202.0],0.01408899],
[[1303.0,1302.0,1303.0,1302.0],0.02306755],
[[1305.0,1302.0,1305.0,1302.0],0.02273523],
[[1307.0,1302.0,1307.0,1302.0],0.02261755],
[[1312.0,1302.0,1312.0,1302.0],0.02319241],
[[1322.0,1302.0,1322.0,1302.0],0.02239385],
[[1342.0,1302.0,1342.0,1302.0],0.01924491],
[[1362.0,1302.0,1362.0,1302.0],0.01688543],
[[1382.0,1302.0,1382.0,1302.0],0.01431783],
[[1403.0,1402.0,1403.0,1402.0],0.02267576],
[[1405.0,1402.0,1405.0,1402.0],0.02280114],
[[1407.0,1402.0,1407.0,1402.0],0.02321936],
[[1412.0,1402.0,1412.0,1402.0],0.02278428],
[[1422.0,1402.0,1422.0,1402.0],0.02201308],
[[1442.0,1402.0,1442.0,1402.0],0.01921508],
[[1462.0,1402.0,1462.0,1402.0],0.01697236],
[[1482.0,1402.0,1482.0,1402.0],0.01456917],
[[1503.0,1502.0,1503.0,1502.0],0.02280718],
[[1505.0,1502.0,1505.0,1502.0],0.02326661],
[[1507.0,1502.0,1507.0,1502.0],0.02321189],
[[1512.0,1502.0,1512.0,1502.0],0.02256452],
[[1522.0,1502.0,1522.0,1502.0],0.02223941],
[[1542.0,1502.0,1542.0,1502.0],0.01948304],
[[1562.0,1502.0,1562.0,1502.0],0.01711073],
[[1582.0,1502.0,1582.0,1502.0],0.01520268],
[[1603.0,1602.0,1603.0,1602.0],0.02378733],
[[1605.0,1602.0,1605.0,1602.0],0.02302174],
[[1607.0,1602.0,1607.0,1602.0],0.02339855],
[[1612.0,1602.0,1612.0,1602.0],0.02316309],
[[1622.0,1602.0,1622.0,1602.0],0.02271633],
[[1642.0,1602.0,1642.0,1602.0],0.01984327],
[[1662.0,1602.0,1662.0,1602.0],0.01750639],
[[1682.0,1602.0,1682.0,1602.0],0.01497086],
[[1703.0,1702.0,1703.0,1702.0],0.02337135],
[[1705.0,1702.0,1705.0,1702.0],0.02299207],
[[1707.0,1702.0,1707.0,1702.0],0.02332393],
[[1712.0,1702.0,1712.0,1702.0],0.02316593],
[[1722.0,1702.0,1722.0,1702.0],0.02238576],
[[1742.0,1702.0,1742.0,1702.0],0.0200454],
[[1762.0,1702.0,1762.0,1702.0],0.01735298],
[[1782.0,1702.0,1782.0,1702.0],0.01500925],
[[1803.0,1802.0,1803.0,1802.0],0.02278444],
[[1805.0,1802.0,1805.0,1802.0],0.02303696],
[[1807.0,1802.0,1807.0,1802.0],0.0233447],
[[1812.0,1802.0,1812.0,1802.0],0.02338602],
[[1822.0,1802.0,1822.0,1802.0],0.02199199],
[[1842.0,1802.0,1842.0,1802.0],0.02007406],
[[1862.0,1802.0,1862.0,1802.0],0.017824],
[[1882.0,1802.0,1882.0,1802.0],0.01482537],
[[1903.0,1902.0,1903.0,1902.0],0.02285481],
[[1905.0,1902.0,1905.0,1902.0],0.02278516],
[[1907.0,1902.0,1907.0,1902.0],0.0228944],
[[1912.0,1902.0,1912.0,1902.0],0.02272006],
[[1922.0,1902.0,1922.0,1902.0],0.02285464],
[[1942.0,1902.0,1942.0,1902.0],0.01988346],
[[1962.0,1902.0,1962.0,1902.0],0.01799302],
[[1982.0,1902.0,1982.0,1902.0],0.01564725],
[[2003.0,2002.0,2003.0,2002.0],0.02282727],
[[2005.0,2002.0,2005.0,2002.0],0.02319939],
[[2007.0,2002.0,2007.0,2002.0],0.02301933],
[[2012.0,2002.0,2012.0,2002.0],0.02271064],
[[2022.0,2002.0,2022.0,2002.0],0.0226198],
[[2042.0,2002.0,2042.0,2002.0],0.0192774],
[[2062.0,2002.0,2062.0,2002.0],0.01741523],
[[2082.0,2002.0,2082.0,2002.0],0.01530237]]
