txName: TChiISR
constraint: {(PV > MET(1), MET(2))}
condition: None
conditionDescription: None
figureUrl: None
source: MA5
validated: True
axesMap: [{0: 'x', 1: 'y'}]
dataMap: {0: (1, 'mass', GeV), 1: (2, 'mass', GeV)}
finalState: ['MET', 'MET']
efficiencyMap: [[[1.0,10.0],0.0003562659],
[[1.0,20.0],0.0003912096],
[[1.0,30.0],0.0003701506],
[[1.0,40.0],0.0004034601],
[[1.0,50.0],0.0003620038],
[[1.0,60.0],0.0003675488],
[[5.0,10.0],0.0003849047],
[[7.0,10.0],0.0003822422],
[[9.0,10.0],0.0003733902],
[[10.0,1.0],0.0003562659],
[[10.0,5.0],0.0003849047],
[[10.0,7.0],0.0003822422],
[[10.0,9.0],0.0003733902],
[[10.0,10.0],0.0004446286],
[[12.0,62.0],0.0003934986],
[[12.0,72.0],0.0004422395],
[[12.0,82.0],0.001054858],
[[12.0,92.0],0.001559894],
[[12.0,102.0],0.002145189],
[[12.0,212.0],0.006350799],
[[12.0,312.0],0.008731115],
[[15.0,20.0],0.00040564],
[[17.0,20.0],0.0003830618],
[[19.0,20.0],0.0003880711],
[[20.0,1.0],0.0003912096],
[[20.0,15.0],0.00040564],
[[20.0,17.0],0.0003830618],
[[20.0,19.0],0.0003880711],
[[20.0,20.0],0.0004165893],
[[20.0,30.0],0.0003571489],
[[20.0,40.0],0.0003722399],
[[20.0,50.0],0.0003991395],
[[20.0,60.0],0.0003948389],
[[25.0,30.0],0.0004008926],
[[27.0,30.0],0.0004018477],
[[29.0,30.0],0.0003757145],
[[30.0,1.0],0.0003701506],
[[30.0,20.0],0.0003571489],
[[30.0,25.0],0.0004008926],
[[30.0,27.0],0.0004018477],
[[30.0,29.0],0.0003757145],
[[30.0,30.0],0.0003922666],
[[30.0,40.0],0.0003720617],
[[30.0,50.0],0.0004031415],
[[30.0,60.0],0.0006719158],
[[32.0,62.0],0.001022202],
[[32.0,72.0],0.001579225],
[[32.0,82.0],0.002120287],
[[32.0,92.0],0.00251835],
[[32.0,102.0],0.003029856],
[[32.0,112.0],0.003376446],
[[32.0,122.0],0.00357872],
[[32.0,232.0],0.007140311],
[[32.0,332.0],0.009343324],
[[35.0,40.0],0.0003832233],
[[37.0,40.0],0.0004455234],
[[39.0,40.0],0.0004020171],
[[40.0,1.0],0.0004034601],
[[40.0,20.0],0.0003722399],
[[40.0,30.0],0.0003720617],
[[40.0,35.0],0.0003832233],
[[40.0,37.0],0.0004455234],
[[40.0,39.0],0.0004020171],
[[40.0,40.0],0.0003865341],
[[40.0,50.0],0.0006748817],
[[40.0,60.0],0.001317433],
[[45.0,50.0],0.001113173],
[[47.0,50.0],0.001110667],
[[49.0,50.0],0.001316527],
[[50.0,1.0],0.0003620038],
[[50.0,20.0],0.0003991395],
[[50.0,30.0],0.0004031415],
[[50.0,40.0],0.0006748817],
[[50.0,45.0],0.001113173],
[[50.0,47.0],0.001110667],
[[50.0,49.0],0.001316527],
[[50.0,50.0],0.001387113],
[[50.0,60.0],0.001790437],
[[52.0,62.0],0.001963506],
[[52.0,67.0],0.002204593],
[[52.0,72.0],0.00257117],
[[52.0,82.0],0.003035852],
[[52.0,92.0],0.003441979],
[[52.0,102.0],0.00385194],
[[52.0,112.0],0.004103498],
[[52.0,122.0],0.004740117],
[[52.0,132.0],0.004764416],
[[52.0,142.0],0.005069579],
[[52.0,252.0],0.008238752],
[[52.0,352.0],0.01001508],
[[55.0,60.0],0.002061136],
[[57.0,60.0],0.002182317],
[[59.0,60.0],0.002225063],
[[60.0,1.0],0.0003675488],
[[60.0,20.0],0.0003948389],
[[60.0,30.0],0.0006719158],
[[60.0,40.0],0.001317433],
[[60.0,50.0],0.001790437],
[[60.0,55.0],0.002061136],
[[60.0,57.0],0.002182317],
[[60.0,59.0],0.002225063],
[[60.0,60.0],0.002322277],
[[62.0,12.0],0.0003934986],
[[62.0,32.0],0.001022202],
[[62.0,52.0],0.001963506],
[[67.0,52.0],0.002204593],
[[72.0,12.0],0.0004422395],
[[72.0,32.0],0.001579225],
[[72.0,52.0],0.00257117],
[[72.0,72.0],0.003445043],
[[72.0,75.0],0.003331236],
[[72.0,77.0],0.003511126],
[[72.0,82.0],0.003765683],
[[72.0,87.0],0.003941614],
[[72.0,92.0],0.004213905],
[[72.0,102.0],0.004533702],
[[72.0,112.0],0.005039836],
[[72.0,122.0],0.005173662],
[[72.0,132.0],0.005430808],
[[72.0,142.0],0.005742814],
[[72.0,152.0],0.006318272],
[[72.0,162.0],0.00669924],
[[72.0,272.0],0.009000386],
[[72.0,372.0],0.01062847],
[[75.0,72.0],0.003331236],
[[77.0,72.0],0.003511126],
[[82.0,12.0],0.001054858],
[[82.0,32.0],0.002120287],
[[82.0,52.0],0.003035852],
[[82.0,72.0],0.003765683],
[[87.0,72.0],0.003941614],
[[92.0,12.0],0.001559894],
[[92.0,32.0],0.00251835],
[[92.0,52.0],0.003441979],
[[92.0,72.0],0.004213905],
[[92.0,92.0],0.00488867],
[[92.0,95.0],0.005070682],
[[92.0,97.0],0.004974502],
[[92.0,102.0],0.005343928],
[[92.0,107.0],0.005415268],
[[92.0,112.0],0.005446736],
[[92.0,122.0],0.00598125],
[[92.0,132.0],0.006046998],
[[92.0,142.0],0.006537299],
[[92.0,152.0],0.006834101],
[[92.0,162.0],0.007145721],
[[92.0,172.0],0.0073095],
[[92.0,182.0],0.007824941],
[[92.0,292.0],0.009926399],
[[92.0,392.0],0.01149152],
[[95.0,92.0],0.005070682],
[[97.0,92.0],0.004974502],
[[102.0,12.0],0.002145189],
[[102.0,32.0],0.003029856],
[[102.0,52.0],0.00385194],
[[102.0,72.0],0.004533702],
[[102.0,92.0],0.005343928],
[[102.0,102.0],0.005561476],
[[102.0,105.0],0.005921626],
[[102.0,107.0],0.005837665],
[[102.0,112.0],0.005979592],
[[102.0,117.0],0.006038188],
[[102.0,122.0],0.006153569],
[[102.0,132.0],0.006534086],
[[102.0,142.0],0.006694264],
[[102.0,152.0],0.006851233],
[[102.0,162.0],0.007572088],
[[102.0,172.0],0.007440198],
[[102.0,182.0],0.008035667],
[[102.0,192.0],0.007934664],
[[102.0,302.0],0.01008676],
[[102.0,402.0],0.01151024],
[[105.0,102.0],0.005921626],
[[107.0,92.0],0.005415268],
[[107.0,102.0],0.005837665],
[[112.0,32.0],0.003376446],
[[112.0,52.0],0.004103498],
[[112.0,72.0],0.005039836],
[[112.0,92.0],0.005446736],
[[112.0,102.0],0.005979592],
[[117.0,102.0],0.006038188],
[[122.0,32.0],0.00357872],
[[122.0,52.0],0.004740117],
[[122.0,72.0],0.005173662],
[[122.0,92.0],0.00598125],
[[122.0,102.0],0.006153569],
[[132.0,52.0],0.004764416],
[[132.0,72.0],0.005430808],
[[132.0,92.0],0.006046998],
[[132.0,102.0],0.006534086],
[[142.0,52.0],0.005069579],
[[142.0,72.0],0.005742814],
[[142.0,92.0],0.006537299],
[[142.0,102.0],0.006694264],
[[152.0,72.0],0.006318272],
[[152.0,92.0],0.006834101],
[[152.0,102.0],0.006851233],
[[152.0,152.0],0.008274157],
[[152.0,155.0],0.008634707],
[[152.0,157.0],0.008666673],
[[152.0,162.0],0.008762291],
[[152.0,167.0],0.008601026],
[[152.0,172.0],0.009125853],
[[152.0,182.0],0.009214705],
[[152.0,192.0],0.009592709],
[[152.0,202.0],0.0097489],
[[152.0,212.0],0.009754758],
[[152.0,222.0],0.009710934],
[[152.0,232.0],0.009802645],
[[152.0,242.0],0.0103136],
[[152.0,352.0],0.01179316],
[[152.0,452.0],0.01303323],
[[155.0,152.0],0.008634707],
[[157.0,152.0],0.008666673],
[[162.0,72.0],0.00669924],
[[162.0,92.0],0.007145721],
[[162.0,102.0],0.007572088],
[[162.0,152.0],0.008762291],
[[167.0,152.0],0.008601026],
[[172.0,92.0],0.0073095],
[[172.0,102.0],0.007440198],
[[172.0,152.0],0.009125853],
[[182.0,92.0],0.007824941],
[[182.0,102.0],0.008035667],
[[182.0,152.0],0.009214705],
[[192.0,102.0],0.007934664],
[[192.0,152.0],0.009592709],
[[202.0,152.0],0.0097489],
[[202.0,202.0],0.01047373],
[[202.0,205.0],0.01070699],
[[202.0,207.0],0.01065191],
[[202.0,212.0],0.01077179],
[[202.0,217.0],0.01083071],
[[202.0,222.0],0.01104581],
[[202.0,232.0],0.01116387],
[[202.0,242.0],0.01126857],
[[202.0,252.0],0.0114958],
[[202.0,262.0],0.01151362],
[[202.0,272.0],0.01173379],
[[202.0,282.0],0.01153282],
[[202.0,292.0],0.01189183],
[[202.0,402.0],0.01282999],
[[202.0,502.0],0.01418539],
[[205.0,202.0],0.01070699],
[[207.0,202.0],0.01065191],
[[212.0,12.0],0.006350799],
[[212.0,152.0],0.009754758],
[[212.0,202.0],0.01077179],
[[217.0,202.0],0.01083071],
[[222.0,152.0],0.009710934],
[[222.0,202.0],0.01104581],
[[232.0,32.0],0.007140311],
[[232.0,152.0],0.009802645],
[[232.0,202.0],0.01116387],
[[242.0,152.0],0.0103136],
[[242.0,202.0],0.01126857],
[[252.0,52.0],0.008238752],
[[252.0,202.0],0.0114958],
[[252.0,252.0],0.01225695],
[[252.0,255.0],0.01202121],
[[252.0,257.0],0.01232825],
[[252.0,262.0],0.0125756],
[[252.0,267.0],0.01225829],
[[252.0,272.0],0.01247176],
[[252.0,282.0],0.01255781],
[[252.0,292.0],0.01259247],
[[252.0,302.0],0.01306086],
[[252.0,312.0],0.01291862],
[[252.0,322.0],0.01305679],
[[252.0,332.0],0.01297809],
[[252.0,342.0],0.01318138],
[[252.0,452.0],0.01442052],
[[252.0,552.0],0.01492747],
[[255.0,252.0],0.01202121],
[[257.0,252.0],0.01232825],
[[262.0,202.0],0.01151362],
[[262.0,252.0],0.0125756],
[[267.0,252.0],0.01225829],
[[272.0,72.0],0.009000386],
[[272.0,202.0],0.01173379],
[[272.0,252.0],0.01247176],
[[282.0,202.0],0.01153282],
[[282.0,252.0],0.01255781],
[[292.0,92.0],0.009926399],
[[292.0,202.0],0.01189183],
[[292.0,252.0],0.01259247],
[[302.0,102.0],0.01008676],
[[302.0,252.0],0.01306086],
[[302.0,302.0],0.01387385],
[[302.0,305.0],0.01354374],
[[302.0,307.0],0.01379848],
[[302.0,312.0],0.01373985],
[[302.0,317.0],0.01374676],
[[302.0,322.0],0.01355224],
[[302.0,332.0],0.01405503],
[[302.0,342.0],0.01380762],
[[302.0,352.0],0.01394834],
[[302.0,362.0],0.01418386],
[[302.0,372.0],0.01438392],
[[302.0,382.0],0.01439815],
[[302.0,392.0],0.01435132],
[[302.0,502.0],0.01528122],
[[302.0,602.0],0.0159057],
[[305.0,302.0],0.01354374],
[[307.0,302.0],0.01379848],
[[312.0,12.0],0.008731115],
[[312.0,252.0],0.01291862],
[[312.0,302.0],0.01373985],
[[317.0,302.0],0.01374676],
[[322.0,252.0],0.01305679],
[[322.0,302.0],0.01355224],
[[332.0,32.0],0.009343324],
[[332.0,252.0],0.01297809],
[[332.0,302.0],0.01405503],
[[342.0,252.0],0.01318138],
[[342.0,302.0],0.01380762],
[[352.0,52.0],0.01001508],
[[352.0,152.0],0.01179316],
[[352.0,302.0],0.01394834],
[[352.0,352.0],0.01491923],
[[352.0,355.0],0.01491241],
[[352.0,357.0],0.0146571],
[[352.0,362.0],0.01479202],
[[352.0,367.0],0.01486613],
[[352.0,372.0],0.01482706],
[[352.0,382.0],0.01484761],
[[352.0,392.0],0.0149207],
[[352.0,402.0],0.01491087],
[[352.0,412.0],0.0152285],
[[352.0,422.0],0.01485394],
[[352.0,432.0],0.01563682],
[[352.0,442.0],0.01539043],
[[352.0,552.0],0.01581887],
[[352.0,652.0],0.01654868],
[[355.0,352.0],0.01491241],
[[357.0,352.0],0.0146571],
[[362.0,302.0],0.01418386],
[[362.0,352.0],0.01479202],
[[367.0,352.0],0.01486613],
[[372.0,72.0],0.01062847],
[[372.0,302.0],0.01438392],
[[372.0,352.0],0.01482706],
[[382.0,302.0],0.01439815],
[[382.0,352.0],0.01484761],
[[392.0,92.0],0.01149152],
[[392.0,302.0],0.01435132],
[[392.0,352.0],0.0149207],
[[402.0,102.0],0.01151024],
[[402.0,202.0],0.01282999],
[[402.0,352.0],0.01491087],
[[402.0,402.0],0.01564519],
[[402.0,405.0],0.01588076],
[[402.0,407.0],0.01588585],
[[402.0,412.0],0.01594913],
[[402.0,417.0],0.01585876],
[[402.0,422.0],0.01588046],
[[402.0,432.0],0.01585656],
[[402.0,442.0],0.01605609],
[[402.0,452.0],0.01575232],
[[402.0,462.0],0.01588432],
[[402.0,472.0],0.01618987],
[[402.0,482.0],0.01578355],
[[402.0,492.0],0.01602109],
[[402.0,602.0],0.01658583],
[[402.0,702.0],0.01688342],
[[405.0,402.0],0.01588076],
[[407.0,402.0],0.01588585],
[[412.0,352.0],0.0152285],
[[412.0,402.0],0.01594913],
[[417.0,402.0],0.01585876],
[[422.0,352.0],0.01485394],
[[422.0,402.0],0.01588046],
[[432.0,352.0],0.01563682],
[[432.0,402.0],0.01585656],
[[442.0,352.0],0.01539043],
[[442.0,402.0],0.01605609],
[[452.0,152.0],0.01303323],
[[452.0,252.0],0.01442052],
[[452.0,402.0],0.01575232],
[[462.0,402.0],0.01588432],
[[472.0,402.0],0.01618987],
[[482.0,402.0],0.01578355],
[[492.0,402.0],0.01602109],
[[502.0,202.0],0.01418539],
[[502.0,302.0],0.01528122],
[[552.0,252.0],0.01492747],
[[552.0,352.0],0.01581887],
[[602.0,302.0],0.0159057],
[[602.0,402.0],0.01658583],
[[602.0,602.0],0.0179856],
[[602.0,605.0],0.01820072],
[[602.0,607.0],0.01822781],
[[602.0,612.0],0.01798424],
[[602.0,617.0],0.01807728],
[[602.0,622.0],0.0182171],
[[602.0,632.0],0.01804493],
[[602.0,642.0],0.01829908],
[[602.0,652.0],0.01820786],
[[602.0,662.0],0.01839626],
[[602.0,672.0],0.01843327],
[[602.0,682.0],0.01843197],
[[602.0,692.0],0.01825368],
[[602.0,802.0],0.01874243],
[[602.0,902.0],0.01918426],
[[605.0,602.0],0.01820072],
[[607.0,602.0],0.01822781],
[[612.0,602.0],0.01798424],
[[617.0,602.0],0.01807728],
[[622.0,602.0],0.0182171],
[[632.0,602.0],0.01804493],
[[642.0,602.0],0.01829908],
[[652.0,352.0],0.01654868],
[[652.0,602.0],0.01820786],
[[662.0,602.0],0.01839626],
[[672.0,602.0],0.01843327],
[[682.0,602.0],0.01843197],
[[692.0,602.0],0.01825368],
[[702.0,402.0],0.01688342],
[[802.0,602.0],0.01874243],
[[802.0,802.0],0.01969559],
[[802.0,805.0],0.01951776],
[[802.0,807.0],0.01980732],
[[802.0,812.0],0.01986742],
[[802.0,817.0],0.01976095],
[[802.0,822.0],0.01984989],
[[802.0,832.0],0.01953682],
[[802.0,842.0],0.01977169],
[[802.0,852.0],0.01972323],
[[802.0,862.0],0.02029517],
[[802.0,872.0],0.02009542],
[[802.0,882.0],0.01990202],
[[802.0,892.0],0.02002341],
[[802.0,1002.0],0.02025872],
[[802.0,1102.0],0.02121429],
[[805.0,802.0],0.01951776],
[[807.0,802.0],0.01980732],
[[812.0,802.0],0.01986742],
[[817.0,802.0],0.01976095],
[[822.0,802.0],0.01984989],
[[832.0,802.0],0.01953682],
[[842.0,802.0],0.01977169],
[[852.0,802.0],0.01972323],
[[862.0,802.0],0.02029517],
[[872.0,802.0],0.02009542],
[[882.0,802.0],0.01990202],
[[892.0,802.0],0.02002341],
[[902.0,602.0],0.01918426],
[[1002.0,802.0],0.02025872],
[[1002.0,1002.0],0.02100515],
[[1002.0,1005.0],0.02125644],
[[1002.0,1007.0],0.02093751],
[[1002.0,1012.0],0.02098522],
[[1002.0,1017.0],0.02080973],
[[1002.0,1022.0],0.02102585],
[[1002.0,1032.0],0.02066098],
[[1002.0,1042.0],0.02105887],
[[1002.0,1052.0],0.02148326],
[[1002.0,1062.0],0.02125153],
[[1002.0,1072.0],0.02183774],
[[1002.0,1082.0],0.02125577],
[[1002.0,1092.0],0.02168107],
[[1002.0,1202.0],0.02244207],
[[1002.0,1302.0],0.02271248],
[[1005.0,1002.0],0.02125644],
[[1007.0,1002.0],0.02093751],
[[1012.0,1002.0],0.02098522],
[[1017.0,1002.0],0.02080973],
[[1022.0,1002.0],0.02102585],
[[1032.0,1002.0],0.02066098],
[[1042.0,1002.0],0.02105887],
[[1052.0,1002.0],0.02148326],
[[1062.0,1002.0],0.02125153],
[[1072.0,1002.0],0.02183774],
[[1082.0,1002.0],0.02125577],
[[1092.0,1002.0],0.02168107],
[[1102.0,802.0],0.02121429],
[[1202.0,1002.0],0.02244207],
[[1202.0,1202.0],0.02245519],
[[1202.0,1205.0],0.02296234],
[[1202.0,1207.0],0.0223994],
[[1202.0,1212.0],0.02276929],
[[1202.0,1217.0],0.02269912],
[[1202.0,1222.0],0.0229386],
[[1202.0,1232.0],0.02305052],
[[1202.0,1242.0],0.02267827],
[[1202.0,1252.0],0.02295092],
[[1202.0,1262.0],0.02291757],
[[1202.0,1272.0],0.02218529],
[[1202.0,1282.0],0.02281197],
[[1202.0,1292.0],0.02241108],
[[1202.0,1402.0],0.02242214],
[[1202.0,1502.0],0.02281072],
[[1205.0,1202.0],0.02296234],
[[1207.0,1202.0],0.0223994],
[[1212.0,1202.0],0.02276929],
[[1217.0,1202.0],0.02269912],
[[1222.0,1202.0],0.0229386],
[[1232.0,1202.0],0.02305052],
[[1242.0,1202.0],0.02267827],
[[1252.0,1202.0],0.02295092],
[[1262.0,1202.0],0.02291757],
[[1272.0,1202.0],0.02218529],
[[1282.0,1202.0],0.02281197],
[[1292.0,1202.0],0.02241108],
[[1302.0,1002.0],0.02271248],
[[1402.0,1202.0],0.02242214],
[[1402.0,1402.0],0.0229252],
[[1402.0,1405.0],0.02296053],
[[1402.0,1407.0],0.02264144],
[[1402.0,1412.0],0.02319735],
[[1402.0,1417.0],0.02311085],
[[1402.0,1422.0],0.02343435],
[[1402.0,1432.0],0.02271305],
[[1402.0,1442.0],0.02288826],
[[1402.0,1452.0],0.02266437],
[[1402.0,1462.0],0.02263637],
[[1402.0,1472.0],0.0229651],
[[1402.0,1482.0],0.02229709],
[[1402.0,1492.0],0.02296798],
[[1402.0,1602.0],0.02335001],
[[1402.0,1702.0],0.0229442],
[[1405.0,1402.0],0.02296053],
[[1407.0,1402.0],0.02264144],
[[1412.0,1402.0],0.02319735],
[[1417.0,1402.0],0.02311085],
[[1422.0,1402.0],0.02343435],
[[1432.0,1402.0],0.02271305],
[[1442.0,1402.0],0.02288826],
[[1452.0,1402.0],0.02266437],
[[1462.0,1402.0],0.02263637],
[[1472.0,1402.0],0.0229651],
[[1482.0,1402.0],0.02229709],
[[1492.0,1402.0],0.02296798],
[[1502.0,1202.0],0.02281072],
[[1602.0,1402.0],0.02335001],
[[1602.0,1602.0],0.02305215],
[[1602.0,1605.0],0.0225531],
[[1602.0,1607.0],0.02321782],
[[1602.0,1612.0],0.02328316],
[[1602.0,1617.0],0.02309488],
[[1602.0,1622.0],0.02294033],
[[1602.0,1632.0],0.02271394],
[[1602.0,1642.0],0.02299904],
[[1602.0,1652.0],0.02272283],
[[1602.0,1662.0],0.0226198],
[[1602.0,1672.0],0.02253515],
[[1602.0,1682.0],0.02347953],
[[1602.0,1692.0],0.02280097],
[[1602.0,1802.0],0.02330929],
[[1602.0,1902.0],0.02271626],
[[1605.0,1602.0],0.0225531],
[[1607.0,1602.0],0.02321782],
[[1612.0,1602.0],0.02328316],
[[1617.0,1602.0],0.02309488],
[[1622.0,1602.0],0.02294033],
[[1632.0,1602.0],0.02271394],
[[1642.0,1602.0],0.02299904],
[[1652.0,1602.0],0.02272283],
[[1662.0,1602.0],0.0226198],
[[1672.0,1602.0],0.02253515],
[[1682.0,1602.0],0.02347953],
[[1692.0,1602.0],0.02280097],
[[1702.0,1402.0],0.0229442],
[[1802.0,1602.0],0.02330929],
[[1802.0,1802.0],0.02290082],
[[1802.0,1805.0],0.02233508],
[[1802.0,1807.0],0.02258696],
[[1802.0,1812.0],0.02326068],
[[1802.0,1817.0],0.02246589],
[[1802.0,1822.0],0.02313689],
[[1802.0,1832.0],0.02310658],
[[1802.0,1842.0],0.02297721],
[[1802.0,1852.0],0.02328134],
[[1802.0,1862.0],0.02259716],
[[1802.0,1872.0],0.02333022],
[[1802.0,1882.0],0.0229506],
[[1802.0,1892.0],0.02263883],
[[1802.0,2002.0],0.02267123],
[[1802.0,2102.0],0.02299859],
[[1805.0,1802.0],0.02233508],
[[1807.0,1802.0],0.02258696],
[[1812.0,1802.0],0.02326068],
[[1817.0,1802.0],0.02246589],
[[1822.0,1802.0],0.02313689],
[[1832.0,1802.0],0.02310658],
[[1842.0,1802.0],0.02297721],
[[1852.0,1802.0],0.02328134],
[[1862.0,1802.0],0.02259716],
[[1872.0,1802.0],0.02333022],
[[1882.0,1802.0],0.0229506],
[[1892.0,1802.0],0.02263883],
[[1902.0,1602.0],0.02271626],
[[2002.0,1802.0],0.02267123],
[[2002.0,2002.0],0.02276837],
[[2002.0,2005.0],0.02282354],
[[2002.0,2007.0],0.02292022],
[[2002.0,2012.0],0.02270214],
[[2002.0,2017.0],0.02268955],
[[2002.0,2022.0],0.0226686],
[[2002.0,2032.0],0.02321074],
[[2002.0,2042.0],0.02272375],
[[2002.0,2052.0],0.02254072],
[[2002.0,2062.0],0.02310706],
[[2002.0,2072.0],0.02257332],
[[2002.0,2082.0],0.02280184],
[[2002.0,2092.0],0.022819],
[[2002.0,2202.0],0.02280554],
[[2002.0,2302.0],0.02295792],
[[2005.0,2002.0],0.02282354],
[[2007.0,2002.0],0.02292022],
[[2012.0,2002.0],0.02270214],
[[2017.0,2002.0],0.02268955],
[[2022.0,2002.0],0.0226686],
[[2032.0,2002.0],0.02321074],
[[2042.0,2002.0],0.02272375],
[[2052.0,2002.0],0.02254072],
[[2062.0,2002.0],0.02310706],
[[2072.0,2002.0],0.02257332],
[[2082.0,2002.0],0.02280184],
[[2092.0,2002.0],0.022819],
[[2102.0,1802.0],0.02299859],
[[2202.0,2002.0],0.02280554],
[[2302.0,2002.0],0.02295792]]
