txName: TRV1
constraint: {(PV > Zprime(1)), (Zprime(1) > MET(2),MET(3))}
condition: None
conditionDescription: None
figureUrl: https://atlas.web.cern.ch/Atlas/GROUPS/PHYSICS/PAPERS/EXOT-2018-06/figaux_06.png
source: CMS
validated: True
axesMap: [{0: 'x', 1: 'y', 2: 'y'}]
dataMap: {0: (1, 'mass', GeV), 1: (2, 'mass', GeV), 2: (3, 'mass', GeV)}
finalState: ['MET', 'MET']
efficiencyMap: [[[100.0,0.0,0.0],0.0004457786],
[[100.0,50.0,50.0],0.000508483],
[[200.0,0.0,0.0],0.001879273],
[[200.0,50.0,50.0],0.001833283],
[[200.0,100.0,100.0],0.002127786],
[[300.0,0.0,0.0],0.00383965],
[[300.0,50.0,50.0],0.00389198],
[[300.0,100.0,100.0],0.004000622],
[[300.0,150.0,150.0],0.004275309],
[[400.0,0.0,0.0],0.005844715],
[[400.0,50.0,50.0],0.005919775],
[[400.0,100.0,100.0],0.006111989],
[[400.0,150.0,150.0],0.006100594],
[[400.0,200.0,200.0],0.006658691],
[[500.0,0.0,0.0],0.007807075],
[[500.0,50.0,50.0],0.007679742],
[[500.0,100.0,100.0],0.007975911],
[[500.0,150.0,150.0],0.007891225],
[[500.0,200.0,200.0],0.007981578],
[[500.0,250.0,250.0],0.008401545],
[[600.0,0.0,0.0],0.008995884],
[[600.0,50.0,50.0],0.009255363],
[[600.0,100.0,100.0],0.009252181],
[[600.0,150.0,150.0],0.009442848],
[[600.0,200.0,200.0],0.009514519],
[[600.0,250.0,250.0],0.00963495],
[[600.0,300.0,300.0],0.00994794],
[[700.0,0.0,0.0],0.01026605],
[[700.0,50.0,50.0],0.01044278],
[[700.0,100.0,100.0],0.01056876],
[[700.0,150.0,150.0],0.01059568],
[[700.0,200.0,200.0],0.01073001],
[[700.0,250.0,250.0],0.01086749],
[[700.0,300.0,300.0],0.01101255],
[[700.0,350.0,350.0],0.01143055],
[[800.0,0.0,0.0],0.01163311],
[[800.0,50.0,50.0],0.01157765],
[[800.0,100.0,100.0],0.01170546],
[[800.0,150.0,150.0],0.01178722],
[[800.0,200.0,200.0],0.01192748],
[[800.0,250.0,250.0],0.01228279],
[[800.0,300.0,300.0],0.01212217],
[[800.0,350.0,350.0],0.01217577],
[[800.0,400.0,400.0],0.01252077],
[[900.0,0.0,0.0],0.01225456],
[[900.0,50.0,50.0],0.01270078],
[[900.0,100.0,100.0],0.01270189],
[[900.0,150.0,150.0],0.01276768],
[[900.0,200.0,200.0],0.0128567],
[[900.0,250.0,250.0],0.01295307],
[[900.0,300.0,300.0],0.01289249],
[[900.0,350.0,350.0],0.01286395],
[[900.0,400.0,400.0],0.01324836],
[[900.0,450.0,450.0],0.01379997],
[[1000.0,0.0,0.0],0.0131945],
[[1000.0,50.0,50.0],0.01338792],
[[1000.0,100.0,100.0],0.01356311],
[[1000.0,150.0,150.0],0.01338224],
[[1000.0,200.0,200.0],0.01354138],
[[1000.0,250.0,250.0],0.01358575],
[[1000.0,300.0,300.0],0.01389529],
[[1000.0,350.0,350.0],0.01391212],
[[1000.0,400.0,400.0],0.01372979],
[[1000.0,450.0,450.0],0.01401875],
[[1000.0,500.0,500.0],0.01417838],
[[1100.0,0.0,0.0],0.01390315],
[[1100.0,50.0,50.0],0.01409521],
[[1100.0,100.0,100.0],0.01422449],
[[1100.0,150.0,150.0],0.01418328],
[[1100.0,200.0,200.0],0.01441345],
[[1100.0,250.0,250.0],0.01467506],
[[1100.0,300.0,300.0],0.01423709],
[[1100.0,350.0,350.0],0.01446323],
[[1100.0,400.0,400.0],0.0147448],
[[1100.0,450.0,450.0],0.01478735],
[[1100.0,500.0,500.0],0.0149046],
[[1100.0,550.0,550.0],0.01530528],
[[1200.0,0.0,0.0],0.01445648],
[[1200.0,50.0,50.0],0.01443972],
[[1200.0,100.0,100.0],0.01481081],
[[1200.0,150.0,150.0],0.01480477],
[[1200.0,200.0,200.0],0.01522125],
[[1200.0,250.0,250.0],0.01505859],
[[1200.0,300.0,300.0],0.01501277],
[[1200.0,350.0,350.0],0.01522814],
[[1200.0,400.0,400.0],0.01495619],
[[1200.0,450.0,450.0],0.01560063],
[[1200.0,500.0,500.0],0.0153874],
[[1200.0,550.0,550.0],0.01521613],
[[1200.0,600.0,600.0],0.01576976],
[[1300.0,0.0,0.0],0.01501045],
[[1300.0,50.0,50.0],0.01501938],
[[1300.0,100.0,100.0],0.01506148],
[[1300.0,150.0,150.0],0.01519962],
[[1300.0,200.0,200.0],0.01542995],
[[1300.0,250.0,250.0],0.01577303],
[[1300.0,300.0,300.0],0.01545127],
[[1300.0,350.0,350.0],0.0155534],
[[1300.0,400.0,400.0],0.01590745],
[[1300.0,450.0,450.0],0.015886],
[[1300.0,500.0,500.0],0.01590779],
[[1300.0,550.0,550.0],0.0158896],
[[1300.0,600.0,600.0],0.01604321],
[[1300.0,650.0,650.0],0.01630356],
[[1400.0,0.0,0.0],0.01522833],
[[1400.0,50.0,50.0],0.01543925],
[[1400.0,100.0,100.0],0.01574406],
[[1400.0,150.0,150.0],0.01608108],
[[1400.0,200.0,200.0],0.01590885],
[[1400.0,250.0,250.0],0.01622818],
[[1400.0,300.0,300.0],0.01623537],
[[1400.0,350.0,350.0],0.01626201],
[[1400.0,400.0,400.0],0.01594642],
[[1400.0,450.0,450.0],0.01640434],
[[1400.0,500.0,500.0],0.01657111],
[[1400.0,550.0,550.0],0.01655608],
[[1400.0,600.0,600.0],0.01631733],
[[1400.0,650.0,650.0],0.0163015],
[[1400.0,700.0,700.0],0.01694757],
[[1500.0,0.0,0.0],0.01583715],
[[1500.0,50.0,50.0],0.01595012],
[[1500.0,100.0,100.0],0.01596764],
[[1500.0,150.0,150.0],0.01631606],
[[1500.0,200.0,200.0],0.0162889],
[[1500.0,250.0,250.0],0.01651962],
[[1500.0,300.0,300.0],0.01647553],
[[1500.0,350.0,350.0],0.01658998],
[[1500.0,400.0,400.0],0.01682438],
[[1500.0,450.0,450.0],0.01687042],
[[1500.0,500.0,500.0],0.0167416],
[[1500.0,550.0,550.0],0.01641575],
[[1500.0,600.0,600.0],0.01681045],
[[1500.0,650.0,650.0],0.0167284],
[[1500.0,700.0,700.0],0.01711844],
[[1500.0,750.0,750.0],0.01745057],
[[1600.0,0.0,0.0],0.01608917],
[[1600.0,50.0,50.0],0.01623448],
[[1600.0,100.0,100.0],0.01682501],
[[1600.0,150.0,150.0],0.0166094],
[[1600.0,200.0,200.0],0.01674686],
[[1600.0,250.0,250.0],0.01672678],
[[1600.0,300.0,300.0],0.01688968],
[[1600.0,350.0,350.0],0.01717034],
[[1600.0,400.0,400.0],0.01719859],
[[1600.0,450.0,450.0],0.0174157],
[[1600.0,500.0,500.0],0.01771764],
[[1600.0,550.0,550.0],0.01729562],
[[1600.0,600.0,600.0],0.01763685],
[[1600.0,650.0,650.0],0.01753014],
[[1600.0,700.0,700.0],0.01701696],
[[1600.0,750.0,750.0],0.01747428],
[[1600.0,800.0,800.0],0.01790073],
[[1700.0,0.0,0.0],0.0162413],
[[1700.0,50.0,50.0],0.01681371],
[[1700.0,100.0,100.0],0.01701496],
[[1700.0,150.0,150.0],0.01698381],
[[1700.0,200.0,200.0],0.01733882],
[[1700.0,250.0,250.0],0.01728286],
[[1700.0,300.0,300.0],0.01730528],
[[1700.0,350.0,350.0],0.01729383],
[[1700.0,400.0,400.0],0.01762232],
[[1700.0,450.0,450.0],0.0176814],
[[1700.0,500.0,500.0],0.01783865],
[[1700.0,550.0,550.0],0.01779495],
[[1700.0,600.0,600.0],0.01755762],
[[1700.0,650.0,650.0],0.01763626],
[[1700.0,700.0,700.0],0.0178764],
[[1700.0,750.0,750.0],0.01761577],
[[1700.0,800.0,800.0],0.01789313],
[[1700.0,850.0,850.0],0.01811289],
[[1800.0,0.0,0.0],0.01689526],
[[1800.0,50.0,50.0],0.01697159],
[[1800.0,100.0,100.0],0.0168171],
[[1800.0,150.0,150.0],0.0175415],
[[1800.0,200.0,200.0],0.01736343],
[[1800.0,250.0,250.0],0.01734012],
[[1800.0,300.0,300.0],0.01765245],
[[1800.0,350.0,350.0],0.01760575],
[[1800.0,400.0,400.0],0.01759812],
[[1800.0,450.0,450.0],0.0175651],
[[1800.0,500.0,500.0],0.01797465],
[[1800.0,550.0,550.0],0.01812191],
[[1800.0,600.0,600.0],0.01806841],
[[1800.0,650.0,650.0],0.01811901],
[[1800.0,700.0,700.0],0.01830052],
[[1800.0,750.0,750.0],0.01828314],
[[1800.0,800.0,800.0],0.0181212],
[[1800.0,850.0,850.0],0.01836164],
[[1800.0,900.0,900.0],0.01833635],
[[1900.0,0.0,0.0],0.01697474],
[[1900.0,50.0,50.0],0.01699758],
[[1900.0,100.0,100.0],0.01736279],
[[1900.0,150.0,150.0],0.01783657],
[[1900.0,200.0,200.0],0.01774211],
[[1900.0,250.0,250.0],0.01784971],
[[1900.0,300.0,300.0],0.01800729],
[[1900.0,350.0,350.0],0.01778862],
[[1900.0,400.0,400.0],0.01817917],
[[1900.0,450.0,450.0],0.01840105],
[[1900.0,500.0,500.0],0.01820115],
[[1900.0,550.0,550.0],0.01820595],
[[1900.0,600.0,600.0],0.01856333],
[[1900.0,650.0,650.0],0.01852872],
[[1900.0,700.0,700.0],0.01873753],
[[1900.0,750.0,750.0],0.01848094],
[[1900.0,800.0,800.0],0.01860334],
[[1900.0,850.0,850.0],0.01844607],
[[1900.0,900.0,900.0],0.01871643],
[[1900.0,950.0,950.0],0.01873123],
[[2000.0,0.0,0.0],0.01764761],
[[2000.0,50.0,50.0],0.01730654],
[[2000.0,100.0,100.0],0.01782462],
[[2000.0,150.0,150.0],0.01780779],
[[2000.0,200.0,200.0],0.01783386],
[[2000.0,250.0,250.0],0.01817738],
[[2000.0,300.0,300.0],0.01821392],
[[2000.0,350.0,350.0],0.01819965],
[[2000.0,400.0,400.0],0.01856529],
[[2000.0,450.0,450.0],0.01850539],
[[2000.0,500.0,500.0],0.01870933],
[[2000.0,550.0,550.0],0.01831681],
[[2000.0,600.0,600.0],0.018242],
[[2000.0,650.0,650.0],0.01846436],
[[2000.0,700.0,700.0],0.01877121],
[[2000.0,750.0,750.0],0.01885982],
[[2000.0,800.0,800.0],0.01889861],
[[2000.0,850.0,850.0],0.01872653],
[[2000.0,900.0,900.0],0.0193066],
[[2000.0,950.0,950.0],0.01882035],
[[2000.0,1000.0,1000.0],0.01894776],
[[2100.0,0.0,0.0],0.01722323],
[[2100.0,50.0,50.0],0.01757304],
[[2100.0,100.0,100.0],0.01758285],
[[2100.0,150.0,150.0],0.01818723],
[[2100.0,200.0,200.0],0.01842382],
[[2100.0,250.0,250.0],0.01838922],
[[2100.0,300.0,300.0],0.01852616],
[[2100.0,350.0,350.0],0.01859114],
[[2100.0,400.0,400.0],0.01868132],
[[2100.0,450.0,450.0],0.01875557],
[[2100.0,500.0,500.0],0.018829],
[[2100.0,550.0,550.0],0.01875284],
[[2100.0,600.0,600.0],0.01900544],
[[2100.0,650.0,650.0],0.01860409],
[[2100.0,700.0,700.0],0.01900674],
[[2100.0,750.0,750.0],0.01910264],
[[2100.0,800.0,800.0],0.01920678],
[[2100.0,850.0,850.0],0.01894652],
[[2100.0,900.0,900.0],0.01918934],
[[2100.0,950.0,950.0],0.01904175],
[[2100.0,1000.0,1000.0],0.01941277],
[[2100.0,1050.0,1050.0],0.01930151],
[[2200.0,0.0,0.0],0.01784737],
[[2200.0,50.0,50.0],0.01736994],
[[2200.0,100.0,100.0],0.01796505],
[[2200.0,150.0,150.0],0.0185754],
[[2200.0,200.0,200.0],0.01838689],
[[2200.0,250.0,250.0],0.01857968],
[[2200.0,300.0,300.0],0.01845488],
[[2200.0,350.0,350.0],0.01865336],
[[2200.0,400.0,400.0],0.01857254],
[[2200.0,450.0,450.0],0.01892786],
[[2200.0,500.0,500.0],0.0189896],
[[2200.0,550.0,550.0],0.01875201],
[[2200.0,600.0,600.0],0.0194164],
[[2200.0,650.0,650.0],0.01913399],
[[2200.0,700.0,700.0],0.01909598],
[[2200.0,750.0,750.0],0.0192922],
[[2200.0,800.0,800.0],0.01915291],
[[2200.0,850.0,850.0],0.01879229],
[[2200.0,900.0,900.0],0.0195115],
[[2200.0,950.0,950.0],0.01968651],
[[2200.0,1000.0,1000.0],0.0191273],
[[2200.0,1050.0,1050.0],0.01960137],
[[2200.0,1100.0,1100.0],0.01928999]]
