txName: TChiZISRll
constraint: {(PV > anyBSM(1), MET(3)), (anyBSM(1) > l+,l-,MET(2))}
condition: None
conditionDescription: None
figureUrl: None
source: Recast by MA5
validated: True
axesMap: [{0: 'x', 1: 'y', 2: 'y'}]
dataMap: {0: (1, 'mass', GeV), 1: (2, 'mass', GeV), 2: (3, 'mass', GeV)}
finalState: ['MET', 'MET']
intermediateState: None
efficiencyMap: [[[10.0,1.0,1.0],0.0],
[[10.0,5.0,5.0],0.0],
[[10.0,7.0,7.0],0.0],
[[10.0,9.0,9.0],9.686006e-10],
[[20.0,1.0,1.0],0.0],
[[20.0,15.0,15.0],0.0],
[[20.0,17.0,17.0],1.592767e-09],
[[20.0,19.0,19.0],0.0],
[[30.0,1.0,1.0],0.0],
[[30.0,20.0,20.0],0.0],
[[30.0,25.0,25.0],7.479946e-10],
[[30.0,27.0,27.0],7.00704e-10],
[[30.0,29.0,29.0],1.398866e-08],
[[40.0,1.0,1.0],0.0],
[[40.0,20.0,20.0],0.0],
[[40.0,30.0,30.0],0.0],
[[40.0,35.0,35.0],0.0],
[[40.0,37.0,37.0],6.430606e-10],
[[40.0,39.0,39.0],5.303193e-09],
[[50.0,1.0,1.0],0.0],
[[50.0,20.0,20.0],0.0],
[[50.0,30.0,30.0],0.0],
[[50.0,40.0,40.0],1.692918e-09],
[[50.0,45.0,45.0],8.359304e-09],
[[50.0,47.0,47.0],7.081235e-09],
[[50.0,49.0,49.0],5.8803e-08],
[[60.0,1.0,1.0],0.0],
[[60.0,20.0,20.0],0.0],
[[60.0,30.0,30.0],0.0],
[[60.0,40.0,40.0],5.850244e-09],
[[60.0,50.0,50.0],4.571234e-08],
[[60.0,55.0,55.0],2.821038e-08],
[[60.0,57.0,57.0],6.433353e-08],
[[60.0,59.0,59.0],1.519518e-06],
[[61.0,52.0,52.0],2.024986e-08],
[[62.0,2.0,2.0],0.0],
[[62.0,12.0,12.0],0.0],
[[62.0,22.0,22.0],0.0],
[[62.0,32.0,32.0],4.405879e-09],
[[62.0,42.0,42.0],5.098172e-09],
[[63.0,62.0,62.0],1.098567e-07],
[[65.0,62.0,62.0],4.061072e-08],
[[67.0,62.0,62.0],3.190403e-08],
[[69.0,62.0,62.0],3.091458e-08],
[[72.0,2.0,2.0],0.0],
[[72.0,12.0,12.0],0.0],
[[72.0,22.0,22.0],1.286511e-09],
[[72.0,32.0,32.0],2.883353e-09],
[[72.0,42.0,42.0],5.653489e-09],
[[72.0,52.0,52.0],2.070472e-09],
[[73.0,72.0,72.0],2.177165e-07],
[[75.0,72.0,72.0],7.387804e-08],
[[77.0,72.0,72.0],5.493682e-08],
[[79.0,72.0,72.0],4.587915e-08],
[[82.0,2.0,2.0],0.0],
[[82.0,12.0,12.0],0.0],
[[82.0,22.0,22.0],0.0],
[[82.0,32.0,32.0],0.0],
[[82.0,42.0,42.0],0.0],
[[82.0,52.0,52.0],7.107593e-09],
[[82.0,62.0,62.0],7.709989e-09],
[[83.0,82.0,82.0],2.76963e-07],
[[85.0,82.0,82.0],1.314304e-07],
[[87.0,82.0,82.0],1.303952e-07],
[[89.0,82.0,82.0],1.31973e-07],
[[91.0,82.0,82.0],8.18688e-08],
[[92.0,12.0,12.0],1.844681e-09],
[[92.0,22.0,22.0],0.0],
[[92.0,32.0,32.0],4.253253e-09],
[[92.0,42.0,42.0],0.0],
[[92.0,52.0,52.0],7.638345e-09],
[[92.0,62.0,62.0],1.473329e-08],
[[92.0,72.0,72.0],1.822875e-08],
[[93.0,92.0,92.0],3.523354e-07],
[[97.0,92.0,92.0],1.792041e-07],
[[99.0,92.0,92.0],1.79274e-07],
[[102.0,22.0,22.0],0.0],
[[102.0,32.0,32.0],7.539618e-09],
[[102.0,42.0,42.0],1.136663e-08],
[[102.0,52.0,52.0],9.66767e-09],
[[102.0,62.0,62.0],1.132179e-08],
[[102.0,72.0,72.0],2.897909e-08],
[[102.0,82.0,82.0],4.415483e-08],
[[103.0,102.0,102.0],5.12327e-07],
[[107.0,102.0,102.0],1.978816e-07],
[[109.0,102.0,102.0],1.877029e-07],
[[112.0,32.0,32.0],2.866938e-09],
[[112.0,42.0,42.0],0.0],
[[112.0,52.0,52.0],6.335363e-09],
[[112.0,62.0,62.0],1.893976e-08],
[[112.0,72.0,72.0],1.020445e-08],
[[112.0,82.0,82.0],3.081355e-08],
[[112.0,92.0,92.0],7.38168e-08],
[[122.0,42.0,42.0],3.123534e-09],
[[122.0,52.0,52.0],3.722631e-09],
[[122.0,62.0,62.0],6.587977e-09],
[[122.0,72.0,72.0],2.217356e-08],
[[122.0,82.0,82.0],1.690108e-08],
[[122.0,92.0,92.0],4.882069e-08],
[[122.0,102.0,102.0],6.507533e-08],
[[123.0,122.0,122.0],8.463017e-07],
[[127.0,122.0,122.0],4.021328e-07],
[[129.0,122.0,122.0],3.394735e-07],
[[132.0,52.0,52.0],1.108495e-07],
[[132.0,62.0,62.0],3.496713e-08],
[[132.0,72.0,72.0],5.900552e-09],
[[132.0,82.0,82.0],3.73879e-08],
[[132.0,92.0,92.0],5.321039e-08],
[[132.0,102.0,102.0],5.60976e-08],
[[142.0,62.0,62.0],0.0],
[[142.0,72.0,72.0],2.186368e-08],
[[142.0,82.0,82.0],1.75603e-08],
[[142.0,92.0,92.0],3.147581e-08],
[[142.0,102.0,102.0],2.673864e-08],
[[142.0,122.0,122.0],1.042884e-07],
[[143.0,142.0,142.0],1.059016e-06],
[[147.0,142.0,142.0],7.420416e-07],
[[149.0,142.0,142.0],6.199189e-07],
[[151.0,142.0,142.0],4.119825e-07],
[[152.0,72.0,72.0],3.378375e-08],
[[152.0,82.0,82.0],4.810647e-08],
[[152.0,92.0,92.0],4.879998e-08],
[[152.0,102.0,102.0],2.968343e-08],
[[152.0,122.0,122.0],9.580576e-08],
[[162.0,82.0,82.0],3.237792e-08],
[[162.0,92.0,92.0],2.469155e-08],
[[162.0,102.0,102.0],4.135162e-08],
[[162.0,122.0,122.0],8.787335e-08],
[[162.0,142.0,142.0],1.588941e-07],
[[163.0,162.0,162.0],1.529009e-06],
[[167.0,162.0,162.0],1.006263e-06],
[[169.0,162.0,162.0],7.553474e-07],
[[171.0,162.0,162.0],5.060249e-07],
[[172.0,92.0,92.0],3.255471e-08],
[[172.0,102.0,102.0],5.277387e-08],
[[172.0,122.0,122.0],8.16722e-08],
[[172.0,142.0,142.0],1.769947e-07],
[[182.0,102.0,102.0],4.484523e-08],
[[182.0,122.0,122.0],1.211104e-07],
[[182.0,142.0,142.0],2.255014e-07],
[[182.0,162.0,162.0],3.047862e-07],
[[183.0,182.0,182.0],2.01607e-06],
[[187.0,182.0,182.0],1.396784e-06],
[[189.0,182.0,182.0],1.000616e-06],
[[191.0,182.0,182.0],8.651954e-07],
[[192.0,122.0,122.0],1.131909e-07],
[[192.0,142.0,142.0],1.135865e-07],
[[192.0,162.0,162.0],2.494959e-07],
[[202.0,122.0,122.0],5.22351e-08],
[[202.0,142.0,142.0],1.109411e-07],
[[202.0,162.0,162.0],1.350387e-07],
[[202.0,182.0,182.0],4.906841e-07],
[[203.0,202.0,202.0],2.687422e-06],
[[207.0,202.0,202.0],1.601643e-06],
[[209.0,202.0,202.0],1.243177e-06],
[[211.0,202.0,202.0],1.526764e-06],
[[212.0,142.0,142.0],1.265618e-07],
[[212.0,162.0,162.0],2.484764e-07],
[[212.0,182.0,182.0],4.225866e-07],
[[222.0,142.0,142.0],1.08959e-07],
[[222.0,162.0,162.0],2.116388e-07],
[[222.0,182.0,182.0],2.247377e-07],
[[222.0,202.0,202.0],5.811788e-07],
[[223.0,222.0,222.0],3.670228e-06],
[[227.0,222.0,222.0],2.180057e-06],
[[229.0,222.0,222.0],1.766628e-06],
[[231.0,222.0,222.0],1.805925e-06],
[[232.0,162.0,162.0],9.715141e-08],
[[232.0,182.0,182.0],2.61901e-07],
[[232.0,202.0,202.0],3.666936e-07],
[[242.0,162.0,162.0],7.354139e-08],
[[242.0,182.0,182.0],1.608134e-07],
[[242.0,202.0,202.0],2.374366e-07],
[[242.0,222.0,222.0],8.892942e-07],
[[243.0,242.0,242.0],5.085312e-06],
[[247.0,242.0,242.0],2.701546e-06],
[[249.0,242.0,242.0],2.705861e-06],
[[251.0,242.0,242.0],2.188024e-06],
[[252.0,182.0,182.0],1.781068e-07],
[[252.0,202.0,202.0],4.079628e-07],
[[252.0,222.0,222.0],6.383477e-06],
[[262.0,182.0,182.0],1.502141e-07],
[[262.0,202.0,202.0],2.033465e-07],
[[262.0,222.0,222.0],3.501096e-07],
[[262.0,242.0,242.0],9.710934e-07],
[[263.0,262.0,262.0],4.91484e-06],
[[267.0,262.0,262.0],3.533607e-06],
[[269.0,262.0,262.0],3.121837e-06],
[[272.0,202.0,202.0],2.712339e-07],
[[272.0,222.0,222.0],4.299443e-07],
[[272.0,242.0,242.0],6.487398e-07],
[[282.0,202.0,202.0],2.123979e-07],
[[282.0,222.0,222.0],2.558594e-07],
[[282.0,242.0,242.0],4.25345e-07],
[[282.0,262.0,262.0],1.39945e-06],
[[283.0,282.0,282.0],5.523165e-06],
[[287.0,282.0,282.0],4.041979e-06],
[[289.0,282.0,282.0],3.499846e-06],
[[292.0,222.0,222.0],3.010828e-07],
[[292.0,242.0,242.0],4.609849e-07],
[[292.0,262.0,262.0],5.758777e-07],
[[302.0,222.0,222.0],2.34971e-07],
[[302.0,242.0,242.0],3.662389e-07],
[[302.0,262.0,262.0],6.518256e-07],
[[302.0,282.0,282.0],1.555978e-06],
[[303.0,302.0,302.0],6.032206e-06],
[[307.0,302.0,302.0],4.995271e-06],
[[309.0,302.0,302.0],3.699229e-06],
[[312.0,242.0,242.0],3.465221e-07],
[[312.0,262.0,262.0],3.741088e-07],
[[312.0,282.0,282.0],1.021932e-06],
[[322.0,242.0,242.0],4.134848e-07],
[[322.0,262.0,262.0],3.603357e-07],
[[322.0,282.0,282.0],7.095771e-07],
[[322.0,302.0,302.0],1.748271e-06],
[[323.0,322.0,322.0],7.182385e-06],
[[327.0,322.0,322.0],5.379276e-06],
[[329.0,322.0,322.0],4.321966e-06],
[[332.0,262.0,262.0],4.003088e-07],
[[332.0,282.0,282.0],7.741552e-07],
[[332.0,302.0,302.0],7.767436e-07],
[[342.0,262.0,262.0],3.704147e-07],
[[342.0,282.0,282.0],3.918855e-07],
[[342.0,302.0,302.0],8.523042e-07],
[[342.0,322.0,322.0],2.110734e-06],
[[343.0,342.0,342.0],7.757704e-06],
[[347.0,342.0,342.0],6.692175e-06],
[[349.0,342.0,342.0],5.451548e-06],
[[352.0,282.0,282.0],5.215234e-07],
[[352.0,302.0,302.0],4.856815e-07],
[[352.0,322.0,322.0],1.295319e-06],
[[362.0,282.0,282.0],4.329223e-07],
[[362.0,302.0,302.0],6.950685e-07],
[[362.0,322.0,322.0],1.016348e-06],
[[362.0,342.0,342.0],2.442819e-06],
[[363.0,362.0,362.0],9.741546e-06],
[[367.0,362.0,362.0],7.337421e-06],
[[369.0,362.0,362.0],6.029973e-06],
[[372.0,302.0,302.0],4.563713e-07],
[[372.0,342.0,342.0],1.7717e-06],
[[382.0,302.0,302.0],3.507788e-07],
[[382.0,322.0,322.0],6.119281e-07],
[[382.0,362.0,362.0],2.445585e-06],
[[383.0,382.0,382.0],1.085196e-05],
[[387.0,382.0,382.0],7.335649e-06],
[[389.0,382.0,382.0],8.828031e-06],
[[391.0,382.0,382.0],5.725558e-06],
[[392.0,322.0,322.0],5.002901e-07],
[[392.0,342.0,342.0],8.321194e-07],
[[392.0,362.0,362.0],1.859508e-06],
[[402.0,322.0,322.0],6.046394e-07],
[[402.0,342.0,342.0],8.038521e-07],
[[402.0,362.0,362.0],9.966101e-07],
[[402.0,382.0,382.0],3.060283e-06],
[[403.0,402.0,402.0],1.070364e-05],
[[412.0,342.0,342.0],7.322173e-07],
[[412.0,362.0,362.0],1.074388e-06],
[[412.0,382.0,382.0],1.824689e-06],
[[413.0,402.0,402.0],5.840313e-06],
[[417.0,402.0,402.0],4.471627e-06],
[[422.0,342.0,342.0],3.876448e-07],
[[422.0,362.0,362.0],8.977512e-07],
[[422.0,382.0,382.0],1.433296e-06],
[[422.0,402.0,402.0],2.874622e-06],
[[432.0,362.0,362.0],7.145401e-07],
[[432.0,382.0,382.0],1.124183e-06],
[[432.0,402.0,402.0],2.039652e-06],
[[442.0,362.0,362.0],6.597943e-07],
[[442.0,382.0,382.0],8.021476e-07],
[[452.0,382.0,382.0],8.802787e-07],
[[452.0,402.0,402.0],9.709616e-07],
[[462.0,382.0,382.0],7.757615e-07],
[[462.0,402.0,402.0],1.607515e-06],
[[482.0,402.0,402.0],6.867089e-07],
[[503.0,502.0,502.0],1.753022e-05],
[[513.0,502.0,502.0],9.533493e-06],
[[517.0,502.0,502.0],7.700232e-06],
[[522.0,502.0,502.0],3.760352e-06],
[[532.0,502.0,502.0],3.036582e-06],
[[552.0,502.0,502.0],1.558964e-06],
[[582.0,502.0,502.0],1.334778e-06],
[[603.0,602.0,602.0],1.710478e-05],
[[613.0,602.0,602.0],1.068967e-05],
[[617.0,602.0,602.0],8.92053e-06],
[[622.0,602.0,602.0],6.520566e-06],
[[632.0,602.0,602.0],3.666668e-06],
[[652.0,602.0,602.0],3.38818e-06],
[[682.0,602.0,602.0],1.288631e-06],
[[703.0,702.0,702.0],2.197322e-05],
[[713.0,702.0,702.0],1.368806e-05],
[[717.0,702.0,702.0],1.152719e-05],
[[722.0,702.0,702.0],9.481152e-06],
[[732.0,702.0,702.0],4.996684e-06],
[[752.0,702.0,702.0],2.707751e-06],
[[782.0,702.0,702.0],2.144896e-06],
[[803.0,802.0,802.0],2.593912e-05],
[[813.0,802.0,802.0],1.846949e-05],
[[817.0,802.0,802.0],1.292077e-05],
[[822.0,802.0,802.0],9.728997e-06],
[[832.0,802.0,802.0],6.298578e-06],
[[852.0,802.0,802.0],3.506555e-06],
[[882.0,802.0,802.0],1.699043e-06],
[[903.0,902.0,902.0],2.878023e-05],
[[913.0,902.0,902.0],1.772924e-05],
[[917.0,902.0,902.0],1.449478e-05],
[[922.0,902.0,902.0],1.27355e-05],
[[932.0,902.0,902.0],6.850294e-06],
[[952.0,902.0,902.0],4.524009e-06],
[[982.0,902.0,902.0],2.697252e-06],
[[1003.0,1002.0,1002.0],3.056755e-05],
[[1013.0,1002.0,1002.0],2.193788e-05],
[[1017.0,1002.0,1002.0],1.775638e-05],
[[1022.0,1002.0,1002.0],1.290629e-05],
[[1032.0,1002.0,1002.0],8.181921e-06],
[[1052.0,1002.0,1002.0],4.136756e-06],
[[1082.0,1002.0,1002.0],3.062892e-06],
[[1103.0,1102.0,1102.0],3.271618e-05],
[[1113.0,1102.0,1102.0],2.481792e-05],
[[1117.0,1102.0,1102.0],1.992494e-05],
[[1122.0,1102.0,1102.0],1.577993e-05],
[[1132.0,1102.0,1102.0],9.69101e-06],
[[1152.0,1102.0,1102.0],5.179378e-06],
[[1182.0,1102.0,1102.0],3.425831e-06],
[[1203.0,1202.0,1202.0],3.305366e-05],
[[1213.0,1202.0,1202.0],2.688944e-05],
[[1217.0,1202.0,1202.0],2.04136e-05],
[[1222.0,1202.0,1202.0],1.467465e-05],
[[1232.0,1202.0,1202.0],1.069234e-05],
[[1252.0,1202.0,1202.0],6.373418e-06],
[[1282.0,1202.0,1202.0],4.014539e-06],
[[1303.0,1302.0,1302.0],3.350515e-05],
[[1313.0,1302.0,1302.0],2.988947e-05],
[[1317.0,1302.0,1302.0],2.159544e-05],
[[1322.0,1302.0,1302.0],1.653823e-05],
[[1332.0,1302.0,1302.0],1.161678e-05],
[[1352.0,1302.0,1302.0],5.66001e-06],
[[1382.0,1302.0,1302.0],3.510495e-06],
[[1403.0,1402.0,1402.0],3.661258e-05],
[[1413.0,1402.0,1402.0],3.088004e-05],
[[1417.0,1402.0,1402.0],2.284133e-05],
[[1422.0,1402.0,1402.0],1.813308e-05],
[[1432.0,1402.0,1402.0],1.121844e-05],
[[1452.0,1402.0,1402.0],5.726047e-06],
[[1482.0,1402.0,1402.0],4.570992e-06],
[[1503.0,1502.0,1502.0],3.750852e-05],
[[1513.0,1502.0,1502.0],3.006814e-05],
[[1517.0,1502.0,1502.0],2.417696e-05],
[[1522.0,1502.0,1502.0],1.888424e-05],
[[1532.0,1502.0,1502.0],1.04102e-05],
[[1552.0,1502.0,1502.0],5.981012e-06],
[[1582.0,1502.0,1502.0],4.27372e-06],
[[1603.0,1602.0,1602.0],4.080114e-05],
[[1613.0,1602.0,1602.0],3.076523e-05],
[[1617.0,1602.0,1602.0],2.331412e-05],
[[1622.0,1602.0,1602.0],1.931342e-05],
[[1632.0,1602.0,1602.0],1.201695e-05],
[[1652.0,1602.0,1602.0],7.363046e-06],
[[1682.0,1602.0,1602.0],4.41597e-06],
[[1703.0,1702.0,1702.0],4.015989e-05],
[[1713.0,1702.0,1702.0],3.263252e-05],
[[1717.0,1702.0,1702.0],2.444964e-05],
[[1722.0,1702.0,1702.0],1.848651e-05],
[[1732.0,1702.0,1702.0],1.19881e-05],
[[1752.0,1702.0,1702.0],7.126028e-06],
[[1782.0,1702.0,1702.0],4.181355e-06],
[[1803.0,1802.0,1802.0],4.050167e-05],
[[1813.0,1802.0,1802.0],3.45136e-05],
[[1817.0,1802.0,1802.0],2.707366e-05],
[[1822.0,1802.0,1802.0],1.927237e-05],
[[1832.0,1802.0,1802.0],1.068037e-05],
[[1852.0,1802.0,1802.0],6.935621e-06],
[[1872.0,1802.0,1802.0],4.389875e-06],
[[1882.0,1802.0,1802.0],4.283002e-06],
[[1903.0,1902.0,1902.0],4.197184e-05],
[[1913.0,1902.0,1902.0],3.384289e-05],
[[1917.0,1902.0,1902.0],2.743611e-05],
[[1922.0,1902.0,1902.0],1.731328e-05],
[[1942.0,1902.0,1902.0],9.041116e-06],
[[1952.0,1902.0,1902.0],6.361914e-06],
[[1982.0,1902.0,1902.0],4.378211e-06],
[[2003.0,2002.0,2002.0],4.119964e-05],
[[2013.0,2002.0,2002.0],3.231293e-05],
[[2017.0,2002.0,2002.0],2.541385e-05],
[[2022.0,2002.0,2002.0],1.977724e-05],
[[2032.0,2002.0,2002.0],1.1935e-05],
[[2042.0,2002.0,2002.0],8.626827e-06],
[[2052.0,2002.0,2002.0],6.16408e-06],
[[2072.0,2002.0,2002.0],4.248887e-06],
[[2082.0,2002.0,2002.0],4.516771e-06]]
