txName: TChiWWISRqq
constraint: {(PV > anyBSM(1), anyBSM(3)), (anyBSM(1) > q, q, MET(2)), (anyBSM(3) > q, q, MET(4))}
condition: None
conditionDescription: None
figureUrl: None
source: Recast by MA5
validated: True
axesMap: [{0: 'x', 1: 'y', 2: 'x', 3: 'y'}]
dataMap: {0: (1, 'mass', GeV), 1: (2, 'mass', GeV), 2: (3, 'mass', GeV), 3: (4, 'mass', GeV)}
finalState: ['MET', 'MET']
efficiencyMap: [[[11.0,10.0,11.0,10.0],2.522455e-07],
[[13.0,10.0,13.0,10.0],0.0],
[[15.0,10.0,15.0,10.0],1.152755e-09],
[[20.0,10.0,20.0,10.0],0.0],
[[21.0,20.0,21.0,20.0],1.19343e-07],
[[23.0,20.0,23.0,20.0],0.0],
[[25.0,20.0,25.0,20.0],0.0],
[[30.0,10.0,30.0,10.0],0.0],
[[30.0,20.0,30.0,20.0],0.0],
[[31.0,30.0,31.0,30.0],1.326092e-07],
[[33.0,30.0,33.0,30.0],3.421033e-08],
[[35.0,30.0,35.0,30.0],0.0],
[[40.0,20.0,40.0,20.0],0.0],
[[40.0,30.0,40.0,30.0],0.0],
[[41.0,40.0,41.0,40.0],1.306371e-07],
[[43.0,40.0,43.0,40.0],2.138486e-08],
[[45.0,40.0,45.0,40.0],7.547208e-08],
[[50.0,10.0,50.0,10.0],0.0],
[[50.0,30.0,50.0,30.0],7.371573e-09],
[[50.0,40.0,50.0,40.0],0.0],
[[51.0,50.0,51.0,50.0],7.742686e-07],
[[53.0,50.0,53.0,50.0],2.535218e-07],
[[55.0,50.0,55.0,50.0],1.136689e-07],
[[60.0,20.0,60.0,20.0],3.456472e-09],
[[60.0,40.0,60.0,40.0],9.378656e-09],
[[60.0,50.0,60.0,50.0],9.885991e-08],
[[61.0,60.0,61.0,60.0],1.384975e-06],
[[63.0,60.0,63.0,60.0],6.655104e-07],
[[65.0,60.0,65.0,60.0],3.036947e-07],
[[70.0,10.0,70.0,10.0],1.345966e-08],
[[70.0,30.0,70.0,30.0],8.490777e-09],
[[70.0,50.0,70.0,50.0],5.631537e-08],
[[70.0,60.0,70.0,60.0],1.817124e-07],
[[71.0,70.0,71.0,70.0],2.807267e-06],
[[73.0,70.0,73.0,70.0],1.529639e-06],
[[75.0,70.0,75.0,70.0],7.16632e-07],
[[80.0,20.0,80.0,20.0],2.233805e-08],
[[80.0,40.0,80.0,40.0],5.79767e-08],
[[80.0,60.0,80.0,60.0],1.584555e-07],
[[80.0,70.0,80.0,70.0],4.264657e-07],
[[81.0,80.0,81.0,80.0],5.168053e-06],
[[83.0,80.0,83.0,80.0],2.810069e-06],
[[85.0,80.0,85.0,80.0],1.435841e-06],
[[90.0,10.0,90.0,10.0],6.318361e-09],
[[90.0,30.0,90.0,30.0],5.142086e-08],
[[90.0,50.0,90.0,50.0],2.158471e-07],
[[90.0,70.0,90.0,70.0],1.805762e-07],
[[90.0,80.0,90.0,80.0],9.523959e-07],
[[91.0,90.0,91.0,90.0],5.383872e-06],
[[93.0,90.0,93.0,90.0],4.721334e-06],
[[95.0,90.0,95.0,90.0],2.104312e-06],
[[100.0,20.0,100.0,20.0],2.337322e-08],
[[100.0,40.0,100.0,40.0],3.433508e-08],
[[100.0,60.0,100.0,60.0],9.488222e-08],
[[100.0,80.0,100.0,80.0],6.122096e-07],
[[100.0,90.0,100.0,90.0],1.172887e-06],
[[101.0,100.0,101.0,100.0],7.558549e-06],
[[103.0,100.0,103.0,100.0],5.583779e-06],
[[103.0,102.0,103.0,102.0],6.480794e-06],
[[105.0,100.0,105.0,100.0],3.885415e-06],
[[105.0,102.0,105.0,102.0],6.624845e-06],
[[107.0,102.0,107.0,102.0],3.543082e-06],
[[110.0,30.0,110.0,30.0],6.614541e-08],
[[110.0,50.0,110.0,50.0],4.503227e-08],
[[110.0,70.0,110.0,70.0],1.077572e-07],
[[110.0,90.0,110.0,90.0],4.062252e-07],
[[110.0,100.0,110.0,100.0],1.672934e-06],
[[112.0,102.0,112.0,102.0],1.350882e-06],
[[120.0,40.0,120.0,40.0],4.600704e-08],
[[120.0,60.0,120.0,60.0],9.072008e-08],
[[120.0,80.0,120.0,80.0],4.809074e-07],
[[120.0,100.0,120.0,100.0],6.418937e-07],
[[122.0,102.0,122.0,102.0],9.675403e-07],
[[123.0,122.0,123.0,122.0],1.213136e-05],
[[125.0,122.0,125.0,122.0],9.646528e-06],
[[127.0,122.0,127.0,122.0],8.131129e-06],
[[130.0,50.0,130.0,50.0],3.490745e-07],
[[130.0,70.0,130.0,70.0],2.355398e-07],
[[130.0,90.0,130.0,90.0],5.385764e-07],
[[132.0,122.0,132.0,122.0],3.599524e-06],
[[140.0,60.0,140.0,60.0],2.53386e-07],
[[140.0,80.0,140.0,80.0],4.585131e-07],
[[140.0,100.0,140.0,100.0],5.819969e-07],
[[142.0,102.0,142.0,102.0],5.594129e-07],
[[142.0,122.0,142.0,122.0],1.969138e-06],
[[143.0,142.0,143.0,142.0],1.808091e-05],
[[145.0,142.0,145.0,142.0],2.745467e-05],
[[147.0,142.0,147.0,142.0],1.15913e-05],
[[150.0,70.0,150.0,70.0],1.927869e-07],
[[150.0,90.0,150.0,90.0],4.288345e-07],
[[152.0,142.0,152.0,142.0],6.441501e-06],
[[160.0,80.0,160.0,80.0],5.673843e-07],
[[160.0,100.0,160.0,100.0],7.97736e-07],
[[162.0,102.0,162.0,102.0],6.32092e-07],
[[162.0,122.0,162.0,122.0],9.812729e-07],
[[162.0,142.0,162.0,142.0],3.773638e-06],
[[163.0,162.0,163.0,162.0],2.014493e-05],
[[165.0,162.0,165.0,162.0],2.427865e-05],
[[167.0,162.0,167.0,162.0],1.837446e-05],
[[170.0,90.0,170.0,90.0],4.092444e-07],
[[172.0,162.0,172.0,162.0],9.735295e-06],
[[180.0,100.0,180.0,100.0],9.566515e-07],
[[182.0,102.0,182.0,102.0],8.175901e-07],
[[182.0,122.0,182.0,122.0],1.676975e-06],
[[182.0,142.0,182.0,142.0],2.193061e-06],
[[182.0,162.0,182.0,162.0],4.568837e-06],
[[183.0,182.0,183.0,182.0],2.814384e-05],
[[185.0,182.0,185.0,182.0],3.778851e-05],
[[187.0,182.0,187.0,182.0],2.11916e-05],
[[192.0,182.0,192.0,182.0],1.59505e-05],
[[202.0,122.0,202.0,122.0],1.887449e-06],
[[202.0,142.0,202.0,142.0],2.103079e-06],
[[202.0,162.0,202.0,162.0],4.483759e-06],
[[202.0,182.0,202.0,182.0],8.156114e-06],
[[203.0,202.0,203.0,202.0],4.192578e-05],
[[205.0,202.0,205.0,202.0],3.230662e-05],
[[207.0,202.0,207.0,202.0],3.223084e-05],
[[212.0,202.0,212.0,202.0],2.415545e-05],
[[222.0,142.0,222.0,142.0],2.190931e-06],
[[222.0,162.0,222.0,162.0],3.368285e-06],
[[222.0,182.0,222.0,182.0],5.562974e-06],
[[222.0,202.0,222.0,202.0],1.203441e-05],
[[223.0,222.0,223.0,222.0],4.213956e-05],
[[225.0,222.0,225.0,222.0],5.39986e-05],
[[227.0,222.0,227.0,222.0],3.87742e-05],
[[232.0,222.0,232.0,222.0],2.893767e-05],
[[242.0,162.0,242.0,162.0],2.867854e-06],
[[242.0,182.0,242.0,182.0],5.583826e-06],
[[242.0,202.0,242.0,202.0],7.965368e-06],
[[242.0,222.0,242.0,222.0],1.604656e-05],
[[243.0,242.0,243.0,242.0],5.177669e-05],
[[245.0,242.0,245.0,242.0],5.11163e-05],
[[247.0,242.0,247.0,242.0],4.210798e-05],
[[252.0,242.0,252.0,242.0],3.380817e-05],
[[262.0,182.0,262.0,182.0],5.917452e-06],
[[262.0,202.0,262.0,202.0],6.389837e-06],
[[262.0,222.0,262.0,222.0],1.029407e-05],
[[262.0,242.0,262.0,242.0],1.750409e-05],
[[263.0,262.0,263.0,262.0],5.539302e-05],
[[265.0,262.0,265.0,262.0],5.425329e-05],
[[267.0,262.0,267.0,262.0],5.781906e-05],
[[272.0,262.0,272.0,262.0],3.896676e-05],
[[282.0,202.0,282.0,202.0],5.46093e-06],
[[282.0,222.0,282.0,222.0],8.092394e-06],
[[282.0,242.0,282.0,242.0],1.185974e-05],
[[282.0,262.0,282.0,262.0],2.636143e-05],
[[283.0,282.0,283.0,282.0],7.406577e-05],
[[285.0,282.0,285.0,282.0],6.032513e-05],
[[287.0,282.0,287.0,282.0],6.128236e-05],
[[292.0,282.0,292.0,282.0],4.26016e-05],
[[302.0,222.0,302.0,222.0],8.82093e-06],
[[302.0,242.0,302.0,242.0],9.857389e-06],
[[302.0,262.0,302.0,262.0],2.229298e-05],
[[302.0,282.0,302.0,282.0],3.357161e-05],
[[303.0,302.0,303.0,302.0],7.101533e-05],
[[305.0,302.0,305.0,302.0],7.03736e-05],
[[307.0,302.0,307.0,302.0],7.342098e-05],
[[312.0,302.0,312.0,302.0],6.423274e-05],
[[322.0,242.0,322.0,242.0],8.280969e-06],
[[322.0,262.0,322.0,262.0],1.345585e-05],
[[322.0,282.0,322.0,282.0],2.020735e-05],
[[322.0,302.0,322.0,302.0],3.632204e-05],
[[323.0,322.0,323.0,322.0],7.606747e-05],
[[325.0,322.0,325.0,322.0],8.068508e-05],
[[327.0,322.0,327.0,322.0],8.144599e-05],
[[332.0,322.0,332.0,322.0],6.45121e-05],
[[342.0,262.0,342.0,262.0],1.628065e-05],
[[342.0,282.0,342.0,282.0],1.807295e-05],
[[342.0,302.0,342.0,302.0],2.25185e-05],
[[342.0,322.0,342.0,322.0],4.063067e-05],
[[343.0,342.0,343.0,342.0],9.207211e-05],
[[345.0,342.0,345.0,342.0],8.24086e-05],
[[347.0,342.0,347.0,342.0],8.938768e-05],
[[352.0,342.0,352.0,342.0],7.328767e-05],
[[362.0,282.0,362.0,282.0],1.836873e-05],
[[362.0,302.0,362.0,302.0],2.257109e-05],
[[362.0,322.0,362.0,322.0],2.879787e-05],
[[362.0,342.0,362.0,342.0],5.458481e-05],
[[363.0,362.0,363.0,362.0],9.770329e-05],
[[365.0,362.0,365.0,362.0],0.0001048448],
[[367.0,362.0,367.0,362.0],9.159949e-05],
[[372.0,362.0,372.0,362.0],8.269099e-05],
[[382.0,302.0,382.0,302.0],1.625609e-05],
[[382.0,322.0,382.0,322.0],2.577703e-05],
[[382.0,342.0,382.0,342.0],3.498011e-05],
[[382.0,362.0,382.0,362.0],6.304498e-05],
[[383.0,382.0,383.0,382.0],0.0001020553],
[[385.0,382.0,385.0,382.0],9.941063e-05],
[[387.0,382.0,387.0,382.0],0.0001124414],
[[392.0,382.0,392.0,382.0],8.431639e-05],
[[402.0,322.0,402.0,322.0],2.615377e-05],
[[402.0,342.0,402.0,342.0],3.066083e-05],
[[402.0,362.0,402.0,362.0],3.756665e-05],
[[402.0,382.0,402.0,382.0],6.326573e-05],
[[403.0,402.0,403.0,402.0],0.0001214363],
[[405.0,402.0,405.0,402.0],0.0001247989],
[[407.0,402.0,407.0,402.0],0.000102704],
[[412.0,402.0,412.0,402.0],9.98796e-05],
[[422.0,342.0,422.0,342.0],2.530627e-05],
[[422.0,362.0,422.0,362.0],2.948514e-05],
[[422.0,382.0,422.0,382.0],4.150891e-05],
[[422.0,402.0,422.0,402.0],7.042604e-05],
[[442.0,362.0,442.0,362.0],2.947582e-05],
[[442.0,382.0,442.0,382.0],4.170116e-05],
[[442.0,402.0,442.0,402.0],5.303164e-05],
[[462.0,382.0,462.0,382.0],3.134288e-05],
[[462.0,402.0,462.0,402.0],3.553283e-05],
[[482.0,402.0,482.0,402.0],4.416974e-05],
[[503.0,502.0,503.0,502.0],0.0001544914],
[[505.0,502.0,505.0,502.0],0.0001381395],
[[507.0,502.0,507.0,502.0],0.0001477808],
[[512.0,502.0,512.0,502.0],0.0001529948],
[[522.0,502.0,522.0,502.0],9.96516e-05],
[[542.0,502.0,542.0,502.0],7.240032e-05],
[[562.0,502.0,562.0,502.0],6.561909e-05],
[[582.0,502.0,582.0,502.0],5.999631e-05],
[[603.0,602.0,603.0,602.0],0.0001751016],
[[605.0,602.0,605.0,602.0],0.0001870051],
[[607.0,602.0,607.0,602.0],0.0001771809],
[[612.0,602.0,612.0,602.0],0.0001663769],
[[622.0,602.0,622.0,602.0],0.000132946],
[[642.0,602.0,642.0,602.0],9.687469e-05],
[[662.0,602.0,662.0,602.0],8.598472e-05],
[[682.0,602.0,682.0,602.0],7.930787e-05],
[[703.0,702.0,703.0,702.0],0.0002080387],
[[705.0,702.0,705.0,702.0],0.0002053307],
[[707.0,702.0,707.0,702.0],0.0002161351],
[[712.0,702.0,712.0,702.0],0.000204581],
[[722.0,702.0,722.0,702.0],0.0001741944],
[[742.0,702.0,742.0,702.0],0.0001324441],
[[762.0,702.0,762.0,702.0],0.0001023695],
[[782.0,702.0,782.0,702.0],0.0001089138],
[[803.0,802.0,803.0,802.0],0.0002402954],
[[805.0,802.0,805.0,802.0],0.000224748],
[[807.0,802.0,807.0,802.0],0.0002353515],
[[812.0,802.0,812.0,802.0],0.0002264921],
[[822.0,802.0,822.0,802.0],0.0001848536],
[[842.0,802.0,842.0,802.0],0.000158577],
[[862.0,802.0,862.0,802.0],0.0001271123],
[[882.0,802.0,882.0,802.0],0.0001169101],
[[903.0,902.0,903.0,902.0],0.000271107],
[[905.0,902.0,905.0,902.0],0.0002613722],
[[907.0,902.0,907.0,902.0],0.000255734],
[[912.0,902.0,912.0,902.0],0.000244047],
[[922.0,902.0,922.0,902.0],0.0002234633],
[[942.0,902.0,942.0,902.0],0.0001731242],
[[962.0,902.0,962.0,902.0],0.0001490772],
[[982.0,902.0,982.0,902.0],0.0001451695],
[[1003.0,1002.0,1003.0,1002.0],0.0002677525],
[[1005.0,1002.0,1005.0,1002.0],0.0002652522],
[[1007.0,1002.0,1007.0,1002.0],0.000280552],
[[1012.0,1002.0,1012.0,1002.0],0.0002598784],
[[1022.0,1002.0,1022.0,1002.0],0.0002415864],
[[1042.0,1002.0,1042.0,1002.0],0.0001884649],
[[1062.0,1002.0,1062.0,1002.0],0.000169259],
[[1082.0,1002.0,1082.0,1002.0],0.0001505905],
[[1103.0,1102.0,1103.0,1102.0],0.0002955286],
[[1105.0,1102.0,1105.0,1102.0],0.0002784872],
[[1107.0,1102.0,1107.0,1102.0],0.0002865294],
[[1112.0,1102.0,1112.0,1102.0],0.0002792732],
[[1122.0,1102.0,1122.0,1102.0],0.0002546053],
[[1142.0,1102.0,1142.0,1102.0],0.0002134628],
[[1162.0,1102.0,1162.0,1102.0],0.0001799709],
[[1182.0,1102.0,1182.0,1102.0],0.0001601583],
[[1203.0,1202.0,1203.0,1202.0],0.0003090446],
[[1205.0,1202.0,1205.0,1202.0],0.0003094254],
[[1207.0,1202.0,1207.0,1202.0],0.0003028085],
[[1212.0,1202.0,1212.0,1202.0],0.0002965398],
[[1222.0,1202.0,1222.0,1202.0],0.0002740611],
[[1242.0,1202.0,1242.0,1202.0],0.0002144352],
[[1262.0,1202.0,1262.0,1202.0],0.0001851144],
[[1282.0,1202.0,1282.0,1202.0],0.0001773348],
[[1303.0,1302.0,1303.0,1302.0],0.0003243611],
[[1305.0,1302.0,1305.0,1302.0],0.0003063853],
[[1307.0,1302.0,1307.0,1302.0],0.0003189591],
[[1312.0,1302.0,1312.0,1302.0],0.000310563],
[[1322.0,1302.0,1322.0,1302.0],0.0002746424],
[[1342.0,1302.0,1342.0,1302.0],0.0002296983],
[[1362.0,1302.0,1362.0,1302.0],0.0002092644],
[[1382.0,1302.0,1382.0,1302.0],0.0001858724],
[[1403.0,1402.0,1403.0,1402.0],0.0003174686],
[[1405.0,1402.0,1405.0,1402.0],0.0003171462],
[[1407.0,1402.0,1407.0,1402.0],0.000320647],
[[1412.0,1402.0,1412.0,1402.0],0.0003174819],
[[1422.0,1402.0,1422.0,1402.0],0.0002923711],
[[1442.0,1402.0,1442.0,1402.0],0.00023453],
[[1462.0,1402.0,1462.0,1402.0],0.0002046326],
[[1482.0,1402.0,1482.0,1402.0],0.0001865229],
[[1503.0,1502.0,1503.0,1502.0],0.0003259722],
[[1505.0,1502.0,1505.0,1502.0],0.0003168633],
[[1507.0,1502.0,1507.0,1502.0],0.0003147735],
[[1512.0,1502.0,1512.0,1502.0],0.0003267765],
[[1522.0,1502.0,1522.0,1502.0],0.0003028097],
[[1542.0,1502.0,1542.0,1502.0],0.0002435511],
[[1562.0,1502.0,1562.0,1502.0],0.000222382],
[[1582.0,1502.0,1582.0,1502.0],0.0002092817],
[[1603.0,1602.0,1603.0,1602.0],0.000334003],
[[1605.0,1602.0,1605.0,1602.0],0.0003178458],
[[1607.0,1602.0,1607.0,1602.0],0.0003153312],
[[1612.0,1602.0,1612.0,1602.0],0.0003165099],
[[1622.0,1602.0,1622.0,1602.0],0.0003047528],
[[1642.0,1602.0,1642.0,1602.0],0.000256542],
[[1662.0,1602.0,1662.0,1602.0],0.0002271173],
[[1682.0,1602.0,1682.0,1602.0],0.0001995486],
[[1703.0,1702.0,1703.0,1702.0],0.0003148869],
[[1705.0,1702.0,1705.0,1702.0],0.0003154708],
[[1707.0,1702.0,1707.0,1702.0],0.0003275579],
[[1712.0,1702.0,1712.0,1702.0],0.0003236176],
[[1722.0,1702.0,1722.0,1702.0],0.0003213352],
[[1742.0,1702.0,1742.0,1702.0],0.0002575373],
[[1762.0,1702.0,1762.0,1702.0],0.000225711],
[[1782.0,1702.0,1782.0,1702.0],0.0002067297],
[[1803.0,1802.0,1803.0,1802.0],0.0003361038],
[[1805.0,1802.0,1805.0,1802.0],0.000340679],
[[1807.0,1802.0,1807.0,1802.0],0.0003325465],
[[1812.0,1802.0,1812.0,1802.0],0.0003229313],
[[1822.0,1802.0,1822.0,1802.0],0.0003112084],
[[1842.0,1802.0,1842.0,1802.0],0.0002653633],
[[1862.0,1802.0,1862.0,1802.0],0.0002260492],
[[1882.0,1802.0,1882.0,1802.0],0.0002355014],
[[1903.0,1902.0,1903.0,1902.0],0.0003267052],
[[1905.0,1902.0,1905.0,1902.0],0.0003214822],
[[1907.0,1902.0,1907.0,1902.0],0.0003270997],
[[1912.0,1902.0,1912.0,1902.0],0.0003099039],
[[1922.0,1902.0,1922.0,1902.0],0.000302637],
[[1942.0,1902.0,1942.0,1902.0],0.0002506936],
[[1962.0,1902.0,1962.0,1902.0],0.0002349221],
[[1982.0,1902.0,1982.0,1902.0],0.0002123501],
[[2003.0,2002.0,2003.0,2002.0],0.0003282784],
[[2005.0,2002.0,2005.0,2002.0],0.0003291572],
[[2007.0,2002.0,2007.0,2002.0],0.0003238573],
[[2012.0,2002.0,2012.0,2002.0],0.0003231866],
[[2022.0,2002.0,2022.0,2002.0],0.0003045067],
[[2042.0,2002.0,2042.0,2002.0],0.0002663076],
[[2062.0,2002.0,2062.0,2002.0],0.0002206973],
[[2082.0,2002.0,2082.0,2002.0],0.0002111286]]
