txName: TChiISR
constraint: {(PV > MET(1), MET(2))}
condition: None
conditionDescription: None
figureUrl: None
source: Recast by MA5
validated: True
axesMap: [{0: 'x', 1: 'y'}]
dataMap: {0: (1, 'mass', GeV), 1: (2, 'mass', GeV)}
finalState: ['MET', 'MET']
intermediateState: None
efficiencyMap: [[[1.0,10.0],2.500835e-07],
[[1.0,20.0],2.49361e-07],
[[1.0,30.0],2.509594e-07],
[[1.0,40.0],3.811975e-07],
[[1.0,50.0],3.593311e-07],
[[1.0,60.0],5.33316e-07],
[[5.0,10.0],2.913665e-07],
[[7.0,10.0],5.121931e-07],
[[9.0,10.0],1.443156e-07],
[[10.0,1.0],2.500835e-07],
[[10.0,5.0],2.913665e-07],
[[10.0,7.0],5.121931e-07],
[[10.0,9.0],1.443156e-07],
[[10.0,10.0],3.013531e-07],
[[12.0,62.0],2.794936e-07],
[[12.0,72.0],3.810247e-07],
[[12.0,82.0],8.799055e-07],
[[12.0,92.0],2.052007e-06],
[[12.0,102.0],3.3564e-06],
[[12.0,212.0],2.226377e-05],
[[12.0,312.0],4.260029e-05],
[[15.0,20.0],2.138074e-06],
[[17.0,20.0],2.066182e-07],
[[19.0,20.0],1.105313e-07],
[[20.0,1.0],2.49361e-07],
[[20.0,15.0],2.138074e-06],
[[20.0,17.0],2.066182e-07],
[[20.0,19.0],1.105313e-07],
[[20.0,20.0],1.821993e-07],
[[20.0,30.0],4.723879e-07],
[[20.0,40.0],4.532626e-07],
[[20.0,50.0],4.399852e-07],
[[20.0,60.0],2.149598e-07],
[[25.0,30.0],3.220036e-07],
[[27.0,30.0],2.800381e-07],
[[29.0,30.0],2.716502e-06],
[[30.0,1.0],2.509594e-07],
[[30.0,20.0],4.723879e-07],
[[30.0,25.0],3.220036e-07],
[[30.0,27.0],2.800381e-07],
[[30.0,29.0],2.716502e-06],
[[30.0,30.0],2.241383e-07],
[[30.0,40.0],2.576739e-07],
[[30.0,50.0],4.633587e-07],
[[30.0,60.0],4.544338e-07],
[[32.0,62.0],1.075881e-06],
[[32.0,72.0],1.859896e-06],
[[32.0,82.0],2.738101e-06],
[[32.0,92.0],4.356062e-06],
[[32.0,102.0],5.392897e-06],
[[32.0,112.0],7.753272e-06],
[[32.0,122.0],8.086562e-06],
[[32.0,232.0],2.477604e-05],
[[32.0,332.0],4.364501e-05],
[[35.0,40.0],1.961134e-07],
[[37.0,40.0],2.164803e-07],
[[39.0,40.0],2.503953e-07],
[[40.0,1.0],3.811975e-07],
[[40.0,20.0],4.532626e-07],
[[40.0,30.0],2.576739e-07],
[[40.0,35.0],1.961134e-07],
[[40.0,37.0],2.164803e-07],
[[40.0,39.0],2.503953e-07],
[[40.0,40.0],2.103745e-07],
[[40.0,50.0],4.494124e-07],
[[40.0,60.0],1.414823e-06],
[[45.0,50.0],2.809165e-06],
[[47.0,50.0],1.341621e-06],
[[49.0,50.0],1.488996e-06],
[[50.0,1.0],3.593311e-07],
[[50.0,20.0],4.399852e-07],
[[50.0,30.0],4.633587e-07],
[[50.0,40.0],4.494124e-07],
[[50.0,45.0],2.809165e-06],
[[50.0,47.0],1.341621e-06],
[[50.0,49.0],1.488996e-06],
[[50.0,50.0],1.887119e-06],
[[50.0,60.0],2.946111e-06],
[[52.0,62.0],2.408382e-06],
[[52.0,67.0],3.630055e-06],
[[52.0,72.0],3.844726e-06],
[[52.0,82.0],5.205629e-06],
[[52.0,92.0],6.740143e-06],
[[52.0,102.0],8.721875e-06],
[[52.0,112.0],9.524414e-06],
[[52.0,122.0],9.752612e-06],
[[52.0,132.0],1.276667e-05],
[[52.0,142.0],1.260746e-05],
[[52.0,252.0],3.280243e-05],
[[52.0,352.0],6.330196e-05],
[[55.0,60.0],5.174827e-06],
[[57.0,60.0],5.019113e-06],
[[59.0,60.0],5.770688e-06],
[[60.0,1.0],5.33316e-07],
[[60.0,20.0],2.149598e-07],
[[60.0,30.0],4.544338e-07],
[[60.0,40.0],1.414823e-06],
[[60.0,50.0],2.946111e-06],
[[60.0,55.0],5.174827e-06],
[[60.0,57.0],5.019113e-06],
[[60.0,59.0],5.770688e-06],
[[60.0,60.0],3.809351e-06],
[[62.0,12.0],2.794936e-07],
[[62.0,32.0],1.075881e-06],
[[62.0,52.0],2.408382e-06],
[[67.0,52.0],3.630055e-06],
[[72.0,12.0],3.810247e-07],
[[72.0,32.0],1.859896e-06],
[[72.0,52.0],3.844726e-06],
[[72.0,72.0],5.835165e-06],
[[72.0,75.0],7.667171e-06],
[[72.0,77.0],6.367961e-06],
[[72.0,82.0],6.279301e-06],
[[72.0,87.0],8.558546e-06],
[[72.0,92.0],1.213995e-05],
[[72.0,102.0],1.027492e-05],
[[72.0,112.0],1.054569e-05],
[[72.0,122.0],1.458386e-05],
[[72.0,132.0],1.721484e-05],
[[72.0,142.0],1.441186e-05],
[[72.0,152.0],1.76669e-05],
[[72.0,162.0],2.015355e-05],
[[72.0,272.0],4.175666e-05],
[[72.0,372.0],6.737562e-05],
[[75.0,72.0],7.667171e-06],
[[77.0,72.0],6.367961e-06],
[[82.0,12.0],8.799055e-07],
[[82.0,32.0],2.738101e-06],
[[82.0,52.0],5.205629e-06],
[[82.0,72.0],6.279301e-06],
[[87.0,72.0],8.558546e-06],
[[92.0,12.0],2.052007e-06],
[[92.0,32.0],4.356062e-06],
[[92.0,52.0],6.740143e-06],
[[92.0,72.0],1.213995e-05],
[[92.0,92.0],1.568961e-05],
[[92.0,95.0],1.011832e-05],
[[92.0,97.0],1.376715e-05],
[[92.0,102.0],1.589481e-05],
[[92.0,107.0],1.508148e-05],
[[92.0,112.0],1.412766e-05],
[[92.0,122.0],1.468351e-05],
[[92.0,132.0],1.971224e-05],
[[92.0,142.0],2.184922e-05],
[[92.0,152.0],2.492914e-05],
[[92.0,162.0],2.637176e-05],
[[92.0,172.0],3.115781e-05],
[[92.0,182.0],2.637878e-05],
[[92.0,292.0],5.176806e-05],
[[92.0,392.0],7.664202e-05],
[[95.0,92.0],1.011832e-05],
[[97.0,92.0],1.376715e-05],
[[102.0,12.0],3.3564e-06],
[[102.0,32.0],5.392897e-06],
[[102.0,52.0],8.721875e-06],
[[102.0,72.0],1.027492e-05],
[[102.0,92.0],1.589481e-05],
[[102.0,102.0],1.710415e-05],
[[102.0,105.0],1.56516e-05],
[[102.0,107.0],1.571089e-05],
[[102.0,112.0],1.881347e-05],
[[102.0,117.0],2.064418e-05],
[[102.0,122.0],1.634291e-05],
[[102.0,132.0],1.875384e-05],
[[102.0,142.0],2.43612e-05],
[[102.0,152.0],2.151057e-05],
[[102.0,162.0],3.23767e-05],
[[102.0,172.0],2.670684e-05],
[[102.0,182.0],2.842516e-05],
[[102.0,192.0],3.159825e-05],
[[102.0,302.0],5.333582e-05],
[[102.0,402.0],7.566917e-05],
[[105.0,102.0],1.56516e-05],
[[107.0,92.0],1.508148e-05],
[[107.0,102.0],1.571089e-05],
[[112.0,32.0],7.753272e-06],
[[112.0,52.0],9.524414e-06],
[[112.0,72.0],1.054569e-05],
[[112.0,92.0],1.412766e-05],
[[112.0,102.0],1.881347e-05],
[[117.0,102.0],2.064418e-05],
[[122.0,32.0],8.086562e-06],
[[122.0,52.0],9.752612e-06],
[[122.0,72.0],1.458386e-05],
[[122.0,92.0],1.468351e-05],
[[122.0,102.0],1.634291e-05],
[[132.0,52.0],1.276667e-05],
[[132.0,72.0],1.721484e-05],
[[132.0,92.0],1.971224e-05],
[[132.0,102.0],1.875384e-05],
[[142.0,52.0],1.260746e-05],
[[142.0,72.0],1.441186e-05],
[[142.0,92.0],2.184922e-05],
[[142.0,102.0],2.43612e-05],
[[152.0,72.0],1.76669e-05],
[[152.0,92.0],2.492914e-05],
[[152.0,102.0],2.151057e-05],
[[152.0,152.0],3.365914e-05],
[[152.0,155.0],3.233661e-05],
[[152.0,157.0],4.001539e-05],
[[152.0,162.0],3.296509e-05],
[[152.0,167.0],3.824254e-05],
[[152.0,172.0],4.452957e-05],
[[152.0,182.0],4.498263e-05],
[[152.0,192.0],3.910723e-05],
[[152.0,202.0],4.948229e-05],
[[152.0,212.0],4.576593e-05],
[[152.0,222.0],5.279294e-05],
[[152.0,232.0],5.035623e-05],
[[152.0,242.0],5.490922e-05],
[[152.0,352.0],7.765302e-05],
[[152.0,452.0],9.527469e-05],
[[155.0,152.0],3.233661e-05],
[[157.0,152.0],4.001539e-05],
[[162.0,72.0],2.015355e-05],
[[162.0,92.0],2.637176e-05],
[[162.0,102.0],3.23767e-05],
[[162.0,152.0],3.296509e-05],
[[167.0,152.0],3.824254e-05],
[[172.0,92.0],3.115781e-05],
[[172.0,102.0],2.670684e-05],
[[172.0,152.0],4.452957e-05],
[[182.0,92.0],2.637878e-05],
[[182.0,102.0],2.842516e-05],
[[182.0,152.0],4.498263e-05],
[[192.0,102.0],3.159825e-05],
[[192.0,152.0],3.910723e-05],
[[202.0,152.0],4.948229e-05],
[[202.0,202.0],5.794494e-05],
[[202.0,205.0],5.189674e-05],
[[202.0,207.0],5.108562e-05],
[[202.0,212.0],5.739492e-05],
[[202.0,217.0],6.808089e-05],
[[202.0,222.0],5.492223e-05],
[[202.0,232.0],6.440952e-05],
[[202.0,242.0],6.639729e-05],
[[202.0,252.0],6.305733e-05],
[[202.0,262.0],6.933089e-05],
[[202.0,272.0],7.055174e-05],
[[202.0,282.0],7.81786e-05],
[[202.0,402.0],0.0001028366],
[[202.0,502.0],0.000114907],
[[205.0,202.0],5.189674e-05],
[[207.0,202.0],5.108562e-05],
[[212.0,12.0],2.226377e-05],
[[212.0,152.0],4.576593e-05],
[[212.0,202.0],5.739492e-05],
[[217.0,202.0],6.808089e-05],
[[222.0,152.0],5.279294e-05],
[[222.0,202.0],5.492223e-05],
[[232.0,32.0],2.477604e-05],
[[232.0,152.0],5.035623e-05],
[[232.0,202.0],6.440952e-05],
[[242.0,152.0],5.490922e-05],
[[242.0,202.0],6.639729e-05],
[[252.0,52.0],3.280243e-05],
[[252.0,202.0],6.305733e-05],
[[252.0,252.0],7.965595e-05],
[[252.0,255.0],8.61317e-05],
[[252.0,257.0],9.231525e-05],
[[252.0,262.0],9.529397e-05],
[[252.0,267.0],8.568216e-05],
[[252.0,272.0],8.364592e-05],
[[252.0,282.0],8.272142e-05],
[[252.0,292.0],9.340373e-05],
[[252.0,302.0],8.435203e-05],
[[252.0,312.0],8.758704e-05],
[[252.0,322.0],9.665991e-05],
[[252.0,332.0],0.0001067994],
[[252.0,342.0],8.897423e-05],
[[252.0,452.0],0.0001187786],
[[252.0,552.0],0.0001403959],
[[255.0,252.0],8.61317e-05],
[[257.0,252.0],9.231525e-05],
[[262.0,202.0],6.933089e-05],
[[262.0,252.0],9.529397e-05],
[[267.0,252.0],8.568216e-05],
[[272.0,72.0],4.175666e-05],
[[272.0,202.0],7.055174e-05],
[[272.0,252.0],8.364592e-05],
[[282.0,202.0],7.81786e-05],
[[282.0,252.0],8.272142e-05],
[[292.0,92.0],5.176806e-05],
[[292.0,252.0],9.340373e-05],
[[302.0,102.0],5.333582e-05],
[[302.0,252.0],8.435203e-05],
[[302.0,302.0],9.827681e-05],
[[302.0,305.0],0.0001146008],
[[302.0,307.0],0.0001024416],
[[302.0,312.0],0.0001047776],
[[302.0,317.0],0.0001061698],
[[302.0,322.0],0.0001116018],
[[302.0,332.0],0.0001084773],
[[302.0,342.0],0.0001060443],
[[302.0,352.0],0.0001072367],
[[302.0,362.0],0.0001098817],
[[302.0,372.0],0.0001090729],
[[302.0,382.0],0.000119634],
[[302.0,392.0],0.0001150964],
[[302.0,502.0],0.0001517748],
[[302.0,602.0],0.0001658814],
[[305.0,302.0],0.0001146008],
[[307.0,302.0],0.0001024416],
[[312.0,12.0],4.260029e-05],
[[312.0,252.0],8.758704e-05],
[[312.0,302.0],0.0001047776],
[[317.0,302.0],0.0001061698],
[[322.0,252.0],9.665991e-05],
[[322.0,302.0],0.0001116018],
[[332.0,32.0],4.364501e-05],
[[332.0,252.0],0.0001067994],
[[332.0,302.0],0.0001084773],
[[342.0,252.0],8.897423e-05],
[[342.0,302.0],0.0001060443],
[[352.0,52.0],6.330196e-05],
[[352.0,152.0],7.765302e-05],
[[352.0,302.0],0.0001072367],
[[352.0,352.0],0.0001305678],
[[352.0,355.0],0.0001335428],
[[352.0,357.0],0.0001264725],
[[352.0,362.0],0.0001361096],
[[352.0,367.0],0.0001128753],
[[352.0,372.0],0.0001245049],
[[352.0,382.0],0.0001294764],
[[352.0,392.0],0.0001298825],
[[352.0,402.0],0.0001316555],
[[352.0,412.0],0.0001259047],
[[352.0,422.0],0.0001342083],
[[352.0,432.0],0.0001448565],
[[352.0,442.0],0.0001388827],
[[352.0,552.0],0.0001518975],
[[352.0,652.0],0.0001776593],
[[355.0,352.0],0.0001335428],
[[357.0,352.0],0.0001264725],
[[362.0,302.0],0.0001098817],
[[362.0,352.0],0.0001361096],
[[367.0,352.0],0.0001128753],
[[372.0,72.0],6.737562e-05],
[[372.0,302.0],0.0001090729],
[[372.0,352.0],0.0001245049],
[[382.0,302.0],0.000119634],
[[382.0,352.0],0.0001294764],
[[392.0,92.0],7.664202e-05],
[[392.0,302.0],0.0001150964],
[[392.0,352.0],0.0001298825],
[[402.0,102.0],7.566917e-05],
[[402.0,202.0],0.0001028366],
[[402.0,352.0],0.0001316555],
[[402.0,402.0],0.0001408633],
[[402.0,405.0],0.0001399315],
[[402.0,407.0],0.000136541],
[[402.0,412.0],0.0001347048],
[[402.0,417.0],0.0001405168],
[[402.0,422.0],0.0001472376],
[[402.0,432.0],0.0001426047],
[[402.0,442.0],0.0001504706],
[[402.0,452.0],0.0001515523],
[[402.0,462.0],0.0001612419],
[[402.0,472.0],0.0001530606],
[[402.0,482.0],0.0001487578],
[[402.0,492.0],0.0001610512],
[[402.0,602.0],0.0001724755],
[[402.0,702.0],0.0001801301],
[[405.0,402.0],0.0001399315],
[[407.0,402.0],0.000136541],
[[412.0,352.0],0.0001259047],
[[412.0,402.0],0.0001347048],
[[417.0,402.0],0.0001405168],
[[422.0,352.0],0.0001342083],
[[422.0,402.0],0.0001472376],
[[432.0,352.0],0.0001448565],
[[432.0,402.0],0.0001426047],
[[442.0,352.0],0.0001388827],
[[442.0,402.0],0.0001504706],
[[452.0,152.0],9.527469e-05],
[[452.0,252.0],0.0001187786],
[[452.0,402.0],0.0001515523],
[[462.0,402.0],0.0001612419],
[[472.0,402.0],0.0001530606],
[[482.0,402.0],0.0001487578],
[[492.0,402.0],0.0001610512],
[[502.0,202.0],0.000114907],
[[502.0,302.0],0.0001517748],
[[552.0,252.0],0.0001403959],
[[552.0,352.0],0.0001518975],
[[602.0,302.0],0.0001658814],
[[602.0,402.0],0.0001724755],
[[602.0,602.0],0.0002077513],
[[602.0,605.0],0.000202388],
[[602.0,607.0],0.0002099594],
[[602.0,612.0],0.0002118031],
[[602.0,617.0],0.0002226134],
[[602.0,622.0],0.0002167771],
[[602.0,632.0],0.0002188566],
[[602.0,642.0],0.0002216587],
[[602.0,652.0],0.0002291401],
[[602.0,662.0],0.0002211926],
[[602.0,672.0],0.0002218158],
[[602.0,682.0],0.0002246781],
[[602.0,692.0],0.0002223693],
[[602.0,802.0],0.0002372277],
[[602.0,902.0],0.0002420038],
[[605.0,602.0],0.000202388],
[[607.0,602.0],0.0002099594],
[[612.0,602.0],0.0002118031],
[[617.0,602.0],0.0002226134],
[[622.0,602.0],0.0002167771],
[[632.0,602.0],0.0002188566],
[[642.0,602.0],0.0002216587],
[[652.0,352.0],0.0001776593],
[[652.0,602.0],0.0002291401],
[[662.0,602.0],0.0002211926],
[[672.0,602.0],0.0002218158],
[[682.0,602.0],0.0002246781],
[[692.0,602.0],0.0002223693],
[[702.0,402.0],0.0001801301],
[[802.0,602.0],0.0002372277],
[[802.0,802.0],0.0002515769],
[[802.0,805.0],0.000248393],
[[802.0,807.0],0.0002584707],
[[802.0,812.0],0.0002697288],
[[802.0,817.0],0.0002564782],
[[802.0,822.0],0.000253777],
[[802.0,832.0],0.0002589505],
[[802.0,842.0],0.0002657319],
[[802.0,852.0],0.0002618672],
[[802.0,862.0],0.000270058],
[[802.0,872.0],0.0002562391],
[[802.0,882.0],0.0002712005],
[[802.0,892.0],0.0002599128],
[[802.0,1002.0],0.0002676846],
[[802.0,1102.0],0.0002803355],
[[805.0,802.0],0.000248393],
[[807.0,802.0],0.0002584707],
[[812.0,802.0],0.0002697288],
[[817.0,802.0],0.0002564782],
[[822.0,802.0],0.000253777],
[[832.0,802.0],0.0002589505],
[[842.0,802.0],0.0002657319],
[[852.0,802.0],0.0002618672],
[[862.0,802.0],0.000270058],
[[872.0,802.0],0.0002562391],
[[882.0,802.0],0.0002712005],
[[892.0,802.0],0.0002599128],
[[902.0,602.0],0.0002420038],
[[1002.0,802.0],0.0002676846],
[[1002.0,1002.0],0.0003099142],
[[1002.0,1005.0],0.0002971449],
[[1002.0,1007.0],0.0002925769],
[[1002.0,1012.0],0.0002841847],
[[1002.0,1017.0],0.0003041175],
[[1002.0,1022.0],0.0002916342],
[[1002.0,1032.0],0.0002899791],
[[1002.0,1042.0],0.0002976626],
[[1002.0,1052.0],0.0002920009],
[[1002.0,1062.0],0.0002880715],
[[1002.0,1072.0],0.0002839197],
[[1002.0,1082.0],0.0002979589],
[[1002.0,1092.0],0.0002953725],
[[1002.0,1202.0],0.0003003189],
[[1002.0,1302.0],0.0003070731],
[[1005.0,1002.0],0.0002971449],
[[1007.0,1002.0],0.0002925769],
[[1012.0,1002.0],0.0002841847],
[[1017.0,1002.0],0.0003041175],
[[1022.0,1002.0],0.0002916342],
[[1032.0,1002.0],0.0002899791],
[[1042.0,1002.0],0.0002976626],
[[1052.0,1002.0],0.0002920009],
[[1062.0,1002.0],0.0002880715],
[[1072.0,1002.0],0.0002839197],
[[1082.0,1002.0],0.0002979589],
[[1092.0,1002.0],0.0002953725],
[[1102.0,802.0],0.0002803355],
[[1202.0,1002.0],0.0003003189],
[[1202.0,1202.0],0.0003190689],
[[1202.0,1205.0],0.0003011218],
[[1202.0,1207.0],0.000319765],
[[1202.0,1212.0],0.0003186003],
[[1202.0,1217.0],0.0003301171],
[[1202.0,1222.0],0.0003122721],
[[1202.0,1232.0],0.0003274084],
[[1202.0,1242.0],0.0003026902],
[[1202.0,1252.0],0.0003193874],
[[1202.0,1262.0],0.0003212571],
[[1202.0,1272.0],0.0003166769],
[[1202.0,1282.0],0.0003021585],
[[1202.0,1292.0],0.0003121851],
[[1202.0,1402.0],0.000310848],
[[1202.0,1502.0],0.0003306302],
[[1205.0,1202.0],0.0003011218],
[[1207.0,1202.0],0.000319765],
[[1212.0,1202.0],0.0003186003],
[[1217.0,1202.0],0.0003301171],
[[1222.0,1202.0],0.0003122721],
[[1232.0,1202.0],0.0003274084],
[[1242.0,1202.0],0.0003026902],
[[1252.0,1202.0],0.0003193874],
[[1262.0,1202.0],0.0003212571],
[[1272.0,1202.0],0.0003166769],
[[1282.0,1202.0],0.0003021585],
[[1292.0,1202.0],0.0003121851],
[[1302.0,1002.0],0.0003070731],
[[1402.0,1202.0],0.000310848],
[[1402.0,1402.0],0.0003150028],
[[1402.0,1405.0],0.0003182837],
[[1402.0,1407.0],0.0003233309],
[[1402.0,1412.0],0.0003246373],
[[1402.0,1417.0],0.0003322717],
[[1402.0,1422.0],0.0003265541],
[[1402.0,1432.0],0.0003252762],
[[1402.0,1442.0],0.0003231787],
[[1402.0,1452.0],0.0003257805],
[[1402.0,1462.0],0.0003318395],
[[1402.0,1472.0],0.0003219856],
[[1402.0,1482.0],0.0003182718],
[[1402.0,1492.0],0.0003244342],
[[1402.0,1602.0],0.000331569],
[[1402.0,1702.0],0.0003298517],
[[1405.0,1402.0],0.0003182837],
[[1407.0,1402.0],0.0003233309],
[[1412.0,1402.0],0.0003246373],
[[1417.0,1402.0],0.0003322717],
[[1422.0,1402.0],0.0003265541],
[[1432.0,1402.0],0.0003252762],
[[1442.0,1402.0],0.0003231787],
[[1452.0,1402.0],0.0003257805],
[[1462.0,1402.0],0.0003318395],
[[1472.0,1402.0],0.0003219856],
[[1482.0,1402.0],0.0003182718],
[[1492.0,1402.0],0.0003244342],
[[1502.0,1202.0],0.0003306302],
[[1602.0,1402.0],0.000331569],
[[1602.0,1602.0],0.0003385426],
[[1602.0,1605.0],0.0003319846],
[[1602.0,1607.0],0.0003351945],
[[1602.0,1612.0],0.0003200797],
[[1602.0,1617.0],0.0003324801],
[[1602.0,1622.0],0.000347519],
[[1602.0,1632.0],0.0003386012],
[[1602.0,1642.0],0.0003320171],
[[1602.0,1652.0],0.0003404173],
[[1602.0,1662.0],0.0003442506],
[[1602.0,1672.0],0.0003315356],
[[1602.0,1682.0],0.0003368926],
[[1602.0,1692.0],0.0003296992],
[[1602.0,1802.0],0.0003272207],
[[1602.0,1902.0],0.0003458568],
[[1605.0,1602.0],0.0003319846],
[[1607.0,1602.0],0.0003351945],
[[1612.0,1602.0],0.0003200797],
[[1617.0,1602.0],0.0003324801],
[[1622.0,1602.0],0.000347519],
[[1632.0,1602.0],0.0003386012],
[[1642.0,1602.0],0.0003320171],
[[1652.0,1602.0],0.0003404173],
[[1662.0,1602.0],0.0003442506],
[[1672.0,1602.0],0.0003315356],
[[1682.0,1602.0],0.0003368926],
[[1692.0,1602.0],0.0003296992],
[[1702.0,1402.0],0.0003298517],
[[1802.0,1602.0],0.0003272207],
[[1802.0,1802.0],0.0003308364],
[[1802.0,1805.0],0.0003384613],
[[1802.0,1807.0],0.0003346744],
[[1802.0,1812.0],0.0003404715],
[[1802.0,1817.0],0.0003325586],
[[1802.0,1822.0],0.0003441759],
[[1802.0,1832.0],0.0003333759],
[[1802.0,1842.0],0.0003338727],
[[1802.0,1852.0],0.0003395146],
[[1802.0,1862.0],0.0003233981],
[[1802.0,1872.0],0.0003428486],
[[1802.0,1882.0],0.0003356275],
[[1802.0,1892.0],0.0003287967],
[[1802.0,2002.0],0.0003347251],
[[1802.0,2102.0],0.0003263136],
[[1805.0,1802.0],0.0003384613],
[[1807.0,1802.0],0.0003346744],
[[1812.0,1802.0],0.0003404715],
[[1817.0,1802.0],0.0003325586],
[[1822.0,1802.0],0.0003441759],
[[1832.0,1802.0],0.0003333759],
[[1842.0,1802.0],0.0003338727],
[[1852.0,1802.0],0.0003395146],
[[1862.0,1802.0],0.0003233981],
[[1872.0,1802.0],0.0003428486],
[[1882.0,1802.0],0.0003356275],
[[1892.0,1802.0],0.0003287967],
[[1902.0,1602.0],0.0003458568],
[[2002.0,1802.0],0.0003347251],
[[2002.0,2002.0],0.0003334126],
[[2002.0,2005.0],0.0003258844],
[[2002.0,2007.0],0.0003339503],
[[2002.0,2012.0],0.0003266564],
[[2002.0,2017.0],0.0003307269],
[[2002.0,2022.0],0.000332618],
[[2002.0,2032.0],0.0003280686],
[[2002.0,2042.0],0.0003333828],
[[2002.0,2052.0],0.0003307551],
[[2002.0,2062.0],0.0003303757],
[[2002.0,2072.0],0.0003336011],
[[2002.0,2082.0],0.0003265255],
[[2002.0,2092.0],0.0003404855],
[[2002.0,2202.0],0.0003186407],
[[2002.0,2302.0],0.0003240112],
[[2005.0,2002.0],0.0003258844],
[[2007.0,2002.0],0.0003339503],
[[2012.0,2002.0],0.0003266564],
[[2017.0,2002.0],0.0003307269],
[[2022.0,2002.0],0.000332618],
[[2032.0,2002.0],0.0003280686],
[[2042.0,2002.0],0.0003333828],
[[2052.0,2002.0],0.0003307551],
[[2062.0,2002.0],0.0003303757],
[[2072.0,2002.0],0.0003336011],
[[2082.0,2002.0],0.0003265255],
[[2092.0,2002.0],0.0003404855],
[[2102.0,1802.0],0.0003263136],
[[2202.0,2002.0],0.0003186407],
[[2302.0,2002.0],0.0003240112]]
