txName: TRV1nunu
constraint: {(PV > Zprime(1)), (Zprime(1) > nu,nu)}
condition: None
conditionDescription: None
figureUrl: None
source: CMS
validated: N/A
axesMap: [{0: 'x'}]
dataMap: {0: (1, 'mass', GeV)}
finalState: ['MET', 'MET']
efficiencyMap: [[[50.0],4.133262e-08],
[[100.0],2.835467e-07],
[[150.0],1.485197e-06],
[[200.0],2.305605e-06],
[[250.0],4.876618e-06],
[[300.0],8.018451e-06],
[[350.0],1.315195e-05],
[[400.0],2.030127e-05],
[[450.0],2.505748e-05],
[[500.0],3.77803e-05],
[[550.0],4.335431e-05],
[[600.0],4.865245e-05],
[[650.0],6.25778e-05],
[[700.0],8.124342e-05],
[[750.0],8.525421e-05],
[[800.0],0.0001058564],
[[850.0],0.0001179393],
[[900.0],0.0001346897],
[[950.0],0.0001470459],
[[1000.0],0.0001460807],
[[1050.0],0.0001639867],
[[1100.0],0.0001945536],
[[1150.0],0.0001988895],
[[1200.0],0.0001980698],
[[1250.0],0.0002353091],
[[1300.0],0.0002141578],
[[1350.0],0.0002699547],
[[1400.0],0.0002639359],
[[1450.0],0.0002536378],
[[1500.0],0.0002714607],
[[1550.0],0.0002877296],
[[1600.0],0.0003044482],
[[1650.0],0.000311251],
[[1700.0],0.0003154801],
[[1750.0],0.000360452],
[[1800.0],0.0003397453],
[[1850.0],0.0003439788],
[[1900.0],0.0003633852],
[[1950.0],0.0003373011],
[[2000.0],0.0003989263],
[[2250.0],0.0004164659],
[[2500.0],0.0004550578],
[[2750.0],0.0004795479],
[[3000.0],0.0005139604]]
