dataId: SR_2016_18
dataType: efficiencyMap
observedN: 65
expectedBG: 87.38325834
bgError: 6.923508640855444
upperLimit: 0.08018*fb
expectedUpperLimit: 0.1276*fb
