txName: TChiISR
constraint: {(PV > MET(1), MET(2))}
condition: None
conditionDescription: None
figureUrl: None
source: Recast by MA5
validated: True
axesMap: [{0: 'x', 1: 'y'}]
dataMap: {0: (1, 'mass', GeV), 1: (2, 'mass', GeV)}
finalState: ['MET', 'MET']
efficiencyMap: [[[1.0,10.0],1.267335e-08],
[[1.0,20.0],8.733316e-09],
[[1.0,30.0],1.501367e-08],
[[1.0,40.0],7.093423e-08],
[[1.0,50.0],2.899643e-08],
[[1.0,60.0],2.075101e-08],
[[5.0,10.0],1.615166e-08],
[[7.0,10.0],2.688469e-06],
[[9.0,10.0],1.10586e-08],
[[10.0,1.0],1.267335e-08],
[[10.0,5.0],1.615166e-08],
[[10.0,7.0],2.688469e-06],
[[10.0,9.0],1.10586e-08],
[[10.0,10.0],3.282332e-08],
[[12.0,62.0],1.819771e-08],
[[12.0,72.0],4.746308e-08],
[[12.0,82.0],1.426237e-07],
[[12.0,92.0],2.225057e-07],
[[12.0,102.0],6.723232e-07],
[[12.0,212.0],1.891591e-06],
[[12.0,312.0],4.712382e-06],
[[15.0,20.0],2.1176e-08],
[[17.0,20.0],2.439426e-08],
[[19.0,20.0],6.37618e-09],
[[20.0,1.0],8.733316e-09],
[[20.0,15.0],2.1176e-08],
[[20.0,17.0],2.439426e-08],
[[20.0,19.0],6.37618e-09],
[[20.0,20.0],2.167375e-08],
[[20.0,30.0],1.298796e-07],
[[20.0,40.0],2.596788e-08],
[[20.0,50.0],1.796406e-08],
[[20.0,60.0],1.0029e-08],
[[25.0,30.0],2.385743e-08],
[[27.0,30.0],1.524183e-08],
[[29.0,30.0],5.575561e-08],
[[30.0,1.0],1.501367e-08],
[[30.0,20.0],1.298796e-07],
[[30.0,25.0],2.385743e-08],
[[30.0,27.0],1.524183e-08],
[[30.0,29.0],5.575561e-08],
[[30.0,30.0],5.991634e-08],
[[30.0,40.0],2.595791e-08],
[[30.0,50.0],1.034152e-08],
[[30.0,60.0],7.113802e-08],
[[32.0,62.0],8.596546e-08],
[[32.0,72.0],7.254298e-07],
[[32.0,82.0],2.858485e-07],
[[32.0,92.0],3.39766e-07],
[[32.0,102.0],4.206183e-07],
[[32.0,112.0],4.41537e-07],
[[32.0,122.0],1.063814e-06],
[[32.0,232.0],3.413731e-06],
[[32.0,332.0],6.615935e-06],
[[35.0,40.0],1.550057e-08],
[[37.0,40.0],6.434425e-07],
[[39.0,40.0],1.030971e-08],
[[40.0,1.0],7.093423e-08],
[[40.0,20.0],2.596788e-08],
[[40.0,30.0],2.595791e-08],
[[40.0,35.0],1.550057e-08],
[[40.0,37.0],6.434425e-07],
[[40.0,39.0],1.030971e-08],
[[40.0,40.0],1.118969e-08],
[[40.0,50.0],1.044027e-07],
[[40.0,60.0],9.474024e-08],
[[45.0,50.0],1.077489e-07],
[[47.0,50.0],1.15685e-07],
[[49.0,50.0],1.498925e-07],
[[50.0,1.0],2.899643e-08],
[[50.0,20.0],1.796406e-08],
[[50.0,30.0],1.034152e-08],
[[50.0,40.0],1.044027e-07],
[[50.0,45.0],1.077489e-07],
[[50.0,47.0],1.15685e-07],
[[50.0,49.0],1.498925e-07],
[[50.0,50.0],1.903971e-07],
[[50.0,60.0],2.958494e-07],
[[52.0,62.0],3.007969e-07],
[[52.0,67.0],9.444415e-07],
[[52.0,72.0],3.834089e-07],
[[52.0,82.0],4.642129e-07],
[[52.0,92.0],6.322866e-07],
[[52.0,102.0],6.116754e-07],
[[52.0,112.0],9.013492e-07],
[[52.0,122.0],8.953542e-07],
[[52.0,132.0],1.248367e-06],
[[52.0,142.0],1.64687e-06],
[[52.0,252.0],4.29829e-06],
[[52.0,352.0],6.310187e-06],
[[55.0,60.0],2.795532e-06],
[[57.0,60.0],1.14333e-06],
[[59.0,60.0],3.094235e-07],
[[60.0,1.0],2.075101e-08],
[[60.0,20.0],1.0029e-08],
[[60.0,30.0],7.113802e-08],
[[60.0,40.0],9.474024e-08],
[[60.0,50.0],2.958494e-07],
[[60.0,55.0],2.795532e-06],
[[60.0,57.0],1.14333e-06],
[[60.0,59.0],3.094235e-07],
[[60.0,60.0],3.017978e-07],
[[62.0,12.0],1.819771e-08],
[[62.0,32.0],8.596546e-08],
[[62.0,52.0],3.007969e-07],
[[67.0,52.0],9.444415e-07],
[[72.0,12.0],4.746308e-08],
[[72.0,32.0],7.254298e-07],
[[72.0,52.0],3.834089e-07],
[[72.0,72.0],6.033402e-07],
[[72.0,75.0],4.442384e-07],
[[72.0,77.0],1.681854e-06],
[[72.0,82.0],1.36122e-06],
[[72.0,87.0],7.934354e-07],
[[72.0,92.0],8.301865e-07],
[[72.0,102.0],8.134584e-07],
[[72.0,112.0],1.178726e-06],
[[72.0,122.0],9.960934e-07],
[[72.0,132.0],1.80389e-06],
[[72.0,142.0],1.970486e-06],
[[72.0,152.0],2.024584e-06],
[[72.0,162.0],2.040352e-06],
[[72.0,272.0],4.848998e-06],
[[72.0,372.0],7.700434e-06],
[[75.0,72.0],4.442384e-07],
[[77.0,72.0],1.681854e-06],
[[82.0,12.0],1.426237e-07],
[[82.0,32.0],2.858485e-07],
[[82.0,52.0],4.642129e-07],
[[82.0,72.0],1.36122e-06],
[[87.0,72.0],7.934354e-07],
[[92.0,12.0],2.225057e-07],
[[92.0,32.0],3.39766e-07],
[[92.0,52.0],6.322866e-07],
[[92.0,72.0],8.301865e-07],
[[92.0,92.0],1.220515e-06],
[[92.0,95.0],1.300212e-06],
[[92.0,97.0],1.298104e-06],
[[92.0,102.0],2.692643e-06],
[[92.0,107.0],1.066344e-06],
[[92.0,112.0],1.68027e-06],
[[92.0,122.0],2.081844e-06],
[[92.0,132.0],2.152659e-06],
[[92.0,142.0],1.788875e-06],
[[92.0,152.0],2.39943e-06],
[[92.0,162.0],2.302053e-06],
[[92.0,172.0],3.158572e-06],
[[92.0,182.0],3.057873e-06],
[[92.0,292.0],7.775319e-06],
[[92.0,392.0],9.396833e-06],
[[95.0,92.0],1.300212e-06],
[[97.0,92.0],1.298104e-06],
[[102.0,12.0],6.723232e-07],
[[102.0,32.0],4.206183e-07],
[[102.0,52.0],6.116754e-07],
[[102.0,72.0],8.134584e-07],
[[102.0,92.0],2.692643e-06],
[[102.0,102.0],7.26883e-06],
[[102.0,105.0],1.374353e-06],
[[102.0,107.0],1.390469e-06],
[[102.0,112.0],1.486093e-06],
[[102.0,117.0],1.955897e-06],
[[102.0,122.0],2.515011e-06],
[[102.0,132.0],2.63457e-06],
[[102.0,142.0],2.619934e-06],
[[102.0,152.0],3.802406e-06],
[[102.0,162.0],2.316739e-06],
[[102.0,172.0],3.453881e-06],
[[102.0,182.0],3.997094e-06],
[[102.0,192.0],3.163535e-06],
[[102.0,302.0],6.812874e-06],
[[102.0,402.0],1.190429e-05],
[[105.0,102.0],1.374353e-06],
[[107.0,92.0],1.066344e-06],
[[107.0,102.0],1.390469e-06],
[[112.0,32.0],4.41537e-07],
[[112.0,52.0],9.013492e-07],
[[112.0,72.0],1.178726e-06],
[[112.0,92.0],1.68027e-06],
[[112.0,102.0],1.486093e-06],
[[117.0,102.0],1.955897e-06],
[[122.0,32.0],1.063814e-06],
[[122.0,52.0],8.953542e-07],
[[122.0,72.0],9.960934e-07],
[[122.0,92.0],2.081844e-06],
[[122.0,102.0],2.515011e-06],
[[132.0,52.0],1.248367e-06],
[[132.0,72.0],1.80389e-06],
[[132.0,92.0],2.152659e-06],
[[132.0,102.0],2.63457e-06],
[[142.0,52.0],1.64687e-06],
[[142.0,72.0],1.970486e-06],
[[142.0,92.0],1.788875e-06],
[[142.0,102.0],2.619934e-06],
[[152.0,72.0],2.024584e-06],
[[152.0,92.0],2.39943e-06],
[[152.0,102.0],3.802406e-06],
[[152.0,152.0],3.232309e-06],
[[152.0,155.0],4.340817e-06],
[[152.0,157.0],6.536483e-06],
[[152.0,162.0],4.350395e-06],
[[152.0,167.0],4.034107e-06],
[[152.0,172.0],7.221554e-06],
[[152.0,182.0],4.178331e-06],
[[152.0,192.0],6.026214e-06],
[[152.0,202.0],5.749487e-06],
[[152.0,212.0],6.94179e-06],
[[152.0,222.0],5.140958e-06],
[[152.0,232.0],9.265825e-06],
[[152.0,242.0],5.377623e-06],
[[152.0,352.0],8.348049e-06],
[[152.0,452.0],1.439267e-05],
[[155.0,152.0],4.340817e-06],
[[157.0,152.0],6.536483e-06],
[[162.0,72.0],2.040352e-06],
[[162.0,92.0],2.302053e-06],
[[162.0,102.0],2.316739e-06],
[[162.0,152.0],4.350395e-06],
[[167.0,152.0],4.034107e-06],
[[172.0,92.0],3.158572e-06],
[[172.0,102.0],3.453881e-06],
[[172.0,152.0],7.221554e-06],
[[182.0,92.0],3.057873e-06],
[[182.0,102.0],3.997094e-06],
[[182.0,152.0],4.178331e-06],
[[192.0,102.0],3.163535e-06],
[[192.0,152.0],6.026214e-06],
[[202.0,152.0],5.749487e-06],
[[202.0,202.0],7.449852e-06],
[[202.0,205.0],7.46259e-06],
[[202.0,207.0],6.466387e-06],
[[202.0,212.0],6.647629e-06],
[[202.0,217.0],9.047161e-06],
[[202.0,222.0],9.235331e-06],
[[202.0,232.0],7.660053e-06],
[[202.0,242.0],1.009334e-05],
[[202.0,252.0],7.484573e-06],
[[202.0,262.0],8.89798e-06],
[[202.0,272.0],1.15618e-05],
[[202.0,282.0],1.245739e-05],
[[202.0,402.0],1.399214e-05],
[[202.0,502.0],1.527382e-05],
[[205.0,202.0],7.46259e-06],
[[207.0,202.0],6.466387e-06],
[[212.0,12.0],1.891591e-06],
[[212.0,152.0],6.94179e-06],
[[212.0,202.0],6.647629e-06],
[[217.0,202.0],9.047161e-06],
[[222.0,152.0],5.140958e-06],
[[222.0,202.0],9.235331e-06],
[[232.0,32.0],3.413731e-06],
[[232.0,152.0],9.265825e-06],
[[232.0,202.0],7.660053e-06],
[[242.0,152.0],5.377623e-06],
[[242.0,202.0],1.009334e-05],
[[252.0,52.0],4.29829e-06],
[[252.0,202.0],7.484573e-06],
[[252.0,252.0],9.166228e-06],
[[252.0,255.0],9.83615e-06],
[[252.0,257.0],1.375926e-05],
[[252.0,262.0],1.010052e-05],
[[252.0,267.0],1.467759e-05],
[[252.0,272.0],1.084109e-05],
[[252.0,282.0],1.427252e-05],
[[252.0,292.0],1.113693e-05],
[[252.0,302.0],1.005836e-05],
[[252.0,312.0],1.074899e-05],
[[252.0,322.0],1.215704e-05],
[[252.0,332.0],1.287236e-05],
[[252.0,342.0],1.387655e-05],
[[252.0,452.0],2.122007e-05],
[[252.0,552.0],2.00911e-05],
[[255.0,252.0],9.83615e-06],
[[257.0,252.0],1.375926e-05],
[[262.0,202.0],8.89798e-06],
[[262.0,252.0],1.010052e-05],
[[267.0,252.0],1.467759e-05],
[[272.0,72.0],4.848998e-06],
[[272.0,202.0],1.15618e-05],
[[272.0,252.0],1.084109e-05],
[[282.0,202.0],1.245739e-05],
[[282.0,252.0],1.427252e-05],
[[292.0,92.0],7.775319e-06],
[[292.0,252.0],1.113693e-05],
[[302.0,102.0],6.812874e-06],
[[302.0,252.0],1.005836e-05],
[[302.0,302.0],1.382845e-05],
[[302.0,305.0],1.734665e-05],
[[302.0,307.0],1.14825e-05],
[[302.0,312.0],1.479889e-05],
[[302.0,317.0],1.43058e-05],
[[302.0,322.0],1.375155e-05],
[[302.0,332.0],1.286453e-05],
[[302.0,342.0],1.426041e-05],
[[302.0,352.0],1.655528e-05],
[[302.0,362.0],1.387782e-05],
[[302.0,372.0],1.551842e-05],
[[302.0,382.0],1.562974e-05],
[[302.0,392.0],1.52334e-05],
[[302.0,502.0],1.92329e-05],
[[302.0,602.0],2.414562e-05],
[[305.0,302.0],1.734665e-05],
[[307.0,302.0],1.14825e-05],
[[312.0,12.0],4.712382e-06],
[[312.0,252.0],1.074899e-05],
[[312.0,302.0],1.479889e-05],
[[317.0,302.0],1.43058e-05],
[[322.0,252.0],1.215704e-05],
[[322.0,302.0],1.375155e-05],
[[332.0,32.0],6.615935e-06],
[[332.0,252.0],1.287236e-05],
[[332.0,302.0],1.286453e-05],
[[342.0,252.0],1.387655e-05],
[[342.0,302.0],1.426041e-05],
[[352.0,52.0],6.310187e-06],
[[352.0,152.0],8.348049e-06],
[[352.0,302.0],1.655528e-05],
[[352.0,352.0],1.95931e-05],
[[352.0,355.0],1.783875e-05],
[[352.0,357.0],1.677103e-05],
[[352.0,362.0],1.747733e-05],
[[352.0,367.0],1.48682e-05],
[[352.0,372.0],1.74218e-05],
[[352.0,382.0],2.11273e-05],
[[352.0,392.0],1.709832e-05],
[[352.0,402.0],1.786589e-05],
[[352.0,412.0],2.23815e-05],
[[352.0,422.0],2.184813e-05],
[[352.0,432.0],1.841325e-05],
[[352.0,442.0],1.94049e-05],
[[352.0,552.0],2.306406e-05],
[[352.0,652.0],2.659466e-05],
[[355.0,352.0],1.783875e-05],
[[357.0,352.0],1.677103e-05],
[[362.0,302.0],1.387782e-05],
[[362.0,352.0],1.747733e-05],
[[367.0,352.0],1.48682e-05],
[[372.0,72.0],7.700434e-06],
[[372.0,302.0],1.551842e-05],
[[372.0,352.0],1.74218e-05],
[[382.0,302.0],1.562974e-05],
[[382.0,352.0],2.11273e-05],
[[392.0,92.0],9.396833e-06],
[[392.0,302.0],1.52334e-05],
[[392.0,352.0],1.709832e-05],
[[402.0,102.0],1.190429e-05],
[[402.0,202.0],1.399214e-05],
[[402.0,352.0],1.786589e-05],
[[402.0,402.0],2.266919e-05],
[[402.0,405.0],2.06227e-05],
[[402.0,407.0],1.924763e-05],
[[402.0,412.0],2.193704e-05],
[[402.0,417.0],2.310899e-05],
[[402.0,422.0],2.394615e-05],
[[402.0,432.0],1.93381e-05],
[[402.0,442.0],2.066525e-05],
[[402.0,452.0],2.177786e-05],
[[402.0,462.0],2.535071e-05],
[[402.0,472.0],2.108806e-05],
[[402.0,482.0],2.376805e-05],
[[402.0,492.0],2.461847e-05],
[[402.0,602.0],2.515239e-05],
[[402.0,702.0],3.071515e-05],
[[405.0,402.0],2.06227e-05],
[[407.0,402.0],1.924763e-05],
[[412.0,352.0],2.23815e-05],
[[412.0,402.0],2.193704e-05],
[[417.0,402.0],2.310899e-05],
[[422.0,352.0],2.184813e-05],
[[422.0,402.0],2.394615e-05],
[[432.0,352.0],1.841325e-05],
[[432.0,402.0],1.93381e-05],
[[442.0,352.0],1.94049e-05],
[[442.0,402.0],2.066525e-05],
[[452.0,152.0],1.439267e-05],
[[452.0,252.0],2.122007e-05],
[[452.0,402.0],2.177786e-05],
[[462.0,402.0],2.535071e-05],
[[472.0,402.0],2.108806e-05],
[[482.0,402.0],2.376805e-05],
[[492.0,402.0],2.461847e-05],
[[502.0,202.0],1.527382e-05],
[[502.0,302.0],1.92329e-05],
[[552.0,252.0],2.00911e-05],
[[552.0,352.0],2.306406e-05],
[[602.0,302.0],2.414562e-05],
[[602.0,402.0],2.515239e-05],
[[602.0,602.0],3.275674e-05],
[[602.0,605.0],3.070708e-05],
[[602.0,607.0],3.246086e-05],
[[602.0,612.0],3.253808e-05],
[[602.0,617.0],3.593424e-05],
[[602.0,622.0],3.58914e-05],
[[602.0,632.0],3.603898e-05],
[[602.0,642.0],3.241553e-05],
[[602.0,652.0],3.332091e-05],
[[602.0,662.0],3.380861e-05],
[[602.0,672.0],3.4759e-05],
[[602.0,682.0],3.448104e-05],
[[602.0,692.0],3.357254e-05],
[[602.0,802.0],3.537654e-05],
[[602.0,902.0],4.19312e-05],
[[605.0,602.0],3.070708e-05],
[[607.0,602.0],3.246086e-05],
[[612.0,602.0],3.253808e-05],
[[617.0,602.0],3.593424e-05],
[[622.0,602.0],3.58914e-05],
[[632.0,602.0],3.603898e-05],
[[642.0,602.0],3.241553e-05],
[[652.0,352.0],2.659466e-05],
[[652.0,602.0],3.332091e-05],
[[662.0,602.0],3.380861e-05],
[[672.0,602.0],3.4759e-05],
[[682.0,602.0],3.448104e-05],
[[692.0,602.0],3.357254e-05],
[[702.0,402.0],3.071515e-05],
[[802.0,602.0],3.537654e-05],
[[802.0,802.0],4.251496e-05],
[[802.0,805.0],4.38024e-05],
[[802.0,807.0],4.040669e-05],
[[802.0,812.0],4.23781e-05],
[[802.0,817.0],4.544704e-05],
[[802.0,822.0],4.145793e-05],
[[802.0,832.0],4.382932e-05],
[[802.0,842.0],4.24518e-05],
[[802.0,852.0],4.890227e-05],
[[802.0,862.0],4.396768e-05],
[[802.0,872.0],4.442101e-05],
[[802.0,882.0],4.313453e-05],
[[802.0,892.0],3.979822e-05],
[[802.0,1002.0],4.491736e-05],
[[802.0,1102.0],4.602945e-05],
[[805.0,802.0],4.38024e-05],
[[807.0,802.0],4.040669e-05],
[[812.0,802.0],4.23781e-05],
[[817.0,802.0],4.544704e-05],
[[822.0,802.0],4.145793e-05],
[[832.0,802.0],4.382932e-05],
[[842.0,802.0],4.24518e-05],
[[852.0,802.0],4.890227e-05],
[[862.0,802.0],4.396768e-05],
[[872.0,802.0],4.442101e-05],
[[882.0,802.0],4.313453e-05],
[[892.0,802.0],3.979822e-05],
[[902.0,602.0],4.19312e-05],
[[1002.0,802.0],4.491736e-05],
[[1002.0,1002.0],4.685279e-05],
[[1002.0,1005.0],4.617916e-05],
[[1002.0,1007.0],4.585936e-05],
[[1002.0,1012.0],4.927986e-05],
[[1002.0,1017.0],4.949371e-05],
[[1002.0,1022.0],4.943851e-05],
[[1002.0,1032.0],5.214577e-05],
[[1002.0,1042.0],5.079502e-05],
[[1002.0,1052.0],5.009829e-05],
[[1002.0,1062.0],4.983986e-05],
[[1002.0,1072.0],4.899021e-05],
[[1002.0,1082.0],4.696302e-05],
[[1002.0,1092.0],4.796236e-05],
[[1002.0,1202.0],4.911365e-05],
[[1002.0,1302.0],5.051391e-05],
[[1005.0,1002.0],4.617916e-05],
[[1007.0,1002.0],4.585936e-05],
[[1012.0,1002.0],4.927986e-05],
[[1017.0,1002.0],4.949371e-05],
[[1022.0,1002.0],4.943851e-05],
[[1032.0,1002.0],5.214577e-05],
[[1042.0,1002.0],5.079502e-05],
[[1052.0,1002.0],5.009829e-05],
[[1062.0,1002.0],4.983986e-05],
[[1072.0,1002.0],4.899021e-05],
[[1082.0,1002.0],4.696302e-05],
[[1092.0,1002.0],4.796236e-05],
[[1102.0,802.0],4.602945e-05],
[[1202.0,1002.0],4.911365e-05],
[[1202.0,1202.0],5.225801e-05],
[[1202.0,1205.0],5.707099e-05],
[[1202.0,1207.0],5.084463e-05],
[[1202.0,1212.0],5.342152e-05],
[[1202.0,1217.0],5.366986e-05],
[[1202.0,1222.0],5.012302e-05],
[[1202.0,1232.0],5.448332e-05],
[[1202.0,1242.0],5.19342e-05],
[[1202.0,1252.0],5.356069e-05],
[[1202.0,1262.0],5.106719e-05],
[[1202.0,1272.0],5.400474e-05],
[[1202.0,1282.0],5.540642e-05],
[[1202.0,1292.0],5.219156e-05],
[[1202.0,1402.0],5.535613e-05],
[[1202.0,1502.0],5.613246e-05],
[[1205.0,1202.0],5.707099e-05],
[[1207.0,1202.0],5.084463e-05],
[[1212.0,1202.0],5.342152e-05],
[[1217.0,1202.0],5.366986e-05],
[[1222.0,1202.0],5.012302e-05],
[[1232.0,1202.0],5.448332e-05],
[[1242.0,1202.0],5.19342e-05],
[[1252.0,1202.0],5.356069e-05],
[[1262.0,1202.0],5.106719e-05],
[[1272.0,1202.0],5.400474e-05],
[[1282.0,1202.0],5.540642e-05],
[[1292.0,1202.0],5.219156e-05],
[[1302.0,1002.0],5.051391e-05],
[[1402.0,1202.0],5.535613e-05],
[[1402.0,1402.0],5.705544e-05],
[[1402.0,1405.0],5.69977e-05],
[[1402.0,1407.0],5.5435e-05],
[[1402.0,1412.0],5.294716e-05],
[[1402.0,1417.0],5.56628e-05],
[[1402.0,1422.0],5.727827e-05],
[[1402.0,1432.0],5.553623e-05],
[[1402.0,1442.0],5.610757e-05],
[[1402.0,1452.0],5.440589e-05],
[[1402.0,1462.0],5.682609e-05],
[[1402.0,1472.0],5.881978e-05],
[[1402.0,1482.0],5.486871e-05],
[[1402.0,1492.0],5.7325e-05],
[[1402.0,1602.0],5.913761e-05],
[[1402.0,1702.0],5.788265e-05],
[[1405.0,1402.0],5.69977e-05],
[[1407.0,1402.0],5.5435e-05],
[[1412.0,1402.0],5.294716e-05],
[[1417.0,1402.0],5.56628e-05],
[[1422.0,1402.0],5.727827e-05],
[[1432.0,1402.0],5.553623e-05],
[[1442.0,1402.0],5.610757e-05],
[[1452.0,1402.0],5.440589e-05],
[[1462.0,1402.0],5.682609e-05],
[[1472.0,1402.0],5.881978e-05],
[[1482.0,1402.0],5.486871e-05],
[[1492.0,1402.0],5.7325e-05],
[[1502.0,1202.0],5.613246e-05],
[[1602.0,1402.0],5.913761e-05],
[[1602.0,1602.0],5.772326e-05],
[[1602.0,1605.0],5.739651e-05],
[[1602.0,1607.0],5.960403e-05],
[[1602.0,1612.0],5.616444e-05],
[[1602.0,1617.0],5.720641e-05],
[[1602.0,1622.0],5.84408e-05],
[[1602.0,1632.0],5.530176e-05],
[[1602.0,1642.0],5.751899e-05],
[[1602.0,1652.0],5.771978e-05],
[[1602.0,1662.0],5.680171e-05],
[[1602.0,1672.0],6.176924e-05],
[[1602.0,1682.0],5.69696e-05],
[[1602.0,1692.0],5.82056e-05],
[[1602.0,1802.0],5.662129e-05],
[[1602.0,1902.0],5.718045e-05],
[[1605.0,1602.0],5.739651e-05],
[[1607.0,1602.0],5.960403e-05],
[[1612.0,1602.0],5.616444e-05],
[[1617.0,1602.0],5.720641e-05],
[[1622.0,1602.0],5.84408e-05],
[[1632.0,1602.0],5.530176e-05],
[[1642.0,1602.0],5.751899e-05],
[[1652.0,1602.0],5.771978e-05],
[[1662.0,1602.0],5.680171e-05],
[[1672.0,1602.0],6.176924e-05],
[[1682.0,1602.0],5.69696e-05],
[[1692.0,1602.0],5.82056e-05],
[[1702.0,1402.0],5.788265e-05],
[[1802.0,1602.0],5.662129e-05],
[[1802.0,1802.0],5.744426e-05],
[[1802.0,1805.0],5.497392e-05],
[[1802.0,1807.0],5.720132e-05],
[[1802.0,1812.0],5.75154e-05],
[[1802.0,1817.0],5.861317e-05],
[[1802.0,1822.0],5.675512e-05],
[[1802.0,1832.0],5.717648e-05],
[[1802.0,1842.0],5.781422e-05],
[[1802.0,1852.0],5.452697e-05],
[[1802.0,1862.0],5.805381e-05],
[[1802.0,1872.0],5.662501e-05],
[[1802.0,1882.0],5.620535e-05],
[[1802.0,1892.0],5.773769e-05],
[[1802.0,2002.0],5.997847e-05],
[[1802.0,2102.0],5.895336e-05],
[[1805.0,1802.0],5.497392e-05],
[[1807.0,1802.0],5.720132e-05],
[[1812.0,1802.0],5.75154e-05],
[[1817.0,1802.0],5.861317e-05],
[[1822.0,1802.0],5.675512e-05],
[[1832.0,1802.0],5.717648e-05],
[[1842.0,1802.0],5.781422e-05],
[[1852.0,1802.0],5.452697e-05],
[[1862.0,1802.0],5.805381e-05],
[[1872.0,1802.0],5.662501e-05],
[[1882.0,1802.0],5.620535e-05],
[[1892.0,1802.0],5.773769e-05],
[[1902.0,1602.0],5.718045e-05],
[[2002.0,1802.0],5.997847e-05],
[[2002.0,2002.0],5.655034e-05],
[[2002.0,2005.0],5.799812e-05],
[[2002.0,2007.0],5.727239e-05],
[[2002.0,2012.0],5.642215e-05],
[[2002.0,2017.0],5.930032e-05],
[[2002.0,2022.0],6.133019e-05],
[[2002.0,2032.0],5.895003e-05],
[[2002.0,2042.0],5.872444e-05],
[[2002.0,2052.0],5.878801e-05],
[[2002.0,2062.0],5.773802e-05],
[[2002.0,2072.0],6.030652e-05],
[[2002.0,2082.0],5.852619e-05],
[[2002.0,2092.0],5.803959e-05],
[[2002.0,2202.0],5.559235e-05],
[[2002.0,2302.0],5.942583e-05],
[[2005.0,2002.0],5.799812e-05],
[[2007.0,2002.0],5.727239e-05],
[[2012.0,2002.0],5.642215e-05],
[[2017.0,2002.0],5.930032e-05],
[[2022.0,2002.0],6.133019e-05],
[[2032.0,2002.0],5.895003e-05],
[[2042.0,2002.0],5.872444e-05],
[[2052.0,2002.0],5.878801e-05],
[[2062.0,2002.0],5.773802e-05],
[[2072.0,2002.0],6.030652e-05],
[[2082.0,2002.0],5.852619e-05],
[[2092.0,2002.0],5.803959e-05],
[[2102.0,1802.0],5.895336e-05],
[[2202.0,2002.0],5.559235e-05],
[[2302.0,2002.0],5.942583e-05]]
