txName: TChiWWISRqq
constraint: {(PV > anyBSM(1), anyBSM(3)), (anyBSM(1) > q, q, MET(2)), (anyBSM(3) > q, q, MET(4))}
condition: None
conditionDescription: None
figureUrl: None
source: Recast by MA5
validated: True
axesMap: [{0: 'x', 1: 'y', 2: 'x', 3: 'y'}]
dataMap: {0: (1, 'mass', GeV), 1: (2, 'mass', GeV), 2: (3, 'mass', GeV), 3: (4, 'mass', GeV)}
finalState: ['MET', 'MET']
efficiencyMap: [[[11.0,10.0,11.0,10.0],7.214704e-09],
[[13.0,10.0,13.0,10.0],7.837118e-10],
[[15.0,10.0,15.0,10.0],0.0],
[[20.0,10.0,20.0,10.0],0.0],
[[21.0,20.0,21.0,20.0],1.822677e-09],
[[23.0,20.0,23.0,20.0],1.006616e-09],
[[25.0,20.0,25.0,20.0],0.0],
[[30.0,10.0,30.0,10.0],0.0],
[[30.0,20.0,30.0,20.0],0.0],
[[31.0,30.0,31.0,30.0],1.255637e-07],
[[33.0,30.0,33.0,30.0],1.597584e-09],
[[35.0,30.0,35.0,30.0],1.118131e-09],
[[40.0,20.0,40.0,20.0],0.0],
[[40.0,30.0,40.0,30.0],0.0],
[[41.0,40.0,41.0,40.0],8.339725e-09],
[[43.0,40.0,43.0,40.0],3.153112e-09],
[[45.0,40.0,45.0,40.0],2.647143e-09],
[[50.0,10.0,50.0,10.0],0.0],
[[50.0,30.0,50.0,30.0],8.366441e-10],
[[50.0,40.0,50.0,40.0],4.444813e-09],
[[51.0,50.0,51.0,50.0],5.052755e-08],
[[53.0,50.0,53.0,50.0],1.423249e-08],
[[55.0,50.0,55.0,50.0],1.578099e-09],
[[60.0,20.0,60.0,20.0],0.0],
[[60.0,40.0,60.0,40.0],0.0],
[[60.0,50.0,60.0,50.0],1.221615e-09],
[[61.0,60.0,61.0,60.0],2.008973e-07],
[[63.0,60.0,63.0,60.0],3.877365e-08],
[[65.0,60.0,65.0,60.0],2.160683e-08],
[[70.0,10.0,70.0,10.0],0.0],
[[70.0,30.0,70.0,30.0],0.0],
[[70.0,50.0,70.0,50.0],3.168949e-09],
[[70.0,60.0,70.0,60.0],2.342062e-08],
[[71.0,70.0,71.0,70.0],5.454616e-07],
[[73.0,70.0,73.0,70.0],1.191796e-06],
[[75.0,70.0,75.0,70.0],6.382886e-08],
[[80.0,20.0,80.0,20.0],0.0],
[[80.0,40.0,80.0,40.0],3.500531e-09],
[[80.0,60.0,80.0,60.0],2.14537e-09],
[[80.0,70.0,80.0,70.0],3.430728e-08],
[[81.0,80.0,81.0,80.0],6.89072e-07],
[[83.0,80.0,83.0,80.0],4.266418e-07],
[[85.0,80.0,85.0,80.0],6.08379e-08],
[[90.0,10.0,90.0,10.0],0.0],
[[90.0,30.0,90.0,30.0],5.881572e-09],
[[90.0,50.0,90.0,50.0],2.764901e-09],
[[90.0,70.0,90.0,70.0],8.820403e-09],
[[90.0,80.0,90.0,80.0],7.07311e-08],
[[91.0,90.0,91.0,90.0],5.376561e-07],
[[93.0,90.0,93.0,90.0],3.91909e-07],
[[95.0,90.0,95.0,90.0],1.352259e-07],
[[100.0,20.0,100.0,20.0],0.0],
[[100.0,40.0,100.0,40.0],1.904152e-09],
[[100.0,60.0,100.0,60.0],7.373297e-09],
[[100.0,80.0,100.0,80.0],4.717378e-09],
[[100.0,90.0,100.0,90.0],5.914568e-08],
[[101.0,100.0,101.0,100.0],6.271216e-07],
[[103.0,100.0,103.0,100.0],5.473697e-07],
[[103.0,102.0,103.0,102.0],9.315012e-07],
[[105.0,100.0,105.0,100.0],2.018029e-07],
[[105.0,102.0,105.0,102.0],8.506946e-07],
[[107.0,102.0,107.0,102.0],2.46428e-07],
[[110.0,30.0,110.0,30.0],4.464964e-09],
[[110.0,50.0,110.0,50.0],0.0],
[[110.0,70.0,110.0,70.0],8.043948e-09],
[[110.0,90.0,110.0,90.0],8.654197e-08],
[[110.0,100.0,110.0,100.0],1.030172e-07],
[[112.0,102.0,112.0,102.0],1.471036e-07],
[[120.0,40.0,120.0,40.0],1.413188e-08],
[[120.0,60.0,120.0,60.0],3.240618e-09],
[[120.0,80.0,120.0,80.0],7.880721e-09],
[[120.0,100.0,120.0,100.0],5.61209e-08],
[[122.0,102.0,122.0,102.0],4.395623e-08],
[[123.0,122.0,123.0,122.0],1.050253e-06],
[[125.0,122.0,125.0,122.0],1.135993e-06],
[[127.0,122.0,127.0,122.0],5.333388e-07],
[[130.0,50.0,130.0,50.0],5.998795e-08],
[[130.0,70.0,130.0,70.0],5.458704e-09],
[[130.0,90.0,130.0,90.0],9.009409e-09],
[[132.0,122.0,132.0,122.0],7.417321e-07],
[[140.0,60.0,140.0,60.0],0.0],
[[140.0,80.0,140.0,80.0],1.237241e-08],
[[140.0,100.0,140.0,100.0],2.463126e-08],
[[142.0,102.0,142.0,102.0],8.028749e-08],
[[142.0,122.0,142.0,122.0],1.003696e-07],
[[143.0,142.0,143.0,142.0],2.45773e-06],
[[145.0,142.0,145.0,142.0],1.455355e-06],
[[147.0,142.0,147.0,142.0],7.652397e-07],
[[150.0,70.0,150.0,70.0],5.529856e-09],
[[150.0,90.0,150.0,90.0],2.215963e-08],
[[152.0,142.0,152.0,142.0],3.179122e-07],
[[160.0,80.0,160.0,80.0],2.34635e-08],
[[160.0,100.0,160.0,100.0],1.60338e-08],
[[162.0,102.0,162.0,102.0],6.618316e-08],
[[162.0,122.0,162.0,122.0],3.359324e-08],
[[162.0,142.0,162.0,142.0],1.569205e-07],
[[163.0,162.0,163.0,162.0],2.507249e-06],
[[165.0,162.0,165.0,162.0],1.81193e-06],
[[167.0,162.0,167.0,162.0],1.348393e-06],
[[170.0,90.0,170.0,90.0],1.809162e-08],
[[172.0,162.0,172.0,162.0],8.794399e-07],
[[180.0,100.0,180.0,100.0],4.308592e-08],
[[182.0,102.0,182.0,102.0],4.583011e-08],
[[182.0,122.0,182.0,122.0],4.776732e-08],
[[182.0,142.0,182.0,142.0],6.315655e-08],
[[182.0,162.0,182.0,162.0],4.37733e-07],
[[183.0,182.0,183.0,182.0],3.817219e-06],
[[185.0,182.0,185.0,182.0],2.896669e-06],
[[187.0,182.0,187.0,182.0],1.971669e-06],
[[192.0,182.0,192.0,182.0],1.276711e-06],
[[202.0,122.0,202.0,122.0],1.23447e-07],
[[202.0,142.0,202.0,142.0],1.415063e-07],
[[202.0,162.0,202.0,162.0],2.195574e-07],
[[202.0,182.0,202.0,182.0],6.729417e-07],
[[203.0,202.0,203.0,202.0],3.9913e-06],
[[205.0,202.0,205.0,202.0],3.724127e-06],
[[207.0,202.0,207.0,202.0],3.286833e-06],
[[212.0,202.0,212.0,202.0],1.926206e-06],
[[222.0,142.0,222.0,142.0],9.238279e-08],
[[222.0,162.0,222.0,162.0],2.651164e-07],
[[222.0,182.0,222.0,182.0],4.315276e-07],
[[222.0,202.0,222.0,202.0],8.728704e-07],
[[223.0,222.0,223.0,222.0],5.358924e-06],
[[225.0,222.0,225.0,222.0],4.759656e-06],
[[227.0,222.0,227.0,222.0],3.786641e-06],
[[232.0,222.0,232.0,222.0],2.604097e-06],
[[242.0,162.0,242.0,162.0],2.226991e-07],
[[242.0,182.0,242.0,182.0],2.263074e-07],
[[242.0,202.0,242.0,202.0],1.121717e-06],
[[242.0,222.0,242.0,222.0],1.274374e-06],
[[243.0,242.0,243.0,242.0],5.653075e-06],
[[245.0,242.0,245.0,242.0],4.947361e-06],
[[247.0,242.0,247.0,242.0],4.941328e-06],
[[252.0,242.0,252.0,242.0],2.896649e-06],
[[262.0,182.0,262.0,182.0],2.916704e-07],
[[262.0,202.0,262.0,202.0],4.238622e-07],
[[262.0,222.0,262.0,222.0],1.792779e-06],
[[262.0,242.0,262.0,242.0],1.912232e-06],
[[263.0,262.0,263.0,262.0],7.360542e-06],
[[265.0,262.0,265.0,262.0],6.557065e-06],
[[267.0,262.0,267.0,262.0],5.798939e-06],
[[272.0,262.0,272.0,262.0],4.044317e-06],
[[282.0,202.0,282.0,202.0],4.835821e-07],
[[282.0,222.0,282.0,222.0],6.796789e-07],
[[282.0,242.0,282.0,242.0],7.476842e-07],
[[282.0,262.0,282.0,262.0],2.12691e-06],
[[283.0,282.0,283.0,282.0],8.231476e-06],
[[285.0,282.0,285.0,282.0],7.410206e-06],
[[287.0,282.0,287.0,282.0],6.731293e-06],
[[292.0,282.0,292.0,282.0],4.444798e-06],
[[302.0,222.0,302.0,222.0],5.827987e-07],
[[302.0,242.0,302.0,242.0],1.047058e-06],
[[302.0,262.0,302.0,262.0],1.259633e-06],
[[302.0,282.0,302.0,282.0],3.058541e-06],
[[303.0,302.0,303.0,302.0],8.820602e-06],
[[305.0,302.0,305.0,302.0],8.648912e-06],
[[307.0,302.0,307.0,302.0],8.140969e-06],
[[312.0,302.0,312.0,302.0],5.838735e-06],
[[322.0,242.0,322.0,242.0],6.690834e-07],
[[322.0,262.0,322.0,262.0],4.855377e-06],
[[322.0,282.0,322.0,282.0],1.838898e-06],
[[322.0,302.0,322.0,302.0],3.99234e-06],
[[323.0,322.0,323.0,322.0],1.100978e-05],
[[325.0,322.0,325.0,322.0],1.086135e-05],
[[327.0,322.0,327.0,322.0],9.537041e-06],
[[332.0,322.0,332.0,322.0],6.790702e-06],
[[342.0,262.0,342.0,262.0],1.113375e-06],
[[342.0,282.0,342.0,282.0],1.510046e-06],
[[342.0,302.0,342.0,302.0],3.014097e-06],
[[342.0,322.0,342.0,322.0],3.942655e-06],
[[343.0,342.0,343.0,342.0],1.115765e-05],
[[345.0,342.0,345.0,342.0],1.181391e-05],
[[347.0,342.0,347.0,342.0],1.057529e-05],
[[352.0,342.0,352.0,342.0],1.064173e-05],
[[362.0,282.0,362.0,282.0],1.261728e-06],
[[362.0,302.0,362.0,302.0],1.627472e-06],
[[362.0,322.0,362.0,322.0],3.329542e-06],
[[362.0,342.0,362.0,342.0],4.872019e-06],
[[363.0,362.0,363.0,362.0],1.35279e-05],
[[365.0,362.0,365.0,362.0],1.200736e-05],
[[367.0,362.0,367.0,362.0],1.302242e-05],
[[372.0,362.0,372.0,362.0],1.104865e-05],
[[382.0,302.0,382.0,302.0],1.752356e-06],
[[382.0,322.0,382.0,322.0],1.965629e-06],
[[382.0,342.0,382.0,342.0],3.118147e-06],
[[382.0,362.0,382.0,362.0],5.810538e-06],
[[383.0,382.0,383.0,382.0],1.624541e-05],
[[385.0,382.0,385.0,382.0],1.524896e-05],
[[387.0,382.0,387.0,382.0],1.461618e-05],
[[392.0,382.0,392.0,382.0],1.080518e-05],
[[402.0,322.0,402.0,322.0],2.378377e-06],
[[402.0,342.0,402.0,342.0],2.919236e-06],
[[402.0,362.0,402.0,362.0],3.261209e-06],
[[402.0,382.0,402.0,382.0],6.930063e-06],
[[403.0,402.0,403.0,402.0],1.616725e-05],
[[405.0,402.0,405.0,402.0],1.569072e-05],
[[407.0,402.0,407.0,402.0],1.448356e-05],
[[412.0,402.0,412.0,402.0],1.421938e-05],
[[422.0,342.0,422.0,342.0],1.958419e-06],
[[422.0,362.0,422.0,362.0],3.430166e-06],
[[422.0,382.0,422.0,382.0],4.330259e-06],
[[422.0,402.0,422.0,402.0],8.308119e-06],
[[442.0,362.0,442.0,362.0],2.609668e-06],
[[442.0,382.0,442.0,382.0],4.445507e-06],
[[442.0,402.0,442.0,402.0],5.985542e-06],
[[462.0,382.0,462.0,382.0],3.779655e-06],
[[462.0,402.0,462.0,402.0],4.145693e-06],
[[482.0,402.0,482.0,402.0],3.788767e-06],
[[503.0,502.0,503.0,502.0],1.949372e-05],
[[505.0,502.0,505.0,502.0],2.138846e-05],
[[507.0,502.0,507.0,502.0],2.266584e-05],
[[512.0,502.0,512.0,502.0],2.416077e-05],
[[522.0,502.0,522.0,502.0],1.356726e-05],
[[542.0,502.0,542.0,502.0],1.060719e-05],
[[562.0,502.0,562.0,502.0],7.00538e-06],
[[582.0,502.0,582.0,502.0],7.46139e-06],
[[603.0,602.0,603.0,602.0],2.841652e-05],
[[605.0,602.0,605.0,602.0],2.830548e-05],
[[607.0,602.0,607.0,602.0],3.16289e-05],
[[612.0,602.0,612.0,602.0],2.395323e-05],
[[622.0,602.0,622.0,602.0],1.902818e-05],
[[642.0,602.0,642.0,602.0],1.43244e-05],
[[662.0,602.0,662.0,602.0],1.137991e-05],
[[682.0,602.0,682.0,602.0],1.315931e-05],
[[703.0,702.0,703.0,702.0],3.709032e-05],
[[705.0,702.0,705.0,702.0],3.128761e-05],
[[707.0,702.0,707.0,702.0],3.035531e-05],
[[712.0,702.0,712.0,702.0],3.170723e-05],
[[722.0,702.0,722.0,702.0],2.54784e-05],
[[742.0,702.0,742.0,702.0],1.972218e-05],
[[762.0,702.0,762.0,702.0],1.510284e-05],
[[782.0,702.0,782.0,702.0],1.316721e-05],
[[803.0,802.0,803.0,802.0],3.768645e-05],
[[805.0,802.0,805.0,802.0],3.697131e-05],
[[807.0,802.0,807.0,802.0],3.75496e-05],
[[812.0,802.0,812.0,802.0],3.407732e-05],
[[822.0,802.0,822.0,802.0],3.000083e-05],
[[842.0,802.0,842.0,802.0],1.960626e-05],
[[862.0,802.0,862.0,802.0],1.912018e-05],
[[882.0,802.0,882.0,802.0],1.68042e-05],
[[903.0,902.0,903.0,902.0],4.380549e-05],
[[905.0,902.0,905.0,902.0],3.897368e-05],
[[907.0,902.0,907.0,902.0],4.091072e-05],
[[912.0,902.0,912.0,902.0],4.022678e-05],
[[922.0,902.0,922.0,902.0],3.351187e-05],
[[942.0,902.0,942.0,902.0],2.845243e-05],
[[962.0,902.0,962.0,902.0],1.894506e-05],
[[982.0,902.0,982.0,902.0],2.185339e-05],
[[1003.0,1002.0,1003.0,1002.0],4.463434e-05],
[[1005.0,1002.0,1005.0,1002.0],4.690146e-05],
[[1007.0,1002.0,1007.0,1002.0],4.426636e-05],
[[1012.0,1002.0,1012.0,1002.0],4.517334e-05],
[[1022.0,1002.0,1022.0,1002.0],3.883505e-05],
[[1042.0,1002.0,1042.0,1002.0],2.667043e-05],
[[1062.0,1002.0,1062.0,1002.0],2.428941e-05],
[[1082.0,1002.0,1082.0,1002.0],2.282362e-05],
[[1103.0,1102.0,1103.0,1102.0],4.881394e-05],
[[1105.0,1102.0,1105.0,1102.0],4.95837e-05],
[[1107.0,1102.0,1107.0,1102.0],4.916964e-05],
[[1112.0,1102.0,1112.0,1102.0],4.58539e-05],
[[1122.0,1102.0,1122.0,1102.0],4.148759e-05],
[[1142.0,1102.0,1142.0,1102.0],3.190187e-05],
[[1162.0,1102.0,1162.0,1102.0],2.865475e-05],
[[1182.0,1102.0,1182.0,1102.0],2.422798e-05],
[[1203.0,1202.0,1203.0,1202.0],5.146449e-05],
[[1205.0,1202.0,1205.0,1202.0],5.301232e-05],
[[1207.0,1202.0,1207.0,1202.0],5.210061e-05],
[[1212.0,1202.0,1212.0,1202.0],5.618403e-05],
[[1222.0,1202.0,1222.0,1202.0],4.502927e-05],
[[1242.0,1202.0,1242.0,1202.0],3.588761e-05],
[[1262.0,1202.0,1262.0,1202.0],3.108641e-05],
[[1282.0,1202.0,1282.0,1202.0],2.771122e-05],
[[1303.0,1302.0,1303.0,1302.0],5.145508e-05],
[[1305.0,1302.0,1305.0,1302.0],5.244639e-05],
[[1307.0,1302.0,1307.0,1302.0],5.338442e-05],
[[1312.0,1302.0,1312.0,1302.0],5.164393e-05],
[[1322.0,1302.0,1322.0,1302.0],4.43314e-05],
[[1342.0,1302.0,1342.0,1302.0],3.849661e-05],
[[1362.0,1302.0,1362.0,1302.0],3.29339e-05],
[[1382.0,1302.0,1382.0,1302.0],3.286961e-05],
[[1403.0,1402.0,1403.0,1402.0],5.565084e-05],
[[1405.0,1402.0,1405.0,1402.0],5.858947e-05],
[[1407.0,1402.0,1407.0,1402.0],5.483605e-05],
[[1412.0,1402.0,1412.0,1402.0],5.628991e-05],
[[1422.0,1402.0,1422.0,1402.0],4.825924e-05],
[[1442.0,1402.0,1442.0,1402.0],3.737402e-05],
[[1462.0,1402.0,1462.0,1402.0],3.522299e-05],
[[1482.0,1402.0,1482.0,1402.0],3.112606e-05],
[[1503.0,1502.0,1503.0,1502.0],5.611583e-05],
[[1505.0,1502.0,1505.0,1502.0],5.709511e-05],
[[1507.0,1502.0,1507.0,1502.0],5.537516e-05],
[[1512.0,1502.0,1512.0,1502.0],5.570642e-05],
[[1522.0,1502.0,1522.0,1502.0],5.134466e-05],
[[1542.0,1502.0,1542.0,1502.0],3.842693e-05],
[[1562.0,1502.0,1562.0,1502.0],3.511418e-05],
[[1582.0,1502.0,1582.0,1502.0],3.087157e-05],
[[1603.0,1602.0,1603.0,1602.0],5.484865e-05],
[[1605.0,1602.0,1605.0,1602.0],5.58759e-05],
[[1607.0,1602.0,1607.0,1602.0],5.39148e-05],
[[1612.0,1602.0,1612.0,1602.0],5.397596e-05],
[[1622.0,1602.0,1622.0,1602.0],5.278544e-05],
[[1642.0,1602.0,1642.0,1602.0],4.119007e-05],
[[1662.0,1602.0,1662.0,1602.0],3.730023e-05],
[[1682.0,1602.0,1682.0,1602.0],3.413099e-05],
[[1703.0,1702.0,1703.0,1702.0],6.243488e-05],
[[1705.0,1702.0,1705.0,1702.0],5.477984e-05],
[[1707.0,1702.0,1707.0,1702.0],5.920072e-05],
[[1712.0,1702.0,1712.0,1702.0],5.50469e-05],
[[1722.0,1702.0,1722.0,1702.0],5.407489e-05],
[[1742.0,1702.0,1742.0,1702.0],4.451639e-05],
[[1762.0,1702.0,1762.0,1702.0],3.64203e-05],
[[1782.0,1702.0,1782.0,1702.0],3.626286e-05],
[[1803.0,1802.0,1803.0,1802.0],5.772291e-05],
[[1805.0,1802.0,1805.0,1802.0],5.876301e-05],
[[1807.0,1802.0,1807.0,1802.0],5.978425e-05],
[[1812.0,1802.0,1812.0,1802.0],6.086468e-05],
[[1822.0,1802.0,1822.0,1802.0],5.432233e-05],
[[1842.0,1802.0,1842.0,1802.0],4.426115e-05],
[[1862.0,1802.0,1862.0,1802.0],3.743476e-05],
[[1882.0,1802.0,1882.0,1802.0],3.630578e-05],
[[1903.0,1902.0,1903.0,1902.0],5.705909e-05],
[[1905.0,1902.0,1905.0,1902.0],5.65731e-05],
[[1907.0,1902.0,1907.0,1902.0],5.980154e-05],
[[1912.0,1902.0,1912.0,1902.0],5.458334e-05],
[[1922.0,1902.0,1922.0,1902.0],5.203102e-05],
[[1942.0,1902.0,1942.0,1902.0],4.302762e-05],
[[1962.0,1902.0,1962.0,1902.0],3.91458e-05],
[[1982.0,1902.0,1982.0,1902.0],3.833202e-05],
[[2003.0,2002.0,2003.0,2002.0],5.52032e-05],
[[2005.0,2002.0,2005.0,2002.0],5.749353e-05],
[[2007.0,2002.0,2007.0,2002.0],5.883757e-05],
[[2012.0,2002.0,2012.0,2002.0],5.848484e-05],
[[2022.0,2002.0,2022.0,2002.0],5.761378e-05],
[[2042.0,2002.0,2042.0,2002.0],4.438463e-05],
[[2062.0,2002.0,2062.0,2002.0],3.93598e-05],
[[2082.0,2002.0,2082.0,2002.0],3.340922e-05]]
