txName: TChiZISRll
constraint: {(PV > anyBSM(1), MET(3)), (anyBSM(1) > l+,l-,MET(2))}
condition: None
conditionDescription: None
figureUrl: None
source: Recast by MA5
validated: True
axesMap: [{0: 'x', 1: 'y', 2: 'y'}]
dataMap: {0: (1, 'mass', GeV), 1: (2, 'mass', GeV), 2: (3, 'mass', GeV)}
finalState: ['MET', 'MET']
efficiencyMap: [[[10.0,1.0,1.0],0.0],
[[10.0,5.0,5.0],0.0],
[[10.0,7.0,7.0],1.022572e-09],
[[10.0,9.0,9.0],1.199194e-09],
[[20.0,1.0,1.0],0.0],
[[20.0,15.0,15.0],0.0],
[[20.0,17.0,17.0],2.902795e-09],
[[20.0,19.0,19.0],5.181613e-09],
[[30.0,1.0,1.0],0.0],
[[30.0,20.0,20.0],0.0],
[[30.0,25.0,25.0],0.0],
[[30.0,27.0,27.0],2.276501e-09],
[[30.0,29.0,29.0],1.479987e-08],
[[40.0,1.0,1.0],0.0],
[[40.0,20.0,20.0],0.0],
[[40.0,30.0,30.0],1.832072e-09],
[[40.0,35.0,35.0],5.057822e-09],
[[40.0,37.0,37.0],0.0],
[[40.0,39.0,39.0],6.465998e-09],
[[50.0,1.0,1.0],0.0],
[[50.0,20.0,20.0],0.0],
[[50.0,30.0,30.0],0.0],
[[50.0,40.0,40.0],2.471225e-09],
[[50.0,45.0,45.0],1.790897e-08],
[[50.0,47.0,47.0],5.298534e-08],
[[50.0,49.0,49.0],1.070886e-06],
[[60.0,1.0,1.0],0.0],
[[60.0,20.0,20.0],0.0],
[[60.0,30.0,30.0],0.0],
[[60.0,40.0,40.0],0.0],
[[60.0,50.0,50.0],9.671802e-08],
[[60.0,55.0,55.0],1.138193e-07],
[[60.0,57.0,57.0],9.628578e-08],
[[60.0,59.0,59.0],2.679197e-07],
[[61.0,52.0,52.0],2.605946e-08],
[[62.0,2.0,2.0],0.0],
[[62.0,12.0,12.0],0.0],
[[62.0,22.0,22.0],0.0],
[[62.0,32.0,32.0],0.0],
[[62.0,42.0,42.0],1.597801e-08],
[[63.0,62.0,62.0],2.740669e-07],
[[65.0,62.0,62.0],1.091396e-07],
[[67.0,62.0,62.0],8.004224e-08],
[[69.0,62.0,62.0],7.125932e-08],
[[72.0,2.0,2.0],0.0],
[[72.0,12.0,12.0],0.0],
[[72.0,22.0,22.0],0.0],
[[72.0,32.0,32.0],0.0],
[[72.0,42.0,42.0],7.449718e-09],
[[72.0,52.0,52.0],2.223069e-08],
[[73.0,72.0,72.0],2.796688e-07],
[[75.0,72.0,72.0],2.189147e-07],
[[77.0,72.0,72.0],1.800971e-07],
[[79.0,72.0,72.0],1.351058e-07],
[[82.0,2.0,2.0],0.0],
[[82.0,12.0,12.0],4.559651e-09],
[[82.0,22.0,22.0],1.187247e-08],
[[82.0,32.0,32.0],4.705266e-09],
[[82.0,42.0,42.0],1.39332e-08],
[[82.0,52.0,52.0],2.382392e-08],
[[82.0,62.0,62.0],3.00067e-08],
[[83.0,82.0,82.0],4.918126e-07],
[[85.0,82.0,82.0],2.913037e-07],
[[87.0,82.0,82.0],2.409913e-07],
[[89.0,82.0,82.0],1.550909e-07],
[[91.0,82.0,82.0],1.767337e-07],
[[92.0,12.0,12.0],1.133308e-08],
[[92.0,22.0,22.0],0.0],
[[92.0,32.0,32.0],0.0],
[[92.0,42.0,42.0],1.728442e-08],
[[92.0,52.0,52.0],1.061417e-08],
[[92.0,62.0,62.0],2.848961e-08],
[[92.0,72.0,72.0],4.900692e-08],
[[93.0,92.0,92.0],7.627009e-07],
[[97.0,92.0,92.0],3.267907e-07],
[[99.0,92.0,92.0],1.887848e-07],
[[102.0,22.0,22.0],5.79291e-09],
[[102.0,32.0,32.0],0.0],
[[102.0,42.0,42.0],2.113483e-08],
[[102.0,52.0,52.0],4.995552e-08],
[[102.0,62.0,62.0],5.372851e-08],
[[102.0,72.0,72.0],6.059238e-08],
[[102.0,82.0,82.0],7.380765e-08],
[[103.0,102.0,102.0],1.117295e-06],
[[107.0,102.0,102.0],6.439746e-07],
[[109.0,102.0,102.0],3.346855e-07],
[[112.0,32.0,32.0],1.286021e-08],
[[112.0,42.0,42.0],8.974429e-09],
[[112.0,52.0,52.0],2.012779e-08],
[[112.0,62.0,62.0],1.782971e-08],
[[112.0,72.0,72.0],3.284678e-08],
[[112.0,82.0,82.0],4.390294e-08],
[[112.0,92.0,92.0],1.346512e-07],
[[122.0,42.0,42.0],1.15095e-08],
[[122.0,52.0,52.0],2.078359e-08],
[[122.0,62.0,62.0],4.496247e-08],
[[122.0,72.0,72.0],2.687985e-08],
[[122.0,82.0,82.0],5.919026e-08],
[[122.0,92.0,92.0],8.181047e-08],
[[122.0,102.0,102.0],1.499128e-07],
[[123.0,122.0,122.0],1.563461e-06],
[[127.0,122.0,122.0],8.148467e-07],
[[129.0,122.0,122.0],6.445953e-07],
[[132.0,52.0,52.0],3.204234e-08],
[[132.0,62.0,62.0],3.191003e-08],
[[132.0,72.0,72.0],5.397538e-08],
[[132.0,82.0,82.0],2.816738e-08],
[[132.0,92.0,92.0],9.749814e-08],
[[132.0,102.0,102.0],8.250307e-08],
[[142.0,62.0,62.0],4.345145e-08],
[[142.0,72.0,72.0],7.451622e-08],
[[142.0,82.0,82.0],8.571316e-08],
[[142.0,92.0,92.0],9.995297e-08],
[[142.0,102.0,102.0],1.633604e-07],
[[142.0,122.0,122.0],4.314057e-07],
[[143.0,142.0,142.0],2.424232e-06],
[[147.0,142.0,142.0],1.432091e-06],
[[149.0,142.0,142.0],1.027939e-06],
[[151.0,142.0,142.0],8.683408e-07],
[[152.0,72.0,72.0],5.271472e-08],
[[152.0,82.0,82.0],8.669955e-08],
[[152.0,92.0,92.0],4.943492e-08],
[[152.0,102.0,102.0],1.096737e-07],
[[152.0,122.0,122.0],1.442383e-07],
[[162.0,82.0,82.0],6.120178e-08],
[[162.0,92.0,92.0],5.704817e-08],
[[162.0,102.0,102.0],1.092764e-07],
[[162.0,122.0,122.0],1.741825e-07],
[[162.0,142.0,142.0],4.529997e-07],
[[163.0,162.0,162.0],3.135777e-06],
[[167.0,162.0,162.0],1.9222e-06],
[[169.0,162.0,162.0],1.369468e-06],
[[171.0,162.0,162.0],1.227675e-06],
[[172.0,92.0,92.0],1.312036e-07],
[[172.0,102.0,102.0],7.739439e-08],
[[172.0,122.0,122.0],1.694662e-07],
[[172.0,142.0,142.0],2.8716e-07],
[[182.0,102.0,102.0],6.02761e-08],
[[182.0,122.0,122.0],1.150498e-07],
[[182.0,142.0,142.0],1.905058e-07],
[[182.0,162.0,162.0],6.134056e-07],
[[183.0,182.0,182.0],3.897614e-06],
[[187.0,182.0,182.0],2.6828e-06],
[[189.0,182.0,182.0],1.897786e-06],
[[191.0,182.0,182.0],1.806073e-06],
[[192.0,122.0,122.0],1.198726e-07],
[[192.0,142.0,142.0],1.282633e-07],
[[192.0,162.0,162.0],5.464687e-07],
[[202.0,122.0,122.0],1.644591e-07],
[[202.0,142.0,142.0],3.08903e-07],
[[202.0,162.0,162.0],3.562207e-07],
[[202.0,182.0,182.0],1.0641e-06],
[[203.0,202.0,202.0],5.733579e-06],
[[207.0,202.0,202.0],3.462106e-06],
[[209.0,202.0,202.0],2.919862e-06],
[[211.0,202.0,202.0],2.478412e-06],
[[212.0,142.0,142.0],2.52811e-07],
[[212.0,162.0,162.0],2.664794e-07],
[[212.0,182.0,182.0],4.918342e-07],
[[222.0,142.0,142.0],3.25142e-07],
[[222.0,162.0,162.0],2.710705e-07],
[[222.0,182.0,182.0],5.353459e-07],
[[222.0,202.0,202.0],1.306638e-06],
[[223.0,222.0,222.0],6.270005e-06],
[[227.0,222.0,222.0],4.19118e-06],
[[229.0,222.0,222.0],3.168132e-06],
[[231.0,222.0,222.0],3.190376e-06],
[[232.0,162.0,162.0],2.542561e-07],
[[232.0,182.0,182.0],4.163726e-07],
[[232.0,202.0,202.0],9.682043e-07],
[[242.0,162.0,162.0],1.448077e-07],
[[242.0,182.0,182.0],4.715565e-07],
[[242.0,202.0,202.0],7.135364e-07],
[[242.0,222.0,222.0],1.393921e-06],
[[243.0,242.0,242.0],7.852406e-06],
[[247.0,242.0,242.0],4.761832e-06],
[[249.0,242.0,242.0],4.620925e-06],
[[251.0,242.0,242.0],3.968632e-06],
[[252.0,182.0,182.0],4.1043e-07],
[[252.0,202.0,202.0],4.196283e-07],
[[252.0,222.0,222.0],1.123082e-06],
[[262.0,182.0,182.0],4.3714e-07],
[[262.0,202.0,202.0],4.255476e-07],
[[262.0,222.0,222.0],9.253837e-07],
[[262.0,242.0,242.0],1.574227e-06],
[[263.0,262.0,262.0],8.242423e-06],
[[267.0,262.0,262.0],7.326444e-06],
[[269.0,262.0,262.0],5.389073e-06],
[[272.0,202.0,202.0],5.515383e-07],
[[272.0,222.0,222.0],7.589355e-07],
[[272.0,242.0,242.0],1.278116e-06],
[[282.0,202.0,202.0],3.935642e-07],
[[282.0,222.0,222.0],5.657019e-07],
[[282.0,242.0,242.0],1.197638e-06],
[[282.0,262.0,262.0],2.049786e-06],
[[283.0,282.0,282.0],1.018292e-05],
[[287.0,282.0,282.0],7.92474e-06],
[[289.0,282.0,282.0],6.591817e-06],
[[292.0,222.0,222.0],4.204371e-07],
[[292.0,242.0,242.0],8.988096e-07],
[[292.0,262.0,262.0],1.221594e-06],
[[302.0,222.0,222.0],5.603587e-07],
[[302.0,242.0,242.0],5.602737e-07],
[[302.0,262.0,262.0],1.013341e-06],
[[302.0,282.0,282.0],2.394564e-06],
[[303.0,302.0,302.0],1.018687e-05],
[[307.0,302.0,302.0],9.518685e-06],
[[309.0,302.0,302.0],8.403843e-06],
[[312.0,242.0,242.0],7.363405e-07],
[[312.0,262.0,262.0],1.069932e-06],
[[312.0,282.0,282.0],2.415168e-06],
[[322.0,242.0,242.0],4.893311e-07],
[[322.0,262.0,262.0],1.206109e-06],
[[322.0,282.0,282.0],1.550013e-06],
[[322.0,302.0,302.0],2.999547e-06],
[[323.0,322.0,322.0],1.110842e-05],
[[327.0,322.0,322.0],1.111339e-05],
[[329.0,322.0,322.0],8.689184e-06],
[[332.0,262.0,262.0],8.406875e-07],
[[332.0,282.0,282.0],1.589592e-06],
[[332.0,302.0,302.0],1.924885e-06],
[[342.0,262.0,262.0],1.053398e-06],
[[342.0,282.0,282.0],9.812163e-07],
[[342.0,302.0,302.0],1.515008e-06],
[[342.0,322.0,322.0],3.105529e-06],
[[343.0,342.0,342.0],1.587102e-05],
[[347.0,342.0,342.0],1.087003e-05],
[[349.0,342.0,342.0],9.951784e-06],
[[352.0,282.0,282.0],4.783517e-07],
[[352.0,302.0,302.0],1.313476e-06],
[[352.0,322.0,322.0],2.23819e-06],
[[362.0,282.0,282.0],7.833975e-07],
[[362.0,302.0,302.0],1.294292e-06],
[[362.0,322.0,322.0],2.519403e-06],
[[362.0,342.0,342.0],3.109645e-06],
[[363.0,362.0,362.0],1.395569e-05],
[[367.0,362.0,362.0],1.195237e-05],
[[369.0,362.0,362.0],1.0475e-05],
[[372.0,302.0,302.0],8.065521e-07],
[[372.0,342.0,342.0],2.716495e-06],
[[382.0,302.0,302.0],8.056949e-07],
[[382.0,322.0,322.0],1.49307e-06],
[[382.0,362.0,362.0],4.294643e-06],
[[383.0,382.0,382.0],1.752114e-05],
[[387.0,382.0,382.0],1.504413e-05],
[[389.0,382.0,382.0],1.173365e-05],
[[391.0,382.0,382.0],1.016326e-05],
[[392.0,322.0,322.0],9.636455e-07],
[[392.0,342.0,342.0],1.626803e-06],
[[392.0,362.0,362.0],3.514358e-06],
[[402.0,322.0,322.0],1.306789e-06],
[[402.0,342.0,342.0],1.454122e-06],
[[402.0,362.0,362.0],2.403647e-06],
[[402.0,382.0,382.0],5.463808e-06],
[[403.0,402.0,402.0],1.745732e-05],
[[412.0,342.0,342.0],1.115483e-06],
[[412.0,362.0,362.0],2.112571e-06],
[[412.0,382.0,382.0],2.947688e-06],
[[413.0,402.0,402.0],8.752735e-06],
[[417.0,402.0,402.0],7.580174e-06],
[[422.0,342.0,342.0],1.41189e-06],
[[422.0,362.0,362.0],1.249596e-06],
[[422.0,382.0,382.0],2.263331e-06],
[[422.0,402.0,402.0],5.03996e-06],
[[432.0,362.0,362.0],1.345905e-06],
[[432.0,382.0,382.0],1.582551e-06],
[[432.0,402.0,402.0],3.160929e-06],
[[442.0,362.0,362.0],1.084033e-06],
[[442.0,382.0,382.0],1.731848e-06],
[[452.0,382.0,382.0],1.237232e-06],
[[452.0,402.0,402.0],2.169158e-06],
[[462.0,382.0,382.0],4.481304e-06],
[[462.0,402.0,402.0],1.985327e-06],
[[482.0,402.0,402.0],1.18549e-06],
[[503.0,502.0,502.0],2.450961e-05],
[[513.0,502.0,502.0],1.434539e-05],
[[517.0,502.0,502.0],1.167196e-05],
[[522.0,502.0,502.0],8.576752e-06],
[[532.0,502.0,502.0],5.570572e-06],
[[552.0,502.0,502.0],4.366469e-06],
[[582.0,502.0,502.0],1.960457e-06],
[[603.0,602.0,602.0],3.124686e-05],
[[613.0,602.0,602.0],1.942759e-05],
[[617.0,602.0,602.0],1.442519e-05],
[[622.0,602.0,602.0],1.075576e-05],
[[632.0,602.0,602.0],8.821663e-06],
[[652.0,602.0,602.0],5.004998e-06],
[[682.0,602.0,602.0],3.154533e-06],
[[703.0,702.0,702.0],3.339089e-05],
[[713.0,702.0,702.0],2.52811e-05],
[[717.0,702.0,702.0],1.764842e-05],
[[722.0,702.0,702.0],1.346112e-05],
[[732.0,702.0,702.0],8.365487e-06],
[[752.0,702.0,702.0],4.584301e-06],
[[782.0,702.0,702.0],5.436143e-06],
[[803.0,802.0,802.0],4.168279e-05],
[[813.0,802.0,802.0],2.66575e-05],
[[817.0,802.0,802.0],2.232927e-05],
[[822.0,802.0,802.0],1.616945e-05],
[[832.0,802.0,802.0],8.64437e-06],
[[852.0,802.0,802.0],6.448842e-06],
[[882.0,802.0,802.0],3.696403e-06],
[[903.0,902.0,902.0],4.453021e-05],
[[913.0,902.0,902.0],2.99245e-05],
[[917.0,902.0,902.0],2.545074e-05],
[[922.0,902.0,902.0],1.908631e-05],
[[932.0,902.0,902.0],1.202202e-05],
[[952.0,902.0,902.0],6.172121e-06],
[[982.0,902.0,902.0],4.01698e-06],
[[1003.0,1002.0,1002.0],5.011908e-05],
[[1013.0,1002.0,1002.0],3.382388e-05],
[[1017.0,1002.0,1002.0],2.602828e-05],
[[1022.0,1002.0,1002.0],2.219355e-05],
[[1032.0,1002.0,1002.0],1.230554e-05],
[[1052.0,1002.0,1002.0],7.807045e-06],
[[1082.0,1002.0,1002.0],4.629072e-06],
[[1103.0,1102.0,1102.0],5.002069e-05],
[[1113.0,1102.0,1102.0],3.664682e-05],
[[1117.0,1102.0,1102.0],3.108191e-05],
[[1122.0,1102.0,1102.0],2.432491e-05],
[[1132.0,1102.0,1102.0],1.373373e-05],
[[1152.0,1102.0,1102.0],9.090362e-06],
[[1182.0,1102.0,1102.0],6.542656e-06],
[[1203.0,1202.0,1202.0],5.206914e-05],
[[1213.0,1202.0,1202.0],3.901683e-05],
[[1217.0,1202.0,1202.0],3.237637e-05],
[[1222.0,1202.0,1202.0],2.490934e-05],
[[1232.0,1202.0,1202.0],1.333532e-05],
[[1252.0,1202.0,1202.0],8.493202e-06],
[[1282.0,1202.0,1202.0],5.335412e-06],
[[1303.0,1302.0,1302.0],5.386121e-05],
[[1313.0,1302.0,1302.0],4.439695e-05],
[[1317.0,1302.0,1302.0],3.610818e-05],
[[1322.0,1302.0,1302.0],2.523149e-05],
[[1332.0,1302.0,1302.0],1.620822e-05],
[[1352.0,1302.0,1302.0],8.789743e-06],
[[1382.0,1302.0,1302.0],5.853501e-06],
[[1403.0,1402.0,1402.0],5.592953e-05],
[[1413.0,1402.0,1402.0],4.358745e-05],
[[1417.0,1402.0,1402.0],3.846404e-05],
[[1422.0,1402.0,1402.0],2.774392e-05],
[[1432.0,1402.0,1402.0],1.601842e-05],
[[1452.0,1402.0,1402.0],8.409696e-06],
[[1482.0,1402.0,1402.0],5.883294e-06],
[[1503.0,1502.0,1502.0],5.599576e-05],
[[1513.0,1502.0,1502.0],4.539749e-05],
[[1517.0,1502.0,1502.0],3.754555e-05],
[[1522.0,1502.0,1502.0],2.928677e-05],
[[1532.0,1502.0,1502.0],1.820416e-05],
[[1552.0,1502.0,1502.0],8.710647e-06],
[[1582.0,1502.0,1502.0],5.224133e-06],
[[1603.0,1602.0,1602.0],5.714295e-05],
[[1613.0,1602.0,1602.0],4.642591e-05],
[[1617.0,1602.0,1602.0],3.783095e-05],
[[1622.0,1602.0,1602.0],2.701929e-05],
[[1632.0,1602.0,1602.0],1.725371e-05],
[[1652.0,1602.0,1602.0],1.004386e-05],
[[1682.0,1602.0,1602.0],6.437227e-06],
[[1703.0,1702.0,1702.0],5.622155e-05],
[[1713.0,1702.0,1702.0],4.798736e-05],
[[1717.0,1702.0,1702.0],3.823935e-05],
[[1722.0,1702.0,1702.0],2.865547e-05],
[[1732.0,1702.0,1702.0],1.949981e-05],
[[1752.0,1702.0,1702.0],1.021665e-05],
[[1782.0,1702.0,1702.0],5.915984e-06],
[[1803.0,1802.0,1802.0],5.875785e-05],
[[1813.0,1802.0,1802.0],4.55732e-05],
[[1817.0,1802.0,1802.0],4.100078e-05],
[[1822.0,1802.0,1802.0],2.863893e-05],
[[1832.0,1802.0,1802.0],1.829685e-05],
[[1852.0,1802.0,1802.0],1.046098e-05],
[[1872.0,1802.0,1802.0],7.150211e-06],
[[1882.0,1802.0,1802.0],7.243309e-06],
[[1903.0,1902.0,1902.0],6.062755e-05],
[[1913.0,1902.0,1902.0],4.922027e-05],
[[1917.0,1902.0,1902.0],3.98534e-05],
[[1922.0,1902.0,1902.0],2.807897e-05],
[[1942.0,1902.0,1902.0],1.237826e-05],
[[1952.0,1902.0,1902.0],8.934885e-06],
[[1982.0,1902.0,1902.0],5.940118e-06],
[[2003.0,2002.0,2002.0],5.751573e-05],
[[2013.0,2002.0,2002.0],4.829557e-05],
[[2017.0,2002.0,2002.0],4.004753e-05],
[[2022.0,2002.0,2002.0],2.941869e-05],
[[2032.0,2002.0,2002.0],1.760924e-05],
[[2042.0,2002.0,2002.0],1.308555e-05],
[[2052.0,2002.0,2002.0],9.276753e-06],
[[2072.0,2002.0,2002.0],7.460572e-06],
[[2082.0,2002.0,2002.0],6.396292e-06]]
