txName: TChiISR
constraint: {(PV > MET(1), MET(2))}
condition: None
conditionDescription: None
figureUrl: None
source: Recast by MA5
validated: True
axesMap: [{0: 'x', 1: 'y'}]
dataMap: {0: (1, 'mass', GeV), 1: (2, 'mass', GeV)}
finalState: ['MET', 'MET']
efficiencyMap: [[[1.0,10.0],2.565828e-07],
[[1.0,20.0],8.573557e-07],
[[1.0,30.0],6.325629e-07],
[[1.0,40.0],7.49158e-07],
[[1.0,50.0],2.424695e-07],
[[1.0,60.0],4.657086e-07],
[[5.0,10.0],2.574616e-07],
[[7.0,10.0],2.935088e-07],
[[9.0,10.0],2.461396e-07],
[[10.0,1.0],2.565828e-07],
[[10.0,5.0],2.574616e-07],
[[10.0,7.0],2.935088e-07],
[[10.0,9.0],2.461396e-07],
[[10.0,10.0],3.618983e-07],
[[12.0,62.0],4.09058e-07],
[[12.0,72.0],5.8704e-07],
[[12.0,82.0],1.497216e-06],
[[12.0,92.0],3.068443e-06],
[[12.0,102.0],3.855379e-06],
[[12.0,212.0],2.408942e-05],
[[12.0,312.0],3.760087e-05],
[[15.0,20.0],5.487805e-07],
[[17.0,20.0],5.687746e-07],
[[19.0,20.0],5.495378e-07],
[[20.0,1.0],8.573557e-07],
[[20.0,15.0],5.487805e-07],
[[20.0,17.0],5.687746e-07],
[[20.0,19.0],5.495378e-07],
[[20.0,20.0],3.466267e-07],
[[20.0,30.0],3.131402e-07],
[[20.0,40.0],4.59307e-07],
[[20.0,50.0],3.491062e-07],
[[20.0,60.0],6.547563e-07],
[[25.0,30.0],4.856354e-07],
[[27.0,30.0],3.886153e-07],
[[29.0,30.0],3.764357e-07],
[[30.0,1.0],6.325629e-07],
[[30.0,20.0],3.131402e-07],
[[30.0,25.0],4.856354e-07],
[[30.0,27.0],3.886153e-07],
[[30.0,29.0],3.764357e-07],
[[30.0,30.0],6.668872e-07],
[[30.0,40.0],2.985638e-07],
[[30.0,50.0],3.620788e-07],
[[30.0,60.0],7.982592e-07],
[[32.0,62.0],1.984712e-06],
[[32.0,72.0],2.384873e-06],
[[32.0,82.0],3.208194e-06],
[[32.0,92.0],4.336918e-06],
[[32.0,102.0],6.421289e-06],
[[32.0,112.0],9.351932e-06],
[[32.0,122.0],1.000322e-05],
[[32.0,232.0],3.075366e-05],
[[32.0,332.0],5.164483e-05],
[[35.0,40.0],7.076573e-07],
[[37.0,40.0],5.768606e-07],
[[39.0,40.0],3.365939e-07],
[[40.0,1.0],7.49158e-07],
[[40.0,20.0],4.59307e-07],
[[40.0,30.0],2.985638e-07],
[[40.0,35.0],7.076573e-07],
[[40.0,37.0],5.768606e-07],
[[40.0,39.0],3.365939e-07],
[[40.0,40.0],6.813647e-07],
[[40.0,50.0],7.41058e-07],
[[40.0,60.0],4.088465e-06],
[[45.0,50.0],1.526998e-06],
[[47.0,50.0],2.267949e-06],
[[49.0,50.0],2.446234e-06],
[[50.0,1.0],2.424695e-07],
[[50.0,20.0],3.491062e-07],
[[50.0,30.0],3.620788e-07],
[[50.0,40.0],7.41058e-07],
[[50.0,45.0],1.526998e-06],
[[50.0,47.0],2.267949e-06],
[[50.0,49.0],2.446234e-06],
[[50.0,50.0],3.061644e-06],
[[50.0,60.0],3.533677e-06],
[[52.0,62.0],3.642928e-06],
[[52.0,67.0],4.044118e-06],
[[52.0,72.0],4.632889e-06],
[[52.0,82.0],6.813373e-06],
[[52.0,92.0],8.933562e-06],
[[52.0,102.0],9.48224e-06],
[[52.0,112.0],1.055041e-05],
[[52.0,122.0],1.182409e-05],
[[52.0,132.0],1.592037e-05],
[[52.0,142.0],1.269192e-05],
[[52.0,252.0],3.775645e-05],
[[52.0,352.0],4.944497e-05],
[[55.0,60.0],4.034259e-06],
[[57.0,60.0],4.82353e-06],
[[59.0,60.0],4.436533e-06],
[[60.0,1.0],4.657086e-07],
[[60.0,20.0],6.547563e-07],
[[60.0,30.0],7.982592e-07],
[[60.0,40.0],4.088465e-06],
[[60.0,50.0],3.533677e-06],
[[60.0,55.0],4.034259e-06],
[[60.0,57.0],4.82353e-06],
[[60.0,59.0],4.436533e-06],
[[60.0,60.0],4.718527e-06],
[[62.0,12.0],4.09058e-07],
[[62.0,32.0],1.984712e-06],
[[62.0,52.0],3.642928e-06],
[[67.0,52.0],4.044118e-06],
[[72.0,12.0],5.8704e-07],
[[72.0,32.0],2.384873e-06],
[[72.0,52.0],4.632889e-06],
[[72.0,72.0],6.371243e-06],
[[72.0,75.0],8.413925e-06],
[[72.0,77.0],7.128606e-06],
[[72.0,82.0],8.896602e-06],
[[72.0,87.0],8.964032e-06],
[[72.0,92.0],7.806846e-06],
[[72.0,102.0],1.171385e-05],
[[72.0,112.0],1.155026e-05],
[[72.0,122.0],1.498882e-05],
[[72.0,132.0],1.694638e-05],
[[72.0,142.0],1.66216e-05],
[[72.0,152.0],3.016427e-05],
[[72.0,162.0],2.225232e-05],
[[72.0,272.0],4.030038e-05],
[[72.0,372.0],6.563872e-05],
[[75.0,72.0],8.413925e-06],
[[77.0,72.0],7.128606e-06],
[[82.0,12.0],1.497216e-06],
[[82.0,32.0],3.208194e-06],
[[82.0,52.0],6.813373e-06],
[[82.0,72.0],8.896602e-06],
[[87.0,72.0],8.964032e-06],
[[92.0,12.0],3.068443e-06],
[[92.0,32.0],4.336918e-06],
[[92.0,52.0],8.933562e-06],
[[92.0,72.0],7.806846e-06],
[[92.0,92.0],1.523772e-05],
[[92.0,95.0],2.514923e-05],
[[92.0,97.0],1.469553e-05],
[[92.0,102.0],1.705635e-05],
[[92.0,107.0],1.521867e-05],
[[92.0,112.0],2.409086e-05],
[[92.0,122.0],1.684721e-05],
[[92.0,132.0],1.61451e-05],
[[92.0,142.0],2.463734e-05],
[[92.0,152.0],2.623369e-05],
[[92.0,162.0],2.453584e-05],
[[92.0,172.0],3.039336e-05],
[[92.0,182.0],2.86828e-05],
[[92.0,292.0],4.869128e-05],
[[92.0,392.0],6.645867e-05],
[[95.0,92.0],2.514923e-05],
[[97.0,92.0],1.469553e-05],
[[102.0,12.0],3.855379e-06],
[[102.0,32.0],6.421289e-06],
[[102.0,52.0],9.48224e-06],
[[102.0,72.0],1.171385e-05],
[[102.0,92.0],1.705635e-05],
[[102.0,102.0],1.576084e-05],
[[102.0,105.0],2.038709e-05],
[[102.0,107.0],1.626649e-05],
[[102.0,112.0],2.004395e-05],
[[102.0,117.0],2.070935e-05],
[[102.0,122.0],1.902082e-05],
[[102.0,132.0],2.054334e-05],
[[102.0,142.0],2.73322e-05],
[[102.0,152.0],2.42184e-05],
[[102.0,162.0],2.83747e-05],
[[102.0,172.0],2.720017e-05],
[[102.0,182.0],4.227482e-05],
[[102.0,192.0],3.30458e-05],
[[102.0,302.0],5.268213e-05],
[[102.0,402.0],7.237561e-05],
[[105.0,102.0],2.038709e-05],
[[107.0,92.0],1.521867e-05],
[[107.0,102.0],1.626649e-05],
[[112.0,32.0],9.351932e-06],
[[112.0,52.0],1.055041e-05],
[[112.0,72.0],1.155026e-05],
[[112.0,92.0],2.409086e-05],
[[112.0,102.0],2.004395e-05],
[[117.0,102.0],2.070935e-05],
[[122.0,32.0],1.000322e-05],
[[122.0,52.0],1.182409e-05],
[[122.0,72.0],1.498882e-05],
[[122.0,92.0],1.684721e-05],
[[122.0,102.0],1.902082e-05],
[[132.0,52.0],1.592037e-05],
[[132.0,72.0],1.694638e-05],
[[132.0,92.0],1.61451e-05],
[[132.0,102.0],2.054334e-05],
[[142.0,52.0],1.269192e-05],
[[142.0,72.0],1.66216e-05],
[[142.0,92.0],2.463734e-05],
[[142.0,102.0],2.73322e-05],
[[152.0,72.0],3.016427e-05],
[[152.0,92.0],2.623369e-05],
[[152.0,102.0],2.42184e-05],
[[152.0,152.0],3.211901e-05],
[[152.0,155.0],3.395967e-05],
[[152.0,157.0],3.162642e-05],
[[152.0,162.0],3.341586e-05],
[[152.0,167.0],3.191843e-05],
[[152.0,172.0],3.56296e-05],
[[152.0,182.0],4.346516e-05],
[[152.0,192.0],4.249772e-05],
[[152.0,202.0],4.331611e-05],
[[152.0,212.0],4.807591e-05],
[[152.0,222.0],4.844477e-05],
[[152.0,232.0],4.86126e-05],
[[152.0,242.0],5.828819e-05],
[[152.0,352.0],7.659628e-05],
[[152.0,452.0],8.97292e-05],
[[155.0,152.0],3.395967e-05],
[[157.0,152.0],3.162642e-05],
[[162.0,72.0],2.225232e-05],
[[162.0,92.0],2.453584e-05],
[[162.0,102.0],2.83747e-05],
[[162.0,152.0],3.341586e-05],
[[167.0,152.0],3.191843e-05],
[[172.0,92.0],3.039336e-05],
[[172.0,102.0],2.720017e-05],
[[172.0,152.0],3.56296e-05],
[[182.0,92.0],2.86828e-05],
[[182.0,102.0],4.227482e-05],
[[182.0,152.0],4.346516e-05],
[[192.0,102.0],3.30458e-05],
[[192.0,152.0],4.249772e-05],
[[202.0,152.0],4.331611e-05],
[[202.0,202.0],6.033179e-05],
[[202.0,205.0],5.646241e-05],
[[202.0,207.0],5.274118e-05],
[[202.0,212.0],5.997324e-05],
[[202.0,217.0],6.443801e-05],
[[202.0,222.0],5.278694e-05],
[[202.0,232.0],6.243198e-05],
[[202.0,242.0],6.285496e-05],
[[202.0,252.0],6.070281e-05],
[[202.0,262.0],6.990329e-05],
[[202.0,272.0],5.967743e-05],
[[202.0,282.0],6.565424e-05],
[[202.0,402.0],8.85636e-05],
[[202.0,502.0],0.0001025531],
[[205.0,202.0],5.646241e-05],
[[207.0,202.0],5.274118e-05],
[[212.0,12.0],2.408942e-05],
[[212.0,152.0],4.807591e-05],
[[212.0,202.0],5.997324e-05],
[[217.0,202.0],6.443801e-05],
[[222.0,152.0],4.844477e-05],
[[222.0,202.0],5.278694e-05],
[[232.0,32.0],3.075366e-05],
[[232.0,152.0],4.86126e-05],
[[232.0,202.0],6.243198e-05],
[[242.0,152.0],5.828819e-05],
[[242.0,202.0],6.285496e-05],
[[252.0,52.0],3.775645e-05],
[[252.0,202.0],6.070281e-05],
[[252.0,252.0],7.359104e-05],
[[252.0,255.0],7.206305e-05],
[[252.0,257.0],7.086453e-05],
[[252.0,262.0],8.267555e-05],
[[252.0,267.0],6.8891e-05],
[[252.0,272.0],7.635095e-05],
[[252.0,282.0],7.104169e-05],
[[252.0,292.0],7.425478e-05],
[[252.0,302.0],8.090545e-05],
[[252.0,312.0],7.794552e-05],
[[252.0,322.0],9.260994e-05],
[[252.0,332.0],8.920866e-05],
[[252.0,342.0],8.842886e-05],
[[252.0,452.0],0.0001068389],
[[252.0,552.0],0.0001177074],
[[255.0,252.0],7.206305e-05],
[[257.0,252.0],7.086453e-05],
[[262.0,202.0],6.990329e-05],
[[262.0,252.0],8.267555e-05],
[[267.0,252.0],6.8891e-05],
[[272.0,72.0],4.030038e-05],
[[272.0,202.0],5.967743e-05],
[[272.0,252.0],7.635095e-05],
[[282.0,202.0],6.565424e-05],
[[282.0,252.0],7.104169e-05],
[[292.0,92.0],4.869128e-05],
[[292.0,252.0],7.425478e-05],
[[302.0,102.0],5.268213e-05],
[[302.0,252.0],8.090545e-05],
[[302.0,302.0],9.509276e-05],
[[302.0,305.0],9.356368e-05],
[[302.0,307.0],0.0001025785],
[[302.0,312.0],9.710842e-05],
[[302.0,317.0],9.257667e-05],
[[302.0,322.0],9.424911e-05],
[[302.0,332.0],9.724445e-05],
[[302.0,342.0],9.416238e-05],
[[302.0,352.0],9.172105e-05],
[[302.0,362.0],9.595427e-05],
[[302.0,372.0],0.0001011006],
[[302.0,382.0],9.509453e-05],
[[302.0,392.0],8.989683e-05],
[[302.0,502.0],0.0001179965],
[[302.0,602.0],0.0001303506],
[[305.0,302.0],9.356368e-05],
[[307.0,302.0],0.0001025785],
[[312.0,12.0],3.760087e-05],
[[312.0,252.0],7.794552e-05],
[[312.0,302.0],9.710842e-05],
[[317.0,302.0],9.257667e-05],
[[322.0,252.0],9.260994e-05],
[[322.0,302.0],9.424911e-05],
[[332.0,32.0],5.164483e-05],
[[332.0,252.0],8.920866e-05],
[[332.0,302.0],9.724445e-05],
[[342.0,252.0],8.842886e-05],
[[342.0,302.0],9.416238e-05],
[[352.0,52.0],4.944497e-05],
[[352.0,152.0],7.659628e-05],
[[352.0,302.0],9.172105e-05],
[[352.0,352.0],0.0001129364],
[[352.0,355.0],0.000116115],
[[352.0,357.0],0.000100224],
[[352.0,362.0],0.0001224964],
[[352.0,367.0],0.0001074537],
[[352.0,372.0],0.0001129966],
[[352.0,382.0],0.0001160561],
[[352.0,392.0],0.0001091994],
[[352.0,402.0],0.000109201],
[[352.0,412.0],0.0001082734],
[[352.0,422.0],0.0001231695],
[[352.0,432.0],0.000108777],
[[352.0,442.0],0.0001244307],
[[352.0,552.0],0.0001284668],
[[352.0,652.0],0.0001499255],
[[355.0,352.0],0.000116115],
[[357.0,352.0],0.000100224],
[[362.0,302.0],9.595427e-05],
[[362.0,352.0],0.0001224964],
[[367.0,352.0],0.0001074537],
[[372.0,72.0],6.563872e-05],
[[372.0,302.0],0.0001011006],
[[372.0,352.0],0.0001129966],
[[382.0,302.0],9.509453e-05],
[[382.0,352.0],0.0001160561],
[[392.0,92.0],6.645867e-05],
[[392.0,302.0],8.989683e-05],
[[392.0,352.0],0.0001091994],
[[402.0,102.0],7.237561e-05],
[[402.0,202.0],8.85636e-05],
[[402.0,352.0],0.000109201],
[[402.0,402.0],0.0001229408],
[[402.0,405.0],0.0001211469],
[[402.0,407.0],0.0001138549],
[[402.0,412.0],0.0001182427],
[[402.0,417.0],0.0001230537],
[[402.0,422.0],0.0001225221],
[[402.0,432.0],0.0001324373],
[[402.0,442.0],0.000137072],
[[402.0,452.0],0.0001235976],
[[402.0,462.0],0.0001266185],
[[402.0,472.0],0.0001372132],
[[402.0,482.0],0.0001336789],
[[402.0,492.0],0.0001262142],
[[402.0,602.0],0.0001427712],
[[402.0,702.0],0.0001497914],
[[405.0,402.0],0.0001211469],
[[407.0,402.0],0.0001138549],
[[412.0,352.0],0.0001082734],
[[412.0,402.0],0.0001182427],
[[417.0,402.0],0.0001230537],
[[422.0,352.0],0.0001231695],
[[422.0,402.0],0.0001225221],
[[432.0,352.0],0.000108777],
[[432.0,402.0],0.0001324373],
[[442.0,352.0],0.0001244307],
[[442.0,402.0],0.000137072],
[[452.0,152.0],8.97292e-05],
[[452.0,252.0],0.0001068389],
[[452.0,402.0],0.0001235976],
[[462.0,402.0],0.0001266185],
[[472.0,402.0],0.0001372132],
[[482.0,402.0],0.0001336789],
[[492.0,402.0],0.0001262142],
[[502.0,202.0],0.0001025531],
[[502.0,302.0],0.0001179965],
[[552.0,252.0],0.0001177074],
[[552.0,352.0],0.0001284668],
[[602.0,302.0],0.0001303506],
[[602.0,402.0],0.0001427712],
[[602.0,602.0],0.0001565941],
[[602.0,605.0],0.0001738502],
[[602.0,607.0],0.0001722351],
[[602.0,612.0],0.0001706131],
[[602.0,617.0],0.000169432],
[[602.0,622.0],0.0001632672],
[[602.0,632.0],0.0001731308],
[[602.0,642.0],0.0001645237],
[[602.0,652.0],0.0001757714],
[[602.0,662.0],0.0001810714],
[[602.0,672.0],0.000180194],
[[602.0,682.0],0.0001755585],
[[602.0,692.0],0.0001744647],
[[602.0,802.0],0.0001798569],
[[602.0,902.0],0.0001902311],
[[605.0,602.0],0.0001738502],
[[607.0,602.0],0.0001722351],
[[612.0,602.0],0.0001706131],
[[617.0,602.0],0.000169432],
[[622.0,602.0],0.0001632672],
[[632.0,602.0],0.0001731308],
[[642.0,602.0],0.0001645237],
[[652.0,352.0],0.0001499255],
[[652.0,602.0],0.0001757714],
[[662.0,602.0],0.0001810714],
[[672.0,602.0],0.000180194],
[[682.0,602.0],0.0001755585],
[[692.0,602.0],0.0001744647],
[[702.0,402.0],0.0001497914],
[[802.0,602.0],0.0001798569],
[[802.0,802.0],0.000199435],
[[802.0,805.0],0.0002053078],
[[802.0,807.0],0.000202556],
[[802.0,812.0],0.0001937885],
[[802.0,817.0],0.0001999682],
[[802.0,822.0],0.0001957491],
[[802.0,832.0],0.0001986579],
[[802.0,842.0],0.0002006697],
[[802.0,852.0],0.0001987165],
[[802.0,862.0],0.0002067299],
[[802.0,872.0],0.0001998688],
[[802.0,882.0],0.0001918307],
[[802.0,892.0],0.0002058287],
[[802.0,1002.0],0.0002014812],
[[802.0,1102.0],0.000209521],
[[805.0,802.0],0.0002053078],
[[807.0,802.0],0.000202556],
[[812.0,802.0],0.0001937885],
[[817.0,802.0],0.0001999682],
[[822.0,802.0],0.0001957491],
[[832.0,802.0],0.0001986579],
[[842.0,802.0],0.0002006697],
[[852.0,802.0],0.0001987165],
[[862.0,802.0],0.0002067299],
[[872.0,802.0],0.0001998688],
[[882.0,802.0],0.0001918307],
[[892.0,802.0],0.0002058287],
[[902.0,602.0],0.0001902311],
[[1002.0,802.0],0.0002014812],
[[1002.0,1002.0],0.0002218743],
[[1002.0,1005.0],0.0002241861],
[[1002.0,1007.0],0.0002194717],
[[1002.0,1012.0],0.0002214127],
[[1002.0,1017.0],0.000216562],
[[1002.0,1022.0],0.0002254602],
[[1002.0,1032.0],0.0002259122],
[[1002.0,1042.0],0.0002219324],
[[1002.0,1052.0],0.0002194383],
[[1002.0,1062.0],0.0002322311],
[[1002.0,1072.0],0.0002207347],
[[1002.0,1082.0],0.0002223848],
[[1002.0,1092.0],0.0002178066],
[[1002.0,1202.0],0.000222679],
[[1002.0,1302.0],0.0002233939],
[[1005.0,1002.0],0.0002241861],
[[1007.0,1002.0],0.0002194717],
[[1012.0,1002.0],0.0002214127],
[[1017.0,1002.0],0.000216562],
[[1022.0,1002.0],0.0002254602],
[[1032.0,1002.0],0.0002259122],
[[1042.0,1002.0],0.0002219324],
[[1052.0,1002.0],0.0002194383],
[[1062.0,1002.0],0.0002322311],
[[1072.0,1002.0],0.0002207347],
[[1082.0,1002.0],0.0002223848],
[[1092.0,1002.0],0.0002178066],
[[1102.0,802.0],0.000209521],
[[1202.0,1002.0],0.000222679],
[[1202.0,1202.0],0.0002316127],
[[1202.0,1205.0],0.0002340194],
[[1202.0,1207.0],0.00023988],
[[1202.0,1212.0],0.0002327796],
[[1202.0,1217.0],0.0002320507],
[[1202.0,1222.0],0.0002278747],
[[1202.0,1232.0],0.0002334716],
[[1202.0,1242.0],0.000238455],
[[1202.0,1252.0],0.0002270593],
[[1202.0,1262.0],0.0002435118],
[[1202.0,1272.0],0.0002275605],
[[1202.0,1282.0],0.0002241863],
[[1202.0,1292.0],0.0002411051],
[[1202.0,1402.0],0.0002472264],
[[1202.0,1502.0],0.0002337921],
[[1205.0,1202.0],0.0002340194],
[[1207.0,1202.0],0.00023988],
[[1212.0,1202.0],0.0002327796],
[[1217.0,1202.0],0.0002320507],
[[1222.0,1202.0],0.0002278747],
[[1232.0,1202.0],0.0002334716],
[[1242.0,1202.0],0.000238455],
[[1252.0,1202.0],0.0002270593],
[[1262.0,1202.0],0.0002435118],
[[1272.0,1202.0],0.0002275605],
[[1282.0,1202.0],0.0002241863],
[[1292.0,1202.0],0.0002411051],
[[1302.0,1002.0],0.0002233939],
[[1402.0,1202.0],0.0002472264],
[[1402.0,1402.0],0.0002421949],
[[1402.0,1405.0],0.0002415064],
[[1402.0,1407.0],0.0002459295],
[[1402.0,1412.0],0.0002449519],
[[1402.0,1417.0],0.0002419157],
[[1402.0,1422.0],0.0002415884],
[[1402.0,1432.0],0.0002438758],
[[1402.0,1442.0],0.0002434155],
[[1402.0,1452.0],0.0002473308],
[[1402.0,1462.0],0.0002516689],
[[1402.0,1472.0],0.000235016],
[[1402.0,1482.0],0.0002369531],
[[1402.0,1492.0],0.0002500173],
[[1402.0,1602.0],0.0002480537],
[[1402.0,1702.0],0.0002340025],
[[1405.0,1402.0],0.0002415064],
[[1407.0,1402.0],0.0002459295],
[[1412.0,1402.0],0.0002449519],
[[1417.0,1402.0],0.0002419157],
[[1422.0,1402.0],0.0002415884],
[[1432.0,1402.0],0.0002438758],
[[1442.0,1402.0],0.0002434155],
[[1452.0,1402.0],0.0002473308],
[[1462.0,1402.0],0.0002516689],
[[1472.0,1402.0],0.000235016],
[[1482.0,1402.0],0.0002369531],
[[1492.0,1402.0],0.0002500173],
[[1502.0,1202.0],0.0002337921],
[[1602.0,1402.0],0.0002480537],
[[1602.0,1602.0],0.0002411375],
[[1602.0,1605.0],0.0002419566],
[[1602.0,1607.0],0.0002423892],
[[1602.0,1612.0],0.0002534636],
[[1602.0,1617.0],0.000241688],
[[1602.0,1622.0],0.0002362312],
[[1602.0,1632.0],0.0002409552],
[[1602.0,1642.0],0.0002475293],
[[1602.0,1652.0],0.0002387661],
[[1602.0,1662.0],0.0002469444],
[[1602.0,1672.0],0.0002568309],
[[1602.0,1682.0],0.0002402725],
[[1602.0,1692.0],0.0002459873],
[[1602.0,1802.0],0.0002496037],
[[1602.0,1902.0],0.0002357197],
[[1605.0,1602.0],0.0002419566],
[[1607.0,1602.0],0.0002423892],
[[1612.0,1602.0],0.0002534636],
[[1617.0,1602.0],0.000241688],
[[1622.0,1602.0],0.0002362312],
[[1632.0,1602.0],0.0002409552],
[[1642.0,1602.0],0.0002475293],
[[1652.0,1602.0],0.0002387661],
[[1662.0,1602.0],0.0002469444],
[[1672.0,1602.0],0.0002568309],
[[1682.0,1602.0],0.0002402725],
[[1692.0,1602.0],0.0002459873],
[[1702.0,1402.0],0.0002340025],
[[1802.0,1602.0],0.0002496037],
[[1802.0,1802.0],0.0002565412],
[[1802.0,1805.0],0.0002471505],
[[1802.0,1807.0],0.0002311975],
[[1802.0,1812.0],0.0002516755],
[[1802.0,1817.0],0.0002441313],
[[1802.0,1822.0],0.0002395398],
[[1802.0,1832.0],0.0002613953],
[[1802.0,1842.0],0.0002393261],
[[1802.0,1852.0],0.0002584937],
[[1802.0,1862.0],0.0002429964],
[[1802.0,1872.0],0.0002411622],
[[1802.0,1882.0],0.0002513596],
[[1802.0,1892.0],0.000229799],
[[1802.0,2002.0],0.0002373428],
[[1802.0,2102.0],0.0002375716],
[[1805.0,1802.0],0.0002471505],
[[1807.0,1802.0],0.0002311975],
[[1812.0,1802.0],0.0002516755],
[[1817.0,1802.0],0.0002441313],
[[1822.0,1802.0],0.0002395398],
[[1832.0,1802.0],0.0002613953],
[[1842.0,1802.0],0.0002393261],
[[1852.0,1802.0],0.0002584937],
[[1862.0,1802.0],0.0002429964],
[[1872.0,1802.0],0.0002411622],
[[1882.0,1802.0],0.0002513596],
[[1892.0,1802.0],0.000229799],
[[1902.0,1602.0],0.0002357197],
[[2002.0,1802.0],0.0002373428],
[[2002.0,2002.0],0.0002477921],
[[2002.0,2005.0],0.0002360367],
[[2002.0,2007.0],0.0002429212],
[[2002.0,2012.0],0.0002466628],
[[2002.0,2017.0],0.0002477584],
[[2002.0,2022.0],0.0002451996],
[[2002.0,2032.0],0.0002572464],
[[2002.0,2042.0],0.0002417726],
[[2002.0,2052.0],0.0002421808],
[[2002.0,2062.0],0.0002476772],
[[2002.0,2072.0],0.0002420453],
[[2002.0,2082.0],0.0002525146],
[[2002.0,2092.0],0.0002410088],
[[2002.0,2202.0],0.0002456733],
[[2002.0,2302.0],0.0002277059],
[[2005.0,2002.0],0.0002360367],
[[2007.0,2002.0],0.0002429212],
[[2012.0,2002.0],0.0002466628],
[[2017.0,2002.0],0.0002477584],
[[2022.0,2002.0],0.0002451996],
[[2032.0,2002.0],0.0002572464],
[[2042.0,2002.0],0.0002417726],
[[2052.0,2002.0],0.0002421808],
[[2062.0,2002.0],0.0002476772],
[[2072.0,2002.0],0.0002420453],
[[2082.0,2002.0],0.0002525146],
[[2092.0,2002.0],0.0002410088],
[[2102.0,1802.0],0.0002375716],
[[2202.0,2002.0],0.0002456733],
[[2302.0,2002.0],0.0002277059]]
