txName: TRV1nunu
constraint: {(PV > Zprime(1)), (Zprime(1) > nu,nu)}
condition: None
conditionDescription: None
figureUrl: None
source: CMS
validated: N/A
axesMap: [{0: 'x'}]
dataMap: {0: (1, 'mass', GeV)}
finalState: ['MET', 'MET']
efficiencyMap: [[[50.0],1.208121e-07],
[[100.0],1.049061e-06],
[[150.0],2.454133e-06],
[[200.0],7.095994e-06],
[[250.0],1.417005e-05],
[[300.0],2.129376e-05],
[[350.0],3.384315e-05],
[[400.0],4.40188e-05],
[[450.0],5.921632e-05],
[[500.0],8.745162e-05],
[[550.0],9.868441e-05],
[[600.0],0.0001045826],
[[650.0],0.0001276213],
[[700.0],0.0001422418],
[[750.0],0.0001646359],
[[800.0],0.0001866568],
[[850.0],0.0002306449],
[[900.0],0.0002092924],
[[950.0],0.0002458655],
[[1000.0],0.0002532605],
[[1050.0],0.0003086645],
[[1100.0],0.0003054666],
[[1150.0],0.0003497282],
[[1200.0],0.0003343086],
[[1250.0],0.0003542374],
[[1300.0],0.0003883428],
[[1350.0],0.0003622309],
[[1400.0],0.0003692891],
[[1450.0],0.0003886712],
[[1500.0],0.0004186669],
[[1550.0],0.0004231577],
[[1600.0],0.0004846099],
[[1650.0],0.0004123682],
[[1700.0],0.0004624949],
[[1750.0],0.0004556076],
[[1800.0],0.0004443661],
[[1850.0],0.0004894712],
[[1900.0],0.0004360336],
[[1950.0],0.000496461],
[[2000.0],0.0005397977],
[[2250.0],0.0005474969],
[[2500.0],0.0006028844],
[[2750.0],0.0006491483],
[[3000.0],0.0006834088]]
