txName: TChiWWISRqq
constraint: {(PV > anyBSM(1), anyBSM(3)), (anyBSM(1) > q, q, MET(2)), (anyBSM(3) > q, q, MET(4))}
condition: None
conditionDescription: None
figureUrl: None
source: Recast by MA5
validated: True
axesMap: [{0: 'x', 1: 'y', 2: 'x', 3: 'y'}]
dataMap: {0: (1, 'mass', GeV), 1: (2, 'mass', GeV), 2: (3, 'mass', GeV), 3: (4, 'mass', GeV)}
finalState: ['MET', 'MET']
intermediateState: None
efficiencyMap: [[[11.0,10.0,11.0,10.0],1.040736e-05],
[[13.0,10.0,13.0,10.0],1.627494e-06],
[[15.0,10.0,15.0,10.0],5.045529e-07],
[[20.0,10.0,20.0,10.0],2.264356e-07],
[[21.0,20.0,21.0,20.0],1.608001e-05],
[[23.0,20.0,23.0,20.0],6.844856e-06],
[[25.0,20.0,25.0,20.0],2.875973e-06],
[[30.0,10.0,30.0,10.0],1.382816e-07],
[[30.0,20.0,30.0,20.0],9.067579e-07],
[[31.0,30.0,31.0,30.0],1.665603e-05],
[[33.0,30.0,33.0,30.0],1.290049e-05],
[[35.0,30.0,35.0,30.0],4.293981e-06],
[[40.0,20.0,40.0,20.0],1.299688e-07],
[[40.0,30.0,40.0,30.0],1.258686e-06],
[[41.0,40.0,41.0,40.0],1.582746e-05],
[[43.0,40.0,43.0,40.0],1.205932e-05],
[[45.0,40.0,45.0,40.0],8.263265e-06],
[[50.0,10.0,50.0,10.0],2.559218e-07],
[[50.0,30.0,50.0,30.0],1.803289e-06],
[[50.0,40.0,50.0,40.0],9.959004e-06],
[[51.0,50.0,51.0,50.0],4.112021e-05],
[[53.0,50.0,53.0,50.0],4.00516e-05],
[[55.0,50.0,55.0,50.0],3.953611e-05],
[[60.0,20.0,60.0,20.0],3.25355e-06],
[[60.0,40.0,60.0,40.0],7.534448e-06],
[[60.0,50.0,60.0,50.0],2.327911e-05],
[[61.0,60.0,61.0,60.0],8.671124e-05],
[[63.0,60.0,63.0,60.0],7.119931e-05],
[[65.0,60.0,65.0,60.0],7.613144e-05],
[[70.0,10.0,70.0,10.0],2.90115e-06],
[[70.0,30.0,70.0,30.0],2.28024e-05],
[[70.0,50.0,70.0,50.0],1.608242e-05],
[[70.0,60.0,70.0,60.0],4.337078e-05],
[[71.0,70.0,71.0,70.0],0.0001151146],
[[73.0,70.0,73.0,70.0],0.0001088863],
[[75.0,70.0,75.0,70.0],9.832747e-05],
[[80.0,20.0,80.0,20.0],5.706753e-06],
[[80.0,40.0,80.0,40.0],1.424518e-05],
[[80.0,60.0,80.0,60.0],2.773216e-05],
[[80.0,70.0,80.0,70.0],6.778825e-05],
[[81.0,80.0,81.0,80.0],0.0001500016],
[[83.0,80.0,83.0,80.0],0.0001278034],
[[85.0,80.0,85.0,80.0],0.0001184611],
[[90.0,10.0,90.0,10.0],7.457335e-06],
[[90.0,30.0,90.0,30.0],1.126816e-05],
[[90.0,50.0,90.0,50.0],1.775275e-05],
[[90.0,70.0,90.0,70.0],4.385953e-05],
[[90.0,80.0,90.0,80.0],9.368991e-05],
[[91.0,90.0,91.0,90.0],0.0001639892],
[[93.0,90.0,93.0,90.0],0.0001578924],
[[95.0,90.0,95.0,90.0],0.0001557279],
[[100.0,20.0,100.0,20.0],2.561098e-05],
[[100.0,40.0,100.0,40.0],1.849867e-05],
[[100.0,60.0,100.0,60.0],2.542204e-05],
[[100.0,80.0,100.0,80.0],5.874987e-05],
[[100.0,90.0,100.0,90.0],0.0001223458],
[[101.0,100.0,101.0,100.0],0.0002082446],
[[103.0,100.0,103.0,100.0],0.0001896864],
[[103.0,102.0,103.0,102.0],0.000197634],
[[105.0,100.0,105.0,100.0],0.0001727221],
[[105.0,102.0,105.0,102.0],0.0001837632],
[[107.0,102.0,107.0,102.0],0.0001826685],
[[110.0,30.0,110.0,30.0],2.368089e-05],
[[110.0,50.0,110.0,50.0],4.020182e-05],
[[110.0,70.0,110.0,70.0],3.598127e-05],
[[110.0,90.0,110.0,90.0],8.750928e-05],
[[110.0,100.0,110.0,100.0],0.0001663025],
[[112.0,102.0,112.0,102.0],0.0001749436],
[[120.0,40.0,120.0,40.0],2.788568e-05],
[[120.0,60.0,120.0,60.0],3.154772e-05],
[[120.0,80.0,120.0,80.0],5.291638e-05],
[[120.0,100.0,120.0,100.0],0.0001083573],
[[122.0,102.0,122.0,102.0],0.0001065613],
[[123.0,122.0,123.0,122.0],0.0002605603],
[[125.0,122.0,125.0,122.0],0.0002702986],
[[127.0,122.0,127.0,122.0],0.0002503695],
[[130.0,50.0,130.0,50.0],4.192631e-05],
[[130.0,70.0,130.0,70.0],4.868543e-05],
[[130.0,90.0,130.0,90.0],6.566642e-05],
[[132.0,122.0,132.0,122.0],0.0002107873],
[[140.0,60.0,140.0,60.0],5.352453e-05],
[[140.0,80.0,140.0,80.0],6.241915e-05],
[[140.0,100.0,140.0,100.0],8.075286e-05],
[[142.0,102.0,142.0,102.0],9.824265e-05],
[[142.0,122.0,142.0,122.0],0.0001540143],
[[143.0,142.0,143.0,142.0],0.0002989103],
[[145.0,142.0,145.0,142.0],0.0002742448],
[[147.0,142.0,147.0,142.0],0.0002914334],
[[150.0,70.0,150.0,70.0],6.845821e-05],
[[150.0,90.0,150.0,90.0],8.159401e-05],
[[152.0,142.0,152.0,142.0],0.000256036],
[[160.0,80.0,160.0,80.0],7.706664e-05],
[[160.0,100.0,160.0,100.0],9.681499e-05],
[[162.0,102.0,162.0,102.0],9.876465e-05],
[[162.0,122.0,162.0,122.0],0.0001371163],
[[162.0,142.0,162.0,142.0],0.0002158037],
[[163.0,162.0,163.0,162.0],0.0003489245],
[[165.0,162.0,165.0,162.0],0.000355201],
[[167.0,162.0,167.0,162.0],0.0003477184],
[[170.0,90.0,170.0,90.0],0.0001006692],
[[172.0,162.0,172.0,162.0],0.0003208784],
[[180.0,100.0,180.0,100.0],0.0001137393],
[[182.0,102.0,182.0,102.0],0.0001216235],
[[182.0,122.0,182.0,122.0],0.0001481892],
[[182.0,142.0,182.0,142.0],0.0001512289],
[[182.0,162.0,182.0,162.0],0.0002513574],
[[183.0,182.0,183.0,182.0],0.0003854499],
[[185.0,182.0,185.0,182.0],0.0004010114],
[[187.0,182.0,187.0,182.0],0.0003738329],
[[192.0,182.0,192.0,182.0],0.0003783131],
[[202.0,122.0,202.0,122.0],0.0001479973],
[[202.0,142.0,202.0,142.0],0.0001666876],
[[202.0,162.0,202.0,162.0],0.0001982691],
[[202.0,182.0,202.0,182.0],0.0002873988],
[[203.0,202.0,203.0,202.0],0.0004342705],
[[205.0,202.0,205.0,202.0],0.000449716],
[[207.0,202.0,207.0,202.0],0.0004241668],
[[212.0,202.0,212.0,202.0],0.0004009989],
[[222.0,142.0,222.0,142.0],0.0001961015],
[[222.0,162.0,222.0,162.0],0.0002046884],
[[222.0,182.0,222.0,182.0],0.0002350008],
[[222.0,202.0,222.0,202.0],0.0003391017],
[[223.0,222.0,223.0,222.0],0.0004539955],
[[225.0,222.0,225.0,222.0],0.0004529735],
[[227.0,222.0,227.0,222.0],0.0004462648],
[[232.0,222.0,232.0,222.0],0.0004322939],
[[242.0,162.0,242.0,162.0],0.0002352323],
[[242.0,182.0,242.0,182.0],0.0002379115],
[[242.0,202.0,242.0,202.0],0.0002657414],
[[242.0,222.0,242.0,222.0],0.0003458593],
[[243.0,242.0,243.0,242.0],0.0004651717],
[[245.0,242.0,245.0,242.0],0.0004891037],
[[247.0,242.0,247.0,242.0],0.0004855077],
[[252.0,242.0,252.0,242.0],0.000459963],
[[262.0,182.0,262.0,182.0],0.0002502072],
[[262.0,202.0,262.0,202.0],0.0002701012],
[[262.0,222.0,262.0,222.0],0.0002899915],
[[262.0,242.0,262.0,242.0],0.0004096783],
[[263.0,262.0,263.0,262.0],0.0005234493],
[[265.0,262.0,265.0,262.0],0.0005084395],
[[267.0,262.0,267.0,262.0],0.0004774685],
[[272.0,262.0,272.0,262.0],0.0004984657],
[[282.0,202.0,282.0,202.0],0.0003073343],
[[282.0,222.0,282.0,222.0],0.0003038702],
[[282.0,242.0,282.0,242.0],0.0003519645],
[[282.0,262.0,282.0,262.0],0.0004234901],
[[283.0,282.0,283.0,282.0],0.0005782514],
[[285.0,282.0,285.0,282.0],0.0005503678],
[[287.0,282.0,287.0,282.0],0.0005270566],
[[292.0,282.0,292.0,282.0],0.0005383597],
[[302.0,222.0,302.0,222.0],0.0003357035],
[[302.0,242.0,302.0,242.0],0.0003171491],
[[302.0,262.0,302.0,262.0],0.0003623205],
[[302.0,282.0,302.0,282.0],0.0004672047],
[[303.0,302.0,303.0,302.0],0.0005743373],
[[305.0,302.0,305.0,302.0],0.000580251],
[[307.0,302.0,307.0,302.0],0.0005546491],
[[312.0,302.0,312.0,302.0],0.0005370405],
[[322.0,242.0,322.0,242.0],0.0003601071],
[[322.0,262.0,322.0,262.0],0.0003473591],
[[322.0,282.0,322.0,282.0],0.0003979098],
[[322.0,302.0,322.0,302.0],0.00045353],
[[323.0,322.0,323.0,322.0],0.000602682],
[[325.0,322.0,325.0,322.0],0.000631671],
[[327.0,322.0,327.0,322.0],0.0006026833],
[[332.0,322.0,332.0,322.0],0.0005712013],
[[342.0,262.0,342.0,262.0],0.0003692238],
[[342.0,282.0,342.0,282.0],0.0003590876],
[[342.0,302.0,342.0,302.0],0.0004063614],
[[342.0,322.0,342.0,322.0],0.000503921],
[[343.0,342.0,343.0,342.0],0.0006260709],
[[345.0,342.0,345.0,342.0],0.0006624628],
[[347.0,342.0,347.0,342.0],0.0006179247],
[[352.0,342.0,352.0,342.0],0.0006156405],
[[362.0,282.0,362.0,282.0],0.0004143491],
[[362.0,302.0,362.0,302.0],0.000380566],
[[362.0,322.0,362.0,322.0],0.0004178866],
[[362.0,342.0,362.0,342.0],0.0005446774],
[[363.0,362.0,363.0,362.0],0.000642881],
[[365.0,362.0,365.0,362.0],0.0006459431],
[[367.0,362.0,367.0,362.0],0.0006173339],
[[372.0,362.0,372.0,362.0],0.0006203094],
[[382.0,302.0,382.0,302.0],0.0004336095],
[[382.0,322.0,382.0,322.0],0.0004014175],
[[382.0,342.0,382.0,342.0],0.0004597605],
[[382.0,362.0,382.0,362.0],0.0005773778],
[[383.0,382.0,383.0,382.0],0.0006492338],
[[385.0,382.0,385.0,382.0],0.0006369996],
[[387.0,382.0,387.0,382.0],0.0006824474],
[[392.0,382.0,392.0,382.0],0.000619639],
[[402.0,322.0,402.0,322.0],0.0004705015],
[[402.0,342.0,402.0,342.0],0.0004355022],
[[402.0,362.0,402.0,362.0],0.0004768318],
[[402.0,382.0,402.0,382.0],0.0005833238],
[[403.0,402.0,403.0,402.0],0.0006896766],
[[405.0,402.0,405.0,402.0],0.0006881556],
[[407.0,402.0,407.0,402.0],0.0006885015],
[[412.0,402.0,412.0,402.0],0.0006626336],
[[422.0,342.0,422.0,342.0],0.0004668398],
[[422.0,362.0,422.0,362.0],0.0004502508],
[[422.0,382.0,422.0,382.0],0.0004959293],
[[422.0,402.0,422.0,402.0],0.0006288775],
[[442.0,362.0,442.0,362.0],0.0004894865],
[[442.0,382.0,442.0,382.0],0.000481772],
[[442.0,402.0,442.0,402.0],0.0005290105],
[[462.0,382.0,462.0,382.0],0.0005010829],
[[462.0,402.0,462.0,402.0],0.0005237656],
[[482.0,402.0,482.0,402.0],0.0005367318],
[[503.0,502.0,503.0,502.0],0.0007645905],
[[505.0,502.0,505.0,502.0],0.0007414877],
[[507.0,502.0,507.0,502.0],0.0007622826],
[[512.0,502.0,512.0,502.0],0.0007401937],
[[522.0,502.0,522.0,502.0],0.0006613507],
[[542.0,502.0,542.0,502.0],0.0005898989],
[[562.0,502.0,562.0,502.0],0.0005766153],
[[582.0,502.0,582.0,502.0],0.0006281376],
[[603.0,602.0,603.0,602.0],0.0008121149],
[[605.0,602.0,605.0,602.0],0.0007628729],
[[607.0,602.0,607.0,602.0],0.0008090976],
[[612.0,602.0,612.0,602.0],0.0007385606],
[[622.0,602.0,622.0,602.0],0.0007568114],
[[642.0,602.0,642.0,602.0],0.0006608819],
[[662.0,602.0,662.0,602.0],0.0006275367],
[[682.0,602.0,682.0,602.0],0.0006841952],
[[703.0,702.0,703.0,702.0],0.0008201088],
[[705.0,702.0,705.0,702.0],0.0008602719],
[[707.0,702.0,707.0,702.0],0.0008695659],
[[712.0,702.0,712.0,702.0],0.0008425337],
[[722.0,702.0,722.0,702.0],0.0008131193],
[[742.0,702.0,742.0,702.0],0.000726938],
[[762.0,702.0,762.0,702.0],0.0006757843],
[[782.0,702.0,782.0,702.0],0.0006946529],
[[803.0,802.0,803.0,802.0],0.0008377344],
[[805.0,802.0,805.0,802.0],0.0008892558],
[[807.0,802.0,807.0,802.0],0.000873547],
[[812.0,802.0,812.0,802.0],0.0008537926],
[[822.0,802.0,822.0,802.0],0.0007898863],
[[842.0,802.0,842.0,802.0],0.0007339855],
[[862.0,802.0,862.0,802.0],0.0007131309],
[[882.0,802.0,882.0,802.0],0.0007486629],
[[903.0,902.0,903.0,902.0],0.0009105308],
[[905.0,902.0,905.0,902.0],0.0008726662],
[[907.0,902.0,907.0,902.0],0.0008909877],
[[912.0,902.0,912.0,902.0],0.000855027],
[[922.0,902.0,922.0,902.0],0.0008274161],
[[942.0,902.0,942.0,902.0],0.0007556638],
[[962.0,902.0,962.0,902.0],0.0007520769],
[[982.0,902.0,982.0,902.0],0.0007864109],
[[1003.0,1002.0,1003.0,1002.0],0.0009790054],
[[1005.0,1002.0,1005.0,1002.0],0.0009613089],
[[1007.0,1002.0,1007.0,1002.0],0.000910304],
[[1012.0,1002.0,1012.0,1002.0],0.0009758597],
[[1022.0,1002.0,1022.0,1002.0],0.0009329418],
[[1042.0,1002.0,1042.0,1002.0],0.0007981557],
[[1062.0,1002.0,1062.0,1002.0],0.0007998112],
[[1082.0,1002.0,1082.0,1002.0],0.000831226],
[[1103.0,1102.0,1103.0,1102.0],0.001036279],
[[1105.0,1102.0,1105.0,1102.0],0.001012498],
[[1107.0,1102.0,1107.0,1102.0],0.001002526],
[[1112.0,1102.0,1112.0,1102.0],0.0009956915],
[[1122.0,1102.0,1122.0,1102.0],0.0009495495],
[[1142.0,1102.0,1142.0,1102.0],0.0008755031],
[[1162.0,1102.0,1162.0,1102.0],0.0008066097],
[[1182.0,1102.0,1182.0,1102.0],0.0008285873],
[[1203.0,1202.0,1203.0,1202.0],0.001073285],
[[1205.0,1202.0,1205.0,1202.0],0.001001178],
[[1207.0,1202.0,1207.0,1202.0],0.001075528],
[[1212.0,1202.0,1212.0,1202.0],0.001051001],
[[1222.0,1202.0,1222.0,1202.0],0.000976932],
[[1242.0,1202.0,1242.0,1202.0],0.0008686849],
[[1262.0,1202.0,1262.0,1202.0],0.0008829246],
[[1282.0,1202.0,1282.0,1202.0],0.0009030982],
[[1303.0,1302.0,1303.0,1302.0],0.0010004],
[[1305.0,1302.0,1305.0,1302.0],0.001062515],
[[1307.0,1302.0,1307.0,1302.0],0.00104774],
[[1312.0,1302.0,1312.0,1302.0],0.001053709],
[[1322.0,1302.0,1322.0,1302.0],0.001066255],
[[1342.0,1302.0,1342.0,1302.0],0.0009446583],
[[1362.0,1302.0,1362.0,1302.0],0.0009035764],
[[1382.0,1302.0,1382.0,1302.0],0.0009005663],
[[1403.0,1402.0,1403.0,1402.0],0.001022324],
[[1405.0,1402.0,1405.0,1402.0],0.001042663],
[[1407.0,1402.0,1407.0,1402.0],0.001023614],
[[1412.0,1402.0,1412.0,1402.0],0.001048899],
[[1422.0,1402.0,1422.0,1402.0],0.001039921],
[[1442.0,1402.0,1442.0,1402.0],0.000948515],
[[1462.0,1402.0,1462.0,1402.0],0.0008804472],
[[1482.0,1402.0,1482.0,1402.0],0.0008835704],
[[1503.0,1502.0,1503.0,1502.0],0.001024091],
[[1505.0,1502.0,1505.0,1502.0],0.001070517],
[[1507.0,1502.0,1507.0,1502.0],0.001128315],
[[1512.0,1502.0,1512.0,1502.0],0.001063333],
[[1522.0,1502.0,1522.0,1502.0],0.001030702],
[[1542.0,1502.0,1542.0,1502.0],0.0009425241],
[[1562.0,1502.0,1562.0,1502.0],0.0009342929],
[[1582.0,1502.0,1582.0,1502.0],0.0009278925],
[[1603.0,1602.0,1603.0,1602.0],0.001111321],
[[1605.0,1602.0,1605.0,1602.0],0.001103984],
[[1607.0,1602.0,1607.0,1602.0],0.001077598],
[[1612.0,1602.0,1612.0,1602.0],0.001067332],
[[1622.0,1602.0,1622.0,1602.0],0.001070677],
[[1642.0,1602.0,1642.0,1602.0],0.000939401],
[[1662.0,1602.0,1662.0,1602.0],0.0008743792],
[[1682.0,1602.0,1682.0,1602.0],0.0009098071],
[[1703.0,1702.0,1703.0,1702.0],0.001095112],
[[1705.0,1702.0,1705.0,1702.0],0.001123877],
[[1707.0,1702.0,1707.0,1702.0],0.001058688],
[[1712.0,1702.0,1712.0,1702.0],0.001106122],
[[1722.0,1702.0,1722.0,1702.0],0.001042139],
[[1742.0,1702.0,1742.0,1702.0],0.0009607857],
[[1762.0,1702.0,1762.0,1702.0],0.000954499],
[[1782.0,1702.0,1782.0,1702.0],0.0009125003],
[[1803.0,1802.0,1803.0,1802.0],0.001092657],
[[1805.0,1802.0,1805.0,1802.0],0.001023704],
[[1807.0,1802.0,1807.0,1802.0],0.001097712],
[[1812.0,1802.0,1812.0,1802.0],0.001121796],
[[1822.0,1802.0,1822.0,1802.0],0.001056092],
[[1842.0,1802.0,1842.0,1802.0],0.000990411],
[[1862.0,1802.0,1862.0,1802.0],0.0009492895],
[[1882.0,1802.0,1882.0,1802.0],0.0009291133],
[[1903.0,1902.0,1903.0,1902.0],0.001075794],
[[1905.0,1902.0,1905.0,1902.0],0.001054497],
[[1907.0,1902.0,1907.0,1902.0],0.001108938],
[[1912.0,1902.0,1912.0,1902.0],0.0009943446],
[[1922.0,1902.0,1922.0,1902.0],0.00102806],
[[1942.0,1902.0,1942.0,1902.0],0.001010341],
[[1962.0,1902.0,1962.0,1902.0],0.0009187909],
[[1982.0,1902.0,1982.0,1902.0],0.0008952782],
[[2003.0,2002.0,2003.0,2002.0],0.001103649],
[[2005.0,2002.0,2005.0,2002.0],0.001023597],
[[2007.0,2002.0,2007.0,2002.0],0.001090807],
[[2012.0,2002.0,2012.0,2002.0],0.001043214],
[[2022.0,2002.0,2022.0,2002.0],0.001051475],
[[2042.0,2002.0,2042.0,2002.0],0.0009590737],
[[2062.0,2002.0,2062.0,2002.0],0.0009061078],
[[2082.0,2002.0,2082.0,2002.0],0.0009663383]]
