txName: TRV1nunu
constraint: {(PV > Zprime(1)), (Zprime(1) > nu,nu)}
condition: None
conditionDescription: None
figureUrl: None
source: CMS
validated: N/A
axesMap: [{0: 'x'}]
dataMap: {0: (1, 'mass', GeV)}
finalState: ['MET', 'MET']
efficiencyMap: [[[50.0],5.66012e-06],
[[100.0],2.112801e-05],
[[150.0],5.989796e-05],
[[200.0],0.0001302333],
[[250.0],0.0001947353],
[[300.0],0.0002775048],
[[350.0],0.000392965],
[[400.0],0.0005102277],
[[450.0],0.0005519142],
[[500.0],0.0006675688],
[[550.0],0.0007263696],
[[600.0],0.0008629778],
[[650.0],0.001019189],
[[700.0],0.001027235],
[[750.0],0.00104112],
[[800.0],0.001178377],
[[850.0],0.001205892],
[[900.0],0.001204917],
[[950.0],0.001272999],
[[1000.0],0.001249886],
[[1050.0],0.001410396],
[[1100.0],0.001400258],
[[1150.0],0.001459143],
[[1200.0],0.001453354],
[[1250.0],0.001521321],
[[1300.0],0.001549419],
[[1350.0],0.00152728],
[[1400.0],0.001713009],
[[1450.0],0.001661594],
[[1500.0],0.001710263],
[[1550.0],0.001636731],
[[1600.0],0.00169704],
[[1650.0],0.001757483],
[[1700.0],0.001767965],
[[1750.0],0.001768593],
[[1800.0],0.001652127],
[[1850.0],0.001756422],
[[1900.0],0.001773008],
[[1950.0],0.001715996],
[[2000.0],0.001986908],
[[2250.0],0.00205725],
[[2500.0],0.002105022],
[[2750.0],0.001998155],
[[3000.0],0.002237828]]
