id: CMS-SUS-16-039-agg
sqrts: 13*TeV
lumi: 35.9/fb
url: http://cms-results.web.cern.ch/cms-results/public-results/publications/SUS-16-039/index.html
arxiv: https://arxiv.org/abs/1709.05406
publication: JHEP 03 (2018) 166
publicationDOI: https://doi.org/10.1007/JHEP03(2018)166
contact: cms-phys-conveners-sus@cern.ch
implementedBy: Wolfgang Waltenberger
lastUpdate: 2022/2/17
datasetOrder: "AR1","AR2","AR3","AR4","AR5","AR6","AR7","AR8","AR9","AR10","AR11"
covariance: [[91.15, 0.6181, 0.5095, 1.323, 0.8087, 0.4021, -0.2657, 0.5112, 33.12, 1.084, 41.14], [0.6181, 0.4396, 0.02525, 0.01671, 0.03961, 0.04479, 0.05041, 0.03572, 0.9178, 1.427, 0.7988], [0.5095, 0.02525, 0.1956, 0.02274, 0.02569, 0.01666, 0.01629, 0.02282, 0.7795, 0.5961, 0.7381], [1.323, 0.01671, 0.02274, 0.9053, 0.04969, 0.08352, -0.02209, 0.04811, 2.756, 1.679, 2.725], [0.8087, 0.03961, 0.02569, 0.04969, 0.277, 0.03158, 0.05148, 0.07445, 1.038, 1.117, 1.123], [0.4021, 0.04479, 0.01666, 0.08352, 0.03158, 0.5195, 0.06665, 0.05697, 1.505, 1.746, 1.538], [-0.2657, 0.05041, 0.01629, -0.02209, 0.05148, 0.06665, 0.4269, 0.04501, 0.2676, 2.533, 0.3514], [0.5112, 0.03572, 0.02282, 0.04811, 0.07445, 0.05697, 0.04501, 0.2629, 1.181, 1.206, 1.338], [33.12, 0.9178, 0.7795, 2.756, 1.038, 1.505, 0.2676, 1.181, 98.2, 21.12, 60.37], [1.084, 1.427, 0.5961, 1.679, 1.117, 1.746, 2.533, 1.206, 21.12, 113.3, 23.72], [41.14, 0.7988, 0.7381, 2.725, 1.123, 1.538, 0.3514, 1.338, 60.37, 23.72, 107.9]]
