txName: TRPV5tjb
constraint: {(PV > anyBSM(1), anyBSM(3)), (anyBSM(1) > t,anyBSM(2)), (anyBSM(3) > t,anyBSM(4)), (anyBSM(2) > jet,b), (anyBSM(4) > jet,b)}
condition: None
conditionDescription: None
figureUrl: https://atlas.web.cern.ch/Atlas/GROUPS/PHYSICS/PAPERS/SUSY-2018-09/fig_07b.png
source: ATLAS
validated: True
axesMap: [{0: 'x', 1: 'y', 2: 'x', 3: 'y'}]
dataMap: {0: (1, 'mass', GeV), 1: (2, 'mass', GeV), 2: (3, 'mass', GeV), 3: (4, 'mass', GeV)}
finalState: ['MET', 'MET']
efficiencyMap: [[[1600.0,1000.0,1600.0,1000.0],0.005229331],
[[2200.0,800.0,2200.0,800.0],0.009729518],
[[2000.0,1800.0,2000.0,1800.0],0.005247601],
[[1800.0,1400.0,1800.0,1400.0],0.008192833],
[[1600.0,600.0,1600.0,600.0],0.006369731],
[[2200.0,400.0,2200.0,400.0],0.008234147],
[[2000.0,1400.0,2000.0,1400.0],0.008927296],
[[1000.0,800.0,1000.0,800.0],0.000597875],
[[800.0,400.0,800.0,400.0],0.0002853685],
[[1800.0,1000.0,1800.0,1000.0],0.008700754],
[[1400.0,1200.0,1400.0,1200.0],0.00368442],
[[2200.0,1800.0,2200.0,1800.0],0.007376519],
[[2000.0,1000.0,2000.0,1000.0],0.009108437],
[[1000.0,400.0,1000.0,400.0],0.0007400156],
[[1200.0,800.0,1200.0,800.0],0.001842441],
[[2200.0,1400.0,2200.0,1400.0],0.009334293],
[[1800.0,600.0,1800.0,600.0],0.008326789],
[[1400.0,800.0,1400.0,800.0],0.003745287],
[[2000.0,600.0,2000.0,600.0],0.008535677],
[[1200.0,400.0,1200.0,400.0],0.001854461],
[[2200.0,1000.0,2200.0,1000.0],0.01051063],
[[1600.0,1200.0,1600.0,1200.0],0.005977736],
[[1400.0,400.0,1400.0,400.0],0.003671613],
[[1800.0,1600.0,1800.0,1600.0],0.00416746],
[[2200.0,600.0,2200.0,600.0],0.009660258],
[[1600.0,800.0,1600.0,800.0],0.006466506],
[[2000.0,1600.0,2000.0,1600.0],0.007922079],
[[800.0,600.0,800.0,600.0],0.0001529425],
[[1800.0,1200.0,1800.0,1200.0],0.008079846],
[[2200.0,2000.0,2200.0,2000.0],0.006281584],
[[2000.0,1200.0,2000.0,1200.0],0.009869877],
[[1000.0,600.0,1000.0,600.0],0.0006421344],
[[1600.0,400.0,1600.0,400.0],0.005544149],
[[1800.0,800.0,1800.0,800.0],0.007928716],
[[1200.0,1000.0,1200.0,1000.0],0.001309919],
[[2200.0,1600.0,2200.0,1600.0],0.009678501],
[[2000.0,800.0,2000.0,800.0],0.01024465],
[[1400.0,1000.0,1400.0,1000.0],0.003984166],
[[1800.0,400.0,1800.0,400.0],0.008061634],
[[1600.0,1400.0,1600.0,1400.0],0.003969878],
[[1200.0,600.0,1200.0,600.0],0.00190338],
[[2200.0,1200.0,2200.0,1200.0],0.01006898],
[[2000.0,400.0,2000.0,400.0],0.007653248],
[[1400.0,600.0,1400.0,600.0],0.003550054],
[[600.0,400.0,600.0,400.0],2.892832e-05]]
