txName: TChiISR
constraint: {(PV > MET(1), MET(2))}
condition: None
conditionDescription: None
figureUrl: None
source: Recast by MA5
validated: True
axesMap: [{0: 'x', 1: 'y'}]
dataMap: {0: (1, 'mass', GeV), 1: (2, 'mass', GeV)}
finalState: ['MET', 'MET']
intermediateState: None
efficiencyMap: [[[1.0,10.0],5.37957e-06],
[[1.0,20.0],3.757563e-06],
[[1.0,30.0],3.061819e-06],
[[1.0,40.0],6.680027e-06],
[[1.0,50.0],4.539036e-06],
[[1.0,60.0],4.014219e-06],
[[5.0,10.0],4.540497e-06],
[[7.0,10.0],8.804474e-06],
[[9.0,10.0],3.342898e-06],
[[10.0,1.0],5.37957e-06],
[[10.0,5.0],4.540497e-06],
[[10.0,7.0],8.804474e-06],
[[10.0,9.0],3.342898e-06],
[[10.0,10.0],4.252424e-06],
[[12.0,62.0],3.633256e-06],
[[12.0,72.0],3.916577e-06],
[[12.0,82.0],1.235585e-05],
[[12.0,92.0],2.123041e-05],
[[12.0,102.0],2.982857e-05],
[[12.0,212.0],0.0001067243],
[[12.0,312.0],0.0001901547],
[[15.0,20.0],3.791133e-06],
[[17.0,20.0],5.905116e-06],
[[19.0,20.0],4.951404e-06],
[[20.0,1.0],3.757563e-06],
[[20.0,15.0],3.791133e-06],
[[20.0,17.0],5.905116e-06],
[[20.0,19.0],4.951404e-06],
[[20.0,20.0],4.270682e-06],
[[20.0,30.0],8.168528e-06],
[[20.0,40.0],4.330079e-06],
[[20.0,50.0],4.828375e-06],
[[20.0,60.0],4.419915e-06],
[[25.0,30.0],7.63525e-06],
[[27.0,30.0],4.274975e-06],
[[29.0,30.0],3.634417e-06],
[[30.0,1.0],3.061819e-06],
[[30.0,20.0],8.168528e-06],
[[30.0,25.0],7.63525e-06],
[[30.0,27.0],4.274975e-06],
[[30.0,29.0],3.634417e-06],
[[30.0,30.0],6.919209e-06],
[[30.0,40.0],4.562151e-06],
[[30.0,50.0],4.740394e-06],
[[30.0,60.0],1.162385e-05],
[[32.0,62.0],1.309185e-05],
[[32.0,72.0],2.145302e-05],
[[32.0,82.0],2.585681e-05],
[[32.0,92.0],4.149005e-05],
[[32.0,102.0],4.461686e-05],
[[32.0,112.0],5.076862e-05],
[[32.0,122.0],5.476435e-05],
[[32.0,232.0],0.0001431122],
[[32.0,332.0],0.0002019273],
[[35.0,40.0],4.231304e-06],
[[37.0,40.0],4.670241e-06],
[[39.0,40.0],3.933909e-06],
[[40.0,1.0],6.680027e-06],
[[40.0,20.0],4.330079e-06],
[[40.0,30.0],4.562151e-06],
[[40.0,35.0],4.231304e-06],
[[40.0,37.0],4.670241e-06],
[[40.0,39.0],3.933909e-06],
[[40.0,40.0],3.988589e-06],
[[40.0,50.0],8.575065e-06],
[[40.0,60.0],1.588178e-05],
[[45.0,50.0],1.236231e-05],
[[47.0,50.0],1.458077e-05],
[[49.0,50.0],1.795688e-05],
[[50.0,1.0],4.539036e-06],
[[50.0,20.0],4.828375e-06],
[[50.0,30.0],4.740394e-06],
[[50.0,40.0],8.575065e-06],
[[50.0,45.0],1.236231e-05],
[[50.0,47.0],1.458077e-05],
[[50.0,49.0],1.795688e-05],
[[50.0,50.0],1.884182e-05],
[[50.0,60.0],2.442355e-05],
[[52.0,62.0],3.097996e-05],
[[52.0,67.0],3.940713e-05],
[[52.0,72.0],3.278658e-05],
[[52.0,82.0],4.496756e-05],
[[52.0,92.0],4.668717e-05],
[[52.0,102.0],5.881038e-05],
[[52.0,112.0],6.541216e-05],
[[52.0,122.0],7.240317e-05],
[[52.0,132.0],9.312416e-05],
[[52.0,142.0],9.742615e-05],
[[52.0,252.0],0.0001770399],
[[52.0,352.0],0.0002359043],
[[55.0,60.0],2.538991e-05],
[[57.0,60.0],3.744974e-05],
[[59.0,60.0],3.151875e-05],
[[60.0,1.0],4.014219e-06],
[[60.0,20.0],4.419915e-06],
[[60.0,30.0],1.162385e-05],
[[60.0,40.0],1.588178e-05],
[[60.0,50.0],2.442355e-05],
[[60.0,55.0],2.538991e-05],
[[60.0,57.0],3.744974e-05],
[[60.0,59.0],3.151875e-05],
[[60.0,60.0],3.111606e-05],
[[62.0,12.0],3.633256e-06],
[[62.0,32.0],1.309185e-05],
[[62.0,52.0],3.097996e-05],
[[67.0,52.0],3.940713e-05],
[[72.0,12.0],3.916577e-06],
[[72.0,32.0],2.145302e-05],
[[72.0,52.0],3.278658e-05],
[[72.0,72.0],4.898225e-05],
[[72.0,75.0],5.121284e-05],
[[72.0,77.0],5.493407e-05],
[[72.0,82.0],5.859937e-05],
[[72.0,87.0],6.373843e-05],
[[72.0,92.0],6.820306e-05],
[[72.0,102.0],7.295045e-05],
[[72.0,112.0],7.781799e-05],
[[72.0,122.0],9.650975e-05],
[[72.0,132.0],0.0001085567],
[[72.0,142.0],0.0001025578],
[[72.0,152.0],0.0001134948],
[[72.0,162.0],0.0001165513],
[[72.0,272.0],0.0001774604],
[[72.0,372.0],0.0002460156],
[[75.0,72.0],5.121284e-05],
[[77.0,72.0],5.493407e-05],
[[82.0,12.0],1.235585e-05],
[[82.0,32.0],2.585681e-05],
[[82.0,52.0],4.496756e-05],
[[82.0,72.0],5.859937e-05],
[[87.0,72.0],6.373843e-05],
[[92.0,12.0],2.123041e-05],
[[92.0,32.0],4.149005e-05],
[[92.0,52.0],4.668717e-05],
[[92.0,72.0],6.820306e-05],
[[92.0,92.0],7.367469e-05],
[[92.0,95.0],8.93605e-05],
[[92.0,97.0],7.94009e-05],
[[92.0,102.0],9.578202e-05],
[[92.0,107.0],0.0001070357],
[[92.0,112.0],9.872017e-05],
[[92.0,122.0],0.0001034413],
[[92.0,132.0],0.0001126702],
[[92.0,142.0],0.0001148269],
[[92.0,152.0],0.0001209573],
[[92.0,162.0],0.0001347726],
[[92.0,172.0],0.0001494013],
[[92.0,182.0],0.0001554287],
[[92.0,292.0],0.0002113931],
[[92.0,392.0],0.0002671037],
[[95.0,92.0],8.93605e-05],
[[97.0,92.0],7.94009e-05],
[[102.0,12.0],2.982857e-05],
[[102.0,32.0],4.461686e-05],
[[102.0,52.0],5.881038e-05],
[[102.0,72.0],7.295045e-05],
[[102.0,92.0],9.578202e-05],
[[102.0,102.0],9.11381e-05],
[[102.0,105.0],9.361747e-05],
[[102.0,107.0],0.000114759],
[[102.0,112.0],0.0001072105],
[[102.0,117.0],0.0001039078],
[[102.0,122.0],0.0001106583],
[[102.0,132.0],0.0001073171],
[[102.0,142.0],0.0001483703],
[[102.0,152.0],0.0001372062],
[[102.0,162.0],0.0001367742],
[[102.0,172.0],0.0001357648],
[[102.0,182.0],0.0001586185],
[[102.0,192.0],0.0001585372],
[[102.0,302.0],0.0002096737],
[[102.0,402.0],0.0002727926],
[[105.0,102.0],9.361747e-05],
[[107.0,92.0],0.0001070357],
[[107.0,102.0],0.000114759],
[[112.0,32.0],5.076862e-05],
[[112.0,52.0],6.541216e-05],
[[112.0,72.0],7.781799e-05],
[[112.0,92.0],9.872017e-05],
[[112.0,102.0],0.0001072105],
[[117.0,102.0],0.0001039078],
[[122.0,32.0],5.476435e-05],
[[122.0,52.0],7.240317e-05],
[[122.0,72.0],9.650975e-05],
[[122.0,92.0],0.0001034413],
[[122.0,102.0],0.0001106583],
[[132.0,52.0],9.312416e-05],
[[132.0,72.0],0.0001085567],
[[132.0,92.0],0.0001126702],
[[132.0,102.0],0.0001073171],
[[142.0,52.0],9.742615e-05],
[[142.0,72.0],0.0001025578],
[[142.0,92.0],0.0001148269],
[[142.0,102.0],0.0001483703],
[[152.0,72.0],0.0001134948],
[[152.0,92.0],0.0001209573],
[[152.0,102.0],0.0001372062],
[[152.0,152.0],0.0001651378],
[[152.0,155.0],0.0001655478],
[[152.0,157.0],0.0001825444],
[[152.0,162.0],0.0001847252],
[[152.0,167.0],0.0001773186],
[[152.0,172.0],0.0001827247],
[[152.0,182.0],0.0001804319],
[[152.0,192.0],0.0001955146],
[[152.0,202.0],0.0002047867],
[[152.0,212.0],0.0002075068],
[[152.0,222.0],0.0002297915],
[[152.0,232.0],0.0002260739],
[[152.0,242.0],0.0002254558],
[[152.0,352.0],0.0002758814],
[[152.0,452.0],0.000323587],
[[155.0,152.0],0.0001655478],
[[157.0,152.0],0.0001825444],
[[162.0,72.0],0.0001165513],
[[162.0,92.0],0.0001347726],
[[162.0,102.0],0.0001367742],
[[162.0,152.0],0.0001847252],
[[167.0,152.0],0.0001773186],
[[172.0,92.0],0.0001494013],
[[172.0,102.0],0.0001357648],
[[172.0,152.0],0.0001827247],
[[182.0,92.0],0.0001554287],
[[182.0,102.0],0.0001586185],
[[182.0,152.0],0.0001804319],
[[192.0,102.0],0.0001585372],
[[192.0,152.0],0.0001955146],
[[202.0,152.0],0.0002047867],
[[202.0,202.0],0.0002208436],
[[202.0,205.0],0.0002665223],
[[202.0,207.0],0.0002227467],
[[202.0,212.0],0.000241654],
[[202.0,217.0],0.0002288968],
[[202.0,222.0],0.0002256505],
[[202.0,232.0],0.000263376],
[[202.0,242.0],0.0002405214],
[[202.0,252.0],0.0002522912],
[[202.0,262.0],0.0002439978],
[[202.0,272.0],0.0002661827],
[[202.0,282.0],0.0002703441],
[[202.0,402.0],0.0003050092],
[[202.0,502.0],0.0003607032],
[[205.0,202.0],0.0002665223],
[[207.0,202.0],0.0002227467],
[[212.0,12.0],0.0001067243],
[[212.0,152.0],0.0002075068],
[[212.0,202.0],0.000241654],
[[217.0,202.0],0.0002288968],
[[222.0,152.0],0.0002297915],
[[222.0,202.0],0.0002256505],
[[232.0,32.0],0.0001431122],
[[232.0,152.0],0.0002260739],
[[232.0,202.0],0.000263376],
[[242.0,152.0],0.0002254558],
[[242.0,202.0],0.0002405214],
[[252.0,52.0],0.0001770399],
[[252.0,202.0],0.0002522912],
[[252.0,252.0],0.0002755133],
[[252.0,255.0],0.0002890756],
[[252.0,257.0],0.0002851476],
[[252.0,262.0],0.000280859],
[[252.0,267.0],0.0003044527],
[[252.0,272.0],0.0002935702],
[[252.0,282.0],0.0003063724],
[[252.0,292.0],0.00028945],
[[252.0,302.0],0.0003066146],
[[252.0,312.0],0.0003100993],
[[252.0,322.0],0.0003145945],
[[252.0,332.0],0.0003105534],
[[252.0,342.0],0.0003311572],
[[252.0,452.0],0.0003504509],
[[252.0,552.0],0.0003863744],
[[255.0,252.0],0.0002890756],
[[257.0,252.0],0.0002851476],
[[262.0,202.0],0.0002439978],
[[262.0,252.0],0.000280859],
[[267.0,252.0],0.0003044527],
[[272.0,72.0],0.0001774604],
[[272.0,202.0],0.0002661827],
[[272.0,252.0],0.0002935702],
[[282.0,202.0],0.0002703441],
[[282.0,252.0],0.0003063724],
[[292.0,92.0],0.0002113931],
[[292.0,252.0],0.00028945],
[[302.0,102.0],0.0002096737],
[[302.0,252.0],0.0003066146],
[[302.0,302.0],0.0003387537],
[[302.0,305.0],0.0003297018],
[[302.0,307.0],0.0003355993],
[[302.0,312.0],0.0003155194],
[[302.0,317.0],0.0003195435],
[[302.0,322.0],0.0003360699],
[[302.0,332.0],0.0003528572],
[[302.0,342.0],0.0003338701],
[[302.0,352.0],0.0003408029],
[[302.0,362.0],0.0003404183],
[[302.0,372.0],0.0003466247],
[[302.0,382.0],0.0003885942],
[[302.0,392.0],0.0003466324],
[[302.0,502.0],0.0003868053],
[[302.0,602.0],0.0003935654],
[[305.0,302.0],0.0003297018],
[[307.0,302.0],0.0003355993],
[[312.0,12.0],0.0001901547],
[[312.0,252.0],0.0003100993],
[[312.0,302.0],0.0003155194],
[[317.0,302.0],0.0003195435],
[[322.0,252.0],0.0003145945],
[[322.0,302.0],0.0003360699],
[[332.0,32.0],0.0002019273],
[[332.0,252.0],0.0003105534],
[[332.0,302.0],0.0003528572],
[[342.0,252.0],0.0003311572],
[[342.0,302.0],0.0003338701],
[[352.0,52.0],0.0002359043],
[[352.0,152.0],0.0002758814],
[[352.0,302.0],0.0003408029],
[[352.0,352.0],0.0003518471],
[[352.0,355.0],0.0003601934],
[[352.0,357.0],0.000373262],
[[352.0,362.0],0.0003790716],
[[352.0,367.0],0.0003674389],
[[352.0,372.0],0.000372957],
[[352.0,382.0],0.0003698486],
[[352.0,392.0],0.0003748633],
[[352.0,402.0],0.0003954048],
[[352.0,412.0],0.0003713237],
[[352.0,422.0],0.0003760123],
[[352.0,432.0],0.0003966905],
[[352.0,442.0],0.0003901117],
[[352.0,552.0],0.0004100039],
[[352.0,652.0],0.0004353332],
[[355.0,352.0],0.0003601934],
[[357.0,352.0],0.000373262],
[[362.0,302.0],0.0003404183],
[[362.0,352.0],0.0003790716],
[[367.0,352.0],0.0003674389],
[[372.0,72.0],0.0002460156],
[[372.0,302.0],0.0003466247],
[[372.0,352.0],0.000372957],
[[382.0,302.0],0.0003885942],
[[382.0,352.0],0.0003698486],
[[392.0,92.0],0.0002671037],
[[392.0,302.0],0.0003466324],
[[392.0,352.0],0.0003748633],
[[402.0,102.0],0.0002727926],
[[402.0,202.0],0.0003050092],
[[402.0,352.0],0.0003954048],
[[402.0,402.0],0.0003928126],
[[402.0,405.0],0.0004279431],
[[402.0,407.0],0.000421091],
[[402.0,412.0],0.0004098445],
[[402.0,417.0],0.0004172756],
[[402.0,422.0],0.0003868828],
[[402.0,432.0],0.0004117401],
[[402.0,442.0],0.000384663],
[[402.0,452.0],0.000414746],
[[402.0,462.0],0.0003950471],
[[402.0,472.0],0.0004021035],
[[402.0,482.0],0.0004179925],
[[402.0,492.0],0.000394257],
[[402.0,602.0],0.0004443207],
[[402.0,702.0],0.0004633448],
[[405.0,402.0],0.0004279431],
[[407.0,402.0],0.000421091],
[[412.0,352.0],0.0003713237],
[[412.0,402.0],0.0004098445],
[[417.0,402.0],0.0004172756],
[[422.0,352.0],0.0003760123],
[[422.0,402.0],0.0003868828],
[[432.0,352.0],0.0003966905],
[[432.0,402.0],0.0004117401],
[[442.0,352.0],0.0003901117],
[[442.0,402.0],0.000384663],
[[452.0,152.0],0.000323587],
[[452.0,252.0],0.0003504509],
[[452.0,402.0],0.000414746],
[[462.0,402.0],0.0003950471],
[[472.0,402.0],0.0004021035],
[[482.0,402.0],0.0004179925],
[[492.0,402.0],0.000394257],
[[502.0,202.0],0.0003607032],
[[502.0,302.0],0.0003868053],
[[552.0,252.0],0.0003863744],
[[552.0,352.0],0.0004100039],
[[602.0,302.0],0.0003935654],
[[602.0,402.0],0.0004443207],
[[602.0,602.0],0.0005016006],
[[602.0,605.0],0.0005159091],
[[602.0,607.0],0.0004797749],
[[602.0,612.0],0.0005124871],
[[602.0,617.0],0.0004787231],
[[602.0,622.0],0.0004814996],
[[602.0,632.0],0.000520822],
[[602.0,642.0],0.0005238106],
[[602.0,652.0],0.0004886282],
[[602.0,662.0],0.0005064323],
[[602.0,672.0],0.0005024088],
[[602.0,682.0],0.000491061],
[[602.0,692.0],0.000489912],
[[602.0,802.0],0.0005086829],
[[602.0,902.0],0.0005187438],
[[605.0,602.0],0.0005159091],
[[607.0,602.0],0.0004797749],
[[612.0,602.0],0.0005124871],
[[617.0,602.0],0.0004787231],
[[622.0,602.0],0.0004814996],
[[632.0,602.0],0.000520822],
[[642.0,602.0],0.0005238106],
[[652.0,352.0],0.0004353332],
[[652.0,602.0],0.0004886282],
[[662.0,602.0],0.0005064323],
[[672.0,602.0],0.0005024088],
[[682.0,602.0],0.000491061],
[[692.0,602.0],0.000489912],
[[702.0,402.0],0.0004633448],
[[802.0,602.0],0.0005086829],
[[802.0,802.0],0.0005557707],
[[802.0,805.0],0.0005364048],
[[802.0,807.0],0.0005617639],
[[802.0,812.0],0.0005623181],
[[802.0,817.0],0.0005499446],
[[802.0,822.0],0.0005233118],
[[802.0,832.0],0.0005745632],
[[802.0,842.0],0.0005355071],
[[802.0,852.0],0.0005675946],
[[802.0,862.0],0.0005399324],
[[802.0,872.0],0.0005526147],
[[802.0,882.0],0.0005537871],
[[802.0,892.0],0.0005854863],
[[802.0,1002.0],0.0005675742],
[[802.0,1102.0],0.0005562663],
[[805.0,802.0],0.0005364048],
[[807.0,802.0],0.0005617639],
[[812.0,802.0],0.0005623181],
[[817.0,802.0],0.0005499446],
[[822.0,802.0],0.0005233118],
[[832.0,802.0],0.0005745632],
[[842.0,802.0],0.0005355071],
[[852.0,802.0],0.0005675946],
[[862.0,802.0],0.0005399324],
[[872.0,802.0],0.0005526147],
[[882.0,802.0],0.0005537871],
[[892.0,802.0],0.0005854863],
[[902.0,602.0],0.0005187438],
[[1002.0,802.0],0.0005675742],
[[1002.0,1002.0],0.0005927482],
[[1002.0,1005.0],0.0005966769],
[[1002.0,1007.0],0.0005767438],
[[1002.0,1012.0],0.0005821978],
[[1002.0,1017.0],0.0005744796],
[[1002.0,1022.0],0.0005733816],
[[1002.0,1032.0],0.0006028873],
[[1002.0,1042.0],0.0005893913],
[[1002.0,1052.0],0.0005845627],
[[1002.0,1062.0],0.0005785995],
[[1002.0,1072.0],0.0005821334],
[[1002.0,1082.0],0.0005660429],
[[1002.0,1092.0],0.0005885588],
[[1002.0,1202.0],0.0005923506],
[[1002.0,1302.0],0.0006297522],
[[1005.0,1002.0],0.0005966769],
[[1007.0,1002.0],0.0005767438],
[[1012.0,1002.0],0.0005821978],
[[1017.0,1002.0],0.0005744796],
[[1022.0,1002.0],0.0005733816],
[[1032.0,1002.0],0.0006028873],
[[1042.0,1002.0],0.0005893913],
[[1052.0,1002.0],0.0005845627],
[[1062.0,1002.0],0.0005785995],
[[1072.0,1002.0],0.0005821334],
[[1082.0,1002.0],0.0005660429],
[[1092.0,1002.0],0.0005885588],
[[1102.0,802.0],0.0005562663],
[[1202.0,1002.0],0.0005923506],
[[1202.0,1202.0],0.0006431985],
[[1202.0,1205.0],0.0006538274],
[[1202.0,1207.0],0.0005985933],
[[1202.0,1212.0],0.0006114167],
[[1202.0,1217.0],0.0005792147],
[[1202.0,1222.0],0.0006460221],
[[1202.0,1232.0],0.0006010729],
[[1202.0,1242.0],0.0005878885],
[[1202.0,1252.0],0.0006023944],
[[1202.0,1262.0],0.0005993801],
[[1202.0,1272.0],0.0005893289],
[[1202.0,1282.0],0.0005829904],
[[1202.0,1292.0],0.0005801778],
[[1202.0,1402.0],0.0005959995],
[[1202.0,1502.0],0.0006469285],
[[1205.0,1202.0],0.0006538274],
[[1207.0,1202.0],0.0005985933],
[[1212.0,1202.0],0.0006114167],
[[1217.0,1202.0],0.0005792147],
[[1222.0,1202.0],0.0006460221],
[[1232.0,1202.0],0.0006010729],
[[1242.0,1202.0],0.0005878885],
[[1252.0,1202.0],0.0006023944],
[[1262.0,1202.0],0.0005993801],
[[1272.0,1202.0],0.0005893289],
[[1282.0,1202.0],0.0005829904],
[[1292.0,1202.0],0.0005801778],
[[1302.0,1002.0],0.0006297522],
[[1402.0,1202.0],0.0005959995],
[[1402.0,1402.0],0.0006349464],
[[1402.0,1405.0],0.0006153897],
[[1402.0,1407.0],0.0006016866],
[[1402.0,1412.0],0.0005997744],
[[1402.0,1417.0],0.0006091216],
[[1402.0,1422.0],0.0006243685],
[[1402.0,1432.0],0.0006183857],
[[1402.0,1442.0],0.0006069295],
[[1402.0,1452.0],0.0006124218],
[[1402.0,1462.0],0.0006524824],
[[1402.0,1472.0],0.0006239906],
[[1402.0,1482.0],0.0006324351],
[[1402.0,1492.0],0.0006197903],
[[1402.0,1602.0],0.0005898596],
[[1402.0,1702.0],0.0006557112],
[[1405.0,1402.0],0.0006153897],
[[1407.0,1402.0],0.0006016866],
[[1412.0,1402.0],0.0005997744],
[[1417.0,1402.0],0.0006091216],
[[1422.0,1402.0],0.0006243685],
[[1432.0,1402.0],0.0006183857],
[[1442.0,1402.0],0.0006069295],
[[1452.0,1402.0],0.0006124218],
[[1462.0,1402.0],0.0006524824],
[[1472.0,1402.0],0.0006239906],
[[1482.0,1402.0],0.0006324351],
[[1492.0,1402.0],0.0006197903],
[[1502.0,1202.0],0.0006469285],
[[1602.0,1402.0],0.0005898596],
[[1602.0,1602.0],0.000645221],
[[1602.0,1605.0],0.000639965],
[[1602.0,1607.0],0.0006366335],
[[1602.0,1612.0],0.0006487548],
[[1602.0,1617.0],0.0006375866],
[[1602.0,1622.0],0.0006366866],
[[1602.0,1632.0],0.0006342117],
[[1602.0,1642.0],0.0006094702],
[[1602.0,1652.0],0.0006629827],
[[1602.0,1662.0],0.0006245091],
[[1602.0,1672.0],0.0006365866],
[[1602.0,1682.0],0.0006269069],
[[1602.0,1692.0],0.0006606321],
[[1602.0,1802.0],0.0006925247],
[[1602.0,1902.0],0.0006824544],
[[1605.0,1602.0],0.000639965],
[[1607.0,1602.0],0.0006366335],
[[1612.0,1602.0],0.0006487548],
[[1617.0,1602.0],0.0006375866],
[[1622.0,1602.0],0.0006366866],
[[1632.0,1602.0],0.0006342117],
[[1642.0,1602.0],0.0006094702],
[[1652.0,1602.0],0.0006629827],
[[1662.0,1602.0],0.0006245091],
[[1672.0,1602.0],0.0006365866],
[[1682.0,1602.0],0.0006269069],
[[1692.0,1602.0],0.0006606321],
[[1702.0,1402.0],0.0006557112],
[[1802.0,1602.0],0.0006925247],
[[1802.0,1802.0],0.0005865448],
[[1802.0,1805.0],0.0006146202],
[[1802.0,1807.0],0.0006089344],
[[1802.0,1812.0],0.0006620206],
[[1802.0,1817.0],0.0006624652],
[[1802.0,1822.0],0.0006303909],
[[1802.0,1832.0],0.0006211398],
[[1802.0,1842.0],0.0006748206],
[[1802.0,1852.0],0.000632222],
[[1802.0,1862.0],0.0006098302],
[[1802.0,1872.0],0.000701088],
[[1802.0,1882.0],0.0006712335],
[[1802.0,1892.0],0.0006058687],
[[1802.0,2002.0],0.0005977922],
[[1802.0,2102.0],0.0006157297],
[[1805.0,1802.0],0.0006146202],
[[1807.0,1802.0],0.0006089344],
[[1812.0,1802.0],0.0006620206],
[[1817.0,1802.0],0.0006624652],
[[1822.0,1802.0],0.0006303909],
[[1832.0,1802.0],0.0006211398],
[[1842.0,1802.0],0.0006748206],
[[1852.0,1802.0],0.000632222],
[[1862.0,1802.0],0.0006098302],
[[1872.0,1802.0],0.000701088],
[[1882.0,1802.0],0.0006712335],
[[1892.0,1802.0],0.0006058687],
[[1902.0,1602.0],0.0006824544],
[[2002.0,1802.0],0.0005977922],
[[2002.0,2002.0],0.0006122816],
[[2002.0,2005.0],0.0006475012],
[[2002.0,2007.0],0.0006158293],
[[2002.0,2012.0],0.0006721092],
[[2002.0,2017.0],0.0006744686],
[[2002.0,2022.0],0.0006233295],
[[2002.0,2032.0],0.0006832831],
[[2002.0,2042.0],0.0006410366],
[[2002.0,2052.0],0.000609586],
[[2002.0,2062.0],0.0007015455],
[[2002.0,2072.0],0.0006760919],
[[2002.0,2082.0],0.0006707267],
[[2002.0,2092.0],0.0006493794],
[[2002.0,2202.0],0.000607851],
[[2002.0,2302.0],0.0006481862],
[[2005.0,2002.0],0.0006475012],
[[2007.0,2002.0],0.0006158293],
[[2012.0,2002.0],0.0006721092],
[[2017.0,2002.0],0.0006744686],
[[2022.0,2002.0],0.0006233295],
[[2032.0,2002.0],0.0006832831],
[[2042.0,2002.0],0.0006410366],
[[2052.0,2002.0],0.000609586],
[[2062.0,2002.0],0.0007015455],
[[2072.0,2002.0],0.0006760919],
[[2082.0,2002.0],0.0006707267],
[[2092.0,2002.0],0.0006493794],
[[2102.0,1802.0],0.0006157297],
[[2202.0,2002.0],0.000607851],
[[2302.0,2002.0],0.0006481862]]
