txName: TChiWWISRqq
constraint: {(PV > anyBSM(1), anyBSM(3)), (anyBSM(1) > q, q, MET(2)), (anyBSM(3) > q, q, MET(4))}
condition: None
conditionDescription: None
figureUrl: None
source: Recast by MA5
validated: True
axesMap: [{0: 'x', 1: 'y', 2: 'x', 3: 'y'}]
dataMap: {0: (1, 'mass', GeV), 1: (2, 'mass', GeV), 2: (3, 'mass', GeV), 3: (4, 'mass', GeV)}
finalState: ['MET', 'MET']
intermediateState: None
efficiencyMap: [[[11.0,10.0,11.0,10.0],4.049076e-06],
[[13.0,10.0,13.0,10.0],1.013708e-07],
[[15.0,10.0,15.0,10.0],4.887266e-08],
[[20.0,10.0,20.0,10.0],0.0],
[[21.0,20.0,21.0,20.0],4.017502e-06],
[[23.0,20.0,23.0,20.0],4.712727e-07],
[[25.0,20.0,25.0,20.0],1.127469e-07],
[[30.0,10.0,30.0,10.0],0.0],
[[30.0,20.0,30.0,20.0],1.8254e-07],
[[31.0,30.0,31.0,30.0],2.764099e-06],
[[33.0,30.0,33.0,30.0],1.056153e-06],
[[35.0,30.0,35.0,30.0],3.235324e-07],
[[40.0,20.0,40.0,20.0],7.446835e-09],
[[40.0,30.0,40.0,30.0],2.862088e-08],
[[41.0,40.0,41.0,40.0],2.878219e-06],
[[43.0,40.0,43.0,40.0],1.322019e-06],
[[45.0,40.0,45.0,40.0],1.116049e-06],
[[50.0,10.0,50.0,10.0],5.945957e-08],
[[50.0,30.0,50.0,30.0],1.324858e-07],
[[50.0,40.0,50.0,40.0],6.456624e-07],
[[51.0,50.0,51.0,50.0],1.273027e-05],
[[53.0,50.0,53.0,50.0],8.293747e-06],
[[55.0,50.0,55.0,50.0],6.108959e-06],
[[60.0,20.0,60.0,20.0],3.212526e-07],
[[60.0,40.0,60.0,40.0],6.070566e-07],
[[60.0,50.0,60.0,50.0],2.711269e-06],
[[61.0,60.0,61.0,60.0],1.954303e-05],
[[63.0,60.0,63.0,60.0],1.532277e-05],
[[65.0,60.0,65.0,60.0],1.332869e-05],
[[70.0,10.0,70.0,10.0],2.939827e-07],
[[70.0,30.0,70.0,30.0],5.47805e-07],
[[70.0,50.0,70.0,50.0],2.401741e-06],
[[70.0,60.0,70.0,60.0],6.471232e-06],
[[71.0,70.0,71.0,70.0],3.081936e-05],
[[73.0,70.0,73.0,70.0],2.856921e-05],
[[75.0,70.0,75.0,70.0],2.117619e-05],
[[80.0,20.0,80.0,20.0],5.890994e-07],
[[80.0,40.0,80.0,40.0],1.350938e-06],
[[80.0,60.0,80.0,60.0],4.396391e-06],
[[80.0,70.0,80.0,70.0],1.192286e-05],
[[81.0,80.0,81.0,80.0],4.150659e-05],
[[83.0,80.0,83.0,80.0],3.400933e-05],
[[85.0,80.0,85.0,80.0],3.198059e-05],
[[90.0,10.0,90.0,10.0],1.282287e-06],
[[90.0,30.0,90.0,30.0],8.250076e-07],
[[90.0,50.0,90.0,50.0],2.661304e-06],
[[90.0,70.0,90.0,70.0],7.209654e-06],
[[90.0,80.0,90.0,80.0],1.618709e-05],
[[91.0,90.0,91.0,90.0],4.814151e-05],
[[93.0,90.0,93.0,90.0],4.746681e-05],
[[95.0,90.0,95.0,90.0],4.386556e-05],
[[100.0,20.0,100.0,20.0],9.336698e-07],
[[100.0,40.0,100.0,40.0],2.962392e-06],
[[100.0,60.0,100.0,60.0],4.491797e-06],
[[100.0,80.0,100.0,80.0],1.031232e-05],
[[100.0,90.0,100.0,90.0],2.210536e-05],
[[101.0,100.0,101.0,100.0],7.199402e-05],
[[103.0,100.0,103.0,100.0],5.876975e-05],
[[103.0,102.0,103.0,102.0],5.68177e-05],
[[105.0,100.0,105.0,100.0],5.105413e-05],
[[105.0,102.0,105.0,102.0],6.232915e-05],
[[107.0,102.0,107.0,102.0],5.00302e-05],
[[110.0,30.0,110.0,30.0],2.45972e-06],
[[110.0,50.0,110.0,50.0],3.817801e-06],
[[110.0,70.0,110.0,70.0],6.502403e-06],
[[110.0,90.0,110.0,90.0],1.324594e-05],
[[110.0,100.0,110.0,100.0],3.477997e-05],
[[112.0,102.0,112.0,102.0],3.797063e-05],
[[120.0,40.0,120.0,40.0],4.179422e-06],
[[120.0,60.0,120.0,60.0],5.954065e-06],
[[120.0,80.0,120.0,80.0],9.767813e-06],
[[120.0,100.0,120.0,100.0],2.118777e-05],
[[122.0,102.0,122.0,102.0],2.210779e-05],
[[123.0,122.0,123.0,122.0],8.046291e-05],
[[125.0,122.0,125.0,122.0],7.558749e-05],
[[127.0,122.0,127.0,122.0],9.06457e-05],
[[130.0,50.0,130.0,50.0],5.922081e-06],
[[130.0,70.0,130.0,70.0],6.78183e-06],
[[130.0,90.0,130.0,90.0],1.249445e-05],
[[132.0,122.0,132.0,122.0],5.701329e-05],
[[140.0,60.0,140.0,60.0],2.221824e-05],
[[140.0,80.0,140.0,80.0],1.299368e-05],
[[140.0,100.0,140.0,100.0],1.726575e-05],
[[142.0,102.0,142.0,102.0],1.684209e-05],
[[142.0,122.0,142.0,122.0],3.766493e-05],
[[143.0,142.0,143.0,142.0],0.0001126971],
[[145.0,142.0,145.0,142.0],0.0001111468],
[[147.0,142.0,147.0,142.0],9.576474e-05],
[[150.0,70.0,150.0,70.0],1.033791e-05],
[[150.0,90.0,150.0,90.0],1.584942e-05],
[[152.0,142.0,152.0,142.0],8.087197e-05],
[[160.0,80.0,160.0,80.0],1.627769e-05],
[[160.0,100.0,160.0,100.0],1.378448e-05],
[[162.0,102.0,162.0,102.0],2.044091e-05],
[[162.0,122.0,162.0,122.0],2.640118e-05],
[[162.0,142.0,162.0,142.0],6.274328e-05],
[[163.0,162.0,163.0,162.0],0.0001304019],
[[165.0,162.0,165.0,162.0],0.0001334563],
[[167.0,162.0,167.0,162.0],0.0001199019],
[[170.0,90.0,170.0,90.0],1.579202e-05],
[[172.0,162.0,172.0,162.0],0.0001053853],
[[180.0,100.0,180.0,100.0],1.968272e-05],
[[182.0,102.0,182.0,102.0],2.075631e-05],
[[182.0,122.0,182.0,122.0],3.114396e-05],
[[182.0,142.0,182.0,142.0],5.64553e-05],
[[182.0,162.0,182.0,162.0],7.31923e-05],
[[183.0,182.0,183.0,182.0],0.0001638909],
[[185.0,182.0,185.0,182.0],0.0001565818],
[[187.0,182.0,187.0,182.0],0.0001422156],
[[192.0,182.0,192.0,182.0],0.0001226258],
[[202.0,122.0,202.0,122.0],3.181964e-05],
[[202.0,142.0,202.0,142.0],4.346921e-05],
[[202.0,162.0,202.0,162.0],5.555317e-05],
[[202.0,182.0,202.0,182.0],9.142303e-05],
[[203.0,202.0,203.0,202.0],0.0001937212],
[[205.0,202.0,205.0,202.0],0.0001841607],
[[207.0,202.0,207.0,202.0],0.0001785866],
[[212.0,202.0,212.0,202.0],0.0001617047],
[[222.0,142.0,222.0,142.0],4.442134e-05],
[[222.0,162.0,222.0,162.0],5.528017e-05],
[[222.0,182.0,222.0,182.0],7.070118e-05],
[[222.0,202.0,222.0,202.0],0.0001137558],
[[223.0,222.0,223.0,222.0],0.0001970217],
[[225.0,222.0,225.0,222.0],0.0002117209],
[[227.0,222.0,227.0,222.0],0.0001906971],
[[232.0,222.0,232.0,222.0],0.0001755124],
[[242.0,162.0,242.0,162.0],5.163227e-05],
[[242.0,182.0,242.0,182.0],6.316926e-05],
[[242.0,202.0,242.0,202.0],8.118993e-05],
[[242.0,222.0,242.0,222.0],0.0001331478],
[[243.0,242.0,243.0,242.0],0.000215754],
[[245.0,242.0,245.0,242.0],0.0002199918],
[[247.0,242.0,247.0,242.0],0.0002218053],
[[252.0,242.0,252.0,242.0],0.0001979584],
[[262.0,182.0,262.0,182.0],7.051931e-05],
[[262.0,202.0,262.0,202.0],7.465795e-05],
[[262.0,222.0,262.0,222.0],0.0001122538],
[[262.0,242.0,262.0,242.0],0.0001586557],
[[263.0,262.0,263.0,262.0],0.0002245581],
[[265.0,262.0,265.0,262.0],0.0002301529],
[[267.0,262.0,267.0,262.0],0.0002386459],
[[272.0,262.0,272.0,262.0],0.0002192778],
[[282.0,202.0,282.0,202.0],8.020252e-05],
[[282.0,222.0,282.0,222.0],9.565008e-05],
[[282.0,242.0,282.0,242.0],0.0001121675],
[[282.0,262.0,282.0,262.0],0.0001751869],
[[283.0,282.0,283.0,282.0],0.0002536013],
[[285.0,282.0,285.0,282.0],0.0002358122],
[[287.0,282.0,287.0,282.0],0.0002665009],
[[292.0,282.0,292.0,282.0],0.0002315203],
[[302.0,222.0,302.0,222.0],0.0001000831],
[[302.0,242.0,302.0,242.0],0.0001003058],
[[302.0,262.0,302.0,262.0],0.0001368007],
[[302.0,282.0,302.0,282.0],0.0001897177],
[[303.0,302.0,303.0,302.0],0.0002737942],
[[305.0,302.0,305.0,302.0],0.0002856651],
[[307.0,302.0,307.0,302.0],0.0002597053],
[[312.0,302.0,312.0,302.0],0.00024667],
[[322.0,242.0,322.0,242.0],0.0001149604],
[[322.0,262.0,322.0,262.0],0.000119221],
[[322.0,282.0,322.0,282.0],0.000143885],
[[322.0,302.0,322.0,302.0],0.0002073284],
[[323.0,322.0,323.0,322.0],0.0002949434],
[[325.0,322.0,325.0,322.0],0.0002762546],
[[327.0,322.0,327.0,322.0],0.0002759614],
[[332.0,322.0,332.0,322.0],0.0002817936],
[[342.0,262.0,342.0,262.0],0.0001165584],
[[342.0,282.0,342.0,282.0],0.0001395491],
[[342.0,302.0,342.0,302.0],0.0001639055],
[[342.0,322.0,342.0,322.0],0.000224784],
[[343.0,342.0,343.0,342.0],0.0003160881],
[[345.0,342.0,345.0,342.0],0.0003198733],
[[347.0,342.0,347.0,342.0],0.0003050995],
[[352.0,342.0,352.0,342.0],0.0003056325],
[[362.0,282.0,362.0,282.0],0.0001283702],
[[362.0,302.0,362.0,302.0],0.0001567442],
[[362.0,322.0,362.0,322.0],0.0001758483],
[[362.0,342.0,362.0,342.0],0.0002450983],
[[363.0,362.0,363.0,362.0],0.0003246488],
[[365.0,362.0,365.0,362.0],0.0003171634],
[[367.0,362.0,367.0,362.0],0.0003214302],
[[372.0,362.0,372.0,362.0],0.000305231],
[[382.0,302.0,382.0,302.0],0.0001678531],
[[382.0,322.0,382.0,322.0],0.0001680567],
[[382.0,342.0,382.0,342.0],0.0001893973],
[[382.0,362.0,382.0,362.0],0.0002528218],
[[383.0,382.0,383.0,382.0],0.0003575467],
[[385.0,382.0,385.0,382.0],0.0003247906],
[[387.0,382.0,387.0,382.0],0.0003414602],
[[392.0,382.0,392.0,382.0],0.0003124913],
[[402.0,322.0,402.0,322.0],0.0001774951],
[[402.0,342.0,402.0,342.0],0.0001752785],
[[402.0,362.0,402.0,362.0],0.0002076724],
[[402.0,382.0,402.0,382.0],0.0002672879],
[[403.0,402.0,403.0,402.0],0.0003373182],
[[405.0,402.0,405.0,402.0],0.0003569139],
[[407.0,402.0,407.0,402.0],0.0003461494],
[[412.0,402.0,412.0,402.0],0.0003359938],
[[422.0,342.0,422.0,342.0],0.0001887022],
[[422.0,362.0,422.0,362.0],0.0001893372],
[[422.0,382.0,422.0,382.0],0.0002346392],
[[422.0,402.0,422.0,402.0],0.0003082417],
[[442.0,362.0,442.0,362.0],0.0001942996],
[[442.0,382.0,442.0,382.0],0.0001980362],
[[442.0,402.0,442.0,402.0],0.0002273443],
[[462.0,382.0,462.0,382.0],0.0001864143],
[[462.0,402.0,462.0,402.0],0.0002065813],
[[482.0,402.0,482.0,402.0],0.0002134436],
[[503.0,502.0,503.0,502.0],0.0003993928],
[[505.0,502.0,505.0,502.0],0.0004116866],
[[507.0,502.0,507.0,502.0],0.0004011917],
[[512.0,502.0,512.0,502.0],0.0003983155],
[[522.0,502.0,522.0,502.0],0.0003443077],
[[542.0,502.0,542.0,502.0],0.000289667],
[[562.0,502.0,562.0,502.0],0.0002952753],
[[582.0,502.0,582.0,502.0],0.0002569861],
[[603.0,602.0,603.0,602.0],0.0004337527],
[[605.0,602.0,605.0,602.0],0.000464544],
[[607.0,602.0,607.0,602.0],0.0004398082],
[[612.0,602.0,612.0,602.0],0.000432275],
[[622.0,602.0,622.0,602.0],0.0003948197],
[[642.0,602.0,642.0,602.0],0.0003468402],
[[662.0,602.0,662.0,602.0],0.0003084405],
[[682.0,602.0,682.0,602.0],0.0003093665],
[[703.0,702.0,703.0,702.0],0.0004762037],
[[705.0,702.0,705.0,702.0],0.0004811002],
[[707.0,702.0,707.0,702.0],0.0004705838],
[[712.0,702.0,712.0,702.0],0.0005064273],
[[722.0,702.0,722.0,702.0],0.000443406],
[[742.0,702.0,742.0,702.0],0.0003838938],
[[762.0,702.0,762.0,702.0],0.0003346841],
[[782.0,702.0,782.0,702.0],0.0003562361],
[[803.0,802.0,803.0,802.0],0.0005171965],
[[805.0,802.0,805.0,802.0],0.0005203132],
[[807.0,802.0,807.0,802.0],0.0005264369],
[[812.0,802.0,812.0,802.0],0.0005140431],
[[822.0,802.0,822.0,802.0],0.000468601],
[[842.0,802.0,842.0,802.0],0.0003986071],
[[862.0,802.0,862.0,802.0],0.0003777846],
[[882.0,802.0,882.0,802.0],0.0003760763],
[[903.0,902.0,903.0,902.0],0.0005263835],
[[905.0,902.0,905.0,902.0],0.0005390412],
[[907.0,902.0,907.0,902.0],0.0005456741],
[[912.0,902.0,912.0,902.0],0.0005180277],
[[922.0,902.0,922.0,902.0],0.000508445],
[[942.0,902.0,942.0,902.0],0.0004354661],
[[962.0,902.0,962.0,902.0],0.0004176072],
[[982.0,902.0,982.0,902.0],0.0003749412],
[[1003.0,1002.0,1003.0,1002.0],0.0005443795],
[[1005.0,1002.0,1005.0,1002.0],0.0005437111],
[[1007.0,1002.0,1007.0,1002.0],0.0005322318],
[[1012.0,1002.0,1012.0,1002.0],0.0005410613],
[[1022.0,1002.0,1022.0,1002.0],0.000512115],
[[1042.0,1002.0,1042.0,1002.0],0.0004469666],
[[1062.0,1002.0,1062.0,1002.0],0.000444338],
[[1082.0,1002.0,1082.0,1002.0],0.000395834],
[[1103.0,1102.0,1103.0,1102.0],0.0005766911],
[[1105.0,1102.0,1105.0,1102.0],0.0005837958],
[[1107.0,1102.0,1107.0,1102.0],0.0005704612],
[[1112.0,1102.0,1112.0,1102.0],0.0005729299],
[[1122.0,1102.0,1122.0,1102.0],0.0005458892],
[[1142.0,1102.0,1142.0,1102.0],0.0004500336],
[[1162.0,1102.0,1162.0,1102.0],0.0004243838],
[[1182.0,1102.0,1182.0,1102.0],0.0004300678],
[[1203.0,1202.0,1203.0,1202.0],0.0005734674],
[[1205.0,1202.0,1205.0,1202.0],0.0005763497],
[[1207.0,1202.0,1207.0,1202.0],0.0005998989],
[[1212.0,1202.0,1212.0,1202.0],0.0005834354],
[[1222.0,1202.0,1222.0,1202.0],0.0005387717],
[[1242.0,1202.0,1242.0,1202.0],0.0004780862],
[[1262.0,1202.0,1262.0,1202.0],0.0004681992],
[[1282.0,1202.0,1282.0,1202.0],0.0004529097],
[[1303.0,1302.0,1303.0,1302.0],0.000569561],
[[1305.0,1302.0,1305.0,1302.0],0.000585157],
[[1307.0,1302.0,1307.0,1302.0],0.0005548877],
[[1312.0,1302.0,1312.0,1302.0],0.0005941736],
[[1322.0,1302.0,1322.0,1302.0],0.0005564773],
[[1342.0,1302.0,1342.0,1302.0],0.0005007937],
[[1362.0,1302.0,1362.0,1302.0],0.0004728158],
[[1382.0,1302.0,1382.0,1302.0],0.0004692155],
[[1403.0,1402.0,1403.0,1402.0],0.000619229],
[[1405.0,1402.0,1405.0,1402.0],0.0006149725],
[[1407.0,1402.0,1407.0,1402.0],0.0006032057],
[[1412.0,1402.0,1412.0,1402.0],0.0005742592],
[[1422.0,1402.0,1422.0,1402.0],0.0006118],
[[1442.0,1402.0,1442.0,1402.0],0.0005035376],
[[1462.0,1402.0,1462.0,1402.0],0.000496393],
[[1482.0,1402.0,1482.0,1402.0],0.0004680059],
[[1503.0,1502.0,1503.0,1502.0],0.0006214454],
[[1505.0,1502.0,1505.0,1502.0],0.0006248336],
[[1507.0,1502.0,1507.0,1502.0],0.0006608633],
[[1512.0,1502.0,1512.0,1502.0],0.0005808628],
[[1522.0,1502.0,1522.0,1502.0],0.0005936693],
[[1542.0,1502.0,1542.0,1502.0],0.0005225479],
[[1562.0,1502.0,1562.0,1502.0],0.0004826984],
[[1582.0,1502.0,1582.0,1502.0],0.0004742459],
[[1603.0,1602.0,1603.0,1602.0],0.0006878377],
[[1605.0,1602.0,1605.0,1602.0],0.000626884],
[[1607.0,1602.0,1607.0,1602.0],0.0006329176],
[[1612.0,1602.0,1612.0,1602.0],0.000638489],
[[1622.0,1602.0,1622.0,1602.0],0.0006023789],
[[1642.0,1602.0,1642.0,1602.0],0.0005412312],
[[1662.0,1602.0,1662.0,1602.0],0.0005056285],
[[1682.0,1602.0,1682.0,1602.0],0.0004866286],
[[1703.0,1702.0,1703.0,1702.0],0.0006187392],
[[1705.0,1702.0,1705.0,1702.0],0.0006671173],
[[1707.0,1702.0,1707.0,1702.0],0.0006497491],
[[1712.0,1702.0,1712.0,1702.0],0.0006806662],
[[1722.0,1702.0,1722.0,1702.0],0.0006228559],
[[1742.0,1702.0,1742.0,1702.0],0.000547271],
[[1762.0,1702.0,1762.0,1702.0],0.0005298796],
[[1782.0,1702.0,1782.0,1702.0],0.0004700244],
[[1803.0,1802.0,1803.0,1802.0],0.0006499132],
[[1805.0,1802.0,1805.0,1802.0],0.0005977857],
[[1807.0,1802.0,1807.0,1802.0],0.0006007021],
[[1812.0,1802.0,1812.0,1802.0],0.0006163034],
[[1822.0,1802.0,1822.0,1802.0],0.0006410236],
[[1842.0,1802.0,1842.0,1802.0],0.0005379424],
[[1862.0,1802.0,1862.0,1802.0],0.0005316461],
[[1882.0,1802.0,1882.0,1802.0],0.0005023598],
[[1903.0,1902.0,1903.0,1902.0],0.000668605],
[[1905.0,1902.0,1905.0,1902.0],0.0006608939],
[[1907.0,1902.0,1907.0,1902.0],0.0006353978],
[[1912.0,1902.0,1912.0,1902.0],0.0006397649],
[[1922.0,1902.0,1922.0,1902.0],0.0005868779],
[[1942.0,1902.0,1942.0,1902.0],0.000570766],
[[1962.0,1902.0,1962.0,1902.0],0.0004814355],
[[1982.0,1902.0,1982.0,1902.0],0.0005052919],
[[2003.0,2002.0,2003.0,2002.0],0.0005997077],
[[2005.0,2002.0,2005.0,2002.0],0.0006542632],
[[2007.0,2002.0,2007.0,2002.0],0.0006257665],
[[2012.0,2002.0,2012.0,2002.0],0.0006414242],
[[2022.0,2002.0,2022.0,2002.0],0.0005945329],
[[2042.0,2002.0,2042.0,2002.0],0.0005293259],
[[2062.0,2002.0,2062.0,2002.0],0.0004959554],
[[2082.0,2002.0,2082.0,2002.0],0.0005286102]]
