txName: TChiZISRll
constraint: {(PV > anyBSM(1), MET(3)), (anyBSM(1) > l+,l-,MET(2))}
condition: None
conditionDescription: None
figureUrl: None
source: Recast by MA5
validated: True
axesMap: [{0: 'x', 1: 'y', 2: 'y'}]
dataMap: {0: (1, 'mass', GeV), 1: (2, 'mass', GeV), 2: (3, 'mass', GeV)}
finalState: ['MET', 'MET']
intermediateState: None
efficiencyMap: [[[10.0,1.0,1.0],2.378912e-07],
[[10.0,5.0,5.0],1.164993e-06],
[[10.0,7.0,7.0],8.639353e-07],
[[10.0,9.0,9.0],2.809506e-06],
[[20.0,1.0,1.0],4.42347e-07],
[[20.0,15.0,15.0],1.063835e-06],
[[20.0,17.0,17.0],1.236962e-06],
[[20.0,19.0,19.0],2.747162e-06],
[[30.0,1.0,1.0],1.730631e-07],
[[30.0,20.0,20.0],5.524124e-07],
[[30.0,25.0,25.0],9.212518e-07],
[[30.0,27.0,27.0],1.376161e-06],
[[30.0,29.0,29.0],5.45591e-06],
[[40.0,1.0,1.0],1.515932e-07],
[[40.0,20.0,20.0],2.147823e-07],
[[40.0,30.0,30.0],4.365836e-07],
[[40.0,35.0,35.0],1.447274e-06],
[[40.0,37.0,37.0],2.775679e-06],
[[40.0,39.0,39.0],4.625862e-06],
[[50.0,1.0,1.0],6.003838e-08],
[[50.0,20.0,20.0],1.708288e-08],
[[50.0,30.0,30.0],3.267123e-07],
[[50.0,40.0,40.0],1.757683e-06],
[[50.0,45.0,45.0],6.45869e-06],
[[50.0,47.0,47.0],1.181408e-05],
[[50.0,49.0,49.0],1.971935e-05],
[[60.0,1.0,1.0],6.677057e-08],
[[60.0,20.0,20.0],1.982898e-08],
[[60.0,30.0,30.0],9.609608e-07],
[[60.0,40.0,40.0],2.439279e-06],
[[60.0,50.0,50.0],7.760733e-06],
[[60.0,55.0,55.0],1.612841e-05],
[[60.0,57.0,57.0],2.143648e-05],
[[60.0,59.0,59.0],3.398403e-05],
[[61.0,52.0,52.0],6.966879e-06],
[[62.0,2.0,2.0],2.557366e-08],
[[62.0,12.0,12.0],6.442787e-08],
[[62.0,22.0,22.0],5.012761e-08],
[[62.0,32.0,32.0],7.900645e-07],
[[62.0,42.0,42.0],2.857008e-06],
[[63.0,62.0,62.0],2.546306e-05],
[[65.0,62.0,62.0],2.04889e-05],
[[67.0,62.0,62.0],2.164025e-05],
[[69.0,62.0,62.0],1.390436e-05],
[[72.0,2.0,2.0],2.303922e-08],
[[72.0,12.0,12.0],6.360915e-08],
[[72.0,22.0,22.0],9.258323e-07],
[[72.0,32.0,32.0],1.090803e-06],
[[72.0,42.0,42.0],2.518056e-06],
[[72.0,52.0,52.0],4.243173e-06],
[[73.0,72.0,72.0],4.240716e-05],
[[75.0,72.0,72.0],3.43316e-05],
[[77.0,72.0,72.0],2.552284e-05],
[[79.0,72.0,72.0],2.115615e-05],
[[82.0,2.0,2.0],2.868538e-08],
[[82.0,12.0,12.0],7.082507e-07],
[[82.0,22.0,22.0],1.290073e-06],
[[82.0,32.0,32.0],2.539999e-06],
[[82.0,42.0,42.0],3.280597e-06],
[[82.0,52.0,52.0],3.996404e-06],
[[82.0,62.0,62.0],7.546928e-06],
[[83.0,82.0,82.0],5.476862e-05],
[[85.0,82.0,82.0],4.654189e-05],
[[87.0,82.0,82.0],3.815288e-05],
[[89.0,82.0,82.0],3.018763e-05],
[[91.0,82.0,82.0],2.759322e-05],
[[92.0,12.0,12.0],1.131635e-06],
[[92.0,22.0,22.0],1.315641e-06],
[[92.0,32.0,32.0],2.722771e-06],
[[92.0,42.0,42.0],4.833921e-06],
[[92.0,52.0,52.0],4.073608e-06],
[[92.0,62.0,62.0],7.408346e-06],
[[92.0,72.0,72.0],1.160566e-05],
[[93.0,92.0,92.0],6.15059e-05],
[[97.0,92.0,92.0],4.803274e-05],
[[99.0,92.0,92.0],3.875104e-05],
[[102.0,22.0,22.0],2.011244e-06],
[[102.0,32.0,32.0],2.263408e-06],
[[102.0,42.0,42.0],4.551871e-06],
[[102.0,52.0,52.0],6.941386e-06],
[[102.0,62.0,62.0],5.8468e-06],
[[102.0,72.0,72.0],1.008941e-05],
[[102.0,82.0,82.0],1.458509e-05],
[[103.0,102.0,102.0],8.32755e-05],
[[107.0,102.0,102.0],6.103475e-05],
[[109.0,102.0,102.0],5.036972e-05],
[[112.0,32.0,32.0],3.051813e-06],
[[112.0,42.0,42.0],4.26774e-06],
[[112.0,52.0,52.0],4.891943e-06],
[[112.0,62.0,62.0],5.70542e-06],
[[112.0,72.0,72.0],8.210358e-06],
[[112.0,82.0,82.0],1.472669e-05],
[[112.0,92.0,92.0],2.42505e-05],
[[122.0,42.0,42.0],4.984432e-06],
[[122.0,52.0,52.0],8.748293e-06],
[[122.0,62.0,62.0],6.645807e-06],
[[122.0,72.0,72.0],9.308242e-06],
[[122.0,82.0,82.0],1.139496e-05],
[[122.0,92.0,92.0],1.526196e-05],
[[122.0,102.0,102.0],2.632695e-05],
[[123.0,122.0,122.0],0.0001161695],
[[127.0,122.0,122.0],0.0001034657],
[[129.0,122.0,122.0],7.670906e-05],
[[132.0,52.0,52.0],5.356426e-06],
[[132.0,62.0,62.0],5.368837e-06],
[[132.0,72.0,72.0],8.80906e-06],
[[132.0,82.0,82.0],1.094654e-05],
[[132.0,92.0,92.0],1.487017e-05],
[[132.0,102.0,102.0],2.013385e-05],
[[142.0,62.0,62.0],5.862653e-06],
[[142.0,72.0,72.0],9.708967e-06],
[[142.0,82.0,82.0],1.259234e-05],
[[142.0,92.0,92.0],1.331713e-05],
[[142.0,102.0,102.0],1.425283e-05],
[[142.0,122.0,122.0],4.285023e-05],
[[143.0,142.0,142.0],0.0001395976],
[[147.0,142.0,142.0],0.0001082047],
[[149.0,142.0,142.0],0.0001068884],
[[151.0,142.0,142.0],8.092286e-05],
[[152.0,72.0,72.0],1.447699e-05],
[[152.0,82.0,82.0],1.02793e-05],
[[152.0,92.0,92.0],1.342288e-05],
[[152.0,102.0,102.0],1.385733e-05],
[[152.0,122.0,122.0],3.080245e-05],
[[162.0,82.0,82.0],9.273055e-06],
[[162.0,92.0,92.0],1.113497e-05],
[[162.0,102.0,102.0],1.750342e-05],
[[162.0,122.0,122.0],2.108682e-05],
[[162.0,142.0,142.0],4.713925e-05],
[[163.0,162.0,162.0],0.000172996],
[[167.0,162.0,162.0],0.000129472],
[[169.0,162.0,162.0],0.0001202102],
[[171.0,162.0,162.0],0.000105051],
[[172.0,92.0,92.0],1.134416e-05],
[[172.0,102.0,102.0],1.53997e-05],
[[172.0,122.0,122.0],3.348015e-05],
[[172.0,142.0,142.0],3.085281e-05],
[[182.0,102.0,102.0],1.88443e-05],
[[182.0,122.0,122.0],1.888429e-05],
[[182.0,142.0,142.0],2.879993e-05],
[[182.0,162.0,162.0],6.337934e-05],
[[183.0,182.0,182.0],0.0001863763],
[[187.0,182.0,182.0],0.0001668387],
[[189.0,182.0,182.0],0.0001302427],
[[191.0,182.0,182.0],0.0001197348],
[[192.0,122.0,122.0],2.093496e-05],
[[192.0,142.0,142.0],3.308644e-05],
[[192.0,162.0,162.0],3.983694e-05],
[[202.0,122.0,122.0],2.167869e-05],
[[202.0,142.0,142.0],2.239641e-05],
[[202.0,162.0,162.0],3.465231e-05],
[[202.0,182.0,182.0],7.290473e-05],
[[203.0,202.0,202.0],0.000208379],
[[207.0,202.0,202.0],0.0001855986],
[[209.0,202.0,202.0],0.0001673846],
[[211.0,202.0,202.0],0.0001450308],
[[212.0,142.0,142.0],2.224097e-05],
[[212.0,162.0,162.0],3.004677e-05],
[[212.0,182.0,182.0],4.372017e-05],
[[222.0,142.0,142.0],2.223052e-05],
[[222.0,162.0,162.0],2.380435e-05],
[[222.0,182.0,182.0],3.93972e-05],
[[222.0,202.0,202.0],8.000758e-05],
[[223.0,222.0,222.0],0.0002265914],
[[227.0,222.0,222.0],0.0002174473],
[[229.0,222.0,222.0],0.000183484],
[[231.0,222.0,222.0],0.0001720833],
[[232.0,162.0,162.0],2.651107e-05],
[[232.0,182.0,182.0],3.106651e-05],
[[232.0,202.0,202.0],5.68455e-05],
[[242.0,162.0,162.0],2.751996e-05],
[[242.0,182.0,182.0],3.096702e-05],
[[242.0,202.0,202.0],4.463929e-05],
[[242.0,222.0,222.0],9.027444e-05],
[[243.0,242.0,242.0],0.0002565156],
[[247.0,242.0,242.0],0.0002270352],
[[249.0,242.0,242.0],0.000204987],
[[251.0,242.0,242.0],0.0001989363],
[[252.0,182.0,182.0],4.405763e-05],
[[252.0,202.0,202.0],3.812045e-05],
[[252.0,222.0,222.0],6.241573e-05],
[[262.0,182.0,182.0],3.191476e-05],
[[262.0,202.0,202.0],3.876954e-05],
[[262.0,222.0,222.0],5.019251e-05],
[[262.0,242.0,242.0],9.34074e-05],
[[263.0,262.0,262.0],0.0002635113],
[[267.0,262.0,262.0],0.0002410325],
[[269.0,262.0,262.0],0.0002300988],
[[272.0,202.0,202.0],3.150627e-05],
[[272.0,222.0,222.0],4.572065e-05],
[[272.0,242.0,242.0],7.204534e-05],
[[282.0,202.0,202.0],3.173421e-05],
[[282.0,222.0,222.0],4.542399e-05],
[[282.0,242.0,242.0],5.617283e-05],
[[282.0,262.0,262.0],0.0001147042],
[[283.0,282.0,282.0],0.0002950371],
[[287.0,282.0,282.0],0.0002631022],
[[289.0,282.0,282.0],0.0002377658],
[[292.0,222.0,222.0],3.630108e-05],
[[292.0,242.0,242.0],4.878597e-05],
[[292.0,262.0,262.0],7.092276e-05],
[[302.0,222.0,222.0],3.162794e-05],
[[302.0,242.0,242.0],4.107881e-05],
[[302.0,262.0,262.0],6.648039e-05],
[[302.0,282.0,282.0],0.0001168365],
[[303.0,302.0,302.0],0.0003242908],
[[307.0,302.0,302.0],0.0002888302],
[[309.0,302.0,302.0],0.0002766057],
[[312.0,242.0,242.0],3.16407e-05],
[[312.0,262.0,262.0],5.753053e-05],
[[312.0,282.0,282.0],8.492883e-05],
[[322.0,242.0,242.0],4.309646e-05],
[[322.0,262.0,262.0],4.660051e-05],
[[322.0,282.0,282.0],7.044034e-05],
[[322.0,302.0,302.0],0.0001363729],
[[323.0,322.0,322.0],0.0003303691],
[[327.0,322.0,322.0],0.0003257755],
[[329.0,322.0,322.0],0.0002987718],
[[332.0,262.0,262.0],3.995655e-05],
[[332.0,282.0,282.0],5.113768e-05],
[[332.0,302.0,302.0],8.256393e-05],
[[342.0,262.0,262.0],4.38515e-05],
[[342.0,282.0,282.0],4.998916e-05],
[[342.0,302.0,302.0],8.571287e-05],
[[342.0,322.0,322.0],0.0001326741],
[[343.0,342.0,342.0],0.0003610759],
[[347.0,342.0,342.0],0.0003331494],
[[349.0,342.0,342.0],0.0003060907],
[[352.0,282.0,282.0],5.125066e-05],
[[352.0,302.0,302.0],5.739597e-05],
[[352.0,322.0,322.0],0.0001012313],
[[362.0,282.0,282.0],4.065602e-05],
[[362.0,302.0,302.0],5.328917e-05],
[[362.0,322.0,322.0],7.201833e-05],
[[362.0,342.0,342.0],0.00013563],
[[363.0,362.0,362.0],0.0003564294],
[[367.0,362.0,362.0],0.000356693],
[[369.0,362.0,362.0],0.0003088452],
[[372.0,302.0,302.0],4.829441e-05],
[[372.0,342.0,342.0],9.706602e-05],
[[382.0,302.0,302.0],4.836971e-05],
[[382.0,322.0,322.0],5.804389e-05],
[[382.0,362.0,362.0],0.0001694776],
[[383.0,382.0,382.0],0.0003956987],
[[387.0,382.0,382.0],0.0003717437],
[[389.0,382.0,382.0],0.0003501779],
[[391.0,382.0,382.0],0.0002955319],
[[392.0,322.0,322.0],5.671819e-05],
[[392.0,342.0,342.0],6.601e-05],
[[392.0,362.0,362.0],9.775835e-05],
[[402.0,322.0,322.0],4.297333e-05],
[[402.0,342.0,342.0],5.026564e-05],
[[402.0,362.0,362.0],8.207517e-05],
[[402.0,382.0,382.0],0.0001572457],
[[403.0,402.0,402.0],0.0004135709],
[[412.0,342.0,342.0],5.189276e-05],
[[412.0,362.0,362.0],6.271728e-05],
[[412.0,382.0,382.0],0.0001101282],
[[413.0,402.0,402.0],0.0003002213],
[[417.0,402.0,402.0],0.0002312736],
[[422.0,342.0,342.0],5.090622e-05],
[[422.0,362.0,362.0],5.87998e-05],
[[422.0,382.0,382.0],9.71931e-05],
[[422.0,402.0,402.0],0.0001853851],
[[432.0,362.0,362.0],4.69194e-05],
[[432.0,382.0,382.0],6.81847e-05],
[[432.0,402.0,402.0],0.0001143062],
[[442.0,362.0,362.0],6.088422e-05],
[[442.0,382.0,382.0],5.32211e-05],
[[452.0,382.0,382.0],5.415898e-05],
[[452.0,402.0,402.0],7.020287e-05],
[[462.0,382.0,382.0],5.679616e-05],
[[462.0,402.0,402.0],5.973848e-05],
[[482.0,402.0,402.0],5.856952e-05],
[[503.0,502.0,502.0],0.0004674993],
[[513.0,502.0,502.0],0.0003333012],
[[517.0,502.0,502.0],0.0002775504],
[[522.0,502.0,502.0],0.0001968229],
[[532.0,502.0,502.0],0.0001307252],
[[552.0,502.0,502.0],7.965806e-05],
[[582.0,502.0,502.0],6.740146e-05],
[[603.0,602.0,602.0],0.0004958841],
[[613.0,602.0,602.0],0.0003550508],
[[617.0,602.0,602.0],0.0002979578],
[[622.0,602.0,602.0],0.0002307627],
[[632.0,602.0,602.0],0.0001534588],
[[652.0,602.0,602.0],9.048244e-05],
[[682.0,602.0,602.0],6.915661e-05],
[[703.0,702.0,702.0],0.0004977989],
[[713.0,702.0,702.0],0.0003929479],
[[717.0,702.0,702.0],0.0003075537],
[[722.0,702.0,702.0],0.0002664808],
[[732.0,702.0,702.0],0.0001795238],
[[752.0,702.0,702.0],9.702898e-05],
[[782.0,702.0,702.0],7.288359e-05],
[[803.0,802.0,802.0],0.0005480568],
[[813.0,802.0,802.0],0.0004192718],
[[817.0,802.0,802.0],0.0003538212],
[[822.0,802.0,802.0],0.0002745821],
[[832.0,802.0,802.0],0.0001749423],
[[852.0,802.0,802.0],0.0001039493],
[[882.0,802.0,802.0],7.806755e-05],
[[903.0,902.0,902.0],0.0005808524],
[[913.0,902.0,902.0],0.0004711547],
[[917.0,902.0,902.0],0.0003641332],
[[922.0,902.0,902.0],0.0002827847],
[[932.0,902.0,902.0],0.0001823391],
[[952.0,902.0,902.0],9.653105e-05],
[[982.0,902.0,902.0],7.627302e-05],
[[1003.0,1002.0,1002.0],0.0005890792],
[[1013.0,1002.0,1002.0],0.0004745998],
[[1017.0,1002.0,1002.0],0.0003824009],
[[1022.0,1002.0,1002.0],0.000283867],
[[1032.0,1002.0,1002.0],0.0001917687],
[[1052.0,1002.0,1002.0],0.0001063064],
[[1082.0,1002.0,1002.0],7.562111e-05],
[[1103.0,1102.0,1102.0],0.0005805847],
[[1113.0,1102.0,1102.0],0.0004852321],
[[1117.0,1102.0,1102.0],0.0003805084],
[[1122.0,1102.0,1102.0],0.0002973877],
[[1132.0,1102.0,1102.0],0.0001796581],
[[1152.0,1102.0,1102.0],9.657095e-05],
[[1182.0,1102.0,1102.0],7.020806e-05],
[[1203.0,1202.0,1202.0],0.0006078049],
[[1213.0,1202.0,1202.0],0.0004911103],
[[1217.0,1202.0,1202.0],0.0003967938],
[[1222.0,1202.0,1202.0],0.0003020647],
[[1232.0,1202.0,1202.0],0.0001824915],
[[1252.0,1202.0,1202.0],0.000110023],
[[1282.0,1202.0,1202.0],7.38917e-05],
[[1303.0,1302.0,1302.0],0.0006241641],
[[1313.0,1302.0,1302.0],0.0005176047],
[[1317.0,1302.0,1302.0],0.0004170363],
[[1322.0,1302.0,1302.0],0.0002898791],
[[1332.0,1302.0,1302.0],0.000199616],
[[1352.0,1302.0,1302.0],0.0001012033],
[[1382.0,1302.0,1302.0],7.837229e-05],
[[1403.0,1402.0,1402.0],0.0006608419],
[[1413.0,1402.0,1402.0],0.0005315413],
[[1417.0,1402.0,1402.0],0.0004021308],
[[1422.0,1402.0,1402.0],0.0002955174],
[[1432.0,1402.0,1402.0],0.0001716357],
[[1452.0,1402.0,1402.0],0.0001239893],
[[1482.0,1402.0,1402.0],7.489963e-05],
[[1503.0,1502.0,1502.0],0.0006301446],
[[1513.0,1502.0,1502.0],0.0005348243],
[[1517.0,1502.0,1502.0],0.0004433617],
[[1522.0,1502.0,1502.0],0.0002839582],
[[1532.0,1502.0,1502.0],0.0002025582],
[[1552.0,1502.0,1502.0],0.0001145713],
[[1582.0,1502.0,1502.0],8.992343e-05],
[[1603.0,1602.0,1602.0],0.0006416715],
[[1613.0,1602.0,1602.0],0.0005033124],
[[1617.0,1602.0,1602.0],0.0004294949],
[[1622.0,1602.0,1602.0],0.000308274],
[[1632.0,1602.0,1602.0],0.000181541],
[[1652.0,1602.0,1602.0],0.0001003641],
[[1682.0,1602.0,1602.0],8.68548e-05],
[[1703.0,1702.0,1702.0],0.0006247436],
[[1713.0,1702.0,1702.0],0.0004852039],
[[1717.0,1702.0,1702.0],0.0004229032],
[[1722.0,1702.0,1702.0],0.0003068307],
[[1732.0,1702.0,1702.0],0.000178531],
[[1752.0,1702.0,1702.0],0.0001314171],
[[1782.0,1702.0,1702.0],8.726113e-05],
[[1803.0,1802.0,1802.0],0.0006755253],
[[1813.0,1802.0,1802.0],0.0006008926],
[[1817.0,1802.0,1802.0],0.0004535232],
[[1822.0,1802.0,1802.0],0.0003459866],
[[1832.0,1802.0,1802.0],0.0001784505],
[[1852.0,1802.0,1802.0],0.000119544],
[[1872.0,1802.0,1802.0],7.741851e-05],
[[1882.0,1802.0,1802.0],7.234191e-05],
[[1903.0,1902.0,1902.0],0.0006575813],
[[1913.0,1902.0,1902.0],0.0005394853],
[[1917.0,1902.0,1902.0],0.0004224418],
[[1922.0,1902.0,1902.0],0.0003020271],
[[1942.0,1902.0,1902.0],0.0001373479],
[[1952.0,1902.0,1902.0],0.0001148945],
[[1982.0,1902.0,1902.0],7.697049e-05],
[[2003.0,2002.0,2002.0],0.0006070307],
[[2013.0,2002.0,2002.0],0.0005466208],
[[2017.0,2002.0,2002.0],0.0004679476],
[[2022.0,2002.0,2002.0],0.0003382542],
[[2032.0,2002.0,2002.0],0.0002000482],
[[2042.0,2002.0,2002.0],0.0001477564],
[[2052.0,2002.0,2002.0],9.070176e-05],
[[2072.0,2002.0,2002.0],6.75847e-05],
[[2082.0,2002.0,2002.0],7.03561e-05]]
