txName: TRV1nunu
constraint: {(PV > Zprime(1)), (Zprime(1) > nu,nu)}
condition: None
conditionDescription: None
figureUrl: None
source: CMS
validated: N/A
axesMap: [{0: 'x'}]
dataMap: {0: (1, 'mass', GeV)}
finalState: ['MET', 'MET']
efficiencyMap: [[[50.0],1.559191e-06],
[[100.0],8.889239e-06],
[[150.0],3.000359e-05],
[[200.0],6.048428e-05],
[[250.0],0.0001007768],
[[300.0],0.0001591195],
[[350.0],0.0002155219],
[[400.0],0.0002587967],
[[450.0],0.0003513899],
[[500.0],0.0004093475],
[[550.0],0.000409087],
[[600.0],0.000521964],
[[650.0],0.0006213338],
[[700.0],0.000643559],
[[750.0],0.0006816784],
[[800.0],0.0008682527],
[[850.0],0.0008599466],
[[900.0],0.0008864067],
[[950.0],0.0008865854],
[[1000.0],0.0009667258],
[[1050.0],0.0009970027],
[[1100.0],0.00101887],
[[1150.0],0.0009672953],
[[1200.0],0.001146036],
[[1250.0],0.001131569],
[[1300.0],0.001182977],
[[1350.0],0.0010877],
[[1400.0],0.001232883],
[[1450.0],0.001213575],
[[1500.0],0.001245279],
[[1550.0],0.001239617],
[[1600.0],0.001292992],
[[1650.0],0.001286894],
[[1700.0],0.001367573],
[[1750.0],0.001237618],
[[1800.0],0.001305935],
[[1850.0],0.001400813],
[[1900.0],0.001253606],
[[1950.0],0.001353778],
[[2000.0],0.001483934],
[[2250.0],0.001434022],
[[2500.0],0.001525219],
[[2750.0],0.001564277],
[[3000.0],0.001713359]]
