txName: TChiWWISRqq
constraint: {(PV > anyBSM(1), anyBSM(3)), (anyBSM(1) > q, q, MET(2)), (anyBSM(3) > q, q, MET(4))}
condition: None
conditionDescription: None
figureUrl: None
source: Recast by MA5
validated: True
axesMap: [{0: 'x', 1: 'y', 2: 'x', 3: 'y'}]
dataMap: {0: (1, 'mass', GeV), 1: (2, 'mass', GeV), 2: (3, 'mass', GeV), 3: (4, 'mass', GeV)}
finalState: ['MET', 'MET']
efficiencyMap: [[[11.0,10.0,11.0,10.0],0.0],
[[13.0,10.0,13.0,10.0],0.0],
[[15.0,10.0,15.0,10.0],0.0],
[[20.0,10.0,20.0,10.0],0.0],
[[21.0,20.0,21.0,20.0],1.707478e-09],
[[23.0,20.0,23.0,20.0],3.470513e-09],
[[25.0,20.0,25.0,20.0],0.0],
[[30.0,10.0,30.0,10.0],0.0],
[[30.0,20.0,30.0,20.0],0.0],
[[31.0,30.0,31.0,30.0],1.672667e-08],
[[33.0,30.0,33.0,30.0],0.0],
[[35.0,30.0,35.0,30.0],8.918793e-09],
[[40.0,20.0,40.0,20.0],0.0],
[[40.0,30.0,40.0,30.0],0.0],
[[41.0,40.0,41.0,40.0],2.658293e-08],
[[43.0,40.0,43.0,40.0],0.0],
[[45.0,40.0,45.0,40.0],0.0],
[[50.0,10.0,50.0,10.0],0.0],
[[50.0,30.0,50.0,30.0],0.0],
[[50.0,40.0,50.0,40.0],0.0],
[[51.0,50.0,51.0,50.0],9.85392e-08],
[[53.0,50.0,53.0,50.0],3.772597e-08],
[[55.0,50.0,55.0,50.0],3.52336e-08],
[[60.0,20.0,60.0,20.0],0.0],
[[60.0,40.0,60.0,40.0],5.789678e-09],
[[60.0,50.0,60.0,50.0],4.352174e-09],
[[61.0,60.0,61.0,60.0],3.209002e-07],
[[63.0,60.0,63.0,60.0],7.405254e-08],
[[65.0,60.0,65.0,60.0],1.718817e-07],
[[70.0,10.0,70.0,10.0],0.0],
[[70.0,30.0,70.0,30.0],2.344568e-09],
[[70.0,50.0,70.0,50.0],1.27508e-08],
[[70.0,60.0,70.0,60.0],1.632368e-08],
[[71.0,70.0,71.0,70.0],7.794277e-07],
[[73.0,70.0,73.0,70.0],9.040191e-07],
[[75.0,70.0,75.0,70.0],1.44311e-07],
[[80.0,20.0,80.0,20.0],0.0],
[[80.0,40.0,80.0,40.0],0.0],
[[80.0,60.0,80.0,60.0],4.147818e-08],
[[80.0,70.0,80.0,70.0],5.799681e-08],
[[81.0,80.0,81.0,80.0],1.449656e-06],
[[83.0,80.0,83.0,80.0],8.880911e-07],
[[85.0,80.0,85.0,80.0],4.080599e-07],
[[90.0,10.0,90.0,10.0],0.0],
[[90.0,30.0,90.0,30.0],5.994638e-08],
[[90.0,50.0,90.0,50.0],3.510697e-09],
[[90.0,70.0,90.0,70.0],2.578951e-08],
[[90.0,80.0,90.0,80.0],1.619911e-07],
[[91.0,90.0,91.0,90.0],1.879175e-06],
[[93.0,90.0,93.0,90.0],2.937838e-06],
[[95.0,90.0,95.0,90.0],9.888825e-07],
[[100.0,20.0,100.0,20.0],0.0],
[[100.0,40.0,100.0,40.0],0.0],
[[100.0,60.0,100.0,60.0],6.722997e-09],
[[100.0,80.0,100.0,80.0],3.341164e-08],
[[100.0,90.0,100.0,90.0],8.024759e-08],
[[101.0,100.0,101.0,100.0],2.031997e-06],
[[103.0,100.0,103.0,100.0],9.624382e-07],
[[103.0,102.0,103.0,102.0],2.435813e-06],
[[105.0,100.0,105.0,100.0],7.003844e-07],
[[105.0,102.0,105.0,102.0],1.377187e-06],
[[107.0,102.0,107.0,102.0],1.010314e-06],
[[110.0,30.0,110.0,30.0],0.0],
[[110.0,50.0,110.0,50.0],4.331407e-09],
[[110.0,70.0,110.0,70.0],1.335148e-08],
[[110.0,90.0,110.0,90.0],5.618631e-08],
[[110.0,100.0,110.0,100.0],3.22397e-07],
[[112.0,102.0,112.0,102.0],3.237669e-07],
[[120.0,40.0,120.0,40.0],3.630126e-08],
[[120.0,60.0,120.0,60.0],8.542382e-09],
[[120.0,80.0,120.0,80.0],4.122771e-08],
[[120.0,100.0,120.0,100.0],2.70575e-07],
[[122.0,102.0,122.0,102.0],2.024016e-07],
[[123.0,122.0,123.0,122.0],2.945974e-06],
[[125.0,122.0,125.0,122.0],2.665164e-06],
[[127.0,122.0,127.0,122.0],1.062039e-06],
[[130.0,50.0,130.0,50.0],0.0],
[[130.0,70.0,130.0,70.0],0.0],
[[130.0,90.0,130.0,90.0],5.499396e-08],
[[132.0,122.0,132.0,122.0],6.701505e-07],
[[140.0,60.0,140.0,60.0],2.442884e-08],
[[140.0,80.0,140.0,80.0],5.203898e-08],
[[140.0,100.0,140.0,100.0],7.054132e-08],
[[142.0,102.0,142.0,102.0],8.66144e-08],
[[142.0,122.0,142.0,122.0],2.391211e-07],
[[143.0,142.0,143.0,142.0],4.630669e-06],
[[145.0,142.0,145.0,142.0],3.517817e-06],
[[147.0,142.0,147.0,142.0],2.301652e-06],
[[150.0,70.0,150.0,70.0],4.182276e-08],
[[150.0,90.0,150.0,90.0],4.138088e-08],
[[152.0,142.0,152.0,142.0],1.050585e-06],
[[160.0,80.0,160.0,80.0],0.0],
[[160.0,100.0,160.0,100.0],1.35114e-07],
[[162.0,102.0,162.0,102.0],1.129372e-07],
[[162.0,122.0,162.0,122.0],1.766432e-07],
[[162.0,142.0,162.0,142.0],3.815197e-07],
[[163.0,162.0,163.0,162.0],6.056138e-06],
[[165.0,162.0,165.0,162.0],5.293412e-06],
[[167.0,162.0,167.0,162.0],3.299676e-06],
[[170.0,90.0,170.0,90.0],5.0252e-08],
[[172.0,162.0,172.0,162.0],1.684563e-06],
[[180.0,100.0,180.0,100.0],1.069182e-07],
[[182.0,102.0,182.0,102.0],1.270031e-07],
[[182.0,122.0,182.0,122.0],1.197685e-07],
[[182.0,142.0,182.0,142.0],4.257636e-07],
[[182.0,162.0,182.0,162.0],1.156752e-06],
[[183.0,182.0,183.0,182.0],8.917759e-06],
[[185.0,182.0,185.0,182.0],8.461941e-06],
[[187.0,182.0,187.0,182.0],6.04739e-06],
[[192.0,182.0,192.0,182.0],3.386235e-06],
[[202.0,122.0,202.0,122.0],1.675962e-07],
[[202.0,142.0,202.0,142.0],3.689746e-07],
[[202.0,162.0,202.0,162.0],6.870187e-07],
[[202.0,182.0,202.0,182.0],1.603579e-06],
[[203.0,202.0,203.0,202.0],1.111147e-05],
[[205.0,202.0,205.0,202.0],9.35568e-06],
[[207.0,202.0,207.0,202.0],8.208906e-06],
[[212.0,202.0,212.0,202.0],4.217936e-06],
[[222.0,142.0,222.0,142.0],3.600749e-07],
[[222.0,162.0,222.0,162.0],4.638016e-07],
[[222.0,182.0,222.0,182.0],1.248006e-06],
[[222.0,202.0,222.0,202.0],2.789536e-06],
[[223.0,222.0,223.0,222.0],1.303928e-05],
[[225.0,222.0,225.0,222.0],1.226804e-05],
[[227.0,222.0,227.0,222.0],1.003482e-05],
[[232.0,222.0,232.0,222.0],6.048094e-06],
[[242.0,162.0,242.0,162.0],3.102902e-07],
[[242.0,182.0,242.0,182.0],9.774155e-07],
[[242.0,202.0,242.0,202.0],1.600992e-06],
[[242.0,222.0,242.0,222.0],3.750271e-06],
[[243.0,242.0,243.0,242.0],1.451065e-05],
[[245.0,242.0,245.0,242.0],1.583187e-05],
[[247.0,242.0,247.0,242.0],1.183327e-05],
[[252.0,242.0,252.0,242.0],8.778105e-06],
[[262.0,182.0,262.0,182.0],1.05238e-06],
[[262.0,202.0,262.0,202.0],9.721977e-07],
[[262.0,222.0,262.0,222.0],2.545797e-06],
[[262.0,242.0,262.0,242.0],4.318063e-06],
[[263.0,262.0,263.0,262.0],1.686289e-05],
[[265.0,262.0,265.0,262.0],1.91272e-05],
[[267.0,262.0,267.0,262.0],1.488062e-05],
[[272.0,262.0,272.0,262.0],1.019414e-05],
[[282.0,202.0,282.0,202.0],1.004548e-06],
[[282.0,222.0,282.0,222.0],1.948183e-06],
[[282.0,242.0,282.0,242.0],2.614231e-06],
[[282.0,262.0,282.0,262.0],5.767566e-06],
[[283.0,282.0,283.0,282.0],2.028479e-05],
[[285.0,282.0,285.0,282.0],2.343041e-05],
[[287.0,282.0,287.0,282.0],1.814805e-05],
[[292.0,282.0,292.0,282.0],1.168952e-05],
[[302.0,222.0,302.0,222.0],1.488165e-06],
[[302.0,242.0,302.0,242.0],2.315558e-06],
[[302.0,262.0,302.0,262.0],4.574503e-06],
[[302.0,282.0,302.0,282.0],7.291105e-06],
[[303.0,302.0,303.0,302.0],2.408874e-05],
[[305.0,302.0,305.0,302.0],2.594941e-05],
[[307.0,302.0,307.0,302.0],2.169909e-05],
[[312.0,302.0,312.0,302.0],1.594011e-05],
[[322.0,242.0,322.0,242.0],1.802755e-06],
[[322.0,262.0,322.0,262.0],3.311366e-06],
[[322.0,282.0,322.0,282.0],4.741816e-06],
[[322.0,302.0,322.0,302.0],9.919809e-06],
[[323.0,322.0,323.0,322.0],2.618652e-05],
[[325.0,322.0,325.0,322.0],2.691526e-05],
[[327.0,322.0,327.0,322.0],2.524471e-05],
[[332.0,322.0,332.0,322.0],2.105374e-05],
[[342.0,262.0,342.0,262.0],4.127512e-06],
[[342.0,282.0,342.0,282.0],2.850761e-06],
[[342.0,302.0,342.0,302.0],7.497384e-06],
[[342.0,322.0,342.0,322.0],1.123417e-05],
[[343.0,342.0,343.0,342.0],3.037967e-05],
[[345.0,342.0,345.0,342.0],2.861729e-05],
[[347.0,342.0,347.0,342.0],3.247138e-05],
[[352.0,342.0,352.0,342.0],2.432202e-05],
[[362.0,282.0,362.0,282.0],3.941249e-06],
[[362.0,302.0,362.0,302.0],4.305544e-06],
[[362.0,322.0,362.0,322.0],6.303353e-06],
[[362.0,342.0,362.0,342.0],1.281121e-05],
[[363.0,362.0,363.0,362.0],3.324586e-05],
[[365.0,362.0,365.0,362.0],3.399559e-05],
[[367.0,362.0,367.0,362.0],3.680552e-05],
[[372.0,362.0,372.0,362.0],2.179293e-05],
[[382.0,302.0,382.0,302.0],4.539201e-06],
[[382.0,322.0,382.0,322.0],5.539781e-06],
[[382.0,342.0,382.0,342.0],9.151854e-06],
[[382.0,362.0,382.0,362.0],1.388848e-05],
[[383.0,382.0,383.0,382.0],3.559619e-05],
[[385.0,382.0,385.0,382.0],3.39392e-05],
[[387.0,382.0,387.0,382.0],3.529476e-05],
[[392.0,382.0,392.0,382.0],2.972547e-05],
[[402.0,322.0,402.0,322.0],4.670191e-06],
[[402.0,342.0,402.0,342.0],6.54604e-06],
[[402.0,362.0,402.0,362.0],1.525225e-05],
[[402.0,382.0,402.0,382.0],1.769963e-05],
[[403.0,402.0,403.0,402.0],4.172002e-05],
[[405.0,402.0,405.0,402.0],3.770552e-05],
[[407.0,402.0,407.0,402.0],3.963425e-05],
[[412.0,402.0,412.0,402.0],3.078972e-05],
[[422.0,342.0,422.0,342.0],5.82857e-06],
[[422.0,362.0,422.0,362.0],7.367797e-06],
[[422.0,382.0,422.0,382.0],1.05297e-05],
[[422.0,402.0,422.0,402.0],2.213105e-05],
[[442.0,362.0,442.0,362.0],7.422096e-06],
[[442.0,382.0,442.0,382.0],8.806036e-06],
[[442.0,402.0,442.0,402.0],1.379266e-05],
[[462.0,382.0,462.0,382.0],9.21494e-06],
[[462.0,402.0,462.0,402.0],1.165153e-05],
[[482.0,402.0,482.0,402.0],1.06589e-05],
[[503.0,502.0,503.0,502.0],5.494674e-05],
[[505.0,502.0,505.0,502.0],5.583013e-05],
[[507.0,502.0,507.0,502.0],5.561196e-05],
[[512.0,502.0,512.0,502.0],4.951918e-05],
[[522.0,502.0,522.0,502.0],3.692111e-05],
[[542.0,502.0,542.0,502.0],2.206054e-05],
[[562.0,502.0,562.0,502.0],1.87561e-05],
[[582.0,502.0,582.0,502.0],1.797923e-05],
[[603.0,602.0,603.0,602.0],7.207735e-05],
[[605.0,602.0,605.0,602.0],7.331142e-05],
[[607.0,602.0,607.0,602.0],7.024537e-05],
[[612.0,602.0,612.0,602.0],6.661899e-05],
[[622.0,602.0,622.0,602.0],5.078439e-05],
[[642.0,602.0,642.0,602.0],3.413181e-05],
[[662.0,602.0,662.0,602.0],2.471409e-05],
[[682.0,602.0,682.0,602.0],2.334616e-05],
[[703.0,702.0,703.0,702.0],8.546793e-05],
[[705.0,702.0,705.0,702.0],8.928507e-05],
[[707.0,702.0,707.0,702.0],8.327733e-05],
[[712.0,702.0,712.0,702.0],8.288383e-05],
[[722.0,702.0,722.0,702.0],6.504531e-05],
[[742.0,702.0,742.0,702.0],4.524301e-05],
[[762.0,702.0,762.0,702.0],3.616617e-05],
[[782.0,702.0,782.0,702.0],3.72125e-05],
[[803.0,802.0,803.0,802.0],9.986763e-05],
[[805.0,802.0,805.0,802.0],9.931496e-05],
[[807.0,802.0,807.0,802.0],0.0001011554],
[[812.0,802.0,812.0,802.0],9.520435e-05],
[[822.0,802.0,822.0,802.0],8.303507e-05],
[[842.0,802.0,842.0,802.0],5.677027e-05],
[[862.0,802.0,862.0,802.0],4.618199e-05],
[[882.0,802.0,882.0,802.0],4.090844e-05],
[[903.0,902.0,903.0,902.0],0.0001121755],
[[905.0,902.0,905.0,902.0],0.0001050564],
[[907.0,902.0,907.0,902.0],0.0001117321],
[[912.0,902.0,912.0,902.0],0.0001030113],
[[922.0,902.0,922.0,902.0],8.818187e-05],
[[942.0,902.0,942.0,902.0],6.769963e-05],
[[962.0,902.0,962.0,902.0],5.77542e-05],
[[982.0,902.0,982.0,902.0],5.626291e-05],
[[1003.0,1002.0,1003.0,1002.0],0.0001293625],
[[1005.0,1002.0,1005.0,1002.0],0.000113677],
[[1007.0,1002.0,1007.0,1002.0],0.0001189735],
[[1012.0,1002.0,1012.0,1002.0],0.0001194466],
[[1022.0,1002.0,1022.0,1002.0],9.813259e-05],
[[1042.0,1002.0,1042.0,1002.0],7.534225e-05],
[[1062.0,1002.0,1062.0,1002.0],6.466349e-05],
[[1082.0,1002.0,1082.0,1002.0],5.909035e-05],
[[1103.0,1102.0,1103.0,1102.0],0.000133161],
[[1105.0,1102.0,1105.0,1102.0],0.0001304541],
[[1107.0,1102.0,1107.0,1102.0],0.0001294695],
[[1112.0,1102.0,1112.0,1102.0],0.000128826],
[[1122.0,1102.0,1122.0,1102.0],0.000112109],
[[1142.0,1102.0,1142.0,1102.0],8.655345e-05],
[[1162.0,1102.0,1162.0,1102.0],7.265129e-05],
[[1182.0,1102.0,1182.0,1102.0],6.257373e-05],
[[1203.0,1202.0,1203.0,1202.0],0.0001387604],
[[1205.0,1202.0,1205.0,1202.0],0.0001387834],
[[1207.0,1202.0,1207.0,1202.0],0.0001399835],
[[1212.0,1202.0,1212.0,1202.0],0.000128773],
[[1222.0,1202.0,1222.0,1202.0],0.0001133333],
[[1242.0,1202.0,1242.0,1202.0],9.020936e-05],
[[1262.0,1202.0,1262.0,1202.0],8.069497e-05],
[[1282.0,1202.0,1282.0,1202.0],7.385413e-05],
[[1303.0,1302.0,1303.0,1302.0],0.0001467386],
[[1305.0,1302.0,1305.0,1302.0],0.0001386133],
[[1307.0,1302.0,1307.0,1302.0],0.0001389677],
[[1312.0,1302.0,1312.0,1302.0],0.0001375735],
[[1322.0,1302.0,1322.0,1302.0],0.0001230045],
[[1342.0,1302.0,1342.0,1302.0],9.193764e-05],
[[1362.0,1302.0,1362.0,1302.0],7.998843e-05],
[[1382.0,1302.0,1382.0,1302.0],7.692343e-05],
[[1403.0,1402.0,1403.0,1402.0],0.0001531124],
[[1405.0,1402.0,1405.0,1402.0],0.0001470041],
[[1407.0,1402.0,1407.0,1402.0],0.0001458608],
[[1412.0,1402.0,1412.0,1402.0],0.0001382658],
[[1422.0,1402.0,1422.0,1402.0],0.0001306209],
[[1442.0,1402.0,1442.0,1402.0],0.0001013883],
[[1462.0,1402.0,1462.0,1402.0],8.735069e-05],
[[1482.0,1402.0,1482.0,1402.0],7.999938e-05],
[[1503.0,1502.0,1503.0,1502.0],0.0001515051],
[[1505.0,1502.0,1505.0,1502.0],0.0001532634],
[[1507.0,1502.0,1507.0,1502.0],0.0001445773],
[[1512.0,1502.0,1512.0,1502.0],0.0001484091],
[[1522.0,1502.0,1522.0,1502.0],0.0001311438],
[[1542.0,1502.0,1542.0,1502.0],0.0001067718],
[[1562.0,1502.0,1562.0,1502.0],9.554503e-05],
[[1582.0,1502.0,1582.0,1502.0],8.491349e-05],
[[1603.0,1602.0,1603.0,1602.0],0.0001498945],
[[1605.0,1602.0,1605.0,1602.0],0.000146406],
[[1607.0,1602.0,1607.0,1602.0],0.0001479387],
[[1612.0,1602.0,1612.0,1602.0],0.000155776],
[[1622.0,1602.0,1622.0,1602.0],0.0001341151],
[[1642.0,1602.0,1642.0,1602.0],0.0001153043],
[[1662.0,1602.0,1662.0,1602.0],9.743947e-05],
[[1682.0,1602.0,1682.0,1602.0],8.845663e-05],
[[1703.0,1702.0,1703.0,1702.0],0.000162644],
[[1705.0,1702.0,1705.0,1702.0],0.0001545132],
[[1707.0,1702.0,1707.0,1702.0],0.0001495086],
[[1712.0,1702.0,1712.0,1702.0],0.0001535286],
[[1722.0,1702.0,1722.0,1702.0],0.0001410471],
[[1742.0,1702.0,1742.0,1702.0],0.0001157051],
[[1762.0,1702.0,1762.0,1702.0],9.614953e-05],
[[1782.0,1702.0,1782.0,1702.0],8.834971e-05],
[[1803.0,1802.0,1803.0,1802.0],0.0001509581],
[[1805.0,1802.0,1805.0,1802.0],0.0001524774],
[[1807.0,1802.0,1807.0,1802.0],0.0001576286],
[[1812.0,1802.0,1812.0,1802.0],0.0001500006],
[[1822.0,1802.0,1822.0,1802.0],0.0001434956],
[[1842.0,1802.0,1842.0,1802.0],0.0001233383],
[[1862.0,1802.0,1862.0,1802.0],0.0001021543],
[[1882.0,1802.0,1882.0,1802.0],9.634114e-05],
[[1903.0,1902.0,1903.0,1902.0],0.0001547926],
[[1905.0,1902.0,1905.0,1902.0],0.000159607],
[[1907.0,1902.0,1907.0,1902.0],0.0001537856],
[[1912.0,1902.0,1912.0,1902.0],0.0001553428],
[[1922.0,1902.0,1922.0,1902.0],0.0001457785],
[[1942.0,1902.0,1942.0,1902.0],0.0001192812],
[[1962.0,1902.0,1962.0,1902.0],0.0001025732],
[[1982.0,1902.0,1982.0,1902.0],9.413418e-05],
[[2003.0,2002.0,2003.0,2002.0],0.0001563977],
[[2005.0,2002.0,2005.0,2002.0],0.0001542988],
[[2007.0,2002.0,2007.0,2002.0],0.0001524017],
[[2012.0,2002.0,2012.0,2002.0],0.0001579741],
[[2022.0,2002.0,2022.0,2002.0],0.0001387924],
[[2042.0,2002.0,2042.0,2002.0],0.0001183952],
[[2062.0,2002.0,2062.0,2002.0],0.0001035893],
[[2082.0,2002.0,2082.0,2002.0],9.607358e-05]]
