txName: TRV1nunu
constraint: {(PV > Zprime(1)), (Zprime(1) > nu,nu)}
condition: None
conditionDescription: None
figureUrl: None
source: CMS
validated: N/A
axesMap: [{0: 'x'}]
dataMap: {0: (1, 'mass', GeV)}
finalState: ['MET', 'MET']
efficiencyMap: [[[50.0],6.630186e-09],
[[100.0],6.999542e-08],
[[150.0],2.573985e-07],
[[200.0],3.648062e-07],
[[250.0],1.368546e-06],
[[300.0],1.730123e-06],
[[350.0],3.344616e-06],
[[400.0],3.81995e-06],
[[450.0],6.125917e-06],
[[500.0],8.370332e-06],
[[550.0],1.177441e-05],
[[600.0],1.409722e-05],
[[650.0],1.97882e-05],
[[700.0],2.44027e-05],
[[750.0],2.417902e-05],
[[800.0],2.84552e-05],
[[850.0],3.970712e-05],
[[900.0],3.871262e-05],
[[950.0],4.400805e-05],
[[1000.0],5.224927e-05],
[[1050.0],5.367248e-05],
[[1100.0],6.370905e-05],
[[1150.0],6.326065e-05],
[[1200.0],6.260961e-05],
[[1250.0],7.270283e-05],
[[1300.0],8.301307e-05],
[[1350.0],9.654318e-05],
[[1400.0],8.655367e-05],
[[1450.0],9.539145e-05],
[[1500.0],9.898086e-05],
[[1550.0],9.399264e-05],
[[1600.0],0.0001113819],
[[1650.0],0.0001133781],
[[1700.0],0.0001253391],
[[1750.0],0.0001228879],
[[1800.0],0.0001213313],
[[1850.0],0.000137598],
[[1900.0],0.0001156006],
[[1950.0],0.0001370359],
[[2000.0],0.0001639715],
[[2250.0],0.0001646182],
[[2500.0],0.0001882014],
[[2750.0],0.0001818567],
[[3000.0],0.0001806322]]
