txName: TChiISR
constraint: {(PV > MET(1), MET(2))}
condition: None
conditionDescription: None
figureUrl: None
source: Recast by MA5
validated: True
axesMap: [{0: 'x', 1: 'y'}]
dataMap: {0: (1, 'mass', GeV), 1: (2, 'mass', GeV)}
finalState: ['MET', 'MET']
efficiencyMap: [[[1.0,10.0],7.648753e-07],
[[1.0,20.0],5.647643e-07],
[[1.0,30.0],1.088156e-06],
[[1.0,40.0],5.551117e-07],
[[1.0,50.0],1.856767e-06],
[[1.0,60.0],4.477623e-07],
[[5.0,10.0],6.822874e-07],
[[7.0,10.0],1.663859e-06],
[[9.0,10.0],8.1332e-07],
[[10.0,1.0],7.648753e-07],
[[10.0,5.0],6.822874e-07],
[[10.0,7.0],1.663859e-06],
[[10.0,9.0],8.1332e-07],
[[10.0,10.0],3.679969e-07],
[[12.0,62.0],7.307427e-07],
[[12.0,72.0],6.459044e-06],
[[12.0,82.0],3.998479e-06],
[[12.0,92.0],5.272278e-06],
[[12.0,102.0],9.530978e-06],
[[12.0,212.0],5.54154e-05],
[[12.0,312.0],0.0001329466],
[[15.0,20.0],6.356667e-07],
[[17.0,20.0],6.776756e-06],
[[19.0,20.0],8.352858e-07],
[[20.0,1.0],5.647643e-07],
[[20.0,15.0],6.356667e-07],
[[20.0,17.0],6.776756e-06],
[[20.0,19.0],8.352858e-07],
[[20.0,20.0],5.819859e-07],
[[20.0,30.0],1.091589e-06],
[[20.0,40.0],4.77393e-07],
[[20.0,50.0],8.77105e-07],
[[20.0,60.0],1.818404e-06],
[[25.0,30.0],6.886502e-07],
[[27.0,30.0],7.837099e-07],
[[29.0,30.0],1.917102e-06],
[[30.0,1.0],1.088156e-06],
[[30.0,20.0],1.091589e-06],
[[30.0,25.0],6.886502e-07],
[[30.0,27.0],7.837099e-07],
[[30.0,29.0],1.917102e-06],
[[30.0,30.0],4.481822e-07],
[[30.0,40.0],1.060473e-06],
[[30.0,50.0],1.166728e-06],
[[30.0,60.0],3.96951e-06],
[[32.0,62.0],4.674472e-06],
[[32.0,72.0],6.610813e-06],
[[32.0,82.0],8.271079e-06],
[[32.0,92.0],2.020077e-05],
[[32.0,102.0],1.668693e-05],
[[32.0,112.0],2.566244e-05],
[[32.0,122.0],2.131813e-05],
[[32.0,232.0],8.77604e-05],
[[32.0,332.0],0.0001884263],
[[35.0,40.0],1.102157e-06],
[[37.0,40.0],7.140994e-07],
[[39.0,40.0],1.302056e-06],
[[40.0,1.0],5.551117e-07],
[[40.0,20.0],4.77393e-07],
[[40.0,30.0],1.060473e-06],
[[40.0,35.0],1.102157e-06],
[[40.0,37.0],7.140994e-07],
[[40.0,39.0],1.302056e-06],
[[40.0,40.0],1.177975e-06],
[[40.0,50.0],2.988055e-06],
[[40.0,60.0],3.932947e-06],
[[45.0,50.0],6.997474e-06],
[[47.0,50.0],4.874658e-06],
[[49.0,50.0],4.286825e-06],
[[50.0,1.0],1.856767e-06],
[[50.0,20.0],8.77105e-07],
[[50.0,30.0],1.166728e-06],
[[50.0,40.0],2.988055e-06],
[[50.0,45.0],6.997474e-06],
[[50.0,47.0],4.874658e-06],
[[50.0,49.0],4.286825e-06],
[[50.0,50.0],4.181182e-06],
[[50.0,60.0],6.83293e-06],
[[52.0,62.0],8.116214e-06],
[[52.0,67.0],9.92825e-06],
[[52.0,72.0],1.278153e-05],
[[52.0,82.0],2.960202e-05],
[[52.0,92.0],2.902695e-05],
[[52.0,102.0],2.176098e-05],
[[52.0,112.0],3.200387e-05],
[[52.0,122.0],3.42615e-05],
[[52.0,132.0],3.731212e-05],
[[52.0,142.0],4.131215e-05],
[[52.0,252.0],0.0001274435],
[[52.0,352.0],0.000201632],
[[55.0,60.0],1.950285e-05],
[[57.0,60.0],1.518827e-05],
[[59.0,60.0],1.840127e-05],
[[60.0,1.0],4.477623e-07],
[[60.0,20.0],1.818404e-06],
[[60.0,30.0],3.96951e-06],
[[60.0,40.0],3.932947e-06],
[[60.0,50.0],6.83293e-06],
[[60.0,55.0],1.950285e-05],
[[60.0,57.0],1.518827e-05],
[[60.0,59.0],1.840127e-05],
[[60.0,60.0],1.072746e-05],
[[62.0,12.0],7.307427e-07],
[[62.0,32.0],4.674472e-06],
[[62.0,52.0],8.116214e-06],
[[67.0,52.0],9.92825e-06],
[[72.0,12.0],6.459044e-06],
[[72.0,32.0],6.610813e-06],
[[72.0,52.0],1.278153e-05],
[[72.0,72.0],1.908605e-05],
[[72.0,75.0],1.781102e-05],
[[72.0,77.0],2.128808e-05],
[[72.0,82.0],2.555813e-05],
[[72.0,87.0],2.855086e-05],
[[72.0,92.0],7.883313e-05],
[[72.0,102.0],2.933874e-05],
[[72.0,112.0],3.929849e-05],
[[72.0,122.0],5.818318e-05],
[[72.0,132.0],4.862715e-05],
[[72.0,142.0],5.067395e-05],
[[72.0,152.0],6.003682e-05],
[[72.0,162.0],6.388549e-05],
[[72.0,272.0],0.0001551064],
[[72.0,372.0],0.0002586884],
[[75.0,72.0],1.781102e-05],
[[77.0,72.0],2.128808e-05],
[[82.0,12.0],3.998479e-06],
[[82.0,32.0],8.271079e-06],
[[82.0,52.0],2.960202e-05],
[[82.0,72.0],2.555813e-05],
[[87.0,72.0],2.855086e-05],
[[92.0,12.0],5.272278e-06],
[[92.0,32.0],2.020077e-05],
[[92.0,52.0],2.902695e-05],
[[92.0,72.0],7.883313e-05],
[[92.0,92.0],3.354823e-05],
[[92.0,95.0],4.552266e-05],
[[92.0,97.0],4.076808e-05],
[[92.0,102.0],4.002263e-05],
[[92.0,107.0],6.308702e-05],
[[92.0,112.0],4.298336e-05],
[[92.0,122.0],4.93696e-05],
[[92.0,132.0],5.223935e-05],
[[92.0,142.0],6.832597e-05],
[[92.0,152.0],0.0001116387],
[[92.0,162.0],8.008379e-05],
[[92.0,172.0],0.0001173464],
[[92.0,182.0],8.61811e-05],
[[92.0,292.0],0.0001829025],
[[92.0,392.0],0.0002487793],
[[95.0,92.0],4.552266e-05],
[[97.0,92.0],4.076808e-05],
[[102.0,12.0],9.530978e-06],
[[102.0,32.0],1.668693e-05],
[[102.0,52.0],2.176098e-05],
[[102.0,72.0],2.933874e-05],
[[102.0,92.0],4.002263e-05],
[[102.0,102.0],7.664692e-05],
[[102.0,105.0],6.656212e-05],
[[102.0,107.0],5.466327e-05],
[[102.0,112.0],8.320714e-05],
[[102.0,117.0],5.117504e-05],
[[102.0,122.0],5.5591e-05],
[[102.0,132.0],6.083276e-05],
[[102.0,142.0],7.269713e-05],
[[102.0,152.0],7.914306e-05],
[[102.0,162.0],9.702536e-05],
[[102.0,172.0],8.451214e-05],
[[102.0,182.0],0.0001026429],
[[102.0,192.0],9.994425e-05],
[[102.0,302.0],0.0002046779],
[[102.0,402.0],0.0002851495],
[[105.0,102.0],6.656212e-05],
[[107.0,92.0],6.308702e-05],
[[107.0,102.0],5.466327e-05],
[[112.0,32.0],2.566244e-05],
[[112.0,52.0],3.200387e-05],
[[112.0,72.0],3.929849e-05],
[[112.0,92.0],4.298336e-05],
[[112.0,102.0],8.320714e-05],
[[117.0,102.0],5.117504e-05],
[[122.0,32.0],2.131813e-05],
[[122.0,52.0],3.42615e-05],
[[122.0,72.0],5.818318e-05],
[[122.0,92.0],4.93696e-05],
[[122.0,102.0],5.5591e-05],
[[132.0,52.0],3.731212e-05],
[[132.0,72.0],4.862715e-05],
[[132.0,92.0],5.223935e-05],
[[132.0,102.0],6.083276e-05],
[[142.0,52.0],4.131215e-05],
[[142.0,72.0],5.067395e-05],
[[142.0,92.0],6.832597e-05],
[[142.0,102.0],7.269713e-05],
[[152.0,72.0],6.003682e-05],
[[152.0,92.0],0.0001116387],
[[152.0,102.0],7.914306e-05],
[[152.0,152.0],0.0001093315],
[[152.0,155.0],0.0001134211],
[[152.0,157.0],0.000104296],
[[152.0,162.0],0.000117578],
[[152.0,167.0],0.0001165021],
[[152.0,172.0],0.0001274557],
[[152.0,182.0],0.000132487],
[[152.0,192.0],0.0001510966],
[[152.0,202.0],0.0001486695],
[[152.0,212.0],0.0001542803],
[[152.0,222.0],0.0001514273],
[[152.0,232.0],0.0001626204],
[[152.0,242.0],0.0001963911],
[[152.0,352.0],0.0002635834],
[[152.0,452.0],0.0003561744],
[[155.0,152.0],0.0001134211],
[[157.0,152.0],0.000104296],
[[162.0,72.0],6.388549e-05],
[[162.0,92.0],8.008379e-05],
[[162.0,102.0],9.702536e-05],
[[162.0,152.0],0.000117578],
[[167.0,152.0],0.0001165021],
[[172.0,92.0],0.0001173464],
[[172.0,102.0],8.451214e-05],
[[172.0,152.0],0.0001274557],
[[182.0,92.0],8.61811e-05],
[[182.0,102.0],0.0001026429],
[[182.0,152.0],0.000132487],
[[192.0,102.0],9.994425e-05],
[[192.0,152.0],0.0001510966],
[[202.0,152.0],0.0001486695],
[[202.0,202.0],0.0001972745],
[[202.0,205.0],0.0002186211],
[[202.0,207.0],0.0002098336],
[[202.0,212.0],0.0002033249],
[[202.0,217.0],0.0001961993],
[[202.0,222.0],0.0002048801],
[[202.0,232.0],0.0002415162],
[[202.0,242.0],0.0002167291],
[[202.0,252.0],0.0002342659],
[[202.0,262.0],0.0002162215],
[[202.0,272.0],0.0002795318],
[[202.0,282.0],0.0002615694],
[[202.0,292.0],0.0002704933],
[[202.0,402.0],0.0003707384],
[[202.0,502.0],0.0004714132],
[[205.0,202.0],0.0002186211],
[[207.0,202.0],0.0002098336],
[[212.0,12.0],5.54154e-05],
[[212.0,152.0],0.0001542803],
[[212.0,202.0],0.0002033249],
[[217.0,202.0],0.0001961993],
[[222.0,152.0],0.0001514273],
[[222.0,202.0],0.0002048801],
[[232.0,32.0],8.77604e-05],
[[232.0,152.0],0.0001626204],
[[232.0,202.0],0.0002415162],
[[242.0,152.0],0.0001963911],
[[242.0,202.0],0.0002167291],
[[252.0,52.0],0.0001274435],
[[252.0,202.0],0.0002342659],
[[252.0,252.0],0.0003146597],
[[252.0,255.0],0.0003046431],
[[252.0,257.0],0.0003227973],
[[252.0,262.0],0.0003092819],
[[252.0,267.0],0.0002910459],
[[252.0,272.0],0.000289371],
[[252.0,282.0],0.0003400109],
[[252.0,292.0],0.0003458421],
[[252.0,302.0],0.0003428709],
[[252.0,312.0],0.0003406687],
[[252.0,322.0],0.0003373336],
[[252.0,332.0],0.0003750125],
[[252.0,342.0],0.0003626067],
[[252.0,452.0],0.0005021831],
[[252.0,552.0],0.0005605141],
[[255.0,252.0],0.0003046431],
[[257.0,252.0],0.0003227973],
[[262.0,202.0],0.0002162215],
[[262.0,252.0],0.0003092819],
[[267.0,252.0],0.0002910459],
[[272.0,72.0],0.0001551064],
[[272.0,202.0],0.0002795318],
[[272.0,252.0],0.000289371],
[[282.0,202.0],0.0002615694],
[[282.0,252.0],0.0003400109],
[[292.0,92.0],0.0001829025],
[[292.0,202.0],0.0002704933],
[[292.0,252.0],0.0003458421],
[[302.0,102.0],0.0002046779],
[[302.0,252.0],0.0003428709],
[[302.0,302.0],0.0003735311],
[[302.0,305.0],0.0004083161],
[[302.0,307.0],0.0003931789],
[[302.0,312.0],0.0003716279],
[[302.0,317.0],0.0004108458],
[[302.0,322.0],0.0003808307],
[[302.0,332.0],0.0004017384],
[[302.0,342.0],0.0003939612],
[[302.0,352.0],0.0004110061],
[[302.0,362.0],0.0004398638],
[[302.0,372.0],0.00042439],
[[302.0,382.0],0.0004601666],
[[302.0,392.0],0.0004732825],
[[302.0,502.0],0.0005676026],
[[302.0,602.0],0.0006455427],
[[305.0,302.0],0.0004083161],
[[307.0,302.0],0.0003931789],
[[312.0,12.0],0.0001329466],
[[312.0,252.0],0.0003406687],
[[312.0,302.0],0.0003716279],
[[317.0,302.0],0.0004108458],
[[322.0,252.0],0.0003373336],
[[322.0,302.0],0.0003808307],
[[332.0,32.0],0.0001884263],
[[332.0,252.0],0.0003750125],
[[332.0,302.0],0.0004017384],
[[342.0,252.0],0.0003626067],
[[342.0,302.0],0.0003939612],
[[352.0,52.0],0.000201632],
[[352.0,152.0],0.0002635834],
[[352.0,302.0],0.0004110061],
[[352.0,352.0],0.0004868471],
[[352.0,355.0],0.0005189594],
[[352.0,357.0],0.0004846401],
[[352.0,362.0],0.0005082665],
[[352.0,367.0],0.000497201],
[[352.0,372.0],0.000518047],
[[352.0,382.0],0.0005574315],
[[352.0,392.0],0.0005146436],
[[352.0,402.0],0.0005179412],
[[352.0,412.0],0.0005588563],
[[352.0,422.0],0.0005269616],
[[352.0,432.0],0.0005540478],
[[352.0,442.0],0.0005876328],
[[352.0,552.0],0.0006402892],
[[352.0,652.0],0.0007415571],
[[355.0,352.0],0.0005189594],
[[357.0,352.0],0.0004846401],
[[362.0,302.0],0.0004398638],
[[362.0,352.0],0.0005082665],
[[367.0,352.0],0.000497201],
[[372.0,72.0],0.0002586884],
[[372.0,302.0],0.00042439],
[[372.0,352.0],0.000518047],
[[382.0,302.0],0.0004601666],
[[382.0,352.0],0.0005574315],
[[392.0,92.0],0.0002487793],
[[392.0,302.0],0.0004732825],
[[392.0,352.0],0.0005146436],
[[402.0,102.0],0.0002851495],
[[402.0,202.0],0.0003707384],
[[402.0,352.0],0.0005179412],
[[402.0,402.0],0.0005449761],
[[402.0,405.0],0.0005685196],
[[402.0,407.0],0.0005955789],
[[402.0,412.0],0.0005798587],
[[402.0,417.0],0.0005751274],
[[402.0,422.0],0.0006072769],
[[402.0,432.0],0.0005896718],
[[402.0,442.0],0.0005840822],
[[402.0,452.0],0.0006399439],
[[402.0,462.0],0.0006458782],
[[402.0,472.0],0.0006339142],
[[402.0,482.0],0.0006138896],
[[402.0,492.0],0.0006463484],
[[402.0,602.0],0.000740426],
[[402.0,702.0],0.0007957843],
[[405.0,402.0],0.0005685196],
[[407.0,402.0],0.0005955789],
[[412.0,352.0],0.0005588563],
[[412.0,402.0],0.0005798587],
[[417.0,402.0],0.0005751274],
[[422.0,352.0],0.0005269616],
[[422.0,402.0],0.0006072769],
[[432.0,352.0],0.0005540478],
[[432.0,402.0],0.0005896718],
[[442.0,352.0],0.0005876328],
[[442.0,402.0],0.0005840822],
[[452.0,152.0],0.0003561744],
[[452.0,252.0],0.0005021831],
[[452.0,402.0],0.0006399439],
[[462.0,402.0],0.0006458782],
[[472.0,402.0],0.0006339142],
[[482.0,402.0],0.0006138896],
[[492.0,402.0],0.0006463484],
[[502.0,202.0],0.0004714132],
[[502.0,302.0],0.0005676026],
[[552.0,252.0],0.0005605141],
[[552.0,352.0],0.0006402892],
[[602.0,302.0],0.0006455427],
[[602.0,402.0],0.000740426],
[[602.0,602.0],0.0008995183],
[[602.0,605.0],0.0008865662],
[[602.0,607.0],0.0009118793],
[[602.0,612.0],0.0008534673],
[[602.0,617.0],0.0008810886],
[[602.0,622.0],0.0008523401],
[[602.0,632.0],0.0008721447],
[[602.0,642.0],0.0009080724],
[[602.0,652.0],0.0009745724],
[[602.0,662.0],0.0009306669],
[[602.0,672.0],0.0009775703],
[[602.0,682.0],0.0009359491],
[[602.0,692.0],0.0009731273],
[[602.0,802.0],0.00101963],
[[602.0,902.0],0.001069511],
[[605.0,602.0],0.0008865662],
[[607.0,602.0],0.0009118793],
[[612.0,602.0],0.0008534673],
[[617.0,602.0],0.0008810886],
[[622.0,602.0],0.0008523401],
[[632.0,602.0],0.0008721447],
[[642.0,602.0],0.0009080724],
[[652.0,352.0],0.0007415571],
[[652.0,602.0],0.0009745724],
[[662.0,602.0],0.0009306669],
[[672.0,602.0],0.0009775703],
[[682.0,602.0],0.0009359491],
[[692.0,602.0],0.0009731273],
[[702.0,402.0],0.0007957843],
[[802.0,602.0],0.00101963],
[[802.0,802.0],0.001119504],
[[802.0,805.0],0.001132958],
[[802.0,807.0],0.001089062],
[[802.0,812.0],0.001141373],
[[802.0,817.0],0.00111353],
[[802.0,822.0],0.001142147],
[[802.0,832.0],0.001176918],
[[802.0,842.0],0.001109142],
[[802.0,852.0],0.001169153],
[[802.0,862.0],0.001157099],
[[802.0,872.0],0.001142417],
[[802.0,882.0],0.001211026],
[[802.0,892.0],0.00117827],
[[802.0,1002.0],0.001212395],
[[802.0,1102.0],0.001258382],
[[805.0,802.0],0.001132958],
[[807.0,802.0],0.001089062],
[[812.0,802.0],0.001141373],
[[817.0,802.0],0.00111353],
[[822.0,802.0],0.001142147],
[[832.0,802.0],0.001176918],
[[842.0,802.0],0.001109142],
[[852.0,802.0],0.001169153],
[[862.0,802.0],0.001157099],
[[872.0,802.0],0.001142417],
[[882.0,802.0],0.001211026],
[[892.0,802.0],0.00117827],
[[902.0,602.0],0.001069511],
[[1002.0,802.0],0.001212395],
[[1002.0,1002.0],0.001317683],
[[1002.0,1005.0],0.001308543],
[[1002.0,1007.0],0.001299384],
[[1002.0,1012.0],0.001294138],
[[1002.0,1017.0],0.001287845],
[[1002.0,1022.0],0.001300719],
[[1002.0,1032.0],0.00134456],
[[1002.0,1042.0],0.001362389],
[[1002.0,1052.0],0.001337613],
[[1002.0,1062.0],0.001348429],
[[1002.0,1072.0],0.001366699],
[[1002.0,1082.0],0.001342014],
[[1002.0,1092.0],0.001345087],
[[1002.0,1202.0],0.001350717],
[[1002.0,1302.0],0.001412124],
[[1005.0,1002.0],0.001308543],
[[1007.0,1002.0],0.001299384],
[[1012.0,1002.0],0.001294138],
[[1017.0,1002.0],0.001287845],
[[1022.0,1002.0],0.001300719],
[[1032.0,1002.0],0.00134456],
[[1042.0,1002.0],0.001362389],
[[1052.0,1002.0],0.001337613],
[[1062.0,1002.0],0.001348429],
[[1072.0,1002.0],0.001366699],
[[1082.0,1002.0],0.001342014],
[[1092.0,1002.0],0.001345087],
[[1102.0,802.0],0.001258382],
[[1202.0,1002.0],0.001350717],
[[1202.0,1202.0],0.001405203],
[[1202.0,1205.0],0.001427792],
[[1202.0,1207.0],0.001416839],
[[1202.0,1212.0],0.001413293],
[[1202.0,1217.0],0.001439827],
[[1202.0,1222.0],0.001458071],
[[1202.0,1232.0],0.001401467],
[[1202.0,1242.0],0.001452494],
[[1202.0,1252.0],0.001451944],
[[1202.0,1262.0],0.001398688],
[[1202.0,1272.0],0.001455021],
[[1202.0,1282.0],0.00142788],
[[1202.0,1292.0],0.001457508],
[[1202.0,1402.0],0.001481471],
[[1202.0,1502.0],0.001478379],
[[1205.0,1202.0],0.001427792],
[[1207.0,1202.0],0.001416839],
[[1212.0,1202.0],0.001413293],
[[1217.0,1202.0],0.001439827],
[[1222.0,1202.0],0.001458071],
[[1232.0,1202.0],0.001401467],
[[1242.0,1202.0],0.001452494],
[[1252.0,1202.0],0.001451944],
[[1262.0,1202.0],0.001398688],
[[1272.0,1202.0],0.001455021],
[[1282.0,1202.0],0.00142788],
[[1292.0,1202.0],0.001457508],
[[1302.0,1002.0],0.001412124],
[[1402.0,1202.0],0.001481471],
[[1402.0,1402.0],0.001561204],
[[1402.0,1405.0],0.001529982],
[[1402.0,1407.0],0.001493129],
[[1402.0,1412.0],0.001484375],
[[1402.0,1417.0],0.001527607],
[[1402.0,1422.0],0.001484435],
[[1402.0,1432.0],0.001514462],
[[1402.0,1442.0],0.001496588],
[[1402.0,1452.0],0.001555486],
[[1402.0,1462.0],0.001535649],
[[1402.0,1472.0],0.001520861],
[[1402.0,1482.0],0.00151412],
[[1402.0,1492.0],0.001473657],
[[1402.0,1602.0],0.001502582],
[[1402.0,1702.0],0.001520637],
[[1405.0,1402.0],0.001529982],
[[1407.0,1402.0],0.001493129],
[[1412.0,1402.0],0.001484375],
[[1417.0,1402.0],0.001527607],
[[1422.0,1402.0],0.001484435],
[[1432.0,1402.0],0.001514462],
[[1442.0,1402.0],0.001496588],
[[1452.0,1402.0],0.001555486],
[[1462.0,1402.0],0.001535649],
[[1472.0,1402.0],0.001520861],
[[1482.0,1402.0],0.00151412],
[[1492.0,1402.0],0.001473657],
[[1502.0,1202.0],0.001478379],
[[1602.0,1402.0],0.001502582],
[[1602.0,1602.0],0.001576086],
[[1602.0,1605.0],0.001544657],
[[1602.0,1607.0],0.001558569],
[[1602.0,1612.0],0.001529164],
[[1602.0,1617.0],0.001535995],
[[1602.0,1622.0],0.00154801],
[[1602.0,1632.0],0.001565334],
[[1602.0,1642.0],0.001529859],
[[1602.0,1652.0],0.001546324],
[[1602.0,1662.0],0.001538995],
[[1602.0,1672.0],0.001566721],
[[1602.0,1682.0],0.001541423],
[[1602.0,1692.0],0.001564756],
[[1602.0,1802.0],0.001521901],
[[1602.0,1902.0],0.001546327],
[[1605.0,1602.0],0.001544657],
[[1607.0,1602.0],0.001558569],
[[1612.0,1602.0],0.001529164],
[[1617.0,1602.0],0.001535995],
[[1622.0,1602.0],0.00154801],
[[1632.0,1602.0],0.001565334],
[[1642.0,1602.0],0.001529859],
[[1652.0,1602.0],0.001546324],
[[1662.0,1602.0],0.001538995],
[[1672.0,1602.0],0.001566721],
[[1682.0,1602.0],0.001541423],
[[1692.0,1602.0],0.001564756],
[[1702.0,1402.0],0.001520637],
[[1802.0,1602.0],0.001521901],
[[1802.0,1802.0],0.001589392],
[[1802.0,1805.0],0.00159436],
[[1802.0,1807.0],0.00154146],
[[1802.0,1812.0],0.00159038],
[[1802.0,1817.0],0.00155462],
[[1802.0,1822.0],0.001552976],
[[1802.0,1832.0],0.00155899],
[[1802.0,1842.0],0.001566475],
[[1802.0,1852.0],0.001551904],
[[1802.0,1862.0],0.001546995],
[[1802.0,1872.0],0.001560026],
[[1802.0,1882.0],0.001500637],
[[1802.0,1892.0],0.001556519],
[[1802.0,2002.0],0.001527593],
[[1802.0,2102.0],0.001539114],
[[1805.0,1802.0],0.00159436],
[[1807.0,1802.0],0.00154146],
[[1812.0,1802.0],0.00159038],
[[1817.0,1802.0],0.00155462],
[[1822.0,1802.0],0.001552976],
[[1832.0,1802.0],0.00155899],
[[1842.0,1802.0],0.001566475],
[[1852.0,1802.0],0.001551904],
[[1862.0,1802.0],0.001546995],
[[1872.0,1802.0],0.001560026],
[[1882.0,1802.0],0.001500637],
[[1892.0,1802.0],0.001556519],
[[1902.0,1602.0],0.001546327],
[[2002.0,1802.0],0.001527593],
[[2002.0,2002.0],0.001538333],
[[2002.0,2005.0],0.001562683],
[[2002.0,2007.0],0.00156288],
[[2002.0,2012.0],0.001543029],
[[2002.0,2017.0],0.001559322],
[[2002.0,2022.0],0.001551218],
[[2002.0,2032.0],0.001521368],
[[2002.0,2042.0],0.001564827],
[[2002.0,2052.0],0.001551907],
[[2002.0,2062.0],0.001577214],
[[2002.0,2072.0],0.001529915],
[[2002.0,2082.0],0.001579818],
[[2002.0,2092.0],0.001586604],
[[2002.0,2202.0],0.001587571],
[[2002.0,2302.0],0.00154928],
[[2005.0,2002.0],0.001562683],
[[2007.0,2002.0],0.00156288],
[[2012.0,2002.0],0.001543029],
[[2017.0,2002.0],0.001559322],
[[2022.0,2002.0],0.001551218],
[[2032.0,2002.0],0.001521368],
[[2042.0,2002.0],0.001564827],
[[2052.0,2002.0],0.001551907],
[[2062.0,2002.0],0.001577214],
[[2072.0,2002.0],0.001529915],
[[2082.0,2002.0],0.001579818],
[[2092.0,2002.0],0.001586604],
[[2102.0,1802.0],0.001539114],
[[2202.0,2002.0],0.001587571],
[[2302.0,2002.0],0.00154928]]
