txName: TRV1
constraint: {(PV > Zprime(1)), (Zprime(1) > MET(2),MET(3))}
condition: None
conditionDescription: None
figureUrl: https://atlas.web.cern.ch/Atlas/GROUPS/PHYSICS/PAPERS/EXOT-2018-06/figaux_06.png
source: CMS
validated: True
axesMap: [{0: 'x', 1: 'y', 2: 'y'}]
dataMap: {0: (1, 'mass', GeV), 1: (2, 'mass', GeV), 2: (3, 'mass', GeV)}
finalState: ['MET', 'MET']
efficiencyMap: [[[100.0,0.0,0.0],6.177351e-07],
[[100.0,50.0,50.0],3.219271e-06],
[[200.0,0.0,0.0],4.953082e-06],
[[200.0,50.0,50.0],5.165952e-06],
[[200.0,100.0,100.0],6.802694e-06],
[[300.0,0.0,0.0],1.525752e-05],
[[300.0,50.0,50.0],1.861794e-05],
[[300.0,100.0,100.0],1.752034e-05],
[[300.0,150.0,150.0],2.357692e-05],
[[400.0,0.0,0.0],3.304445e-05],
[[400.0,50.0,50.0],3.891035e-05],
[[400.0,100.0,100.0],4.428309e-05],
[[400.0,150.0,150.0],3.750755e-05],
[[400.0,200.0,200.0],4.656927e-05],
[[500.0,0.0,0.0],6.651066e-05],
[[500.0,50.0,50.0],6.214027e-05],
[[500.0,100.0,100.0],6.599397e-05],
[[500.0,150.0,150.0],6.726915e-05],
[[500.0,200.0,200.0],6.671391e-05],
[[500.0,250.0,250.0],9.544553e-05],
[[600.0,0.0,0.0],9.866359e-05],
[[600.0,50.0,50.0],0.0001185624],
[[600.0,100.0,100.0],0.0001245035],
[[600.0,150.0,150.0],0.0001128788],
[[600.0,200.0,200.0],0.0001057754],
[[600.0,250.0,250.0],0.0001084707],
[[600.0,300.0,300.0],0.0001264993],
[[700.0,0.0,0.0],0.0001508855],
[[700.0,50.0,50.0],0.0001565625],
[[700.0,100.0,100.0],0.0001583558],
[[700.0,150.0,150.0],0.000164726],
[[700.0,200.0,200.0],0.0001712837],
[[700.0,250.0,250.0],0.0001489713],
[[700.0,300.0,300.0],0.0001671188],
[[700.0,350.0,350.0],0.000177752],
[[800.0,0.0,0.0],0.0001976932],
[[800.0,50.0,50.0],0.0002018729],
[[800.0,100.0,100.0],0.0002044341],
[[800.0,150.0,150.0],0.0001927032],
[[800.0,200.0,200.0],0.0002430652],
[[800.0,250.0,250.0],0.0002250632],
[[800.0,300.0,300.0],0.0002252107],
[[800.0,350.0,350.0],0.000245296],
[[800.0,400.0,400.0],0.0002420212],
[[900.0,0.0,0.0],0.000252046],
[[900.0,50.0,50.0],0.0002514257],
[[900.0,100.0,100.0],0.0002710223],
[[900.0,150.0,150.0],0.0002582449],
[[900.0,200.0,200.0],0.0002587903],
[[900.0,250.0,250.0],0.0002750393],
[[900.0,300.0,300.0],0.000291685],
[[900.0,350.0,350.0],0.0002905761],
[[900.0,400.0,400.0],0.0002756187],
[[900.0,450.0,450.0],0.0003406367],
[[1000.0,0.0,0.0],0.0003321777],
[[1000.0,50.0,50.0],0.0003286775],
[[1000.0,100.0,100.0],0.0003380649],
[[1000.0,150.0,150.0],0.0003289494],
[[1000.0,200.0,200.0],0.0003392308],
[[1000.0,250.0,250.0],0.0003702361],
[[1000.0,300.0,300.0],0.0003413421],
[[1000.0,350.0,350.0],0.0003505125],
[[1000.0,400.0,400.0],0.0003302157],
[[1000.0,450.0,450.0],0.0003880371],
[[1000.0,500.0,500.0],0.0003846013],
[[1100.0,0.0,0.0],0.00038917],
[[1100.0,50.0,50.0],0.0004006308],
[[1100.0,100.0,100.0],0.0003969884],
[[1100.0,150.0,150.0],0.0004130213],
[[1100.0,200.0,200.0],0.0004238678],
[[1100.0,250.0,250.0],0.0004058979],
[[1100.0,300.0,300.0],0.0004029373],
[[1100.0,350.0,350.0],0.0004202344],
[[1100.0,400.0,400.0],0.00040697],
[[1100.0,450.0,450.0],0.0004305673],
[[1100.0,500.0,500.0],0.0004449476],
[[1100.0,550.0,550.0],0.0004699572],
[[1200.0,0.0,0.0],0.0004443897],
[[1200.0,50.0,50.0],0.0004478557],
[[1200.0,100.0,100.0],0.0004495222],
[[1200.0,150.0,150.0],0.0004602508],
[[1200.0,200.0,200.0],0.0004599711],
[[1200.0,250.0,250.0],0.0004626382],
[[1200.0,300.0,300.0],0.0004767288],
[[1200.0,350.0,350.0],0.0004954389],
[[1200.0,400.0,400.0],0.0004807251],
[[1200.0,450.0,450.0],0.0004894921],
[[1200.0,500.0,500.0],0.0005168719],
[[1200.0,550.0,550.0],0.0005138079],
[[1200.0,600.0,600.0],0.0005585419],
[[1300.0,0.0,0.0],0.0004989057],
[[1300.0,50.0,50.0],0.0005004942],
[[1300.0,100.0,100.0],0.0005206142],
[[1300.0,150.0,150.0],0.0005283893],
[[1300.0,200.0,200.0],0.0005093028],
[[1300.0,250.0,250.0],0.0005440486],
[[1300.0,300.0,300.0],0.0005260413],
[[1300.0,350.0,350.0],0.0005338333],
[[1300.0,400.0,400.0],0.0005349598],
[[1300.0,450.0,450.0],0.0005735801],
[[1300.0,500.0,500.0],0.0005542131],
[[1300.0,550.0,550.0],0.0005791393],
[[1300.0,600.0,600.0],0.0005619284],
[[1300.0,650.0,650.0],0.0006150882],
[[1400.0,0.0,0.0],0.0005680495],
[[1400.0,50.0,50.0],0.0005713965],
[[1400.0,100.0,100.0],0.0005865152],
[[1400.0,150.0,150.0],0.0005941135],
[[1400.0,200.0,200.0],0.0005914418],
[[1400.0,250.0,250.0],0.0006197839],
[[1400.0,300.0,300.0],0.0006189698],
[[1400.0,350.0,350.0],0.0006127128],
[[1400.0,400.0,400.0],0.0006328303],
[[1400.0,450.0,450.0],0.0006214056],
[[1400.0,500.0,500.0],0.0006167085],
[[1400.0,550.0,550.0],0.000629378],
[[1400.0,600.0,600.0],0.000639447],
[[1400.0,650.0,650.0],0.0006680644],
[[1400.0,700.0,700.0],0.0007094218],
[[1500.0,0.0,0.0],0.0006403611],
[[1500.0,50.0,50.0],0.0006330169],
[[1500.0,100.0,100.0],0.0006366167],
[[1500.0,150.0,150.0],0.000654062],
[[1500.0,200.0,200.0],0.0006531871],
[[1500.0,250.0,250.0],0.0006804602],
[[1500.0,300.0,300.0],0.0006684892],
[[1500.0,350.0,350.0],0.0006627121],
[[1500.0,400.0,400.0],0.0006890527],
[[1500.0,450.0,450.0],0.0006840697],
[[1500.0,500.0,500.0],0.000691018],
[[1500.0,550.0,550.0],0.0007236814],
[[1500.0,600.0,600.0],0.0007203436],
[[1500.0,650.0,650.0],0.0006712876],
[[1500.0,700.0,700.0],0.0007211767],
[[1500.0,750.0,750.0],0.0007701443],
[[1600.0,0.0,0.0],0.0007152585],
[[1600.0,50.0,50.0],0.0007008165],
[[1600.0,100.0,100.0],0.0007098202],
[[1600.0,150.0,150.0],0.0007050879],
[[1600.0,200.0,200.0],0.0007451945],
[[1600.0,250.0,250.0],0.0007654686],
[[1600.0,300.0,300.0],0.0007379571],
[[1600.0,350.0,350.0],0.0007526179],
[[1600.0,400.0,400.0],0.0007402617],
[[1600.0,450.0,450.0],0.0007734697],
[[1600.0,500.0,500.0],0.0007626241],
[[1600.0,550.0,550.0],0.0007661049],
[[1600.0,600.0,600.0],0.0007620142],
[[1600.0,650.0,650.0],0.0007535015],
[[1600.0,700.0,700.0],0.0007729342],
[[1600.0,750.0,750.0],0.000818237],
[[1600.0,800.0,800.0],0.0008728012],
[[1700.0,0.0,0.0],0.0007492567],
[[1700.0,50.0,50.0],0.0007496412],
[[1700.0,100.0,100.0],0.000757295],
[[1700.0,150.0,150.0],0.0007673593],
[[1700.0,200.0,200.0],0.0008010529],
[[1700.0,250.0,250.0],0.0007930959],
[[1700.0,300.0,300.0],0.0007772779],
[[1700.0,350.0,350.0],0.0008203978],
[[1700.0,400.0,400.0],0.0008219124],
[[1700.0,450.0,450.0],0.0008171442],
[[1700.0,500.0,500.0],0.0008133739],
[[1700.0,550.0,550.0],0.0008066523],
[[1700.0,600.0,600.0],0.0008789892],
[[1700.0,650.0,650.0],0.0008498768],
[[1700.0,700.0,700.0],0.0008428285],
[[1700.0,750.0,750.0],0.0008425367],
[[1700.0,800.0,800.0],0.0008623447],
[[1700.0,850.0,850.0],0.000895894],
[[1800.0,0.0,0.0],0.0007828517],
[[1800.0,50.0,50.0],0.0008127051],
[[1800.0,100.0,100.0],0.0008304758],
[[1800.0,150.0,150.0],0.0008425603],
[[1800.0,200.0,200.0],0.0008495493],
[[1800.0,250.0,250.0],0.0008509674],
[[1800.0,300.0,300.0],0.0008770289],
[[1800.0,350.0,350.0],0.000869441],
[[1800.0,400.0,400.0],0.0008715697],
[[1800.0,450.0,450.0],0.0008575016],
[[1800.0,500.0,500.0],0.0008419217],
[[1800.0,550.0,550.0],0.0008848088],
[[1800.0,600.0,600.0],0.000908412],
[[1800.0,650.0,650.0],0.0008943402],
[[1800.0,700.0,700.0],0.0009143428],
[[1800.0,750.0,750.0],0.0009045854],
[[1800.0,800.0,800.0],0.0009198396],
[[1800.0,850.0,850.0],0.0009139049],
[[1800.0,900.0,900.0],0.0009663049],
[[1900.0,0.0,0.0],0.0008341786],
[[1900.0,50.0,50.0],0.0008811013],
[[1900.0,100.0,100.0],0.0008421404],
[[1900.0,150.0,150.0],0.0008704585],
[[1900.0,200.0,200.0],0.0008775133],
[[1900.0,250.0,250.0],0.0009079171],
[[1900.0,300.0,300.0],0.0008851751],
[[1900.0,350.0,350.0],0.0008892573],
[[1900.0,400.0,400.0],0.0008669281],
[[1900.0,450.0,450.0],0.0009269393],
[[1900.0,500.0,500.0],0.0009256885],
[[1900.0,550.0,550.0],0.0009416939],
[[1900.0,600.0,600.0],0.0009919396],
[[1900.0,650.0,650.0],0.000940032],
[[1900.0,700.0,700.0],0.0009518796],
[[1900.0,750.0,750.0],0.0009719476],
[[1900.0,800.0,800.0],0.0009827133],
[[1900.0,850.0,850.0],0.0009907434],
[[1900.0,900.0,900.0],0.0009732502],
[[1900.0,950.0,950.0],0.001039244],
[[2000.0,0.0,0.0],0.0009080252],
[[2000.0,50.0,50.0],0.0008882879],
[[2000.0,100.0,100.0],0.0008970838],
[[2000.0,150.0,150.0],0.0009027173],
[[2000.0,200.0,200.0],0.000910719],
[[2000.0,250.0,250.0],0.0009513994],
[[2000.0,300.0,300.0],0.0009418322],
[[2000.0,350.0,350.0],0.0009724945],
[[2000.0,400.0,400.0],0.000990813],
[[2000.0,450.0,450.0],0.0009682087],
[[2000.0,500.0,500.0],0.0009790509],
[[2000.0,550.0,550.0],0.0009901823],
[[2000.0,600.0,600.0],0.0009772039],
[[2000.0,650.0,650.0],0.001016349],
[[2000.0,700.0,700.0],0.001017356],
[[2000.0,750.0,750.0],0.0009938601],
[[2000.0,800.0,800.0],0.001022523],
[[2000.0,850.0,850.0],0.001065811],
[[2000.0,900.0,900.0],0.001005046],
[[2000.0,950.0,950.0],0.001047699],
[[2000.0,1000.0,1000.0],0.001044126],
[[2100.0,0.0,0.0],0.0009117596],
[[2100.0,50.0,50.0],0.0009060723],
[[2100.0,100.0,100.0],0.0009678601],
[[2100.0,150.0,150.0],0.0009443632],
[[2100.0,200.0,200.0],0.000956612],
[[2100.0,250.0,250.0],0.001008243],
[[2100.0,300.0,300.0],0.0009966893],
[[2100.0,350.0,350.0],0.001004873],
[[2100.0,400.0,400.0],0.001000341],
[[2100.0,450.0,450.0],0.001027651],
[[2100.0,500.0,500.0],0.001030663],
[[2100.0,550.0,550.0],0.001034417],
[[2100.0,600.0,600.0],0.001036596],
[[2100.0,650.0,650.0],0.001072865],
[[2100.0,700.0,700.0],0.001033548],
[[2100.0,750.0,750.0],0.001092959],
[[2100.0,800.0,800.0],0.001065882],
[[2100.0,850.0,850.0],0.001058345],
[[2100.0,900.0,900.0],0.001076778],
[[2100.0,950.0,950.0],0.001141937],
[[2100.0,1000.0,1000.0],0.001083154],
[[2100.0,1050.0,1050.0],0.001180526],
[[2200.0,0.0,0.0],0.0009631562],
[[2200.0,50.0,50.0],0.0009710505],
[[2200.0,100.0,100.0],0.001023998],
[[2200.0,150.0,150.0],0.001012392],
[[2200.0,200.0,200.0],0.0009981281],
[[2200.0,250.0,250.0],0.001019219],
[[2200.0,300.0,300.0],0.001045622],
[[2200.0,350.0,350.0],0.001052527],
[[2200.0,400.0,400.0],0.001039749],
[[2200.0,450.0,450.0],0.001108365],
[[2200.0,500.0,500.0],0.001069709],
[[2200.0,550.0,550.0],0.001069359],
[[2200.0,600.0,600.0],0.001102794],
[[2200.0,650.0,650.0],0.001105145],
[[2200.0,700.0,700.0],0.001125181],
[[2200.0,750.0,750.0],0.001109755],
[[2200.0,800.0,800.0],0.001155302],
[[2200.0,850.0,850.0],0.001135045],
[[2200.0,900.0,900.0],0.001120402],
[[2200.0,950.0,950.0],0.001137251],
[[2200.0,1000.0,1000.0],0.001133628],
[[2200.0,1050.0,1050.0],0.001144744],
[[2200.0,1100.0,1100.0],0.001193497]]
