txName: TRPVttbj
constraint: {(PV > anyBSM(1), anyBSM(3)), (anyBSM(1) > t,anyBSM(2)), (anyBSM(3) > t,anyBSM(4)), (anyBSM(2) > t,b,jet), (anyBSM(4) > t,b,jet)}
condition: None
conditionDescription: None
figureUrl: https://atlas.web.cern.ch/Atlas/GROUPS/PHYSICS/PAPERS/SUSY-2019-04/figaux_12a.png; https://atlas.web.cern.ch/Atlas/GROUPS/PHYSICS/PAPERS/SUSY-2019-04/figaux_12b.png
source: ATLAS
validated: True
axesMap: [{0: 'x', 1: 'y', 2: 'x', 3: 'y'}]
dataMap: {0: (1, 'mass', GeV), 1: (2, 'mass', GeV), 2: (3, 'mass', GeV), 3: (4, 'mass', GeV)}
finalState: ['MET', 'MET']
upperLimits: [[[650.0,180.0,650.0,180.0],2.714800E+01*fb],
[[770.0,180.0,770.0,180.0],1.525300E+01*fb],
[[770.0,200.0,770.0,200.0],1.026700E+01*fb],
[[770.0,300.0,770.0,300.0],3.280100E+00*fb],
[[770.0,400.0,770.0,400.0],2.621100E+00*fb],
[[770.0,500.0,770.0,500.0],2.252400E+00*fb],
[[870.0,180.0,870.0,180.0],1.336700E+01*fb],
[[870.0,200.0,870.0,200.0],5.962000E+00*fb],
[[870.0,300.0,870.0,300.0],2.876300E+00*fb],
[[870.0,400.0,870.0,400.0],1.957100E+00*fb],
[[870.0,500.0,870.0,500.0],1.605000E+00*fb],
[[870.0,600.0,870.0,600.0],1.575700E+00*fb],
[[970.0,180.0,970.0,180.0],1.128500E+01*fb],
[[970.0,200.0,970.0,200.0],5.820200E+00*fb],
[[970.0,300.0,970.0,300.0],2.285800E+00*fb],
[[970.0,400.0,970.0,400.0],1.585500E+00*fb],
[[970.0,500.0,970.0,500.0],1.383500E+00*fb],
[[970.0,600.0,970.0,600.0],1.419000E+00*fb],
[[970.0,700.0,970.0,700.0],1.477200E+00*fb],
[[1070.0,200.0,1070.0,200.0],6.735100E+00*fb],
[[1070.0,300.0,1070.0,300.0],2.530700E+00*fb],
[[1070.0,400.0,1070.0,400.0],1.655000E+00*fb],
[[1070.0,500.0,1070.0,500.0],1.081100E+00*fb],
[[1070.0,600.0,1070.0,600.0],1.030100E+00*fb],
[[1070.0,700.0,1070.0,700.0],1.021900E+00*fb],
[[1070.0,800.0,1070.0,800.0],1.024600E+00*fb],
[[1170.0,200.0,1170.0,200.0],4.122100E+00*fb],
[[1170.0,300.0,1170.0,300.0],2.125600E+00*fb],
[[1170.0,400.0,1170.0,400.0],1.282000E+00*fb],
[[1170.0,500.0,1170.0,500.0],1.147400E+00*fb],
[[1170.0,600.0,1170.0,600.0],9.544400E-01*fb],
[[1170.0,700.0,1170.0,700.0],8.289600E-01*fb],
[[1170.0,800.0,1170.0,800.0],8.416500E-01*fb],
[[1170.0,900.0,1170.0,900.0],9.715100E-01*fb],
[[1270.0,200.0,1270.0,200.0],5.256400E+00*fb],
[[1270.0,300.0,1270.0,300.0],2.335100E+00*fb],
[[1270.0,400.0,1270.0,400.0],1.389600E+00*fb],
[[1270.0,500.0,1270.0,500.0],8.925100E-01*fb],
[[1270.0,600.0,1270.0,600.0],8.977300E-01*fb],
[[1270.0,700.0,1270.0,700.0],7.444600E-01*fb],
[[1270.0,800.0,1270.0,800.0],7.243500E-01*fb],
[[1270.0,900.0,1270.0,900.0],8.197600E-01*fb],
[[1270.0,1000.0,1270.0,1000.0],9.188600E-01*fb],
[[1370.0,200.0,1370.0,200.0],4.300500E+00*fb],
[[1370.0,300.0,1370.0,300.0],2.440000E+00*fb],
[[1370.0,400.0,1370.0,400.0],1.383700E+00*fb],
[[1370.0,500.0,1370.0,500.0],1.037000E+00*fb],
[[1370.0,600.0,1370.0,600.0],8.372500E-01*fb],
[[1370.0,700.0,1370.0,700.0],5.956600E-01*fb],
[[1370.0,800.0,1370.0,800.0],5.611600E-01*fb],
[[1370.0,900.0,1370.0,900.0],6.521200E-01*fb],
[[1370.0,1000.0,1370.0,1000.0],5.533000E-01*fb],
[[1370.0,1100.0,1370.0,1100.0],9.192700E-01*fb],
[[1500.0,200.0,1500.0,200.0],4.658600E+00*fb],
[[1500.0,300.0,1500.0,300.0],1.855200E+00*fb],
[[1500.0,400.0,1500.0,400.0],1.064600E+00*fb],
[[1500.0,500.0,1500.0,500.0],8.383700E-01*fb],
[[1500.0,600.0,1500.0,600.0],6.467600E-01*fb],
[[1500.0,700.0,1500.0,700.0],6.629200E-01*fb],
[[1500.0,800.0,1500.0,800.0],5.001200E-01*fb],
[[1500.0,900.0,1500.0,900.0],4.635300E-01*fb],
[[1500.0,1000.0,1500.0,1000.0],4.654500E-01*fb],
[[1500.0,1100.0,1500.0,1100.0],4.904000E-01*fb],
[[1500.0,1200.0,1500.0,1200.0],7.933700E-01*fb],
[[1500.0,1320.0,1500.0,1320.0],1.306200E+00*fb]]
expectedUpperLimits: [[[650.0,180.0,650.0,180.0],1.977600E+01*fb],
[[770.0,180.0,770.0,180.0],1.150200E+01*fb],
[[770.0,200.0,770.0,200.0],7.816600E+00*fb],
[[770.0,300.0,770.0,300.0],2.056300E+00*fb],
[[770.0,400.0,770.0,400.0],1.216700E+00*fb],
[[770.0,500.0,770.0,500.0],1.390100E+00*fb],
[[870.0,180.0,870.0,180.0],1.151400E+01*fb],
[[870.0,200.0,870.0,200.0],5.400000E+00*fb],
[[870.0,300.0,870.0,300.0],1.738300E+00*fb],
[[870.0,400.0,870.0,400.0],1.125300E+00*fb],
[[870.0,500.0,870.0,500.0],1.021900E+00*fb],
[[870.0,600.0,870.0,600.0],1.076300E+00*fb],
[[970.0,180.0,970.0,180.0],9.279900E+00*fb],
[[970.0,200.0,970.0,200.0],5.260900E+00*fb],
[[970.0,300.0,970.0,300.0],1.564500E+00*fb],
[[970.0,400.0,970.0,400.0],1.031500E+00*fb],
[[970.0,500.0,970.0,500.0],8.812800E-01*fb],
[[970.0,600.0,970.0,600.0],8.345400E-01*fb],
[[970.0,700.0,970.0,700.0],9.438100E-01*fb],
[[1070.0,200.0,1070.0,200.0],5.291600E+00*fb],
[[1070.0,300.0,1070.0,300.0],1.785000E+00*fb],
[[1070.0,400.0,1070.0,400.0],1.022300E+00*fb],
[[1070.0,500.0,1070.0,500.0],7.412700E-01*fb],
[[1070.0,600.0,1070.0,600.0],7.437600E-01*fb],
[[1070.0,700.0,1070.0,700.0],6.898500E-01*fb],
[[1070.0,800.0,1070.0,800.0],7.301700E-01*fb],
[[1170.0,200.0,1170.0,200.0],4.627600E+00*fb],
[[1170.0,300.0,1170.0,300.0],1.442200E+00*fb],
[[1170.0,400.0,1170.0,400.0],9.441900E-01*fb],
[[1170.0,500.0,1170.0,500.0],7.829200E-01*fb],
[[1170.0,600.0,1170.0,600.0],6.288700E-01*fb],
[[1170.0,700.0,1170.0,700.0],6.044700E-01*fb],
[[1170.0,800.0,1170.0,800.0],5.803400E-01*fb],
[[1170.0,900.0,1170.0,900.0],6.527200E-01*fb],
[[1270.0,200.0,1270.0,200.0],5.330700E+00*fb],
[[1270.0,300.0,1270.0,300.0],1.552700E+00*fb],
[[1270.0,400.0,1270.0,400.0],9.426500E-01*fb],
[[1270.0,500.0,1270.0,500.0],7.236800E-01*fb],
[[1270.0,600.0,1270.0,600.0],5.998500E-01*fb],
[[1270.0,700.0,1270.0,700.0],5.222700E-01*fb],
[[1270.0,800.0,1270.0,800.0],5.009900E-01*fb],
[[1270.0,900.0,1270.0,900.0],5.219400E-01*fb],
[[1270.0,1000.0,1270.0,1000.0],6.375400E-01*fb],
[[1370.0,200.0,1370.0,200.0],4.155000E+00*fb],
[[1370.0,300.0,1370.0,300.0],1.491700E+00*fb],
[[1370.0,400.0,1370.0,400.0],8.985900E-01*fb],
[[1370.0,500.0,1370.0,500.0],6.689500E-01*fb],
[[1370.0,600.0,1370.0,600.0],5.788700E-01*fb],
[[1370.0,700.0,1370.0,700.0],4.867600E-01*fb],
[[1370.0,800.0,1370.0,800.0],4.807000E-01*fb],
[[1370.0,900.0,1370.0,900.0],4.463100E-01*fb],
[[1370.0,1000.0,1370.0,1000.0],4.737600E-01*fb],
[[1370.0,1100.0,1370.0,1100.0],6.120800E-01*fb],
[[1500.0,200.0,1500.0,200.0],4.544000E+00*fb],
[[1500.0,300.0,1500.0,300.0],1.463800E+00*fb],
[[1500.0,400.0,1500.0,400.0],8.839100E-01*fb],
[[1500.0,500.0,1500.0,500.0],6.876800E-01*fb],
[[1500.0,600.0,1500.0,600.0],5.489300E-01*fb],
[[1500.0,700.0,1500.0,700.0],4.667200E-01*fb],
[[1500.0,800.0,1500.0,800.0],4.415700E-01*fb],
[[1500.0,900.0,1500.0,900.0],3.742400E-01*fb],
[[1500.0,1000.0,1500.0,1000.0],3.838100E-01*fb],
[[1500.0,1100.0,1500.0,1100.0],4.118900E-01*fb],
[[1500.0,1200.0,1500.0,1200.0],5.191700E-01*fb],
[[1500.0,1320.0,1500.0,1320.0],8.391300E-01*fb]]
