txName: TRPVtttbj
constraint: {(PV > anyBSM(1), anyBSM(3)), (anyBSM(1) > t,t,anyBSM(2)), (anyBSM(3) > t,t,anyBSM(4)), (anyBSM(2) > t,b,jet), (anyBSM(4) > t,b,jet)}
condition: None
conditionDescription: None
figureUrl: https://atlas.web.cern.ch/Atlas/GROUPS/PHYSICS/PAPERS/SUSY-2019-04/figaux_11a.png; https://atlas.web.cern.ch/Atlas/GROUPS/PHYSICS/PAPERS/SUSY-2019-04/figaux_11b.png
source: ATLAS
validated: True
axesMap: [{0: 'x', 1: 'y', 2: 'x', 3: 'y'}]
dataMap: {0: (1, 'mass', GeV), 1: (2, 'mass', GeV), 2: (3, 'mass', GeV), 3: (4, 'mass', GeV)}
finalState: ['MET', 'MET']
upperLimits: [[[1600.0,180.0,1600.0,180.0],1.071700E+00*fb],
[[1600.0,200.0,1600.0,200.0],6.058900E-01*fb],
[[1600.0,300.0,1600.0,300.0],3.408200E-01*fb],
[[1600.0,500.0,1600.0,500.0],2.188900E-01*fb],
[[1600.0,750.0,1600.0,750.0],2.164700E-01*fb],
[[1600.0,1000.0,1600.0,1000.0],2.600000E-01*fb],
[[1600.0,1240.0,1600.0,1240.0],3.517400E-01*fb],
[[1800.0,180.0,1800.0,180.0],1.061500E+00*fb],
[[1800.0,200.0,1800.0,200.0],5.386400E-01*fb],
[[1800.0,300.0,1800.0,300.0],3.288900E-01*fb],
[[1800.0,500.0,1800.0,500.0],2.213000E-01*fb],
[[1800.0,750.0,1800.0,750.0],1.927000E-01*fb],
[[1800.0,1000.0,1800.0,1000.0],1.954500E-01*fb],
[[1800.0,1200.0,1800.0,1200.0],2.281400E-01*fb],
[[1800.0,1440.0,1800.0,1440.0],3.692000E-01*fb],
[[2000.0,180.0,2000.0,180.0],1.078900E+00*fb],
[[2000.0,200.0,2000.0,200.0],4.586200E-01*fb],
[[2000.0,300.0,2000.0,300.0],3.349900E-01*fb],
[[2000.0,470.0,2000.0,470.0],2.214100E-01*fb],
[[2000.0,700.0,2000.0,700.0],1.784800E-01*fb],
[[2000.0,950.0,2000.0,950.0],1.529800E-01*fb],
[[2000.0,1170.0,2000.0,1170.0],1.808200E-01*fb],
[[2000.0,1400.0,2000.0,1400.0],2.226100E-01*fb],
[[2000.0,1640.0,2000.0,1640.0],3.424800E-01*fb],
[[2200.0,180.0,2200.0,180.0],1.090600E+00*fb],
[[2200.0,200.0,2200.0,200.0],4.701100E-01*fb],
[[2200.0,350.0,2200.0,350.0],2.374800E-01*fb],
[[2200.0,550.0,2200.0,550.0],1.851000E-01*fb],
[[2200.0,800.0,2200.0,800.0],1.545400E-01*fb],
[[2200.0,1050.0,2200.0,1050.0],1.382800E-01*fb],
[[2200.0,1300.0,2200.0,1300.0],1.492400E-01*fb],
[[2200.0,1600.0,2200.0,1600.0],2.403500E-01*fb],
[[2200.0,1840.0,2200.0,1840.0],3.481800E-01*fb],
[[2400.0,200.0,2400.0,200.0],5.437200E-01*fb],
[[2400.0,400.0,2400.0,400.0],2.197200E-01*fb],
[[2400.0,600.0,2400.0,600.0],1.690900E-01*fb],
[[2400.0,900.0,2400.0,900.0],1.448600E-01*fb],
[[2400.0,1200.0,2400.0,1200.0],1.383200E-01*fb],
[[2400.0,1500.0,2400.0,1500.0],1.415600E-01*fb],
[[2400.0,1800.0,2400.0,1800.0],2.188500E-01*fb],
[[2400.0,2040.0,2400.0,2040.0],3.614700E-01*fb],
[[2600.0,200.0,2600.0,200.0],5.256800E-01*fb],
[[2600.0,400.0,2600.0,400.0],2.209900E-01*fb],
[[2600.0,600.0,2600.0,600.0],1.693600E-01*fb],
[[2600.0,900.0,2600.0,900.0],1.456200E-01*fb],
[[2600.0,1200.0,2600.0,1200.0],1.386000E-01*fb],
[[2600.0,1500.0,2600.0,1500.0],1.424000E-01*fb],
[[2600.0,1800.0,2600.0,1800.0],1.579400E-01*fb],
[[2600.0,2140.0,2600.0,2140.0],3.241500E-01*fb]]
expectedUpperLimits: [[[1600.0,180.0,1600.0,180.0],8.294800E-01*fb],
[[1600.0,200.0,1600.0,200.0],3.437900E-01*fb],
[[1600.0,300.0,1600.0,300.0],2.244400E-01*fb],
[[1600.0,500.0,1600.0,500.0],1.446200E-01*fb],
[[1600.0,750.0,1600.0,750.0],1.457900E-01*fb],
[[1600.0,1000.0,1600.0,1000.0],1.698600E-01*fb],
[[1600.0,1240.0,1600.0,1240.0],2.721100E-01*fb],
[[1800.0,180.0,1800.0,180.0],8.141100E-01*fb],
[[1800.0,200.0,1800.0,200.0],3.600700E-01*fb],
[[1800.0,300.0,1800.0,300.0],2.199000E-01*fb],
[[1800.0,500.0,1800.0,500.0],1.479000E-01*fb],
[[1800.0,750.0,1800.0,750.0],1.268700E-01*fb],
[[1800.0,1000.0,1800.0,1000.0],1.301300E-01*fb],
[[1800.0,1200.0,1800.0,1200.0],1.498700E-01*fb],
[[1800.0,1440.0,1800.0,1440.0],2.836800E-01*fb],
[[2000.0,180.0,2000.0,180.0],8.702900E-01*fb],
[[2000.0,200.0,2000.0,200.0],3.691500E-01*fb],
[[2000.0,300.0,2000.0,300.0],2.168800E-01*fb],
[[2000.0,470.0,2000.0,470.0],1.467100E-01*fb],
[[2000.0,700.0,2000.0,700.0],1.197700E-01*fb],
[[2000.0,950.0,2000.0,950.0],1.136400E-01*fb],
[[2000.0,1170.0,2000.0,1170.0],1.203100E-01*fb],
[[2000.0,1400.0,2000.0,1400.0],1.447500E-01*fb],
[[2000.0,1640.0,2000.0,1640.0],2.653400E-01*fb],
[[2200.0,180.0,2200.0,180.0],8.906400E-01*fb],
[[2200.0,200.0,2200.0,200.0],3.705100E-01*fb],
[[2200.0,350.0,2200.0,350.0],1.840600E-01*fb],
[[2200.0,550.0,2200.0,550.0],1.388100E-01*fb],
[[2200.0,800.0,2200.0,800.0],1.129100E-01*fb],
[[2200.0,1050.0,2200.0,1050.0],1.021400E-01*fb],
[[2200.0,1300.0,2200.0,1300.0],1.085200E-01*fb],
[[2200.0,1600.0,2200.0,1600.0],1.532400E-01*fb],
[[2200.0,1840.0,2200.0,1840.0],2.745500E-01*fb],
[[2400.0,200.0,2400.0,200.0],4.277100E-01*fb],
[[2400.0,400.0,2400.0,400.0],1.666800E-01*fb],
[[2400.0,600.0,2400.0,600.0],1.270800E-01*fb],
[[2400.0,900.0,2400.0,900.0],1.046000E-01*fb],
[[2400.0,1200.0,2400.0,1200.0],1.004700E-01*fb],
[[2400.0,1500.0,2400.0,1500.0],1.051100E-01*fb],
[[2400.0,1800.0,2400.0,1800.0],1.414000E-01*fb],
[[2400.0,2040.0,2400.0,2040.0],2.844500E-01*fb],
[[2600.0,200.0,2600.0,200.0],4.220500E-01*fb],
[[2600.0,400.0,2600.0,400.0],1.731400E-01*fb],
[[2600.0,600.0,2600.0,600.0],1.251800E-01*fb],
[[2600.0,900.0,2600.0,900.0],1.080300E-01*fb],
[[2600.0,1200.0,2600.0,1200.0],9.684600E-02*fb],
[[2600.0,1500.0,2600.0,1500.0],1.010000E-01*fb],
[[2600.0,1800.0,2600.0,1800.0],1.162400E-01*fb],
[[2600.0,2140.0,2600.0,2140.0],2.031700E-01*fb]]
