txName: TChiWWISRqq
constraint: {(PV > anyBSM(1), anyBSM(3)), (anyBSM(1) > q, q, MET(2)), (anyBSM(3) > q, q, MET(4))}
condition: None
conditionDescription: None
figureUrl: None
source: Recast by MA5
validated: True
axesMap: [{0: 'x', 1: 'y', 2: 'x', 3: 'y'}]
dataMap: {0: (1, 'mass', GeV), 1: (2, 'mass', GeV), 2: (3, 'mass', GeV), 3: (4, 'mass', GeV)}
finalState: ['MET', 'MET']
intermediateState: None
efficiencyMap: [[[11.0,10.0,11.0,10.0],0.0],
[[13.0,10.0,13.0,10.0],0.0],
[[15.0,10.0,15.0,10.0],0.0],
[[20.0,10.0,20.0,10.0],0.0],
[[21.0,20.0,21.0,20.0],1.046129e-07],
[[23.0,20.0,23.0,20.0],0.0],
[[25.0,20.0,25.0,20.0],0.0],
[[30.0,10.0,30.0,10.0],0.0],
[[30.0,20.0,30.0,20.0],0.0],
[[31.0,30.0,31.0,30.0],1.770909e-08],
[[33.0,30.0,33.0,30.0],2.289983e-09],
[[35.0,30.0,35.0,30.0],0.0],
[[40.0,20.0,40.0,20.0],0.0],
[[40.0,30.0,40.0,30.0],0.0],
[[41.0,40.0,41.0,40.0],8.804167e-08],
[[43.0,40.0,43.0,40.0],2.402342e-09],
[[45.0,40.0,45.0,40.0],0.0],
[[50.0,10.0,50.0,10.0],0.0],
[[50.0,30.0,50.0,30.0],0.0],
[[50.0,40.0,50.0,40.0],2.702077e-09],
[[51.0,50.0,51.0,50.0],2.341375e-07],
[[53.0,50.0,53.0,50.0],2.716567e-08],
[[55.0,50.0,55.0,50.0],5.92522e-08],
[[60.0,20.0,60.0,20.0],0.0],
[[60.0,40.0,60.0,40.0],0.0],
[[60.0,50.0,60.0,50.0],8.70922e-09],
[[61.0,60.0,61.0,60.0],9.718332e-07],
[[63.0,60.0,63.0,60.0],2.982515e-07],
[[65.0,60.0,65.0,60.0],1.315786e-07],
[[70.0,10.0,70.0,10.0],0.0],
[[70.0,30.0,70.0,30.0],4.147489e-09],
[[70.0,50.0,70.0,50.0],7.767348e-09],
[[70.0,60.0,70.0,60.0],3.745783e-08],
[[71.0,70.0,71.0,70.0],7.448817e-07],
[[73.0,70.0,73.0,70.0],3.481848e-07],
[[75.0,70.0,75.0,70.0],1.142573e-07],
[[80.0,20.0,80.0,20.0],0.0],
[[80.0,40.0,80.0,40.0],8.481888e-09],
[[80.0,60.0,80.0,60.0],2.092554e-08],
[[80.0,70.0,80.0,70.0],1.065697e-07],
[[81.0,80.0,81.0,80.0],9.40938e-07],
[[83.0,80.0,83.0,80.0],7.123919e-07],
[[85.0,80.0,85.0,80.0],3.294302e-07],
[[90.0,10.0,90.0,10.0],2.308346e-09],
[[90.0,30.0,90.0,30.0],1.419354e-08],
[[90.0,50.0,90.0,50.0],3.149852e-08],
[[90.0,70.0,90.0,70.0],3.858391e-08],
[[90.0,80.0,90.0,80.0],1.441134e-07],
[[91.0,90.0,91.0,90.0],1.681904e-06],
[[93.0,90.0,93.0,90.0],1.655955e-06],
[[95.0,90.0,95.0,90.0],5.658362e-07],
[[100.0,20.0,100.0,20.0],7.216985e-09],
[[100.0,40.0,100.0,40.0],5.990208e-09],
[[100.0,60.0,100.0,60.0],6.199266e-08],
[[100.0,80.0,100.0,80.0],9.984984e-08],
[[100.0,90.0,100.0,90.0],7.527493e-07],
[[101.0,100.0,101.0,100.0],2.324898e-06],
[[103.0,100.0,103.0,100.0],4.023259e-06],
[[103.0,102.0,103.0,102.0],2.33022e-06],
[[105.0,100.0,105.0,100.0],7.633626e-07],
[[105.0,102.0,105.0,102.0],2.158659e-06],
[[107.0,102.0,107.0,102.0],2.401935e-06],
[[110.0,30.0,110.0,30.0],7.014349e-09],
[[110.0,50.0,110.0,50.0],1.242079e-08],
[[110.0,70.0,110.0,70.0],4.75182e-08],
[[110.0,90.0,110.0,90.0],4.863333e-07],
[[110.0,100.0,110.0,100.0],4.123182e-07],
[[112.0,102.0,112.0,102.0],9.344947e-07],
[[120.0,40.0,120.0,40.0],1.1057e-08],
[[120.0,60.0,120.0,60.0],2.769739e-08],
[[120.0,80.0,120.0,80.0],1.187316e-07],
[[120.0,100.0,120.0,100.0],1.656654e-07],
[[122.0,102.0,122.0,102.0],2.123934e-07],
[[123.0,122.0,123.0,122.0],2.625528e-06],
[[125.0,122.0,125.0,122.0],3.189103e-06],
[[127.0,122.0,127.0,122.0],1.56899e-06],
[[130.0,50.0,130.0,50.0],3.744195e-08],
[[130.0,70.0,130.0,70.0],5.698336e-08],
[[130.0,90.0,130.0,90.0],1.046126e-07],
[[132.0,122.0,132.0,122.0],9.031036e-07],
[[140.0,60.0,140.0,60.0],3.272491e-08],
[[140.0,80.0,140.0,80.0],6.399588e-08],
[[140.0,100.0,140.0,100.0],1.055341e-07],
[[142.0,102.0,142.0,102.0],1.260791e-07],
[[142.0,122.0,142.0,122.0],4.403847e-07],
[[143.0,142.0,143.0,142.0],4.993662e-06],
[[145.0,142.0,145.0,142.0],4.248915e-06],
[[147.0,142.0,147.0,142.0],3.189227e-06],
[[150.0,70.0,150.0,70.0],6.393022e-08],
[[150.0,90.0,150.0,90.0],1.02283e-07],
[[152.0,142.0,152.0,142.0],1.355792e-06],
[[160.0,80.0,160.0,80.0],1.135236e-07],
[[160.0,100.0,160.0,100.0],1.031141e-07],
[[162.0,102.0,162.0,102.0],1.397842e-07],
[[162.0,122.0,162.0,122.0],1.931246e-07],
[[162.0,142.0,162.0,142.0],9.297274e-07],
[[163.0,162.0,163.0,162.0],9.460867e-06],
[[165.0,162.0,165.0,162.0],5.672459e-06],
[[167.0,162.0,167.0,162.0],4.133544e-06],
[[170.0,90.0,170.0,90.0],1.264771e-07],
[[172.0,162.0,172.0,162.0],3.110346e-06],
[[180.0,100.0,180.0,100.0],2.092552e-07],
[[182.0,102.0,182.0,102.0],4.586947e-07],
[[182.0,122.0,182.0,122.0],3.030272e-07],
[[182.0,142.0,182.0,142.0],5.311395e-07],
[[182.0,162.0,182.0,162.0],1.182506e-06],
[[183.0,182.0,183.0,182.0],9.002456e-06],
[[185.0,182.0,185.0,182.0],6.316841e-06],
[[187.0,182.0,187.0,182.0],6.977604e-06],
[[192.0,182.0,192.0,182.0],3.961438e-06],
[[202.0,122.0,202.0,122.0],3.968175e-06],
[[202.0,142.0,202.0,142.0],5.63056e-07],
[[202.0,162.0,202.0,162.0],8.79486e-07],
[[202.0,182.0,202.0,182.0],2.091716e-06],
[[203.0,202.0,203.0,202.0],1.032966e-05],
[[205.0,202.0,205.0,202.0],1.009155e-05],
[[207.0,202.0,207.0,202.0],8.208445e-06],
[[212.0,202.0,212.0,202.0],5.803157e-06],
[[222.0,142.0,222.0,142.0],4.813369e-07],
[[222.0,162.0,222.0,162.0],7.728193e-07],
[[222.0,182.0,222.0,182.0],1.503061e-06],
[[222.0,202.0,222.0,202.0],2.68565e-06],
[[223.0,222.0,223.0,222.0],1.287659e-05],
[[225.0,222.0,225.0,222.0],1.140616e-05],
[[227.0,222.0,227.0,222.0],9.76733e-06],
[[232.0,222.0,232.0,222.0],7.426987e-06],
[[242.0,162.0,242.0,162.0],1.255637e-06],
[[242.0,182.0,242.0,182.0],1.256083e-06],
[[242.0,202.0,242.0,202.0],1.952928e-06],
[[242.0,222.0,242.0,222.0],3.902892e-06],
[[243.0,242.0,243.0,242.0],1.4203e-05],
[[245.0,242.0,245.0,242.0],1.296303e-05],
[[247.0,242.0,247.0,242.0],1.352409e-05],
[[252.0,242.0,252.0,242.0],1.487077e-05],
[[262.0,182.0,262.0,182.0],1.289775e-06],
[[262.0,202.0,262.0,202.0],1.630724e-06],
[[262.0,222.0,262.0,222.0],2.613245e-06],
[[262.0,242.0,262.0,242.0],5.96508e-06],
[[263.0,262.0,263.0,262.0],1.660274e-05],
[[265.0,262.0,265.0,262.0],1.553258e-05],
[[267.0,262.0,267.0,262.0],1.859141e-05],
[[272.0,262.0,272.0,262.0],9.561028e-06],
[[282.0,202.0,282.0,202.0],1.578068e-06],
[[282.0,222.0,282.0,222.0],2.526479e-06],
[[282.0,242.0,282.0,242.0],4.648246e-06],
[[282.0,262.0,282.0,262.0],7.067913e-06],
[[283.0,282.0,283.0,282.0],2.22787e-05],
[[285.0,282.0,285.0,282.0],1.810189e-05],
[[287.0,282.0,287.0,282.0],2.039991e-05],
[[292.0,282.0,292.0,282.0],1.215791e-05],
[[302.0,222.0,302.0,222.0],2.36967e-06],
[[302.0,242.0,302.0,242.0],2.358571e-06],
[[302.0,262.0,302.0,262.0],3.384887e-06],
[[302.0,282.0,302.0,282.0],7.035084e-06],
[[303.0,302.0,303.0,302.0],1.975145e-05],
[[305.0,302.0,305.0,302.0],1.868308e-05],
[[307.0,302.0,307.0,302.0],1.839269e-05],
[[312.0,302.0,312.0,302.0],1.402007e-05],
[[322.0,242.0,322.0,242.0],2.486561e-06],
[[322.0,262.0,322.0,262.0],4.077255e-06],
[[322.0,282.0,322.0,282.0],5.519121e-06],
[[322.0,302.0,322.0,302.0],1.033589e-05],
[[323.0,322.0,323.0,322.0],2.03816e-05],
[[325.0,322.0,325.0,322.0],2.610539e-05],
[[327.0,322.0,327.0,322.0],2.479237e-05],
[[332.0,322.0,332.0,322.0],1.682111e-05],
[[342.0,262.0,342.0,262.0],2.958598e-06],
[[342.0,282.0,342.0,282.0],4.545953e-06],
[[342.0,302.0,342.0,302.0],5.509247e-06],
[[342.0,322.0,342.0,322.0],1.250536e-05],
[[343.0,342.0,343.0,342.0],2.22453e-05],
[[345.0,342.0,345.0,342.0],2.538844e-05],
[[347.0,342.0,347.0,342.0],2.309487e-05],
[[352.0,342.0,352.0,342.0],1.75227e-05],
[[362.0,282.0,362.0,282.0],4.466544e-06],
[[362.0,302.0,362.0,302.0],5.328404e-06],
[[362.0,322.0,362.0,322.0],7.245802e-06],
[[362.0,342.0,362.0,342.0],1.239528e-05],
[[363.0,362.0,363.0,362.0],2.495008e-05],
[[365.0,362.0,365.0,362.0],3.121515e-05],
[[367.0,362.0,367.0,362.0],2.906787e-05],
[[372.0,362.0,372.0,362.0],2.271544e-05],
[[382.0,302.0,382.0,302.0],4.455996e-06],
[[382.0,322.0,382.0,322.0],6.538291e-06],
[[382.0,342.0,382.0,342.0],1.137235e-05],
[[382.0,362.0,382.0,362.0],1.517548e-05],
[[383.0,382.0,383.0,382.0],3.008874e-05],
[[385.0,382.0,385.0,382.0],3.278783e-05],
[[387.0,382.0,387.0,382.0],2.823965e-05],
[[392.0,382.0,392.0,382.0],2.40717e-05],
[[402.0,322.0,402.0,322.0],5.890005e-06],
[[402.0,342.0,402.0,342.0],6.872383e-06],
[[402.0,362.0,402.0,362.0],8.011366e-06],
[[402.0,382.0,402.0,382.0],1.526557e-05],
[[403.0,402.0,403.0,402.0],3.041821e-05],
[[405.0,402.0,405.0,402.0],3.128923e-05],
[[407.0,402.0,407.0,402.0],3.107638e-05],
[[412.0,402.0,412.0,402.0],2.602464e-05],
[[422.0,342.0,422.0,342.0],7.163717e-06],
[[422.0,362.0,422.0,362.0],9.416943e-06],
[[422.0,382.0,422.0,382.0],1.116968e-05],
[[422.0,402.0,422.0,402.0],1.803655e-05],
[[442.0,362.0,442.0,362.0],7.815872e-06],
[[442.0,382.0,442.0,382.0],9.80044e-06],
[[442.0,402.0,442.0,402.0],1.252584e-05],
[[462.0,382.0,462.0,382.0],9.127755e-06],
[[462.0,402.0,462.0,402.0],1.046039e-05],
[[482.0,402.0,482.0,402.0],9.951128e-06],
[[503.0,502.0,503.0,502.0],4.288819e-05],
[[505.0,502.0,505.0,502.0],4.265675e-05],
[[507.0,502.0,507.0,502.0],4.315349e-05],
[[512.0,502.0,512.0,502.0],4.074931e-05],
[[522.0,502.0,522.0,502.0],2.853312e-05],
[[542.0,502.0,542.0,502.0],2.426336e-05],
[[562.0,502.0,562.0,502.0],1.943721e-05],
[[582.0,502.0,582.0,502.0],1.549747e-05],
[[603.0,602.0,603.0,602.0],5.270556e-05],
[[605.0,602.0,605.0,602.0],5.263317e-05],
[[607.0,602.0,607.0,602.0],5.204505e-05],
[[612.0,602.0,612.0,602.0],4.696294e-05],
[[622.0,602.0,622.0,602.0],3.834703e-05],
[[642.0,602.0,642.0,602.0],3.339279e-05],
[[662.0,602.0,662.0,602.0],2.527442e-05],
[[682.0,602.0,682.0,602.0],2.462628e-05],
[[703.0,702.0,703.0,702.0],6.212699e-05],
[[705.0,702.0,705.0,702.0],6.147445e-05],
[[707.0,702.0,707.0,702.0],6.33974e-05],
[[712.0,702.0,712.0,702.0],5.84896e-05],
[[722.0,702.0,722.0,702.0],4.718788e-05],
[[742.0,702.0,742.0,702.0],3.81189e-05],
[[762.0,702.0,762.0,702.0],3.351005e-05],
[[782.0,702.0,782.0,702.0],2.350371e-05],
[[803.0,802.0,803.0,802.0],6.558531e-05],
[[805.0,802.0,805.0,802.0],6.842306e-05],
[[807.0,802.0,807.0,802.0],7.053585e-05],
[[812.0,802.0,812.0,802.0],7.061685e-05],
[[822.0,802.0,822.0,802.0],5.658194e-05],
[[842.0,802.0,842.0,802.0],4.492079e-05],
[[862.0,802.0,862.0,802.0],3.962631e-05],
[[882.0,802.0,882.0,802.0],3.638345e-05],
[[903.0,902.0,903.0,902.0],7.483519e-05],
[[905.0,902.0,905.0,902.0],8.215847e-05],
[[907.0,902.0,907.0,902.0],7.501967e-05],
[[912.0,902.0,912.0,902.0],7.343213e-05],
[[922.0,902.0,922.0,902.0],6.867988e-05],
[[942.0,902.0,942.0,902.0],5.492004e-05],
[[962.0,902.0,962.0,902.0],4.363248e-05],
[[982.0,902.0,982.0,902.0],4.013577e-05],
[[1003.0,1002.0,1003.0,1002.0],8.041955e-05],
[[1005.0,1002.0,1005.0,1002.0],8.11295e-05],
[[1007.0,1002.0,1007.0,1002.0],7.742119e-05],
[[1012.0,1002.0,1012.0,1002.0],7.789704e-05],
[[1022.0,1002.0,1022.0,1002.0],6.916516e-05],
[[1042.0,1002.0,1042.0,1002.0],5.570714e-05],
[[1062.0,1002.0,1062.0,1002.0],5.02663e-05],
[[1082.0,1002.0,1082.0,1002.0],4.369315e-05],
[[1103.0,1102.0,1103.0,1102.0],8.746963e-05],
[[1105.0,1102.0,1105.0,1102.0],8.184448e-05],
[[1107.0,1102.0,1107.0,1102.0],8.455753e-05],
[[1112.0,1102.0,1112.0,1102.0],8.353049e-05],
[[1122.0,1102.0,1122.0,1102.0],7.573638e-05],
[[1142.0,1102.0,1142.0,1102.0],5.98909e-05],
[[1162.0,1102.0,1162.0,1102.0],5.569789e-05],
[[1182.0,1102.0,1182.0,1102.0],5.263387e-05],
[[1203.0,1202.0,1203.0,1202.0],8.760109e-05],
[[1205.0,1202.0,1205.0,1202.0],8.799786e-05],
[[1207.0,1202.0,1207.0,1202.0],9.104794e-05],
[[1212.0,1202.0,1212.0,1202.0],8.738689e-05],
[[1222.0,1202.0,1222.0,1202.0],7.938298e-05],
[[1242.0,1202.0,1242.0,1202.0],6.506337e-05],
[[1262.0,1202.0,1262.0,1202.0],5.644869e-05],
[[1282.0,1202.0,1282.0,1202.0],5.33234e-05],
[[1303.0,1302.0,1303.0,1302.0],9.230438e-05],
[[1305.0,1302.0,1305.0,1302.0],8.789812e-05],
[[1307.0,1302.0,1307.0,1302.0],9.035482e-05],
[[1312.0,1302.0,1312.0,1302.0],8.86955e-05],
[[1322.0,1302.0,1322.0,1302.0],8.071901e-05],
[[1342.0,1302.0,1342.0,1302.0],7.300932e-05],
[[1362.0,1302.0,1362.0,1302.0],5.812305e-05],
[[1382.0,1302.0,1382.0,1302.0],5.543796e-05],
[[1403.0,1402.0,1403.0,1402.0],9.367944e-05],
[[1405.0,1402.0,1405.0,1402.0],9.064288e-05],
[[1407.0,1402.0,1407.0,1402.0],9.603529e-05],
[[1412.0,1402.0,1412.0,1402.0],9.550018e-05],
[[1422.0,1402.0,1422.0,1402.0],9.009555e-05],
[[1442.0,1402.0,1442.0,1402.0],7.097624e-05],
[[1462.0,1402.0,1462.0,1402.0],6.045615e-05],
[[1482.0,1402.0,1482.0,1402.0],6.103353e-05],
[[1503.0,1502.0,1503.0,1502.0],0.0001013508],
[[1505.0,1502.0,1505.0,1502.0],9.689509e-05],
[[1507.0,1502.0,1507.0,1502.0],9.434991e-05],
[[1512.0,1502.0,1512.0,1502.0],9.780855e-05],
[[1522.0,1502.0,1522.0,1502.0],8.712451e-05],
[[1542.0,1502.0,1542.0,1502.0],7.993813e-05],
[[1562.0,1502.0,1562.0,1502.0],6.725118e-05],
[[1582.0,1502.0,1582.0,1502.0],6.16456e-05],
[[1603.0,1602.0,1603.0,1602.0],9.890385e-05],
[[1605.0,1602.0,1605.0,1602.0],9.970011e-05],
[[1607.0,1602.0,1607.0,1602.0],9.562374e-05],
[[1612.0,1602.0,1612.0,1602.0],9.735986e-05],
[[1622.0,1602.0,1622.0,1602.0],9.245316e-05],
[[1642.0,1602.0,1642.0,1602.0],7.338098e-05],
[[1662.0,1602.0,1662.0,1602.0],6.339836e-05],
[[1682.0,1602.0,1682.0,1602.0],6.50919e-05],
[[1703.0,1702.0,1703.0,1702.0],0.0001034358],
[[1705.0,1702.0,1705.0,1702.0],0.0001046203],
[[1707.0,1702.0,1707.0,1702.0],9.738467e-05],
[[1712.0,1702.0,1712.0,1702.0],9.791006e-05],
[[1722.0,1702.0,1722.0,1702.0],9.215916e-05],
[[1742.0,1702.0,1742.0,1702.0],7.304365e-05],
[[1762.0,1702.0,1762.0,1702.0],6.860724e-05],
[[1782.0,1702.0,1782.0,1702.0],6.219456e-05],
[[1803.0,1802.0,1803.0,1802.0],0.0001012988],
[[1805.0,1802.0,1805.0,1802.0],0.0001018463],
[[1807.0,1802.0,1807.0,1802.0],9.847444e-05],
[[1812.0,1802.0,1812.0,1802.0],9.857795e-05],
[[1822.0,1802.0,1822.0,1802.0],9.007591e-05],
[[1842.0,1802.0,1842.0,1802.0],7.882082e-05],
[[1862.0,1802.0,1862.0,1802.0],6.97087e-05],
[[1882.0,1802.0,1882.0,1802.0],6.890138e-05],
[[1903.0,1902.0,1903.0,1902.0],0.0001010526],
[[1905.0,1902.0,1905.0,1902.0],0.0001056882],
[[1907.0,1902.0,1907.0,1902.0],9.765482e-05],
[[1912.0,1902.0,1912.0,1902.0],9.617825e-05],
[[1922.0,1902.0,1922.0,1902.0],9.670287e-05],
[[1942.0,1902.0,1942.0,1902.0],8.025087e-05],
[[1962.0,1902.0,1962.0,1902.0],7.760717e-05],
[[1982.0,1902.0,1982.0,1902.0],6.394684e-05],
[[2003.0,2002.0,2003.0,2002.0],9.496745e-05],
[[2005.0,2002.0,2005.0,2002.0],9.68863e-05],
[[2007.0,2002.0,2007.0,2002.0],9.859254e-05],
[[2012.0,2002.0,2012.0,2002.0],9.835373e-05],
[[2022.0,2002.0,2022.0,2002.0],9.764014e-05],
[[2042.0,2002.0,2042.0,2002.0],8.249131e-05],
[[2062.0,2002.0,2062.0,2002.0],7.272558e-05],
[[2082.0,2002.0,2082.0,2002.0],7.027642e-05]]
