txName: TChiISR
constraint: {(PV > MET(1), MET(2))}
condition: None
conditionDescription: None
figureUrl: None
source: Recast by MA5
validated: True
axesMap: [{0: 'x', 1: 'y'}]
dataMap: {0: (1, 'mass', GeV), 1: (2, 'mass', GeV)}
finalState: ['MET', 'MET']
intermediateState: None
efficiencyMap: [[[1.0,10.0],7.448506e-08],
[[1.0,20.0],1.481565e-07],
[[1.0,30.0],1.896723e-08],
[[1.0,40.0],4.18393e-08],
[[1.0,50.0],1.368277e-07],
[[1.0,60.0],5.530244e-08],
[[5.0,10.0],3.109743e-08],
[[7.0,10.0],2.544891e-08],
[[9.0,10.0],7.084963e-08],
[[10.0,1.0],7.448506e-08],
[[10.0,5.0],3.109743e-08],
[[10.0,7.0],2.544891e-08],
[[10.0,9.0],7.084963e-08],
[[10.0,10.0],6.408345e-08],
[[12.0,62.0],9.183982e-08],
[[12.0,72.0],1.037813e-07],
[[12.0,82.0],3.753337e-07],
[[12.0,92.0],9.56712e-07],
[[12.0,102.0],1.578423e-06],
[[12.0,212.0],4.969907e-06],
[[12.0,312.0],9.933164e-06],
[[15.0,20.0],4.081814e-08],
[[17.0,20.0],3.965852e-08],
[[19.0,20.0],1.704362e-07],
[[20.0,1.0],1.481565e-07],
[[20.0,15.0],4.081814e-08],
[[20.0,17.0],3.965852e-08],
[[20.0,19.0],1.704362e-07],
[[20.0,20.0],5.957762e-08],
[[20.0,30.0],1.653839e-06],
[[20.0,40.0],6.737068e-08],
[[20.0,50.0],3.163795e-08],
[[20.0,60.0],5.353235e-08],
[[25.0,30.0],3.997442e-08],
[[27.0,30.0],4.434644e-08],
[[29.0,30.0],7.293623e-08],
[[30.0,1.0],1.896723e-08],
[[30.0,20.0],1.653839e-06],
[[30.0,25.0],3.997442e-08],
[[30.0,27.0],4.434644e-08],
[[30.0,29.0],7.293623e-08],
[[30.0,30.0],4.562787e-08],
[[30.0,40.0],3.798e-08],
[[30.0,50.0],5.354387e-08],
[[30.0,60.0],2.98566e-07],
[[32.0,62.0],5.397889e-07],
[[32.0,72.0],5.70973e-07],
[[32.0,82.0],7.434221e-07],
[[32.0,92.0],1.076885e-06],
[[32.0,102.0],1.617909e-06],
[[32.0,112.0],1.284759e-06],
[[32.0,122.0],2.187609e-06],
[[32.0,232.0],9.706364e-06],
[[32.0,332.0],1.25922e-05],
[[35.0,40.0],1.749661e-07],
[[37.0,40.0],4.318385e-08],
[[39.0,40.0],3.710888e-08],
[[40.0,1.0],4.18393e-08],
[[40.0,20.0],6.737068e-08],
[[40.0,30.0],3.798e-08],
[[40.0,35.0],1.749661e-07],
[[40.0,37.0],4.318385e-08],
[[40.0,39.0],3.710888e-08],
[[40.0,40.0],1.038231e-07],
[[40.0,50.0],1.129944e-07],
[[40.0,60.0],4.700927e-07],
[[45.0,50.0],5.327513e-07],
[[47.0,50.0],2.993248e-07],
[[49.0,50.0],5.529348e-07],
[[50.0,1.0],1.368277e-07],
[[50.0,20.0],3.163795e-08],
[[50.0,30.0],5.354387e-08],
[[50.0,40.0],1.129944e-07],
[[50.0,45.0],5.327513e-07],
[[50.0,47.0],2.993248e-07],
[[50.0,49.0],5.529348e-07],
[[50.0,50.0],4.425387e-07],
[[50.0,60.0],1.500595e-06],
[[52.0,62.0],9.616014e-07],
[[52.0,67.0],6.533163e-07],
[[52.0,72.0],1.175162e-06],
[[52.0,82.0],1.23707e-06],
[[52.0,92.0],2.099001e-06],
[[52.0,102.0],1.697217e-06],
[[52.0,112.0],7.302012e-06],
[[52.0,122.0],3.992502e-06],
[[52.0,132.0],3.131561e-06],
[[52.0,142.0],3.406327e-06],
[[52.0,252.0],8.562676e-06],
[[52.0,352.0],1.573414e-05],
[[55.0,60.0],7.625995e-07],
[[57.0,60.0],6.215505e-07],
[[59.0,60.0],9.317721e-07],
[[60.0,1.0],5.530244e-08],
[[60.0,20.0],5.353235e-08],
[[60.0,30.0],2.98566e-07],
[[60.0,40.0],4.700927e-07],
[[60.0,50.0],1.500595e-06],
[[60.0,55.0],7.625995e-07],
[[60.0,57.0],6.215505e-07],
[[60.0,59.0],9.317721e-07],
[[60.0,60.0],9.915637e-07],
[[62.0,12.0],9.183982e-08],
[[62.0,32.0],5.397889e-07],
[[62.0,52.0],9.616014e-07],
[[67.0,52.0],6.533163e-07],
[[72.0,12.0],1.037813e-07],
[[72.0,32.0],5.70973e-07],
[[72.0,52.0],1.175162e-06],
[[72.0,72.0],2.181042e-06],
[[72.0,75.0],1.54783e-06],
[[72.0,77.0],1.52357e-06],
[[72.0,82.0],1.58281e-06],
[[72.0,87.0],2.140242e-06],
[[72.0,92.0],2.187468e-06],
[[72.0,102.0],3.462898e-06],
[[72.0,112.0],2.562401e-06],
[[72.0,122.0],5.347222e-06],
[[72.0,132.0],4.249596e-06],
[[72.0,142.0],3.935125e-06],
[[72.0,152.0],4.744852e-06],
[[72.0,162.0],6.064571e-06],
[[72.0,272.0],1.116715e-05],
[[72.0,372.0],1.892446e-05],
[[75.0,72.0],1.54783e-06],
[[77.0,72.0],1.52357e-06],
[[82.0,12.0],3.753337e-07],
[[82.0,32.0],7.434221e-07],
[[82.0,52.0],1.23707e-06],
[[82.0,72.0],1.58281e-06],
[[87.0,72.0],2.140242e-06],
[[92.0,12.0],9.56712e-07],
[[92.0,32.0],1.076885e-06],
[[92.0,52.0],2.099001e-06],
[[92.0,72.0],2.187468e-06],
[[92.0,92.0],3.906617e-06],
[[92.0,95.0],5.447482e-06],
[[92.0,97.0],2.837706e-06],
[[92.0,102.0],3.102518e-06],
[[92.0,107.0],3.342634e-06],
[[92.0,112.0],4.212354e-06],
[[92.0,122.0],4.121098e-06],
[[92.0,132.0],5.87093e-06],
[[92.0,142.0],8.269452e-06],
[[92.0,152.0],5.136571e-06],
[[92.0,162.0],5.785457e-06],
[[92.0,172.0],6.483713e-06],
[[92.0,182.0],6.492569e-06],
[[92.0,292.0],1.315145e-05],
[[92.0,392.0],2.026578e-05],
[[95.0,92.0],5.447482e-06],
[[97.0,92.0],2.837706e-06],
[[102.0,12.0],1.578423e-06],
[[102.0,32.0],1.617909e-06],
[[102.0,52.0],1.697217e-06],
[[102.0,72.0],3.462898e-06],
[[102.0,92.0],3.102518e-06],
[[102.0,102.0],3.541699e-06],
[[102.0,105.0],5.436519e-06],
[[102.0,107.0],3.828848e-06],
[[102.0,112.0],4.170992e-06],
[[102.0,117.0],3.833607e-06],
[[102.0,122.0],4.309841e-06],
[[102.0,132.0],8.49182e-06],
[[102.0,142.0],5.384474e-06],
[[102.0,152.0],9.166818e-06],
[[102.0,162.0],8.128937e-06],
[[102.0,172.0],9.706941e-06],
[[102.0,182.0],7.988251e-06],
[[102.0,192.0],9.736739e-06],
[[102.0,302.0],1.52895e-05],
[[102.0,402.0],2.407028e-05],
[[105.0,102.0],5.436519e-06],
[[107.0,92.0],3.342634e-06],
[[107.0,102.0],3.828848e-06],
[[112.0,32.0],1.284759e-06],
[[112.0,52.0],7.302012e-06],
[[112.0,72.0],2.562401e-06],
[[112.0,92.0],4.212354e-06],
[[112.0,102.0],4.170992e-06],
[[117.0,102.0],3.833607e-06],
[[122.0,32.0],2.187609e-06],
[[122.0,52.0],3.992502e-06],
[[122.0,72.0],5.347222e-06],
[[122.0,92.0],4.121098e-06],
[[122.0,102.0],4.309841e-06],
[[132.0,52.0],3.131561e-06],
[[132.0,72.0],4.249596e-06],
[[132.0,92.0],5.87093e-06],
[[132.0,102.0],8.49182e-06],
[[142.0,52.0],3.406327e-06],
[[142.0,72.0],3.935125e-06],
[[142.0,92.0],8.269452e-06],
[[142.0,102.0],5.384474e-06],
[[152.0,72.0],4.744852e-06],
[[152.0,92.0],5.136571e-06],
[[152.0,102.0],9.166818e-06],
[[152.0,152.0],7.856691e-06],
[[152.0,155.0],1.225766e-05],
[[152.0,157.0],9.743281e-06],
[[152.0,162.0],1.467706e-05],
[[152.0,167.0],9.445065e-06],
[[152.0,172.0],1.074764e-05],
[[152.0,182.0],9.697712e-06],
[[152.0,192.0],1.000161e-05],
[[152.0,202.0],1.055421e-05],
[[152.0,212.0],1.430788e-05],
[[152.0,222.0],1.181568e-05],
[[152.0,232.0],1.477353e-05],
[[152.0,242.0],1.452883e-05],
[[152.0,352.0],2.502586e-05],
[[152.0,452.0],3.030127e-05],
[[155.0,152.0],1.225766e-05],
[[157.0,152.0],9.743281e-06],
[[162.0,72.0],6.064571e-06],
[[162.0,92.0],5.785457e-06],
[[162.0,102.0],8.128937e-06],
[[162.0,152.0],1.467706e-05],
[[167.0,152.0],9.445065e-06],
[[172.0,92.0],6.483713e-06],
[[172.0,102.0],9.706941e-06],
[[172.0,152.0],1.074764e-05],
[[182.0,92.0],6.492569e-06],
[[182.0,102.0],7.988251e-06],
[[182.0,152.0],9.697712e-06],
[[192.0,102.0],9.736739e-06],
[[192.0,152.0],1.000161e-05],
[[202.0,152.0],1.055421e-05],
[[202.0,202.0],1.940126e-05],
[[202.0,205.0],1.398329e-05],
[[202.0,207.0],1.378567e-05],
[[202.0,212.0],1.544211e-05],
[[202.0,217.0],1.525482e-05],
[[202.0,222.0],1.803932e-05],
[[202.0,232.0],1.804742e-05],
[[202.0,242.0],1.550086e-05],
[[202.0,252.0],2.349041e-05],
[[202.0,262.0],2.202265e-05],
[[202.0,272.0],2.234178e-05],
[[202.0,282.0],1.884972e-05],
[[202.0,402.0],2.77431e-05],
[[202.0,502.0],3.376206e-05],
[[205.0,202.0],1.398329e-05],
[[207.0,202.0],1.378567e-05],
[[212.0,12.0],4.969907e-06],
[[212.0,152.0],1.430788e-05],
[[212.0,202.0],1.544211e-05],
[[217.0,202.0],1.525482e-05],
[[222.0,152.0],1.181568e-05],
[[222.0,202.0],1.803932e-05],
[[232.0,32.0],9.706364e-06],
[[232.0,152.0],1.477353e-05],
[[232.0,202.0],1.804742e-05],
[[242.0,152.0],1.452883e-05],
[[242.0,202.0],1.550086e-05],
[[252.0,52.0],8.562676e-06],
[[252.0,202.0],2.349041e-05],
[[252.0,252.0],2.319579e-05],
[[252.0,255.0],2.857504e-05],
[[252.0,257.0],2.174634e-05],
[[252.0,262.0],2.037073e-05],
[[252.0,267.0],2.810168e-05],
[[252.0,272.0],2.34551e-05],
[[252.0,282.0],2.222487e-05],
[[252.0,292.0],2.289095e-05],
[[252.0,302.0],2.275922e-05],
[[252.0,312.0],2.863967e-05],
[[252.0,322.0],2.609691e-05],
[[252.0,332.0],2.400364e-05],
[[252.0,342.0],3.005019e-05],
[[252.0,452.0],3.924896e-05],
[[252.0,552.0],4.076742e-05],
[[255.0,252.0],2.857504e-05],
[[257.0,252.0],2.174634e-05],
[[262.0,202.0],2.202265e-05],
[[262.0,252.0],2.037073e-05],
[[267.0,252.0],2.810168e-05],
[[272.0,72.0],1.116715e-05],
[[272.0,202.0],2.234178e-05],
[[272.0,252.0],2.34551e-05],
[[282.0,202.0],1.884972e-05],
[[282.0,252.0],2.222487e-05],
[[292.0,92.0],1.315145e-05],
[[292.0,252.0],2.289095e-05],
[[302.0,102.0],1.52895e-05],
[[302.0,252.0],2.275922e-05],
[[302.0,302.0],3.239612e-05],
[[302.0,305.0],3.638352e-05],
[[302.0,307.0],2.932345e-05],
[[302.0,312.0],3.118303e-05],
[[302.0,317.0],2.73793e-05],
[[302.0,322.0],3.050991e-05],
[[302.0,332.0],2.852708e-05],
[[302.0,342.0],3.28539e-05],
[[302.0,352.0],3.300059e-05],
[[302.0,362.0],3.115655e-05],
[[302.0,372.0],3.521805e-05],
[[302.0,382.0],3.043635e-05],
[[302.0,392.0],3.282511e-05],
[[302.0,502.0],4.018362e-05],
[[302.0,602.0],4.521753e-05],
[[305.0,302.0],3.638352e-05],
[[307.0,302.0],2.932345e-05],
[[312.0,12.0],9.933164e-06],
[[312.0,252.0],2.863967e-05],
[[312.0,302.0],3.118303e-05],
[[317.0,302.0],2.73793e-05],
[[322.0,252.0],2.609691e-05],
[[322.0,302.0],3.050991e-05],
[[332.0,32.0],1.25922e-05],
[[332.0,252.0],2.400364e-05],
[[332.0,302.0],2.852708e-05],
[[342.0,252.0],3.005019e-05],
[[342.0,302.0],3.28539e-05],
[[352.0,52.0],1.573414e-05],
[[352.0,152.0],2.502586e-05],
[[352.0,302.0],3.300059e-05],
[[352.0,352.0],3.448956e-05],
[[352.0,355.0],3.28952e-05],
[[352.0,357.0],3.399554e-05],
[[352.0,362.0],3.405174e-05],
[[352.0,367.0],4.097107e-05],
[[352.0,372.0],4.064994e-05],
[[352.0,382.0],3.45455e-05],
[[352.0,392.0],4.000714e-05],
[[352.0,402.0],4.164992e-05],
[[352.0,412.0],3.549888e-05],
[[352.0,422.0],4.369486e-05],
[[352.0,432.0],4.019676e-05],
[[352.0,442.0],4.498465e-05],
[[352.0,552.0],4.871815e-05],
[[352.0,652.0],4.962244e-05],
[[355.0,352.0],3.28952e-05],
[[357.0,352.0],3.399554e-05],
[[362.0,302.0],3.115655e-05],
[[362.0,352.0],3.405174e-05],
[[367.0,352.0],4.097107e-05],
[[372.0,72.0],1.892446e-05],
[[372.0,302.0],3.521805e-05],
[[372.0,352.0],4.064994e-05],
[[382.0,302.0],3.043635e-05],
[[382.0,352.0],3.45455e-05],
[[392.0,92.0],2.026578e-05],
[[392.0,302.0],3.282511e-05],
[[392.0,352.0],4.000714e-05],
[[402.0,102.0],2.407028e-05],
[[402.0,202.0],2.77431e-05],
[[402.0,352.0],4.164992e-05],
[[402.0,402.0],4.6825e-05],
[[402.0,405.0],4.167752e-05],
[[402.0,407.0],4.841018e-05],
[[402.0,412.0],4.058952e-05],
[[402.0,417.0],4.84155e-05],
[[402.0,422.0],4.294322e-05],
[[402.0,432.0],3.992494e-05],
[[402.0,442.0],4.592414e-05],
[[402.0,452.0],4.403946e-05],
[[402.0,462.0],4.642496e-05],
[[402.0,472.0],4.223831e-05],
[[402.0,482.0],4.387124e-05],
[[402.0,492.0],4.752899e-05],
[[402.0,602.0],5.296383e-05],
[[402.0,702.0],5.536848e-05],
[[405.0,402.0],4.167752e-05],
[[407.0,402.0],4.841018e-05],
[[412.0,352.0],3.549888e-05],
[[412.0,402.0],4.058952e-05],
[[417.0,402.0],4.84155e-05],
[[422.0,352.0],4.369486e-05],
[[422.0,402.0],4.294322e-05],
[[432.0,352.0],4.019676e-05],
[[432.0,402.0],3.992494e-05],
[[442.0,352.0],4.498465e-05],
[[442.0,402.0],4.592414e-05],
[[452.0,152.0],3.030127e-05],
[[452.0,252.0],3.924896e-05],
[[452.0,402.0],4.403946e-05],
[[462.0,402.0],4.642496e-05],
[[472.0,402.0],4.223831e-05],
[[482.0,402.0],4.387124e-05],
[[492.0,402.0],4.752899e-05],
[[502.0,202.0],3.376206e-05],
[[502.0,302.0],4.018362e-05],
[[552.0,252.0],4.076742e-05],
[[552.0,352.0],4.871815e-05],
[[602.0,302.0],4.521753e-05],
[[602.0,402.0],5.296383e-05],
[[602.0,602.0],6.720618e-05],
[[602.0,605.0],5.692749e-05],
[[602.0,607.0],6.42017e-05],
[[602.0,612.0],5.939266e-05],
[[602.0,617.0],6.451033e-05],
[[602.0,622.0],6.211919e-05],
[[602.0,632.0],6.296556e-05],
[[602.0,642.0],6.346195e-05],
[[602.0,652.0],6.088735e-05],
[[602.0,662.0],6.285981e-05],
[[602.0,672.0],6.92333e-05],
[[602.0,682.0],6.747154e-05],
[[602.0,692.0],6.561109e-05],
[[602.0,802.0],6.521743e-05],
[[602.0,902.0],7.109119e-05],
[[605.0,602.0],5.692749e-05],
[[607.0,602.0],6.42017e-05],
[[612.0,602.0],5.939266e-05],
[[617.0,602.0],6.451033e-05],
[[622.0,602.0],6.211919e-05],
[[632.0,602.0],6.296556e-05],
[[642.0,602.0],6.346195e-05],
[[652.0,352.0],4.962244e-05],
[[652.0,602.0],6.088735e-05],
[[662.0,602.0],6.285981e-05],
[[672.0,602.0],6.92333e-05],
[[682.0,602.0],6.747154e-05],
[[692.0,602.0],6.561109e-05],
[[702.0,402.0],5.536848e-05],
[[802.0,602.0],6.521743e-05],
[[802.0,802.0],7.727013e-05],
[[802.0,805.0],7.906829e-05],
[[802.0,807.0],7.317982e-05],
[[802.0,812.0],7.424984e-05],
[[802.0,817.0],7.872072e-05],
[[802.0,822.0],8.340248e-05],
[[802.0,832.0],7.093747e-05],
[[802.0,842.0],8.272124e-05],
[[802.0,852.0],7.887936e-05],
[[802.0,862.0],7.584861e-05],
[[802.0,872.0],8.570361e-05],
[[802.0,882.0],7.960723e-05],
[[802.0,892.0],8.375808e-05],
[[802.0,1002.0],8.231705e-05],
[[802.0,1102.0],8.27549e-05],
[[805.0,802.0],7.906829e-05],
[[807.0,802.0],7.317982e-05],
[[812.0,802.0],7.424984e-05],
[[817.0,802.0],7.872072e-05],
[[822.0,802.0],8.340248e-05],
[[832.0,802.0],7.093747e-05],
[[842.0,802.0],8.272124e-05],
[[852.0,802.0],7.887936e-05],
[[862.0,802.0],7.584861e-05],
[[872.0,802.0],8.570361e-05],
[[882.0,802.0],7.960723e-05],
[[892.0,802.0],8.375808e-05],
[[902.0,602.0],7.109119e-05],
[[1002.0,802.0],8.231705e-05],
[[1002.0,1002.0],8.848695e-05],
[[1002.0,1005.0],8.474794e-05],
[[1002.0,1007.0],9.256689e-05],
[[1002.0,1012.0],8.860858e-05],
[[1002.0,1017.0],9.048413e-05],
[[1002.0,1022.0],9.045539e-05],
[[1002.0,1032.0],8.600479e-05],
[[1002.0,1042.0],8.548615e-05],
[[1002.0,1052.0],8.503309e-05],
[[1002.0,1062.0],8.281817e-05],
[[1002.0,1072.0],9.230629e-05],
[[1002.0,1082.0],8.732506e-05],
[[1002.0,1092.0],8.678689e-05],
[[1002.0,1202.0],8.975713e-05],
[[1002.0,1302.0],9.232801e-05],
[[1005.0,1002.0],8.474794e-05],
[[1007.0,1002.0],9.256689e-05],
[[1012.0,1002.0],8.860858e-05],
[[1017.0,1002.0],9.048413e-05],
[[1022.0,1002.0],9.045539e-05],
[[1032.0,1002.0],8.600479e-05],
[[1042.0,1002.0],8.548615e-05],
[[1052.0,1002.0],8.503309e-05],
[[1062.0,1002.0],8.281817e-05],
[[1072.0,1002.0],9.230629e-05],
[[1082.0,1002.0],8.732506e-05],
[[1092.0,1002.0],8.678689e-05],
[[1102.0,802.0],8.27549e-05],
[[1202.0,1002.0],8.975713e-05],
[[1202.0,1202.0],9.889102e-05],
[[1202.0,1205.0],9.38741e-05],
[[1202.0,1207.0],9.036498e-05],
[[1202.0,1212.0],9.307817e-05],
[[1202.0,1217.0],9.03667e-05],
[[1202.0,1222.0],9.168365e-05],
[[1202.0,1232.0],9.850074e-05],
[[1202.0,1242.0],9.491096e-05],
[[1202.0,1252.0],0.0001001543],
[[1202.0,1262.0],9.234618e-05],
[[1202.0,1272.0],9.572372e-05],
[[1202.0,1282.0],9.303181e-05],
[[1202.0,1292.0],9.809705e-05],
[[1202.0,1402.0],9.746689e-05],
[[1202.0,1502.0],9.977935e-05],
[[1205.0,1202.0],9.38741e-05],
[[1207.0,1202.0],9.036498e-05],
[[1212.0,1202.0],9.307817e-05],
[[1217.0,1202.0],9.03667e-05],
[[1222.0,1202.0],9.168365e-05],
[[1232.0,1202.0],9.850074e-05],
[[1242.0,1202.0],9.491096e-05],
[[1252.0,1202.0],0.0001001543],
[[1262.0,1202.0],9.234618e-05],
[[1272.0,1202.0],9.572372e-05],
[[1282.0,1202.0],9.303181e-05],
[[1292.0,1202.0],9.809705e-05],
[[1302.0,1002.0],9.232801e-05],
[[1402.0,1202.0],9.746689e-05],
[[1402.0,1402.0],9.876744e-05],
[[1402.0,1405.0],9.398506e-05],
[[1402.0,1407.0],9.908651e-05],
[[1402.0,1412.0],9.48075e-05],
[[1402.0,1417.0],9.992467e-05],
[[1402.0,1422.0],9.719756e-05],
[[1402.0,1432.0],9.981601e-05],
[[1402.0,1442.0],9.785482e-05],
[[1402.0,1452.0],9.760214e-05],
[[1402.0,1462.0],9.754766e-05],
[[1402.0,1472.0],0.0001008996],
[[1402.0,1482.0],0.0001006363],
[[1402.0,1492.0],9.930426e-05],
[[1402.0,1602.0],9.791395e-05],
[[1402.0,1702.0],9.68565e-05],
[[1405.0,1402.0],9.398506e-05],
[[1407.0,1402.0],9.908651e-05],
[[1412.0,1402.0],9.48075e-05],
[[1417.0,1402.0],9.992467e-05],
[[1422.0,1402.0],9.719756e-05],
[[1432.0,1402.0],9.981601e-05],
[[1442.0,1402.0],9.785482e-05],
[[1452.0,1402.0],9.760214e-05],
[[1462.0,1402.0],9.754766e-05],
[[1472.0,1402.0],0.0001008996],
[[1482.0,1402.0],0.0001006363],
[[1492.0,1402.0],9.930426e-05],
[[1502.0,1202.0],9.977935e-05],
[[1602.0,1402.0],9.791395e-05],
[[1602.0,1602.0],0.0001022627],
[[1602.0,1605.0],9.948482e-05],
[[1602.0,1607.0],0.0001028608],
[[1602.0,1612.0],0.0001001363],
[[1602.0,1617.0],9.906342e-05],
[[1602.0,1622.0],9.721043e-05],
[[1602.0,1632.0],0.0001006272],
[[1602.0,1642.0],9.800406e-05],
[[1602.0,1652.0],9.882179e-05],
[[1602.0,1662.0],9.957358e-05],
[[1602.0,1672.0],9.868178e-05],
[[1602.0,1682.0],0.0001010287],
[[1602.0,1692.0],0.0001002716],
[[1602.0,1802.0],0.0001018256],
[[1602.0,1902.0],0.000100031],
[[1605.0,1602.0],9.948482e-05],
[[1607.0,1602.0],0.0001028608],
[[1612.0,1602.0],0.0001001363],
[[1617.0,1602.0],9.906342e-05],
[[1622.0,1602.0],9.721043e-05],
[[1632.0,1602.0],0.0001006272],
[[1642.0,1602.0],9.800406e-05],
[[1652.0,1602.0],9.882179e-05],
[[1662.0,1602.0],9.957358e-05],
[[1672.0,1602.0],9.868178e-05],
[[1682.0,1602.0],0.0001010287],
[[1692.0,1602.0],0.0001002716],
[[1702.0,1402.0],9.68565e-05],
[[1802.0,1602.0],0.0001018256],
[[1802.0,1802.0],0.0001002422],
[[1802.0,1805.0],0.0001001977],
[[1802.0,1807.0],9.910394e-05],
[[1802.0,1812.0],0.0001020991],
[[1802.0,1817.0],0.0001005208],
[[1802.0,1822.0],0.0001026635],
[[1802.0,1832.0],0.0001027748],
[[1802.0,1842.0],0.0001016338],
[[1802.0,1852.0],0.0001043488],
[[1802.0,1862.0],0.0001012848],
[[1802.0,1872.0],0.0001050501],
[[1802.0,1882.0],9.727378e-05],
[[1802.0,1892.0],0.0001035831],
[[1802.0,2002.0],0.0001044715],
[[1802.0,2102.0],0.0001035263],
[[1805.0,1802.0],0.0001001977],
[[1807.0,1802.0],9.910394e-05],
[[1812.0,1802.0],0.0001020991],
[[1817.0,1802.0],0.0001005208],
[[1822.0,1802.0],0.0001026635],
[[1832.0,1802.0],0.0001027748],
[[1842.0,1802.0],0.0001016338],
[[1852.0,1802.0],0.0001043488],
[[1862.0,1802.0],0.0001012848],
[[1872.0,1802.0],0.0001050501],
[[1882.0,1802.0],9.727378e-05],
[[1892.0,1802.0],0.0001035831],
[[1902.0,1602.0],0.000100031],
[[2002.0,1802.0],0.0001044715],
[[2002.0,2002.0],9.930945e-05],
[[2002.0,2005.0],0.0001041485],
[[2002.0,2007.0],0.0001028058],
[[2002.0,2012.0],9.930743e-05],
[[2002.0,2017.0],0.0001025038],
[[2002.0,2022.0],9.943453e-05],
[[2002.0,2032.0],0.0001059301],
[[2002.0,2042.0],0.0001015309],
[[2002.0,2052.0],9.943997e-05],
[[2002.0,2062.0],0.0001012737],
[[2002.0,2072.0],9.842786e-05],
[[2002.0,2082.0],0.0001026231],
[[2002.0,2092.0],0.0001028435],
[[2002.0,2202.0],9.979501e-05],
[[2002.0,2302.0],0.0001021209],
[[2005.0,2002.0],0.0001041485],
[[2007.0,2002.0],0.0001028058],
[[2012.0,2002.0],9.930743e-05],
[[2017.0,2002.0],0.0001025038],
[[2022.0,2002.0],9.943453e-05],
[[2032.0,2002.0],0.0001059301],
[[2042.0,2002.0],0.0001015309],
[[2052.0,2002.0],9.943997e-05],
[[2062.0,2002.0],0.0001012737],
[[2072.0,2002.0],9.842786e-05],
[[2082.0,2002.0],0.0001026231],
[[2092.0,2002.0],0.0001028435],
[[2102.0,1802.0],0.0001035263],
[[2202.0,2002.0],9.979501e-05],
[[2302.0,2002.0],0.0001021209]]
