txName: TRV1nunu
constraint: {(PV > Zprime(1)), (Zprime(1) > nu,nu)}
condition: None
conditionDescription: None
figureUrl: None
source: CMS
validated: N/A
axesMap: [{0: 'x'}]
dataMap: {0: (1, 'mass', GeV)}
finalState: ['MET', 'MET']
efficiencyMap: [[[50.0],1.998071e-08],
[[100.0],8.061136e-08],
[[150.0],4.402117e-07],
[[200.0],1.262693e-06],
[[250.0],2.2623e-06],
[[300.0],3.885766e-06],
[[350.0],6.443238e-06],
[[400.0],8.391153e-06],
[[450.0],1.198083e-05],
[[500.0],1.426296e-05],
[[550.0],1.992621e-05],
[[600.0],2.644502e-05],
[[650.0],2.984715e-05],
[[700.0],3.685874e-05],
[[750.0],3.953273e-05],
[[800.0],4.734184e-05],
[[850.0],5.353358e-05],
[[900.0],5.680905e-05],
[[950.0],6.708639e-05],
[[1000.0],6.705854e-05],
[[1050.0],7.648791e-05],
[[1100.0],7.691361e-05],
[[1150.0],8.543299e-05],
[[1200.0],8.979688e-05],
[[1250.0],0.0001060237],
[[1300.0],0.000108705],
[[1350.0],0.000134115],
[[1400.0],0.000127969],
[[1450.0],0.0001182842],
[[1500.0],0.0001214816],
[[1550.0],0.0001401493],
[[1600.0],0.0001395355],
[[1650.0],0.000127461],
[[1700.0],0.0001419412],
[[1750.0],0.0001435669],
[[1800.0],0.0001787003],
[[1850.0],0.0001728244],
[[1900.0],0.0001942907],
[[1950.0],0.000157871],
[[2000.0],0.0001863528],
[[2250.0],0.0002163702],
[[2500.0],0.000224197],
[[2750.0],0.0002352001],
[[3000.0],0.0002388626]]
