txName: TChiWWISRqq
constraint: {(PV > anyBSM(1), anyBSM(3)), (anyBSM(1) > q, q, MET(2)), (anyBSM(3) > q, q, MET(4))}
condition: None
conditionDescription: None
figureUrl: None
source: Recast by MA5
validated: True
axesMap: [{0: 'x', 1: 'y', 2: 'x', 3: 'y'}]
dataMap: {0: (1, 'mass', GeV), 1: (2, 'mass', GeV), 2: (3, 'mass', GeV), 3: (4, 'mass', GeV)}
finalState: ['MET', 'MET']
intermediateState: None
efficiencyMap: [[[10.0,1.0,10.0,1.0],6.544382e-08],
[[10.0,3.0,10.0,3.0],6.565724e-08],
[[10.0,5.0,10.0,5.0],1.059066e-07],
[[10.0,7.0,10.0,7.0],4.833228e-07],
[[10.0,9.0,10.0,9.0],7.748605e-06],
[[11.0,10.0,11.0,10.0],1.01935e-05],
[[13.0,10.0,13.0,10.0],8.417985e-07],
[[15.0,10.0,15.0,10.0],1.606419e-07],
[[20.0,10.0,20.0,10.0],8.320131e-08],
[[21.0,20.0,21.0,20.0],6.988037e-05],
[[23.0,20.0,23.0,20.0],8.197283e-06],
[[25.0,20.0,25.0,20.0],1.801834e-06],
[[30.0,10.0,30.0,10.0],9.110499e-08],
[[30.0,20.0,30.0,20.0],4.135501e-07],
[[31.0,30.0,31.0,30.0],0.0001244649],
[[33.0,30.0,33.0,30.0],1.821964e-05],
[[35.0,30.0,35.0,30.0],3.44281e-06],
[[40.0,20.0,40.0,20.0],1.039088e-07],
[[40.0,30.0,40.0,30.0],1.192061e-06],
[[41.0,40.0,41.0,40.0],0.000108465],
[[43.0,40.0,43.0,40.0],2.897775e-05],
[[45.0,40.0,45.0,40.0],1.883104e-05],
[[50.0,10.0,50.0,10.0],5.447789e-07],
[[50.0,30.0,50.0,30.0],2.491279e-06],
[[50.0,40.0,50.0,40.0],1.424772e-05],
[[51.0,50.0,51.0,50.0],0.0003046393],
[[53.0,50.0,53.0,50.0],0.000190896],
[[55.0,50.0,55.0,50.0],9.315243e-05],
[[60.0,20.0,60.0,20.0],2.625591e-06],
[[60.0,40.0,60.0,40.0],1.28416e-05],
[[60.0,50.0,60.0,50.0],4.950487e-05],
[[61.0,60.0,61.0,60.0],0.0006022732],
[[63.0,60.0,63.0,60.0],0.0004464396],
[[65.0,60.0,65.0,60.0],0.0002748467],
[[70.0,10.0,70.0,10.0],7.287323e-06],
[[70.0,30.0,70.0,30.0],9.352267e-06],
[[70.0,50.0,70.0,50.0],4.117355e-05],
[[70.0,60.0,70.0,60.0],0.000127837],
[[71.0,70.0,71.0,70.0],0.0009492705],
[[73.0,70.0,73.0,70.0],0.0007371947],
[[75.0,70.0,75.0,70.0],0.0005072642],
[[80.0,20.0,80.0,20.0],1.212807e-05],
[[80.0,40.0,80.0,40.0],1.692698e-05],
[[80.0,60.0,80.0,60.0],6.787544e-05],
[[80.0,70.0,80.0,70.0],0.0002625796],
[[81.0,80.0,81.0,80.0],0.001299951],
[[83.0,80.0,83.0,80.0],0.001115747],
[[85.0,80.0,85.0,80.0],0.000774409],
[[90.0,10.0,90.0,10.0],2.881786e-05],
[[90.0,30.0,90.0,30.0],1.814032e-05],
[[90.0,50.0,90.0,50.0],3.804065e-05],
[[90.0,70.0,90.0,70.0],0.0001280571],
[[90.0,80.0,90.0,80.0],0.0004238823],
[[91.0,90.0,91.0,90.0],0.00175358],
[[93.0,90.0,93.0,90.0],0.001519357],
[[95.0,90.0,95.0,90.0],0.001073896],
[[100.0,20.0,100.0,20.0],2.858612e-05],
[[100.0,40.0,100.0,40.0],2.969146e-05],
[[100.0,60.0,100.0,60.0],7.149069e-05],
[[100.0,80.0,100.0,80.0],0.0002410203],
[[100.0,90.0,100.0,90.0],0.0006275723],
[[101.0,100.0,101.0,100.0],0.002130881],
[[103.0,100.0,103.0,100.0],0.00193356],
[[103.0,102.0,103.0,102.0],0.002138121],
[[105.0,100.0,105.0,100.0],0.00150632],
[[105.0,102.0,105.0,102.0],0.00206325],
[[107.0,102.0,107.0,102.0],0.001641553],
[[110.0,30.0,110.0,30.0],3.93044e-05],
[[110.0,50.0,110.0,50.0],5.316002e-05],
[[110.0,70.0,110.0,70.0],0.0001454087],
[[110.0,90.0,110.0,90.0],0.0003393852],
[[110.0,100.0,110.0,100.0],0.0008122555],
[[112.0,102.0,112.0,102.0],0.0009015997],
[[120.0,40.0,120.0,40.0],4.49792e-05],
[[120.0,60.0,120.0,60.0],9.911682e-05],
[[120.0,80.0,120.0,80.0],0.0001880304],
[[120.0,100.0,120.0,100.0],0.0004717217],
[[122.0,102.0,122.0,102.0],0.0005228741],
[[123.0,122.0,123.0,122.0],0.003142962],
[[125.0,122.0,125.0,122.0],0.003165663],
[[127.0,122.0,127.0,122.0],0.002544516],
[[130.0,50.0,130.0,50.0],9.207733e-05],
[[130.0,70.0,130.0,70.0],0.0001113121],
[[130.0,90.0,130.0,90.0],0.0002442959],
[[132.0,122.0,132.0,122.0],0.00150238],
[[140.0,60.0,140.0,60.0],0.0001350235],
[[140.0,80.0,140.0,80.0],0.0001722178],
[[140.0,100.0,140.0,100.0],0.0003203173],
[[142.0,102.0,142.0,102.0],0.000392662],
[[142.0,122.0,142.0,122.0],0.000923528],
[[143.0,142.0,143.0,142.0],0.00423347],
[[145.0,142.0,145.0,142.0],0.004006203],
[[147.0,142.0,147.0,142.0],0.003595909],
[[150.0,70.0,150.0,70.0],0.0001538052],
[[150.0,90.0,150.0,90.0],0.0002235638],
[[152.0,142.0,152.0,142.0],0.002387775],
[[160.0,80.0,160.0,80.0],0.0001806076],
[[160.0,100.0,160.0,100.0],0.0003091988],
[[162.0,102.0,162.0,102.0],0.0003736943],
[[162.0,122.0,162.0,122.0],0.0006512123],
[[162.0,142.0,162.0,142.0],0.001526515],
[[163.0,162.0,163.0,162.0],0.005281343],
[[165.0,162.0,165.0,162.0],0.005086862],
[[167.0,162.0,167.0,162.0],0.004844337],
[[170.0,90.0,170.0,90.0],0.0002662319],
[[172.0,162.0,172.0,162.0],0.00328914],
[[180.0,100.0,180.0,100.0],0.000327442],
[[182.0,102.0,182.0,102.0],0.0003492144],
[[182.0,122.0,182.0,122.0],0.0005591419],
[[182.0,142.0,182.0,142.0],0.0009279676],
[[182.0,162.0,182.0,162.0],0.002153377],
[[183.0,182.0,183.0,182.0],0.006388933],
[[185.0,182.0,185.0,182.0],0.00642698],
[[187.0,182.0,187.0,182.0],0.005812817],
[[192.0,182.0,192.0,182.0],0.004503523],
[[202.0,122.0,202.0,122.0],0.0004798028],
[[202.0,142.0,202.0,142.0],0.00076313],
[[202.0,162.0,202.0,162.0],0.001309113],
[[202.0,182.0,202.0,182.0],0.002934929],
[[203.0,202.0,203.0,202.0],0.007527809],
[[205.0,202.0,205.0,202.0],0.007265981],
[[207.0,202.0,207.0,202.0],0.007103941],
[[212.0,202.0,212.0,202.0],0.005693179],
[[222.0,142.0,222.0,142.0],0.00068692],
[[222.0,162.0,222.0,162.0],0.00107565],
[[222.0,182.0,222.0,182.0],0.001780686],
[[222.0,202.0,222.0,202.0],0.003639893],
[[223.0,222.0,223.0,222.0],0.008829218],
[[225.0,222.0,225.0,222.0],0.008675421],
[[227.0,222.0,227.0,222.0],0.008259648],
[[232.0,222.0,232.0,222.0],0.006923536],
[[242.0,162.0,242.0,162.0],0.0009696642],
[[242.0,182.0,242.0,182.0],0.001463857],
[[242.0,202.0,242.0,202.0],0.002311275],
[[242.0,222.0,242.0,222.0],0.004608826],
[[243.0,242.0,243.0,242.0],0.009977569],
[[245.0,242.0,245.0,242.0],0.009942239],
[[247.0,242.0,247.0,242.0],0.009423999],
[[252.0,242.0,252.0,242.0],0.007957027],
[[262.0,182.0,262.0,182.0],0.00126452],
[[262.0,202.0,262.0,202.0],0.001868635],
[[262.0,222.0,262.0,222.0],0.002903492],
[[262.0,242.0,262.0,242.0],0.005501359],
[[263.0,262.0,263.0,262.0],0.01119226],
[[265.0,262.0,265.0,262.0],0.01083799],
[[267.0,262.0,267.0,262.0],0.01066657],
[[272.0,262.0,272.0,262.0],0.009136765],
[[282.0,202.0,282.0,202.0],0.001600694],
[[282.0,222.0,282.0,222.0],0.002262724],
[[282.0,242.0,282.0,242.0],0.003462423],
[[282.0,262.0,282.0,262.0],0.006513527],
[[283.0,282.0,283.0,282.0],0.01222422],
[[285.0,282.0,285.0,282.0],0.01208085],
[[287.0,282.0,287.0,282.0],0.01185548],
[[292.0,282.0,292.0,282.0],0.01023037],
[[302.0,222.0,302.0,222.0],0.001988343],
[[302.0,242.0,302.0,242.0],0.00273096],
[[302.0,262.0,302.0,262.0],0.004101945],
[[302.0,282.0,302.0,282.0],0.007514667],
[[303.0,302.0,303.0,302.0],0.01333104],
[[305.0,302.0,305.0,302.0],0.01297396],
[[307.0,302.0,307.0,302.0],0.01271639],
[[312.0,302.0,312.0,302.0],0.01140593],
[[322.0,242.0,322.0,242.0],0.002295062],
[[322.0,262.0,322.0,262.0],0.003110816],
[[322.0,282.0,322.0,282.0],0.004874563],
[[322.0,302.0,322.0,302.0],0.008510888],
[[323.0,322.0,323.0,322.0],0.01459889],
[[325.0,322.0,325.0,322.0],0.01422396],
[[327.0,322.0,327.0,322.0],0.01398389],
[[332.0,322.0,332.0,322.0],0.01257514],
[[342.0,262.0,342.0,262.0],0.00265325],
[[342.0,282.0,342.0,282.0],0.003564779],
[[342.0,302.0,342.0,302.0],0.005621246],
[[342.0,322.0,342.0,322.0],0.00954924],
[[343.0,342.0,343.0,342.0],0.01537996],
[[345.0,342.0,345.0,342.0],0.01541597],
[[347.0,342.0,347.0,342.0],0.01485528],
[[352.0,342.0,352.0,342.0],0.01346689],
[[362.0,282.0,362.0,282.0],0.002998997],
[[362.0,302.0,362.0,302.0],0.004105603],
[[362.0,322.0,362.0,322.0],0.006114368],
[[362.0,342.0,362.0,342.0],0.01049659],
[[363.0,362.0,363.0,362.0],0.01654943],
[[365.0,362.0,365.0,362.0],0.01619315],
[[367.0,362.0,367.0,362.0],0.01610573],
[[372.0,362.0,372.0,362.0],0.01466138],
[[382.0,302.0,382.0,302.0],0.003578507],
[[382.0,322.0,382.0,322.0],0.004659863],
[[382.0,342.0,382.0,342.0],0.006688466],
[[382.0,362.0,382.0,362.0],0.01137066],
[[383.0,382.0,383.0,382.0],0.01755561],
[[385.0,382.0,385.0,382.0],0.01742304],
[[387.0,382.0,387.0,382.0],0.01729678],
[[392.0,382.0,392.0,382.0],0.01591792],
[[402.0,322.0,402.0,322.0],0.003878025],
[[402.0,342.0,402.0,342.0],0.005185871],
[[402.0,362.0,402.0,362.0],0.007496522],
[[402.0,382.0,402.0,382.0],0.01241042],
[[403.0,402.0,403.0,402.0],0.01872266],
[[405.0,402.0,405.0,402.0],0.01827051],
[[407.0,402.0,407.0,402.0],0.01793613],
[[412.0,402.0,412.0,402.0],0.01661744],
[[422.0,342.0,422.0,342.0],0.004315769],
[[422.0,362.0,422.0,362.0],0.00578091],
[[422.0,382.0,422.0,382.0],0.008410261],
[[422.0,402.0,422.0,402.0],0.01333521],
[[442.0,362.0,442.0,362.0],0.004730585],
[[442.0,382.0,442.0,382.0],0.006339545],
[[442.0,402.0,442.0,402.0],0.009082103],
[[462.0,382.0,462.0,382.0],0.005171026],
[[462.0,402.0,462.0,402.0],0.006799649],
[[482.0,402.0,482.0,402.0],0.005744219],
[[503.0,502.0,503.0,502.0],0.0230801],
[[505.0,502.0,505.0,502.0],0.02312761],
[[507.0,502.0,507.0,502.0],0.02284579],
[[512.0,502.0,512.0,502.0],0.02173765],
[[522.0,502.0,522.0,502.0],0.01799288],
[[542.0,502.0,542.0,502.0],0.01238544],
[[562.0,502.0,562.0,502.0],0.009536043],
[[582.0,502.0,582.0,502.0],0.007752839],
[[603.0,602.0,603.0,602.0],0.02714128],
[[605.0,602.0,605.0,602.0],0.0270421],
[[607.0,602.0,607.0,602.0],0.02659464],
[[612.0,602.0,612.0,602.0],0.02562424],
[[622.0,602.0,622.0,602.0],0.02189184],
[[642.0,602.0,642.0,602.0],0.01573942],
[[662.0,602.0,662.0,602.0],0.01207011],
[[682.0,602.0,682.0,602.0],0.00975651],
[[703.0,702.0,703.0,702.0],0.03033901],
[[705.0,702.0,705.0,702.0],0.03005367],
[[707.0,702.0,707.0,702.0],0.03002889],
[[712.0,702.0,712.0,702.0],0.02924257],
[[722.0,702.0,722.0,702.0],0.02562578],
[[742.0,702.0,742.0,702.0],0.01873307],
[[762.0,702.0,762.0,702.0],0.01444329],
[[782.0,702.0,782.0,702.0],0.01163602],
[[803.0,802.0,803.0,802.0],0.0332127],
[[805.0,802.0,805.0,802.0],0.03300927],
[[807.0,802.0,807.0,802.0],0.03287134],
[[812.0,802.0,812.0,802.0],0.03198131],
[[822.0,802.0,822.0,802.0],0.0286582],
[[842.0,802.0,842.0,802.0],0.02121731],
[[862.0,802.0,862.0,802.0],0.01621101],
[[882.0,802.0,882.0,802.0],0.01323931],
[[903.0,902.0,903.0,902.0],0.03548968],
[[905.0,902.0,905.0,902.0],0.03561378],
[[907.0,902.0,907.0,902.0],0.03562749],
[[912.0,902.0,912.0,902.0],0.03457012],
[[922.0,902.0,922.0,902.0],0.031559],
[[942.0,902.0,942.0,902.0],0.023753],
[[962.0,902.0,962.0,902.0],0.0184018],
[[982.0,902.0,982.0,902.0],0.01463857],
[[1003.0,1002.0,1003.0,1002.0],0.03783232],
[[1005.0,1002.0,1005.0,1002.0],0.03768998],
[[1007.0,1002.0,1007.0,1002.0],0.03746543],
[[1012.0,1002.0,1012.0,1002.0],0.03699922],
[[1022.0,1002.0,1022.0,1002.0],0.03377145],
[[1042.0,1002.0,1042.0,1002.0],0.02567445],
[[1062.0,1002.0,1062.0,1002.0],0.01980049],
[[1082.0,1002.0,1082.0,1002.0],0.01597545],
[[1103.0,1102.0,1103.0,1102.0],0.03904445],
[[1105.0,1102.0,1105.0,1102.0],0.03919573],
[[1107.0,1102.0,1107.0,1102.0],0.0390324],
[[1112.0,1102.0,1112.0,1102.0],0.0385988],
[[1122.0,1102.0,1122.0,1102.0],0.03538608],
[[1142.0,1102.0,1142.0,1102.0],0.02746366],
[[1162.0,1102.0,1162.0,1102.0],0.02098307],
[[1182.0,1102.0,1182.0,1102.0],0.01712416],
[[1203.0,1202.0,1203.0,1202.0],0.04080398],
[[1205.0,1202.0,1205.0,1202.0],0.0404488],
[[1207.0,1202.0,1207.0,1202.0],0.04032763],
[[1212.0,1202.0,1212.0,1202.0],0.03980053],
[[1222.0,1202.0,1222.0,1202.0],0.03700636],
[[1242.0,1202.0,1242.0,1202.0],0.02875464],
[[1262.0,1202.0,1262.0,1202.0],0.02248286],
[[1282.0,1202.0,1282.0,1202.0],0.01802086],
[[1303.0,1302.0,1303.0,1302.0],0.04199717],
[[1305.0,1302.0,1305.0,1302.0],0.04164441],
[[1307.0,1302.0,1307.0,1302.0],0.04176495],
[[1312.0,1302.0,1312.0,1302.0],0.04110689],
[[1322.0,1302.0,1322.0,1302.0],0.03856908],
[[1342.0,1302.0,1342.0,1302.0],0.03012219],
[[1362.0,1302.0,1362.0,1302.0],0.02343321],
[[1382.0,1302.0,1382.0,1302.0],0.01904028],
[[1403.0,1402.0,1403.0,1402.0],0.04249917],
[[1405.0,1402.0,1405.0,1402.0],0.04244516],
[[1407.0,1402.0,1407.0,1402.0],0.04229829],
[[1412.0,1402.0,1412.0,1402.0],0.04178396],
[[1422.0,1402.0,1422.0,1402.0],0.03942935],
[[1442.0,1402.0,1442.0,1402.0],0.03098775],
[[1462.0,1402.0,1462.0,1402.0],0.0243083],
[[1482.0,1402.0,1482.0,1402.0],0.01989412],
[[1503.0,1502.0,1503.0,1502.0],0.04304074],
[[1505.0,1502.0,1505.0,1502.0],0.04300154],
[[1507.0,1502.0,1507.0,1502.0],0.04304537],
[[1512.0,1502.0,1512.0,1502.0],0.04213367],
[[1522.0,1502.0,1522.0,1502.0],0.04038665],
[[1542.0,1502.0,1542.0,1502.0],0.03194077],
[[1562.0,1502.0,1562.0,1502.0],0.02516397],
[[1582.0,1502.0,1582.0,1502.0],0.02065154],
[[1603.0,1602.0,1603.0,1602.0],0.04367027],
[[1605.0,1602.0,1605.0,1602.0],0.0437708],
[[1607.0,1602.0,1607.0,1602.0],0.04345502],
[[1612.0,1602.0,1612.0,1602.0],0.04309744],
[[1622.0,1602.0,1622.0,1602.0],0.04110305],
[[1642.0,1602.0,1642.0,1602.0],0.03261637],
[[1662.0,1602.0,1662.0,1602.0],0.02626551],
[[1682.0,1602.0,1682.0,1602.0],0.02133429],
[[1703.0,1702.0,1703.0,1702.0],0.04407615],
[[1705.0,1702.0,1705.0,1702.0],0.04382105],
[[1707.0,1702.0,1707.0,1702.0],0.04412519],
[[1712.0,1702.0,1712.0,1702.0],0.04366174],
[[1722.0,1702.0,1722.0,1702.0],0.0415558],
[[1742.0,1702.0,1742.0,1702.0],0.03361275],
[[1762.0,1702.0,1762.0,1702.0],0.02684621],
[[1782.0,1702.0,1782.0,1702.0],0.02173169],
[[1803.0,1802.0,1803.0,1802.0],0.0446914],
[[1805.0,1802.0,1805.0,1802.0],0.04463625],
[[1807.0,1802.0,1807.0,1802.0],0.04425926],
[[1812.0,1802.0,1812.0,1802.0],0.04397576],
[[1822.0,1802.0,1822.0,1802.0],0.042151],
[[1842.0,1802.0,1842.0,1802.0],0.0341845],
[[1862.0,1802.0,1862.0,1802.0],0.02772268],
[[1882.0,1802.0,1882.0,1802.0],0.02260481],
[[1903.0,1902.0,1903.0,1902.0],0.04544562],
[[1905.0,1902.0,1905.0,1902.0],0.04449554],
[[1907.0,1902.0,1907.0,1902.0],0.04477678],
[[1912.0,1902.0,1912.0,1902.0],0.044542],
[[1922.0,1902.0,1922.0,1902.0],0.04216854],
[[1942.0,1902.0,1942.0,1902.0],0.03515124],
[[1962.0,1902.0,1962.0,1902.0],0.02802325],
[[1982.0,1902.0,1982.0,1902.0],0.02305922],
[[2003.0,2002.0,2003.0,2002.0],0.0451084],
[[2005.0,2002.0,2005.0,2002.0],0.0452982],
[[2007.0,2002.0,2007.0,2002.0],0.04483189],
[[2012.0,2002.0,2012.0,2002.0],0.04405064],
[[2022.0,2002.0,2022.0,2002.0],0.04324893],
[[2042.0,2002.0,2042.0,2002.0],0.03526888],
[[2062.0,2002.0,2062.0,2002.0],0.02843128],
[[2082.0,2002.0,2082.0,2002.0],0.02321711]]
