txName: TChiISR
constraint: {(PV > MET(1), MET(2))}
condition: None
conditionDescription: None
figureUrl: None
source: MA5
validated: True
axesMap: [{0: 'x', 1: 'y'}]
dataMap: {0: (1, 'mass', GeV), 1: (2, 'mass', GeV)}
finalState: ['MET', 'MET']
efficiencyMap: [[[1.0,10.0],0.0001252778],
[[1.0,20.0],0.0001415116],
[[1.0,30.0],0.0001656628],
[[1.0,40.0],0.0001240808],
[[1.0,50.0],0.0001302797],
[[1.0,60.0],0.0001181032],
[[5.0,10.0],0.0001193212],
[[7.0,10.0],0.0001412822],
[[9.0,10.0],0.0001317342],
[[10.0,1.0],0.0001252778],
[[10.0,5.0],0.0001193212],
[[10.0,7.0],0.0001412822],
[[10.0,9.0],0.0001317342],
[[10.0,10.0],0.0001199935],
[[12.0,62.0],0.0001324437],
[[12.0,72.0],0.0002130184],
[[12.0,82.0],0.0004296976],
[[12.0,92.0],0.0007669276],
[[12.0,102.0],0.001128427],
[[12.0,212.0],0.004616925],
[[12.0,312.0],0.008089277],
[[15.0,20.0],0.0001313653],
[[17.0,20.0],0.0001569948],
[[19.0,20.0],0.0001226556],
[[20.0,1.0],0.0001415116],
[[20.0,15.0],0.0001313653],
[[20.0,17.0],0.0001569948],
[[20.0,19.0],0.0001226556],
[[20.0,20.0],0.000122902],
[[20.0,30.0],0.0001245873],
[[20.0,40.0],0.0001184167],
[[20.0,50.0],0.0001401265],
[[20.0,60.0],0.00012184],
[[25.0,30.0],0.0001573247],
[[27.0,30.0],0.0001252505],
[[29.0,30.0],0.0001331402],
[[30.0,1.0],0.0001656628],
[[30.0,20.0],0.0001245873],
[[30.0,25.0],0.0001573247],
[[30.0,27.0],0.0001252505],
[[30.0,29.0],0.0001331402],
[[30.0,30.0],0.0001383103],
[[30.0,40.0],0.0001523837],
[[30.0,50.0],0.0001500921],
[[30.0,60.0],0.0002510032],
[[32.0,62.0],0.0004257076],
[[32.0,72.0],0.0007010784],
[[32.0,82.0],0.0009383368],
[[32.0,92.0],0.001449114],
[[32.0,102.0],0.001583261],
[[32.0,112.0],0.001804434],
[[32.0,122.0],0.002170847],
[[32.0,232.0],0.00582963],
[[32.0,332.0],0.009339368],
[[35.0,40.0],0.0001550718],
[[37.0,40.0],0.0001355932],
[[39.0,40.0],0.0001451217],
[[40.0,1.0],0.0001240808],
[[40.0,20.0],0.0001184167],
[[40.0,30.0],0.0001523837],
[[40.0,35.0],0.0001550718],
[[40.0,37.0],0.0001355932],
[[40.0,39.0],0.0001451217],
[[40.0,40.0],0.0001726297],
[[40.0,50.0],0.0002464785],
[[40.0,60.0],0.0006063957],
[[45.0,50.0],0.0004441554],
[[47.0,50.0],0.000495349],
[[49.0,50.0],0.0005804004],
[[50.0,1.0],0.0001302797],
[[50.0,20.0],0.0001401265],
[[50.0,30.0],0.0001500921],
[[50.0,40.0],0.0002464785],
[[50.0,45.0],0.0004441554],
[[50.0,47.0],0.000495349],
[[50.0,49.0],0.0005804004],
[[50.0,50.0],0.0005886907],
[[50.0,60.0],0.0008816496],
[[52.0,62.0],0.001043618],
[[52.0,67.0],0.00106887],
[[52.0,72.0],0.001307398],
[[52.0,82.0],0.001532553],
[[52.0,92.0],0.001825692],
[[52.0,102.0],0.002066388],
[[52.0,112.0],0.002404578],
[[52.0,122.0],0.002756127],
[[52.0,132.0],0.002992399],
[[52.0,142.0],0.003446424],
[[52.0,252.0],0.0070549],
[[52.0,352.0],0.01053045],
[[55.0,60.0],0.00100904],
[[57.0,60.0],0.001074783],
[[59.0,60.0],0.001114515],
[[60.0,1.0],0.0001181032],
[[60.0,20.0],0.00012184],
[[60.0,30.0],0.0002510032],
[[60.0,40.0],0.0006063957],
[[60.0,50.0],0.0008816496],
[[60.0,55.0],0.00100904],
[[60.0,57.0],0.001074783],
[[60.0,59.0],0.001114515],
[[60.0,60.0],0.00114275],
[[62.0,12.0],0.0001324437],
[[62.0,32.0],0.0004257076],
[[62.0,52.0],0.001043618],
[[67.0,52.0],0.00106887],
[[72.0,12.0],0.0002130184],
[[72.0,32.0],0.0007010784],
[[72.0,52.0],0.001307398],
[[72.0,72.0],0.001704149],
[[72.0,75.0],0.001897808],
[[72.0,77.0],0.001912988],
[[72.0,82.0],0.002164613],
[[72.0,87.0],0.002421851],
[[72.0,92.0],0.002415097],
[[72.0,102.0],0.0029251],
[[72.0,112.0],0.003096598],
[[72.0,122.0],0.003292326],
[[72.0,132.0],0.003808139],
[[72.0,142.0],0.00401926],
[[72.0,152.0],0.004322849],
[[72.0,162.0],0.004700527],
[[72.0,272.0],0.008519808],
[[72.0,372.0],0.01191154],
[[75.0,72.0],0.001897808],
[[77.0,72.0],0.001912988],
[[82.0,12.0],0.0004296976],
[[82.0,32.0],0.0009383368],
[[82.0,52.0],0.001532553],
[[82.0,72.0],0.002164613],
[[87.0,72.0],0.002421851],
[[92.0,12.0],0.0007669276],
[[92.0,32.0],0.001449114],
[[92.0,52.0],0.001825692],
[[92.0,72.0],0.002415097],
[[92.0,92.0],0.003040769],
[[92.0,95.0],0.003276502],
[[92.0,97.0],0.003148518],
[[92.0,102.0],0.00353772],
[[92.0,107.0],0.003643648],
[[92.0,112.0],0.003698144],
[[92.0,122.0],0.004018273],
[[92.0,132.0],0.004250824],
[[92.0,142.0],0.004830968],
[[92.0,152.0],0.005082082],
[[92.0,162.0],0.005345648],
[[92.0,172.0],0.005902801],
[[92.0,182.0],0.005990677],
[[92.0,292.0],0.009810698],
[[92.0,392.0],0.0128824],
[[95.0,92.0],0.003276502],
[[97.0,92.0],0.003148518],
[[102.0,12.0],0.001128427],
[[102.0,32.0],0.001583261],
[[102.0,52.0],0.002066388],
[[102.0,72.0],0.0029251],
[[102.0,92.0],0.00353772],
[[102.0,102.0],0.003774916],
[[102.0,105.0],0.004002549],
[[102.0,107.0],0.00373856],
[[102.0,112.0],0.00421101],
[[102.0,117.0],0.004196873],
[[102.0,122.0],0.004219081],
[[102.0,132.0],0.004786131],
[[102.0,142.0],0.00518495],
[[102.0,152.0],0.005366876],
[[102.0,162.0],0.005796846],
[[102.0,172.0],0.006177769],
[[102.0,182.0],0.006487807],
[[102.0,192.0],0.006886011],
[[102.0,302.0],0.01045548],
[[102.0,402.0],0.01365918],
[[105.0,102.0],0.004002549],
[[107.0,92.0],0.003643648],
[[107.0,102.0],0.00373856],
[[112.0,32.0],0.001804434],
[[112.0,52.0],0.002404578],
[[112.0,72.0],0.003096598],
[[112.0,92.0],0.003698144],
[[112.0,102.0],0.00421101],
[[117.0,102.0],0.004196873],
[[122.0,32.0],0.002170847],
[[122.0,52.0],0.002756127],
[[122.0,72.0],0.003292326],
[[122.0,92.0],0.004018273],
[[122.0,102.0],0.004219081],
[[132.0,52.0],0.002992399],
[[132.0,72.0],0.003808139],
[[132.0,92.0],0.004250824],
[[132.0,102.0],0.004786131],
[[142.0,52.0],0.003446424],
[[142.0,72.0],0.00401926],
[[142.0,92.0],0.004830968],
[[142.0,102.0],0.00518495],
[[152.0,72.0],0.004322849],
[[152.0,92.0],0.005082082],
[[152.0,102.0],0.005366876],
[[152.0,152.0],0.007194356],
[[152.0,155.0],0.007319567],
[[152.0,157.0],0.007284647],
[[152.0,162.0],0.007689541],
[[152.0,167.0],0.007576499],
[[152.0,172.0],0.007858068],
[[152.0,182.0],0.008270884],
[[152.0,192.0],0.00840275],
[[152.0,202.0],0.00903977],
[[152.0,212.0],0.009143011],
[[152.0,222.0],0.009403025],
[[152.0,232.0],0.009988557],
[[152.0,242.0],0.01034097],
[[152.0,352.0],0.01374267],
[[152.0,452.0],0.01639963],
[[155.0,152.0],0.007319567],
[[157.0,152.0],0.007284647],
[[162.0,72.0],0.004700527],
[[162.0,92.0],0.005345648],
[[162.0,102.0],0.005796846],
[[162.0,152.0],0.007689541],
[[167.0,152.0],0.007576499],
[[172.0,92.0],0.005902801],
[[172.0,102.0],0.006177769],
[[172.0,152.0],0.007858068],
[[182.0,92.0],0.005990677],
[[182.0,102.0],0.006487807],
[[182.0,152.0],0.008270884],
[[192.0,102.0],0.006886011],
[[192.0,152.0],0.00840275],
[[202.0,152.0],0.00903977],
[[202.0,202.0],0.01074581],
[[202.0,205.0],0.01063608],
[[202.0,207.0],0.01076618],
[[202.0,212.0],0.010865],
[[202.0,217.0],0.01105783],
[[202.0,222.0],0.01115625],
[[202.0,232.0],0.01167092],
[[202.0,242.0],0.01185167],
[[202.0,252.0],0.01218508],
[[202.0,262.0],0.01248011],
[[202.0,272.0],0.01307485],
[[202.0,282.0],0.01319162],
[[202.0,292.0],0.013506],
[[202.0,402.0],0.01667326],
[[202.0,502.0],0.01910214],
[[205.0,202.0],0.01063608],
[[207.0,202.0],0.01076618],
[[212.0,12.0],0.004616925],
[[212.0,152.0],0.009143011],
[[212.0,202.0],0.010865],
[[217.0,202.0],0.01105783],
[[222.0,152.0],0.009403025],
[[222.0,202.0],0.01115625],
[[232.0,32.0],0.00582963],
[[232.0,152.0],0.009988557],
[[232.0,202.0],0.01167092],
[[242.0,152.0],0.01034097],
[[242.0,202.0],0.01185167],
[[252.0,52.0],0.0070549],
[[252.0,202.0],0.01218508],
[[252.0,252.0],0.0138928],
[[252.0,255.0],0.01393374],
[[252.0,257.0],0.01401398],
[[252.0,262.0],0.01423909],
[[252.0,267.0],0.01427448],
[[252.0,272.0],0.01432999],
[[252.0,282.0],0.01471058],
[[252.0,292.0],0.01505015],
[[252.0,302.0],0.01537265],
[[252.0,312.0],0.01581072],
[[252.0,322.0],0.01586329],
[[252.0,332.0],0.01608541],
[[252.0,342.0],0.01634284],
[[252.0,452.0],0.01928655],
[[252.0,552.0],0.02157824],
[[255.0,252.0],0.01393374],
[[257.0,252.0],0.01401398],
[[262.0,202.0],0.01248011],
[[262.0,252.0],0.01423909],
[[267.0,252.0],0.01427448],
[[272.0,72.0],0.008519808],
[[272.0,202.0],0.01307485],
[[272.0,252.0],0.01432999],
[[282.0,202.0],0.01319162],
[[282.0,252.0],0.01471058],
[[292.0,92.0],0.009810698],
[[292.0,202.0],0.013506],
[[292.0,252.0],0.01505015],
[[302.0,102.0],0.01045548],
[[302.0,252.0],0.01537265],
[[302.0,302.0],0.01683004],
[[302.0,305.0],0.01708128],
[[302.0,307.0],0.0169079],
[[302.0,312.0],0.01706536],
[[302.0,317.0],0.01728242],
[[302.0,322.0],0.01728737],
[[302.0,332.0],0.01731621],
[[302.0,342.0],0.01790307],
[[302.0,352.0],0.01802386],
[[302.0,362.0],0.01809743],
[[302.0,372.0],0.01870108],
[[302.0,382.0],0.01892361],
[[302.0,392.0],0.01911857],
[[302.0,502.0],0.02171206],
[[302.0,602.0],0.02373498],
[[305.0,302.0],0.01708128],
[[307.0,302.0],0.0169079],
[[312.0,12.0],0.008089277],
[[312.0,252.0],0.01581072],
[[312.0,302.0],0.01706536],
[[317.0,302.0],0.01728242],
[[322.0,252.0],0.01586329],
[[322.0,302.0],0.01728737],
[[332.0,32.0],0.009339368],
[[332.0,252.0],0.01608541],
[[332.0,302.0],0.01731621],
[[342.0,252.0],0.01634284],
[[342.0,302.0],0.01790307],
[[352.0,52.0],0.01053045],
[[352.0,152.0],0.01374267],
[[352.0,302.0],0.01802386],
[[352.0,352.0],0.0193196],
[[352.0,355.0],0.01981736],
[[352.0,357.0],0.01978738],
[[352.0,362.0],0.02014943],
[[352.0,367.0],0.01987629],
[[352.0,372.0],0.02021147],
[[352.0,382.0],0.02029459],
[[352.0,392.0],0.0202741],
[[352.0,402.0],0.02070724],
[[352.0,412.0],0.02109542],
[[352.0,422.0],0.0212675],
[[352.0,432.0],0.02141628],
[[352.0,442.0],0.02145998],
[[352.0,552.0],0.02394308],
[[352.0,652.0],0.02569093],
[[355.0,352.0],0.01981736],
[[357.0,352.0],0.01978738],
[[362.0,302.0],0.01809743],
[[362.0,352.0],0.02014943],
[[367.0,352.0],0.01987629],
[[372.0,72.0],0.01191154],
[[372.0,302.0],0.01870108],
[[372.0,352.0],0.02021147],
[[382.0,302.0],0.01892361],
[[382.0,352.0],0.02029459],
[[392.0,92.0],0.0128824],
[[392.0,302.0],0.01911857],
[[392.0,352.0],0.0202741],
[[402.0,102.0],0.01365918],
[[402.0,202.0],0.01667326],
[[402.0,352.0],0.02070724],
[[402.0,402.0],0.02209573],
[[402.0,405.0],0.02201635],
[[402.0,407.0],0.02244655],
[[402.0,412.0],0.02228836],
[[402.0,417.0],0.02241743],
[[402.0,422.0],0.02239031],
[[402.0,432.0],0.0226065],
[[402.0,442.0],0.02317167],
[[402.0,452.0],0.02318436],
[[402.0,462.0],0.02330474],
[[402.0,472.0],0.02344652],
[[402.0,482.0],0.02386636],
[[402.0,492.0],0.02399448],
[[402.0,602.0],0.02590081],
[[402.0,702.0],0.02749369],
[[405.0,402.0],0.02201635],
[[407.0,402.0],0.02244655],
[[412.0,352.0],0.02109542],
[[412.0,402.0],0.02228836],
[[417.0,402.0],0.02241743],
[[422.0,352.0],0.0212675],
[[422.0,402.0],0.02239031],
[[432.0,352.0],0.02141628],
[[432.0,402.0],0.0226065],
[[442.0,352.0],0.02145998],
[[442.0,402.0],0.02317167],
[[452.0,152.0],0.01639963],
[[452.0,252.0],0.01928655],
[[452.0,402.0],0.02318436],
[[462.0,402.0],0.02330474],
[[472.0,402.0],0.02344652],
[[482.0,402.0],0.02386636],
[[492.0,402.0],0.02399448],
[[502.0,202.0],0.01910214],
[[502.0,302.0],0.02171206],
[[552.0,252.0],0.02157824],
[[552.0,352.0],0.02394308],
[[602.0,302.0],0.02373498],
[[602.0,402.0],0.02590081],
[[602.0,602.0],0.03008989],
[[602.0,605.0],0.03003696],
[[602.0,607.0],0.03011376],
[[602.0,612.0],0.03039016],
[[602.0,617.0],0.03049047],
[[602.0,622.0],0.03046698],
[[602.0,632.0],0.03052947],
[[602.0,642.0],0.03063267],
[[602.0,652.0],0.03080381],
[[602.0,662.0],0.03086935],
[[602.0,672.0],0.03099148],
[[602.0,682.0],0.03116443],
[[602.0,692.0],0.03122956],
[[602.0,802.0],0.03260746],
[[602.0,902.0],0.03356351],
[[605.0,602.0],0.03003696],
[[607.0,602.0],0.03011376],
[[612.0,602.0],0.03039016],
[[617.0,602.0],0.03049047],
[[622.0,602.0],0.03046698],
[[632.0,602.0],0.03052947],
[[642.0,602.0],0.03063267],
[[652.0,352.0],0.02569093],
[[652.0,602.0],0.03080381],
[[662.0,602.0],0.03086935],
[[672.0,602.0],0.03099148],
[[682.0,602.0],0.03116443],
[[692.0,602.0],0.03122956],
[[702.0,402.0],0.02749369],
[[802.0,602.0],0.03260746],
[[802.0,802.0],0.03569923],
[[802.0,805.0],0.03542711],
[[802.0,807.0],0.03569434],
[[802.0,812.0],0.03577509],
[[802.0,817.0],0.03572204],
[[802.0,822.0],0.0357836],
[[802.0,832.0],0.03616835],
[[802.0,842.0],0.03576438],
[[802.0,852.0],0.03642975],
[[802.0,862.0],0.03591669],
[[802.0,872.0],0.03636214],
[[802.0,882.0],0.03629871],
[[802.0,892.0],0.03624784],
[[802.0,1002.0],0.03736332],
[[802.0,1102.0],0.03780945],
[[805.0,802.0],0.03542711],
[[807.0,802.0],0.03569434],
[[812.0,802.0],0.03577509],
[[817.0,802.0],0.03572204],
[[822.0,802.0],0.0357836],
[[832.0,802.0],0.03616835],
[[842.0,802.0],0.03576438],
[[852.0,802.0],0.03642975],
[[862.0,802.0],0.03591669],
[[872.0,802.0],0.03636214],
[[882.0,802.0],0.03629871],
[[892.0,802.0],0.03624784],
[[902.0,602.0],0.03356351],
[[1002.0,802.0],0.03736332],
[[1002.0,1002.0],0.03960516],
[[1002.0,1005.0],0.03957114],
[[1002.0,1007.0],0.03948547],
[[1002.0,1012.0],0.03944005],
[[1002.0,1017.0],0.03942935],
[[1002.0,1022.0],0.03961215],
[[1002.0,1032.0],0.03951358],
[[1002.0,1042.0],0.03969043],
[[1002.0,1052.0],0.03989973],
[[1002.0,1062.0],0.03975431],
[[1002.0,1072.0],0.03940004],
[[1002.0,1082.0],0.04003481],
[[1002.0,1092.0],0.03972281],
[[1002.0,1202.0],0.04042015],
[[1002.0,1302.0],0.04042218],
[[1005.0,1002.0],0.03957114],
[[1007.0,1002.0],0.03948547],
[[1012.0,1002.0],0.03944005],
[[1017.0,1002.0],0.03942935],
[[1022.0,1002.0],0.03961215],
[[1032.0,1002.0],0.03951358],
[[1042.0,1002.0],0.03969043],
[[1052.0,1002.0],0.03989973],
[[1062.0,1002.0],0.03975431],
[[1072.0,1002.0],0.03940004],
[[1082.0,1002.0],0.04003481],
[[1092.0,1002.0],0.03972281],
[[1102.0,802.0],0.03780945],
[[1202.0,1002.0],0.04042015],
[[1202.0,1202.0],0.0417474],
[[1202.0,1205.0],0.04205721],
[[1202.0,1207.0],0.0418924],
[[1202.0,1212.0],0.0417379],
[[1202.0,1217.0],0.04234375],
[[1202.0,1222.0],0.04206627],
[[1202.0,1232.0],0.04198194],
[[1202.0,1242.0],0.04209623],
[[1202.0,1252.0],0.04172972],
[[1202.0,1262.0],0.04181143],
[[1202.0,1272.0],0.04207924],
[[1202.0,1282.0],0.04182253],
[[1202.0,1292.0],0.04221233],
[[1202.0,1402.0],0.04224293],
[[1202.0,1502.0],0.04207143],
[[1205.0,1202.0],0.04205721],
[[1207.0,1202.0],0.0418924],
[[1212.0,1202.0],0.0417379],
[[1217.0,1202.0],0.04234375],
[[1222.0,1202.0],0.04206627],
[[1232.0,1202.0],0.04198194],
[[1242.0,1202.0],0.04209623],
[[1252.0,1202.0],0.04172972],
[[1262.0,1202.0],0.04181143],
[[1272.0,1202.0],0.04207924],
[[1282.0,1202.0],0.04182253],
[[1292.0,1202.0],0.04221233],
[[1302.0,1002.0],0.04042218],
[[1402.0,1202.0],0.04224293],
[[1402.0,1402.0],0.04325063],
[[1402.0,1405.0],0.04310112],
[[1402.0,1407.0],0.04281725],
[[1402.0,1412.0],0.04329708],
[[1402.0,1417.0],0.04302692],
[[1402.0,1422.0],0.04290581],
[[1402.0,1432.0],0.04303116],
[[1402.0,1442.0],0.04275893],
[[1402.0,1452.0],0.04324679],
[[1402.0,1462.0],0.04309457],
[[1402.0,1472.0],0.04305914],
[[1402.0,1482.0],0.0431101],
[[1402.0,1492.0],0.04340709],
[[1402.0,1602.0],0.0431872],
[[1402.0,1702.0],0.0431846],
[[1405.0,1402.0],0.04310112],
[[1407.0,1402.0],0.04281725],
[[1412.0,1402.0],0.04329708],
[[1417.0,1402.0],0.04302692],
[[1422.0,1402.0],0.04290581],
[[1432.0,1402.0],0.04303116],
[[1442.0,1402.0],0.04275893],
[[1452.0,1402.0],0.04324679],
[[1462.0,1402.0],0.04309457],
[[1472.0,1402.0],0.04305914],
[[1482.0,1402.0],0.0431101],
[[1492.0,1402.0],0.04340709],
[[1502.0,1202.0],0.04207143],
[[1602.0,1402.0],0.0431872],
[[1602.0,1602.0],0.04362904],
[[1602.0,1605.0],0.04397273],
[[1602.0,1607.0],0.04436969],
[[1602.0,1612.0],0.0439457],
[[1602.0,1617.0],0.04378416],
[[1602.0,1622.0],0.04387765],
[[1602.0,1632.0],0.04377212],
[[1602.0,1642.0],0.04356305],
[[1602.0,1652.0],0.04378254],
[[1602.0,1662.0],0.04381319],
[[1602.0,1672.0],0.04386774],
[[1602.0,1682.0],0.04405133],
[[1602.0,1692.0],0.04399653],
[[1602.0,1802.0],0.0439741],
[[1602.0,1902.0],0.04439532],
[[1605.0,1602.0],0.04397273],
[[1607.0,1602.0],0.04436969],
[[1612.0,1602.0],0.0439457],
[[1617.0,1602.0],0.04378416],
[[1622.0,1602.0],0.04387765],
[[1632.0,1602.0],0.04377212],
[[1642.0,1602.0],0.04356305],
[[1652.0,1602.0],0.04378254],
[[1662.0,1602.0],0.04381319],
[[1672.0,1602.0],0.04386774],
[[1682.0,1602.0],0.04405133],
[[1692.0,1602.0],0.04399653],
[[1702.0,1402.0],0.0431846],
[[1802.0,1602.0],0.0439741],
[[1802.0,1802.0],0.0446547],
[[1802.0,1805.0],0.04454947],
[[1802.0,1807.0],0.04464158],
[[1802.0,1812.0],0.04459651],
[[1802.0,1817.0],0.04434187],
[[1802.0,1822.0],0.04477176],
[[1802.0,1832.0],0.04437414],
[[1802.0,1842.0],0.04417499],
[[1802.0,1852.0],0.04477895],
[[1802.0,1862.0],0.04430422],
[[1802.0,1872.0],0.04444874],
[[1802.0,1882.0],0.04476657],
[[1802.0,1892.0],0.04441418],
[[1802.0,2002.0],0.04427334],
[[1802.0,2102.0],0.04424447],
[[1805.0,1802.0],0.04454947],
[[1807.0,1802.0],0.04464158],
[[1812.0,1802.0],0.04459651],
[[1817.0,1802.0],0.04434187],
[[1822.0,1802.0],0.04477176],
[[1832.0,1802.0],0.04437414],
[[1842.0,1802.0],0.04417499],
[[1852.0,1802.0],0.04477895],
[[1862.0,1802.0],0.04430422],
[[1872.0,1802.0],0.04444874],
[[1882.0,1802.0],0.04476657],
[[1892.0,1802.0],0.04441418],
[[1902.0,1602.0],0.04439532],
[[2002.0,1802.0],0.04427334],
[[2002.0,2002.0],0.04498057],
[[2002.0,2005.0],0.04471557],
[[2002.0,2007.0],0.0444811],
[[2002.0,2012.0],0.0448513],
[[2002.0,2017.0],0.04487488],
[[2002.0,2022.0],0.04480309],
[[2002.0,2032.0],0.04440736],
[[2002.0,2042.0],0.04466055],
[[2002.0,2052.0],0.04430574],
[[2002.0,2062.0],0.04447274],
[[2002.0,2072.0],0.04438864],
[[2002.0,2082.0],0.04444272],
[[2002.0,2092.0],0.0447631],
[[2002.0,2202.0],0.04424401],
[[2002.0,2302.0],0.04468963],
[[2005.0,2002.0],0.04471557],
[[2007.0,2002.0],0.0444811],
[[2012.0,2002.0],0.0448513],
[[2017.0,2002.0],0.04487488],
[[2022.0,2002.0],0.04480309],
[[2032.0,2002.0],0.04440736],
[[2042.0,2002.0],0.04466055],
[[2052.0,2002.0],0.04430574],
[[2062.0,2002.0],0.04447274],
[[2072.0,2002.0],0.04438864],
[[2082.0,2002.0],0.04444272],
[[2092.0,2002.0],0.0447631],
[[2102.0,1802.0],0.04424447],
[[2202.0,2002.0],0.04424401],
[[2302.0,2002.0],0.04468963]]
