dataId: SR_2018_17
dataType: efficiencyMap
observedN: 191
expectedBG: 176.4562798
bgError: 8.48834561737445
upperLimit: 0.3234*fb
expectedUpperLimit: 0.2572*fb
