txName: TChiISR
constraint: {(PV > MET(1), MET(2))}
condition: None
conditionDescription: None
figureUrl: None
source: Recast by MA5
validated: True
axesMap: [{0: 'x', 1: 'y'}]
dataMap: {0: (1, 'mass', GeV), 1: (2, 'mass', GeV)}
finalState: ['MET', 'MET']
efficiencyMap: [[[1.0,10.0],4.802747e-08],
[[1.0,20.0],2.408502e-07],
[[1.0,30.0],1.298832e-07],
[[1.0,40.0],6.701152e-08],
[[1.0,50.0],3.273594e-07],
[[1.0,60.0],1.249939e-07],
[[5.0,10.0],1.555886e-07],
[[7.0,10.0],3.896043e-08],
[[9.0,10.0],7.717438e-08],
[[10.0,1.0],4.802747e-08],
[[10.0,5.0],1.555886e-07],
[[10.0,7.0],3.896043e-08],
[[10.0,9.0],7.717438e-08],
[[10.0,10.0],4.350871e-08],
[[12.0,62.0],1.117003e-07],
[[12.0,72.0],8.453834e-08],
[[12.0,82.0],6.84348e-07],
[[12.0,92.0],1.00155e-06],
[[12.0,102.0],9.396731e-07],
[[12.0,212.0],6.894972e-06],
[[12.0,312.0],1.642155e-05],
[[15.0,20.0],4.796976e-08],
[[17.0,20.0],1.087848e-07],
[[19.0,20.0],6.37187e-08],
[[20.0,1.0],2.408502e-07],
[[20.0,15.0],4.796976e-08],
[[20.0,17.0],1.087848e-07],
[[20.0,19.0],6.37187e-08],
[[20.0,20.0],3.325405e-07],
[[20.0,30.0],2.491781e-07],
[[20.0,40.0],1.861507e-07],
[[20.0,50.0],5.734291e-08],
[[20.0,60.0],1.706498e-07],
[[25.0,30.0],6.136132e-08],
[[27.0,30.0],2.383183e-07],
[[29.0,30.0],5.043641e-08],
[[30.0,1.0],1.298832e-07],
[[30.0,20.0],2.491781e-07],
[[30.0,25.0],6.136132e-08],
[[30.0,27.0],2.383183e-07],
[[30.0,29.0],5.043641e-08],
[[30.0,30.0],4.924607e-08],
[[30.0,40.0],1.7038e-07],
[[30.0,50.0],6.129463e-07],
[[30.0,60.0],2.424646e-07],
[[32.0,62.0],2.499329e-07],
[[32.0,72.0],8.249027e-07],
[[32.0,82.0],9.189541e-07],
[[32.0,92.0],1.156121e-06],
[[32.0,102.0],1.625326e-06],
[[32.0,112.0],2.639042e-06],
[[32.0,122.0],1.246954e-05],
[[32.0,232.0],1.030901e-05],
[[32.0,332.0],1.999541e-05],
[[35.0,40.0],4.114221e-08],
[[37.0,40.0],1.379165e-07],
[[39.0,40.0],2.68601e-07],
[[40.0,1.0],6.701152e-08],
[[40.0,20.0],1.861507e-07],
[[40.0,30.0],1.7038e-07],
[[40.0,35.0],4.114221e-08],
[[40.0,37.0],1.379165e-07],
[[40.0,39.0],2.68601e-07],
[[40.0,40.0],6.53958e-08],
[[40.0,50.0],1.59195e-07],
[[40.0,60.0],4.184489e-07],
[[45.0,50.0],3.334088e-07],
[[47.0,50.0],7.934198e-07],
[[49.0,50.0],4.195535e-07],
[[50.0,1.0],3.273594e-07],
[[50.0,20.0],5.734291e-08],
[[50.0,30.0],6.129463e-07],
[[50.0,40.0],1.59195e-07],
[[50.0,45.0],3.334088e-07],
[[50.0,47.0],7.934198e-07],
[[50.0,49.0],4.195535e-07],
[[50.0,50.0],5.284502e-07],
[[50.0,60.0],6.534028e-07],
[[52.0,62.0],9.571283e-07],
[[52.0,67.0],1.165024e-06],
[[52.0,72.0],1.107347e-06],
[[52.0,82.0],1.628935e-06],
[[52.0,92.0],2.086604e-06],
[[52.0,102.0],5.515549e-06],
[[52.0,112.0],5.895828e-06],
[[52.0,122.0],3.976597e-06],
[[52.0,132.0],3.811673e-06],
[[52.0,142.0],4.935676e-06],
[[52.0,252.0],1.582866e-05],
[[52.0,352.0],2.600621e-05],
[[55.0,60.0],1.309385e-06],
[[57.0,60.0],1.16822e-06],
[[59.0,60.0],1.068765e-06],
[[60.0,1.0],1.249939e-07],
[[60.0,20.0],1.706498e-07],
[[60.0,30.0],2.424646e-07],
[[60.0,40.0],4.184489e-07],
[[60.0,50.0],6.534028e-07],
[[60.0,55.0],1.309385e-06],
[[60.0,57.0],1.16822e-06],
[[60.0,59.0],1.068765e-06],
[[60.0,60.0],1.517689e-06],
[[62.0,12.0],1.117003e-07],
[[62.0,32.0],2.499329e-07],
[[62.0,52.0],9.571283e-07],
[[67.0,52.0],1.165024e-06],
[[72.0,12.0],8.453834e-08],
[[72.0,32.0],8.249027e-07],
[[72.0,52.0],1.107347e-06],
[[72.0,72.0],1.922335e-06],
[[72.0,75.0],2.381e-06],
[[72.0,77.0],2.084084e-06],
[[72.0,82.0],3.540092e-06],
[[72.0,87.0],2.988507e-06],
[[72.0,92.0],3.649809e-06],
[[72.0,102.0],5.064262e-06],
[[72.0,112.0],4.603892e-06],
[[72.0,122.0],6.260059e-06],
[[72.0,132.0],7.245935e-06],
[[72.0,142.0],7.589901e-06],
[[72.0,152.0],9.095458e-06],
[[72.0,162.0],6.531764e-06],
[[72.0,272.0],1.95305e-05],
[[72.0,372.0],3.114045e-05],
[[75.0,72.0],2.381e-06],
[[77.0,72.0],2.084084e-06],
[[82.0,12.0],6.84348e-07],
[[82.0,32.0],9.189541e-07],
[[82.0,52.0],1.628935e-06],
[[82.0,72.0],3.540092e-06],
[[87.0,72.0],2.988507e-06],
[[92.0,12.0],1.00155e-06],
[[92.0,32.0],1.156121e-06],
[[92.0,52.0],2.086604e-06],
[[92.0,72.0],3.649809e-06],
[[92.0,92.0],6.830647e-06],
[[92.0,95.0],3.807586e-06],
[[92.0,97.0],8.928227e-06],
[[92.0,102.0],6.65263e-06],
[[92.0,107.0],4.570809e-06],
[[92.0,112.0],5.877257e-06],
[[92.0,122.0],6.7896e-06],
[[92.0,132.0],6.853557e-06],
[[92.0,142.0],7.912977e-06],
[[92.0,152.0],2.31485e-05],
[[92.0,162.0],7.898066e-06],
[[92.0,172.0],1.23685e-05],
[[92.0,182.0],1.903941e-05],
[[92.0,292.0],1.88939e-05],
[[92.0,392.0],3.237675e-05],
[[95.0,92.0],3.807586e-06],
[[97.0,92.0],8.928227e-06],
[[102.0,12.0],9.396731e-07],
[[102.0,32.0],1.625326e-06],
[[102.0,52.0],5.515549e-06],
[[102.0,72.0],5.064262e-06],
[[102.0,92.0],6.65263e-06],
[[102.0,102.0],6.434891e-06],
[[102.0,105.0],6.25256e-06],
[[102.0,107.0],6.454269e-06],
[[102.0,112.0],7.172193e-06],
[[102.0,117.0],7.230351e-06],
[[102.0,122.0],6.030027e-06],
[[102.0,132.0],7.874004e-06],
[[102.0,142.0],1.260289e-05],
[[102.0,152.0],9.302937e-06],
[[102.0,162.0],1.323395e-05],
[[102.0,172.0],1.580498e-05],
[[102.0,182.0],1.873569e-05],
[[102.0,192.0],1.376719e-05],
[[102.0,302.0],2.772412e-05],
[[102.0,402.0],3.673372e-05],
[[105.0,102.0],6.25256e-06],
[[107.0,92.0],4.570809e-06],
[[107.0,102.0],6.454269e-06],
[[112.0,32.0],2.639042e-06],
[[112.0,52.0],5.895828e-06],
[[112.0,72.0],4.603892e-06],
[[112.0,92.0],5.877257e-06],
[[112.0,102.0],7.172193e-06],
[[117.0,102.0],7.230351e-06],
[[122.0,32.0],1.246954e-05],
[[122.0,52.0],3.976597e-06],
[[122.0,72.0],6.260059e-06],
[[122.0,92.0],6.7896e-06],
[[122.0,102.0],6.030027e-06],
[[132.0,52.0],3.811673e-06],
[[132.0,72.0],7.245935e-06],
[[132.0,92.0],6.853557e-06],
[[132.0,102.0],7.874004e-06],
[[142.0,52.0],4.935676e-06],
[[142.0,72.0],7.589901e-06],
[[142.0,92.0],7.912977e-06],
[[142.0,102.0],1.260289e-05],
[[152.0,72.0],9.095458e-06],
[[152.0,92.0],2.31485e-05],
[[152.0,102.0],9.302937e-06],
[[152.0,152.0],1.230167e-05],
[[152.0,155.0],1.313524e-05],
[[152.0,157.0],1.315835e-05],
[[152.0,162.0],1.604902e-05],
[[152.0,167.0],1.537818e-05],
[[152.0,172.0],2.47243e-05],
[[152.0,182.0],1.693542e-05],
[[152.0,192.0],1.783243e-05],
[[152.0,202.0],2.124256e-05],
[[152.0,212.0],1.907912e-05],
[[152.0,222.0],2.02109e-05],
[[152.0,232.0],1.989966e-05],
[[152.0,242.0],2.457206e-05],
[[152.0,352.0],3.743149e-05],
[[152.0,452.0],4.735968e-05],
[[155.0,152.0],1.313524e-05],
[[157.0,152.0],1.315835e-05],
[[162.0,72.0],6.531764e-06],
[[162.0,92.0],7.898066e-06],
[[162.0,102.0],1.323395e-05],
[[162.0,152.0],1.604902e-05],
[[167.0,152.0],1.537818e-05],
[[172.0,92.0],1.23685e-05],
[[172.0,102.0],1.580498e-05],
[[172.0,152.0],2.47243e-05],
[[182.0,92.0],1.903941e-05],
[[182.0,102.0],1.873569e-05],
[[182.0,152.0],1.693542e-05],
[[192.0,102.0],1.376719e-05],
[[192.0,152.0],1.783243e-05],
[[202.0,152.0],2.124256e-05],
[[202.0,202.0],2.637076e-05],
[[202.0,205.0],2.608278e-05],
[[202.0,207.0],2.473811e-05],
[[202.0,212.0],2.874669e-05],
[[202.0,217.0],2.644181e-05],
[[202.0,222.0],2.650383e-05],
[[202.0,232.0],2.859163e-05],
[[202.0,242.0],3.192799e-05],
[[202.0,252.0],3.609598e-05],
[[202.0,262.0],3.403103e-05],
[[202.0,272.0],3.756908e-05],
[[202.0,282.0],3.104443e-05],
[[202.0,402.0],4.93402e-05],
[[202.0,502.0],5.474167e-05],
[[205.0,202.0],2.608278e-05],
[[207.0,202.0],2.473811e-05],
[[212.0,12.0],6.894972e-06],
[[212.0,152.0],1.907912e-05],
[[212.0,202.0],2.874669e-05],
[[217.0,202.0],2.644181e-05],
[[222.0,152.0],2.02109e-05],
[[222.0,202.0],2.650383e-05],
[[232.0,32.0],1.030901e-05],
[[232.0,152.0],1.989966e-05],
[[232.0,202.0],2.859163e-05],
[[242.0,152.0],2.457206e-05],
[[242.0,202.0],3.192799e-05],
[[252.0,52.0],1.582866e-05],
[[252.0,202.0],3.609598e-05],
[[252.0,252.0],3.085321e-05],
[[252.0,255.0],3.235724e-05],
[[252.0,257.0],3.708488e-05],
[[252.0,262.0],4.363218e-05],
[[252.0,267.0],4.066714e-05],
[[252.0,272.0],3.884438e-05],
[[252.0,282.0],3.951028e-05],
[[252.0,292.0],3.84792e-05],
[[252.0,302.0],3.810499e-05],
[[252.0,312.0],4.525863e-05],
[[252.0,322.0],4.814238e-05],
[[252.0,332.0],4.822613e-05],
[[252.0,342.0],5.105643e-05],
[[252.0,452.0],6.021493e-05],
[[252.0,552.0],7.104669e-05],
[[255.0,252.0],3.235724e-05],
[[257.0,252.0],3.708488e-05],
[[262.0,202.0],3.403103e-05],
[[262.0,252.0],4.363218e-05],
[[267.0,252.0],4.066714e-05],
[[272.0,72.0],1.95305e-05],
[[272.0,202.0],3.756908e-05],
[[272.0,252.0],3.884438e-05],
[[282.0,202.0],3.104443e-05],
[[282.0,252.0],3.951028e-05],
[[292.0,92.0],1.88939e-05],
[[292.0,252.0],3.84792e-05],
[[302.0,102.0],2.772412e-05],
[[302.0,252.0],3.810499e-05],
[[302.0,302.0],4.315189e-05],
[[302.0,305.0],4.820396e-05],
[[302.0,307.0],5.653886e-05],
[[302.0,312.0],5.743683e-05],
[[302.0,317.0],5.746317e-05],
[[302.0,322.0],5.247014e-05],
[[302.0,332.0],5.613288e-05],
[[302.0,342.0],5.658263e-05],
[[302.0,352.0],5.419232e-05],
[[302.0,362.0],5.776063e-05],
[[302.0,372.0],5.908959e-05],
[[302.0,382.0],5.820701e-05],
[[302.0,392.0],5.549858e-05],
[[302.0,502.0],6.57413e-05],
[[302.0,602.0],8.125118e-05],
[[305.0,302.0],4.820396e-05],
[[307.0,302.0],5.653886e-05],
[[312.0,12.0],1.642155e-05],
[[312.0,252.0],4.525863e-05],
[[312.0,302.0],5.743683e-05],
[[317.0,302.0],5.746317e-05],
[[322.0,252.0],4.814238e-05],
[[322.0,302.0],5.247014e-05],
[[332.0,32.0],1.999541e-05],
[[332.0,252.0],4.822613e-05],
[[332.0,302.0],5.613288e-05],
[[342.0,252.0],5.105643e-05],
[[342.0,302.0],5.658263e-05],
[[352.0,52.0],2.600621e-05],
[[352.0,152.0],3.743149e-05],
[[352.0,302.0],5.419232e-05],
[[352.0,352.0],5.881791e-05],
[[352.0,355.0],6.838958e-05],
[[352.0,357.0],6.167919e-05],
[[352.0,362.0],6.575771e-05],
[[352.0,367.0],5.809321e-05],
[[352.0,372.0],6.906346e-05],
[[352.0,382.0],5.640276e-05],
[[352.0,392.0],6.855484e-05],
[[352.0,402.0],6.523273e-05],
[[352.0,412.0],6.682808e-05],
[[352.0,422.0],6.731761e-05],
[[352.0,432.0],6.750942e-05],
[[352.0,442.0],6.574303e-05],
[[352.0,552.0],8.25581e-05],
[[352.0,652.0],9.982935e-05],
[[355.0,352.0],6.838958e-05],
[[357.0,352.0],6.167919e-05],
[[362.0,302.0],5.776063e-05],
[[362.0,352.0],6.575771e-05],
[[367.0,352.0],5.809321e-05],
[[372.0,72.0],3.114045e-05],
[[372.0,302.0],5.908959e-05],
[[372.0,352.0],6.906346e-05],
[[382.0,302.0],5.820701e-05],
[[382.0,352.0],5.640276e-05],
[[392.0,92.0],3.237675e-05],
[[392.0,302.0],5.549858e-05],
[[392.0,352.0],6.855484e-05],
[[402.0,102.0],3.673372e-05],
[[402.0,202.0],4.93402e-05],
[[402.0,352.0],6.523273e-05],
[[402.0,402.0],7.227179e-05],
[[402.0,405.0],7.645349e-05],
[[402.0,407.0],7.27785e-05],
[[402.0,412.0],6.870204e-05],
[[402.0,417.0],7.726604e-05],
[[402.0,422.0],7.111764e-05],
[[402.0,432.0],7.798882e-05],
[[402.0,442.0],7.954154e-05],
[[402.0,452.0],9.230078e-05],
[[402.0,462.0],7.299261e-05],
[[402.0,472.0],8.510625e-05],
[[402.0,482.0],8.902296e-05],
[[402.0,492.0],8.442687e-05],
[[402.0,602.0],9.389944e-05],
[[402.0,702.0],0.0001043077],
[[405.0,402.0],7.645349e-05],
[[407.0,402.0],7.27785e-05],
[[412.0,352.0],6.682808e-05],
[[412.0,402.0],6.870204e-05],
[[417.0,402.0],7.726604e-05],
[[422.0,352.0],6.731761e-05],
[[422.0,402.0],7.111764e-05],
[[432.0,352.0],6.750942e-05],
[[432.0,402.0],7.798882e-05],
[[442.0,352.0],6.574303e-05],
[[442.0,402.0],7.954154e-05],
[[452.0,152.0],4.735968e-05],
[[452.0,252.0],6.021493e-05],
[[452.0,402.0],9.230078e-05],
[[462.0,402.0],7.299261e-05],
[[472.0,402.0],8.510625e-05],
[[482.0,402.0],8.902296e-05],
[[492.0,402.0],8.442687e-05],
[[502.0,202.0],5.474167e-05],
[[502.0,302.0],6.57413e-05],
[[552.0,252.0],7.104669e-05],
[[552.0,352.0],8.25581e-05],
[[602.0,302.0],8.125118e-05],
[[602.0,402.0],9.389944e-05],
[[602.0,602.0],0.0001072008],
[[602.0,605.0],0.0001212655],
[[602.0,607.0],0.0001200564],
[[602.0,612.0],0.0001171244],
[[602.0,617.0],0.0001168884],
[[602.0,622.0],0.0001145927],
[[602.0,632.0],0.0001227138],
[[602.0,642.0],0.0001126737],
[[602.0,652.0],0.0001209299],
[[602.0,662.0],0.0001182459],
[[602.0,672.0],0.0001169607],
[[602.0,682.0],0.0001174346],
[[602.0,692.0],0.0001181071],
[[602.0,802.0],0.0001329058],
[[602.0,902.0],0.0001385095],
[[605.0,602.0],0.0001212655],
[[607.0,602.0],0.0001200564],
[[612.0,602.0],0.0001171244],
[[617.0,602.0],0.0001168884],
[[622.0,602.0],0.0001145927],
[[632.0,602.0],0.0001227138],
[[642.0,602.0],0.0001126737],
[[652.0,352.0],9.982935e-05],
[[652.0,602.0],0.0001209299],
[[662.0,602.0],0.0001182459],
[[672.0,602.0],0.0001169607],
[[682.0,602.0],0.0001174346],
[[692.0,602.0],0.0001181071],
[[702.0,402.0],0.0001043077],
[[802.0,602.0],0.0001329058],
[[802.0,802.0],0.0001438129],
[[802.0,805.0],0.000140614],
[[802.0,807.0],0.0001464118],
[[802.0,812.0],0.0001497509],
[[802.0,817.0],0.0001450823],
[[802.0,822.0],0.0001537254],
[[802.0,832.0],0.00015858],
[[802.0,842.0],0.0001457386],
[[802.0,852.0],0.0001424417],
[[802.0,862.0],0.0001504863],
[[802.0,872.0],0.0001455824],
[[802.0,882.0],0.0001574867],
[[802.0,892.0],0.0001667518],
[[802.0,1002.0],0.0001573443],
[[802.0,1102.0],0.0001618097],
[[805.0,802.0],0.000140614],
[[807.0,802.0],0.0001464118],
[[812.0,802.0],0.0001497509],
[[817.0,802.0],0.0001450823],
[[822.0,802.0],0.0001537254],
[[832.0,802.0],0.00015858],
[[842.0,802.0],0.0001457386],
[[852.0,802.0],0.0001424417],
[[862.0,802.0],0.0001504863],
[[872.0,802.0],0.0001455824],
[[882.0,802.0],0.0001574867],
[[892.0,802.0],0.0001667518],
[[902.0,602.0],0.0001385095],
[[1002.0,802.0],0.0001573443],
[[1002.0,1002.0],0.0001706172],
[[1002.0,1005.0],0.000168151],
[[1002.0,1007.0],0.0001670067],
[[1002.0,1012.0],0.0001745401],
[[1002.0,1017.0],0.0001748221],
[[1002.0,1022.0],0.000168268],
[[1002.0,1032.0],0.000174523],
[[1002.0,1042.0],0.0001725869],
[[1002.0,1052.0],0.000162385],
[[1002.0,1062.0],0.000174076],
[[1002.0,1072.0],0.0001809172],
[[1002.0,1082.0],0.0001708174],
[[1002.0,1092.0],0.0001741498],
[[1002.0,1202.0],0.0001743555],
[[1002.0,1302.0],0.0001831342],
[[1005.0,1002.0],0.000168151],
[[1007.0,1002.0],0.0001670067],
[[1012.0,1002.0],0.0001745401],
[[1017.0,1002.0],0.0001748221],
[[1022.0,1002.0],0.000168268],
[[1032.0,1002.0],0.000174523],
[[1042.0,1002.0],0.0001725869],
[[1052.0,1002.0],0.000162385],
[[1062.0,1002.0],0.000174076],
[[1072.0,1002.0],0.0001809172],
[[1082.0,1002.0],0.0001708174],
[[1092.0,1002.0],0.0001741498],
[[1102.0,802.0],0.0001618097],
[[1202.0,1002.0],0.0001743555],
[[1202.0,1202.0],0.0001866579],
[[1202.0,1205.0],0.0001876092],
[[1202.0,1207.0],0.0001888251],
[[1202.0,1212.0],0.0001851039],
[[1202.0,1217.0],0.0001852639],
[[1202.0,1222.0],0.0001819684],
[[1202.0,1232.0],0.0001824745],
[[1202.0,1242.0],0.0001861256],
[[1202.0,1252.0],0.0001828579],
[[1202.0,1262.0],0.0001888521],
[[1202.0,1272.0],0.0001954277],
[[1202.0,1282.0],0.0001859811],
[[1202.0,1292.0],0.0001816093],
[[1202.0,1402.0],0.0001912962],
[[1202.0,1502.0],0.0001840618],
[[1205.0,1202.0],0.0001876092],
[[1207.0,1202.0],0.0001888251],
[[1212.0,1202.0],0.0001851039],
[[1217.0,1202.0],0.0001852639],
[[1222.0,1202.0],0.0001819684],
[[1232.0,1202.0],0.0001824745],
[[1242.0,1202.0],0.0001861256],
[[1252.0,1202.0],0.0001828579],
[[1262.0,1202.0],0.0001888521],
[[1272.0,1202.0],0.0001954277],
[[1282.0,1202.0],0.0001859811],
[[1292.0,1202.0],0.0001816093],
[[1302.0,1002.0],0.0001831342],
[[1402.0,1202.0],0.0001912962],
[[1402.0,1402.0],0.0001976226],
[[1402.0,1405.0],0.0001890651],
[[1402.0,1407.0],0.0001916094],
[[1402.0,1412.0],0.000203466],
[[1402.0,1417.0],0.0001986946],
[[1402.0,1422.0],0.0001940035],
[[1402.0,1432.0],0.0001954954],
[[1402.0,1442.0],0.0001930036],
[[1402.0,1452.0],0.0001948564],
[[1402.0,1462.0],0.0002022071],
[[1402.0,1472.0],0.0001927735],
[[1402.0,1482.0],0.0002003509],
[[1402.0,1492.0],0.0001865223],
[[1402.0,1602.0],0.0001894512],
[[1402.0,1702.0],0.0001968903],
[[1405.0,1402.0],0.0001890651],
[[1407.0,1402.0],0.0001916094],
[[1412.0,1402.0],0.000203466],
[[1417.0,1402.0],0.0001986946],
[[1422.0,1402.0],0.0001940035],
[[1432.0,1402.0],0.0001954954],
[[1442.0,1402.0],0.0001930036],
[[1452.0,1402.0],0.0001948564],
[[1462.0,1402.0],0.0002022071],
[[1472.0,1402.0],0.0001927735],
[[1482.0,1402.0],0.0002003509],
[[1492.0,1402.0],0.0001865223],
[[1502.0,1202.0],0.0001840618],
[[1602.0,1402.0],0.0001894512],
[[1602.0,1602.0],0.0001955449],
[[1602.0,1605.0],0.0002033342],
[[1602.0,1607.0],0.0002019794],
[[1602.0,1612.0],0.0001978793],
[[1602.0,1617.0],0.0001944669],
[[1602.0,1622.0],0.0001925298],
[[1602.0,1632.0],0.000205718],
[[1602.0,1642.0],0.0002036822],
[[1602.0,1652.0],0.0001896825],
[[1602.0,1662.0],0.0002026925],
[[1602.0,1672.0],0.0002040246],
[[1602.0,1682.0],0.0001997212],
[[1602.0,1692.0],0.0001950025],
[[1602.0,1802.0],0.0002005675],
[[1602.0,1902.0],0.0001962121],
[[1605.0,1602.0],0.0002033342],
[[1607.0,1602.0],0.0002019794],
[[1612.0,1602.0],0.0001978793],
[[1617.0,1602.0],0.0001944669],
[[1622.0,1602.0],0.0001925298],
[[1632.0,1602.0],0.000205718],
[[1642.0,1602.0],0.0002036822],
[[1652.0,1602.0],0.0001896825],
[[1662.0,1602.0],0.0002026925],
[[1672.0,1602.0],0.0002040246],
[[1682.0,1602.0],0.0001997212],
[[1692.0,1602.0],0.0001950025],
[[1702.0,1402.0],0.0001968903],
[[1802.0,1602.0],0.0002005675],
[[1802.0,1802.0],0.0001981578],
[[1802.0,1805.0],0.0001946389],
[[1802.0,1807.0],0.0002001963],
[[1802.0,1812.0],0.0002086416],
[[1802.0,1817.0],0.0002045321],
[[1802.0,1822.0],0.0002006376],
[[1802.0,1832.0],0.0001935224],
[[1802.0,1842.0],0.0002024286],
[[1802.0,1852.0],0.0001984612],
[[1802.0,1862.0],0.0001980218],
[[1802.0,1872.0],0.0001947999],
[[1802.0,1882.0],0.0002006836],
[[1802.0,1892.0],0.0002007142],
[[1802.0,2002.0],0.0002009012],
[[1802.0,2102.0],0.0001959543],
[[1805.0,1802.0],0.0001946389],
[[1807.0,1802.0],0.0002001963],
[[1812.0,1802.0],0.0002086416],
[[1817.0,1802.0],0.0002045321],
[[1822.0,1802.0],0.0002006376],
[[1832.0,1802.0],0.0001935224],
[[1842.0,1802.0],0.0002024286],
[[1852.0,1802.0],0.0001984612],
[[1862.0,1802.0],0.0001980218],
[[1872.0,1802.0],0.0001947999],
[[1882.0,1802.0],0.0002006836],
[[1892.0,1802.0],0.0002007142],
[[1902.0,1602.0],0.0001962121],
[[2002.0,1802.0],0.0002009012],
[[2002.0,2002.0],0.0001862533],
[[2002.0,2005.0],0.0001924859],
[[2002.0,2007.0],0.000197207],
[[2002.0,2012.0],0.0002030476],
[[2002.0,2017.0],0.0001957978],
[[2002.0,2022.0],0.0002096523],
[[2002.0,2032.0],0.0001933965],
[[2002.0,2042.0],0.0001976253],
[[2002.0,2052.0],0.0002023167],
[[2002.0,2062.0],0.0002100434],
[[2002.0,2072.0],0.0002023683],
[[2002.0,2082.0],0.0001896964],
[[2002.0,2092.0],0.0002006227],
[[2002.0,2202.0],0.0001984351],
[[2002.0,2302.0],0.0001974639],
[[2005.0,2002.0],0.0001924859],
[[2007.0,2002.0],0.000197207],
[[2012.0,2002.0],0.0002030476],
[[2017.0,2002.0],0.0001957978],
[[2022.0,2002.0],0.0002096523],
[[2032.0,2002.0],0.0001933965],
[[2042.0,2002.0],0.0001976253],
[[2052.0,2002.0],0.0002023167],
[[2062.0,2002.0],0.0002100434],
[[2072.0,2002.0],0.0002023683],
[[2082.0,2002.0],0.0001896964],
[[2092.0,2002.0],0.0002006227],
[[2102.0,1802.0],0.0001959543],
[[2202.0,2002.0],0.0001984351],
[[2302.0,2002.0],0.0001974639]]
