txName: TRV1nunu
constraint: {(PV > Zprime(1)), (Zprime(1) > nu,nu)}
condition: None
conditionDescription: None
figureUrl: None
source: CMS
validated: N/A
axesMap: [{0: 'x'}]
dataMap: {0: (1, 'mass', GeV)}
finalState: ['MET', 'MET']
efficiencyMap: [[[50.0],1.344291e-08],
[[100.0],1.603529e-07],
[[150.0],3.70038e-07],
[[200.0],8.662949e-07],
[[250.0],2.101192e-06],
[[300.0],3.197615e-06],
[[350.0],4.784541e-06],
[[400.0],6.996404e-06],
[[450.0],1.031769e-05],
[[500.0],1.396187e-05],
[[550.0],1.769504e-05],
[[600.0],2.111824e-05],
[[650.0],2.409095e-05],
[[700.0],3.272562e-05],
[[750.0],3.522357e-05],
[[800.0],4.594373e-05],
[[850.0],4.623438e-05],
[[900.0],5.63202e-05],
[[950.0],5.818353e-05],
[[1000.0],6.691063e-05],
[[1050.0],8.226137e-05],
[[1100.0],8.773678e-05],
[[1150.0],9.162773e-05],
[[1200.0],9.275898e-05],
[[1250.0],0.0001108982],
[[1300.0],0.0001192431],
[[1350.0],0.0001240993],
[[1400.0],0.0001223889],
[[1450.0],0.000130563],
[[1500.0],0.0001406393],
[[1550.0],0.0001341781],
[[1600.0],0.0001375231],
[[1650.0],0.0001458632],
[[1700.0],0.0001641218],
[[1750.0],0.0001535458],
[[1800.0],0.000170179],
[[1850.0],0.0001736834],
[[1900.0],0.0001845737],
[[1950.0],0.0001872057],
[[2000.0],0.000218349],
[[2250.0],0.0002284309],
[[2500.0],0.0002577227],
[[2750.0],0.0002672372],
[[3000.0],0.0002567348]]
