txName: TChiWZoff
constraint: {(PV > anyBSM(1),anyBSM(2)), (anyBSM(1) > l+,l-,MET(3)), (anyBSM(2) > l,nu,MET(4))}
condition: None
conditionDescription: None
figureUrl: None
source: HackAnalysis recast by Mark Goodsell and others, https://doi.org/10.48550/arXiv.2506.21676
validated: True
axesMap: [{0: 'x', 1: 'y', 2: 'x', 3: 'y'}]
dataMap: {0: (1, 'mass', GeV), 1: (3, 'mass', GeV), 2: (2, 'mass', GeV), 3: (4, 'mass', GeV)}
finalState: ['MET', 'MET']
efficiencyMap: [[[120.0,70.0,120.0,70.0],1.439818e-05],
[[120.0,72.0,120.0,72.0],1.948682e-05],
[[120.0,74.0,120.0,74.0],1.855182e-05],
[[120.0,76.0,120.0,76.0],2.904864e-05],
[[120.0,78.0,120.0,78.0],2.264864e-05],
[[120.0,80.0,120.0,80.0],3.6125e-05],
[[120.0,82.0,120.0,82.0],4.613636e-05],
[[120.0,84.0,120.0,84.0],4.035273e-05],
[[120.0,86.0,120.0,86.0],4.492182e-05],
[[120.0,88.0,120.0,88.0],6.213973e-05],
[[120.0,90.0,120.0,90.0],8.867e-05],
[[120.0,92.0,120.0,92.0],9.560273e-05],
[[120.0,94.0,120.0,94.0],9.876318e-05],
[[120.0,96.0,120.0,96.0],0.0001522055],
[[120.0,98.0,120.0,98.0],0.0001644909],
[[120.0,100.0,120.0,100.0],0.0001993845],
[[120.0,102.0,120.0,102.0],0.0002262873],
[[120.0,104.0,120.0,104.0],0.0002805636],
[[120.0,106.0,120.0,106.0],0.0004475091],
[[120.0,108.0,120.0,108.0],0.0004836755],
[[120.0,110.0,120.0,110.0],0.0005981727],
[[120.0,112.0,120.0,112.0],0.0005073318],
[[120.0,114.0,120.0,114.0],0.0003414591],
[[120.0,116.0,120.0,116.0],9.611818e-05],
[[120.0,118.0,120.0,118.0],0.0],
[[130.0,80.0,130.0,80.0],9.305e-06],
[[130.0,82.0,130.0,82.0],1.964182e-05],
[[130.0,84.0,130.0,84.0],3.395832e-05],
[[130.0,86.0,130.0,86.0],3.235759e-05],
[[130.0,88.0,130.0,88.0],3.956409e-05],
[[130.0,90.0,130.0,90.0],3.5873e-05],
[[130.0,92.0,130.0,92.0],3.110745e-05],
[[130.0,94.0,130.0,94.0],5.369091e-05],
[[130.0,96.0,130.0,96.0],7.931545e-05],
[[130.0,98.0,130.0,98.0],5.900495e-05],
[[130.0,100.0,130.0,100.0],7.818318e-05],
[[130.0,102.0,130.0,102.0],0.0001129359],
[[130.0,104.0,130.0,104.0],0.0001164145],
[[130.0,106.0,130.0,106.0],0.0001691131],
[[130.0,108.0,130.0,108.0],0.0001950205],
[[130.0,110.0,130.0,110.0],0.0002133814],
[[130.0,112.0,130.0,112.0],0.0002778777],
[[130.0,114.0,130.0,114.0],0.0003609545],
[[130.0,116.0,130.0,116.0],0.0004532814],
[[130.0,118.0,130.0,118.0],0.0005002591],
[[130.0,120.0,130.0,120.0],0.0006013632],
[[130.0,122.0,130.0,122.0],0.0005440591],
[[130.0,124.0,130.0,124.0],0.0003335182],
[[130.0,126.0,130.0,126.0],9.517795e-05],
[[130.0,128.0,130.0,128.0],2.781045e-05],
[[140.0,90.0,140.0,90.0],1.473864e-05],
[[140.0,92.0,140.0,92.0],1.933e-05],
[[140.0,94.0,140.0,94.0],3.707682e-05],
[[140.0,96.0,140.0,96.0],3.226695e-05],
[[140.0,98.0,140.0,98.0],4.979864e-05],
[[140.0,100.0,140.0,100.0],3.928855e-05],
[[140.0,102.0,140.0,102.0],4.303518e-05],
[[140.0,104.0,140.0,104.0],4.883091e-05],
[[140.0,106.0,140.0,106.0],5.758186e-05],
[[140.0,108.0,140.0,108.0],8.217682e-05],
[[140.0,110.0,140.0,110.0],0.0001050245],
[[140.0,112.0,140.0,112.0],0.0001162245],
[[140.0,114.0,140.0,114.0],0.0001292677],
[[140.0,116.0,140.0,116.0],0.0002087655],
[[140.0,118.0,140.0,118.0],0.0002160377],
[[140.0,120.0,140.0,120.0],0.0002663423],
[[140.0,122.0,140.0,122.0],0.0003447505],
[[140.0,124.0,140.0,124.0],0.0003770077],
[[140.0,126.0,140.0,126.0],0.0005066536],
[[140.0,128.0,140.0,128.0],0.0006663682],
[[140.0,130.0,140.0,130.0],0.0006690091],
[[140.0,132.0,140.0,132.0],0.00059745],
[[140.0,134.0,140.0,134.0],0.0003035682],
[[140.0,136.0,140.0,136.0],9.748636e-05],
[[140.0,138.0,140.0,138.0],0.0],
[[150.0,100.0,150.0,100.0],1.906045e-05],
[[150.0,102.0,150.0,102.0],3.550491e-05],
[[150.0,104.0,150.0,104.0],3.231668e-05],
[[150.0,106.0,150.0,106.0],2.087523e-05],
[[150.0,108.0,150.0,108.0],4.366073e-05],
[[150.0,110.0,150.0,110.0],6.299364e-05],
[[150.0,112.0,150.0,112.0],5.651959e-05],
[[150.0,114.0,150.0,114.0],7.96555e-05],
[[150.0,116.0,150.0,116.0],7.722318e-05],
[[150.0,118.0,150.0,118.0],7.925045e-05],
[[150.0,120.0,150.0,120.0],0.00013364],
[[150.0,122.0,150.0,122.0],0.0001351782],
[[150.0,124.0,150.0,124.0],0.0001712],
[[150.0,126.0,150.0,126.0],0.0002070073],
[[150.0,128.0,150.0,128.0],0.0002175636],
[[150.0,130.0,150.0,130.0],0.0003265809],
[[150.0,132.0,150.0,132.0],0.0003883245],
[[150.0,134.0,150.0,134.0],0.000462675],
[[150.0,136.0,150.0,136.0],0.0005689532],
[[150.0,138.0,150.0,138.0],0.0006766],
[[150.0,140.0,150.0,140.0],0.0007309545],
[[150.0,142.0,150.0,142.0],0.0005951227],
[[150.0,144.0,150.0,144.0],0.0003602682],
[[150.0,146.0,150.0,146.0],9.224091e-05],
[[150.0,148.0,150.0,148.0],1.487273e-05],
[[160.0,110.0,160.0,110.0],2.529136e-05],
[[160.0,112.0,160.0,112.0],3.612095e-05],
[[160.0,114.0,160.0,114.0],3.697109e-05],
[[160.0,116.0,160.0,116.0],3.561864e-05],
[[160.0,118.0,160.0,118.0],4.661318e-05],
[[160.0,120.0,160.0,120.0],6.481864e-05],
[[160.0,122.0,160.0,122.0],8.955045e-05],
[[160.0,124.0,160.0,124.0],7.498045e-05],
[[160.0,126.0,160.0,126.0],9.816318e-05],
[[160.0,128.0,160.0,128.0],0.0001129891],
[[160.0,130.0,160.0,130.0],0.0001233832],
[[160.0,132.0,160.0,132.0],0.0001499627],
[[160.0,134.0,160.0,134.0],0.0001570368],
[[160.0,136.0,160.0,136.0],0.0002608855],
[[160.0,138.0,160.0,138.0],0.0002305418],
[[160.0,140.0,160.0,140.0],0.0003409805],
[[160.0,142.0,160.0,142.0],0.0003540273],
[[160.0,144.0,160.0,144.0],0.0005148636],
[[160.0,146.0,160.0,146.0],0.0005966773],
[[160.0,148.0,160.0,148.0],0.0007012818],
[[160.0,150.0,160.0,150.0],0.0008212682],
[[160.0,152.0,160.0,152.0],0.0006226909],
[[160.0,154.0,160.0,154.0],0.0003576591],
[[160.0,156.0,160.0,156.0],0.0001158983],
[[160.0,158.0,160.0,158.0],0.0],
[[170.0,120.0,170.0,120.0],2.768795e-05],
[[170.0,122.0,170.0,122.0],3.959586e-05],
[[170.0,124.0,170.0,124.0],4.172127e-05],
[[170.0,126.0,170.0,126.0],3.806727e-05],
[[170.0,128.0,170.0,128.0],5.006818e-05],
[[170.0,130.0,170.0,130.0],5.14e-05],
[[170.0,132.0,170.0,132.0],3.626568e-05],
[[170.0,134.0,170.0,134.0],8.194e-05],
[[170.0,136.0,170.0,136.0],9.868964e-05],
[[170.0,138.0,170.0,138.0],9.544091e-05],
[[170.0,140.0,170.0,140.0],0.0001476541],
[[170.0,142.0,170.0,142.0],0.0001674264],
[[170.0,144.0,170.0,144.0],0.0001833905],
[[170.0,146.0,170.0,146.0],0.0002623582],
[[170.0,148.0,170.0,148.0],0.0003438018],
[[170.0,150.0,170.0,150.0],0.0003603286],
[[170.0,152.0,170.0,152.0],0.0004542377],
[[170.0,154.0,170.0,154.0],0.0004560468],
[[170.0,156.0,170.0,156.0],0.0007031818],
[[170.0,158.0,170.0,158.0],0.0007953182],
[[170.0,160.0,170.0,160.0],0.0008221864],
[[170.0,162.0,170.0,162.0],0.0007240591],
[[170.0,164.0,170.0,164.0],0.0003456091],
[[170.0,166.0,170.0,166.0],0.0001141727],
[[170.0,168.0,170.0,168.0],0.0],
[[180.0,130.0,180.0,130.0],3.770318e-05],
[[180.0,132.0,180.0,132.0],3.299091e-05],
[[180.0,134.0,180.0,134.0],2.770682e-05],
[[180.0,136.0,180.0,136.0],4.5426e-05],
[[180.0,138.0,180.0,138.0],6.845909e-05],
[[180.0,140.0,180.0,140.0],7.734682e-05],
[[180.0,142.0,180.0,142.0],8.357791e-05],
[[180.0,144.0,180.0,144.0],8.288291e-05],
[[180.0,146.0,180.0,146.0],0.0001221609],
[[180.0,148.0,180.0,148.0],0.00015422],
[[180.0,150.0,180.0,150.0],0.0001727695],
[[180.0,152.0,180.0,152.0],0.000208045],
[[180.0,154.0,180.0,154.0],0.0002275441],
[[180.0,156.0,180.0,156.0],0.0002547127],
[[180.0,158.0,180.0,158.0],0.0003047818],
[[180.0,160.0,180.0,160.0],0.0004025064],
[[180.0,162.0,180.0,162.0],0.0004754023],
[[180.0,164.0,180.0,164.0],0.0005504909],
[[180.0,166.0,180.0,166.0],0.0007249591],
[[180.0,168.0,180.0,168.0],0.0007957591],
[[180.0,170.0,180.0,170.0],0.0008989955],
[[180.0,172.0,180.0,172.0],0.0007535591],
[[180.0,174.0,180.0,174.0],0.0003679909],
[[180.0,176.0,180.0,176.0],0.0001984636],
[[180.0,178.0,180.0,178.0],0.0],
[[190.0,140.0,190.0,140.0],4.815736e-05],
[[190.0,142.0,190.0,142.0],2.701564e-05],
[[190.0,144.0,190.0,144.0],5.478082e-05],
[[190.0,146.0,190.0,146.0],5.719091e-05],
[[190.0,148.0,190.0,148.0],6.885409e-05],
[[190.0,150.0,190.0,150.0],8.778523e-05],
[[190.0,152.0,190.0,152.0],7.938182e-05],
[[190.0,154.0,190.0,154.0],0.0001098845],
[[190.0,156.0,190.0,156.0],0.0001270305],
[[190.0,158.0,190.0,158.0],0.0001727155],
[[190.0,160.0,190.0,160.0],0.0001855891],
[[190.0,162.0,190.0,162.0],0.0001813682],
[[190.0,164.0,190.0,164.0],0.0002662809],
[[190.0,166.0,190.0,166.0],0.0002876418],
[[190.0,168.0,190.0,168.0],0.0003500905],
[[190.0,170.0,190.0,170.0],0.0004794295],
[[190.0,172.0,190.0,172.0],0.0005217482],
[[190.0,174.0,190.0,174.0],0.0006106545],
[[190.0,176.0,190.0,176.0],0.0007196773],
[[190.0,178.0,190.0,178.0],0.0008446864],
[[190.0,180.0,190.0,180.0],0.0009644682],
[[190.0,182.0,190.0,182.0],0.0007452409],
[[190.0,184.0,190.0,184.0],0.0003568182],
[[190.0,186.0,190.0,186.0],0.0001043409],
[[190.0,188.0,190.0,188.0],0.0],
[[200.0,150.0,200.0,150.0],4.853909e-05],
[[200.0,152.0,200.0,152.0],6.166445e-05],
[[200.0,154.0,200.0,154.0],6.123182e-05],
[[200.0,156.0,200.0,156.0],8.051636e-05],
[[200.0,158.0,200.0,158.0],5.682273e-05],
[[200.0,160.0,200.0,160.0],8.319541e-05],
[[200.0,162.0,200.0,162.0],9.254595e-05],
[[200.0,164.0,200.0,164.0],0.0001186045],
[[200.0,166.0,200.0,166.0],0.0001389559],
[[200.0,168.0,200.0,168.0],0.0001440831],
[[200.0,170.0,200.0,170.0],0.0002021595],
[[200.0,172.0,200.0,172.0],0.0002506991],
[[200.0,174.0,200.0,174.0],0.00029676],
[[200.0,176.0,200.0,176.0],0.0003154068],
[[200.0,178.0,200.0,178.0],0.0003790664],
[[200.0,180.0,200.0,180.0],0.0004222568],
[[200.0,182.0,200.0,182.0],0.0005233273],
[[200.0,184.0,200.0,184.0],0.0006463218],
[[200.0,186.0,200.0,186.0],0.00079293],
[[200.0,188.0,200.0,188.0],0.0009362273],
[[200.0,190.0,200.0,190.0],0.001073945],
[[200.0,192.0,200.0,192.0],0.0007637636],
[[200.0,194.0,200.0,194.0],0.0003843682],
[[200.0,196.0,200.0,196.0],0.0001040727],
[[200.0,198.0,200.0,198.0],0.0],
[[210.0,160.0,210.0,160.0],3.053182e-05],
[[210.0,162.0,210.0,162.0],4.348409e-05],
[[210.0,164.0,210.0,164.0],6.776077e-05],
[[210.0,166.0,210.0,166.0],8.562591e-05],
[[210.0,168.0,210.0,168.0],6.4373e-05],
[[210.0,170.0,210.0,170.0],8.319545e-05],
[[210.0,172.0,210.0,172.0],9.701e-05],
[[210.0,174.0,210.0,174.0],0.000119755],
[[210.0,176.0,210.0,176.0],0.0001321136],
[[210.0,178.0,210.0,178.0],0.0001648595],
[[210.0,180.0,210.0,180.0],0.0002496405],
[[210.0,182.0,210.0,182.0],0.0002518882],
[[210.0,184.0,210.0,184.0],0.0002812559],
[[210.0,186.0,210.0,186.0],0.0003895105],
[[210.0,188.0,210.0,188.0],0.0003987864],
[[210.0,190.0,210.0,190.0],0.0005540182],
[[210.0,192.0,210.0,192.0],0.0005853318],
[[210.0,194.0,210.0,194.0],0.00065499],
[[210.0,196.0,210.0,196.0],0.0008978273],
[[210.0,198.0,210.0,198.0],0.0010163],
[[210.0,200.0,210.0,200.0],0.001074486],
[[210.0,202.0,210.0,202.0],0.0007557636],
[[210.0,204.0,210.0,204.0],0.0003979636],
[[210.0,206.0,210.0,206.0],0.0001480864],
[[210.0,208.0,210.0,208.0],1.797364e-05],
[[220.0,170.0,220.0,170.0],2.909864e-05],
[[220.0,172.0,220.0,172.0],4.136291e-05],
[[220.0,174.0,220.0,174.0],5.977009e-05],
[[220.0,176.0,220.0,176.0],7.622273e-05],
[[220.0,178.0,220.0,178.0],8.108582e-05],
[[220.0,180.0,220.0,180.0],0.0001040105],
[[220.0,182.0,220.0,182.0],0.0001325159],
[[220.0,184.0,220.0,184.0],0.0001526784],
[[220.0,186.0,220.0,186.0],0.0001492581],
[[220.0,188.0,220.0,188.0],0.0001864836],
[[220.0,190.0,220.0,190.0],0.0002489095],
[[220.0,192.0,220.0,192.0],0.0002591436],
[[220.0,194.0,220.0,194.0],0.0003191873],
[[220.0,196.0,220.0,196.0],0.0003755609],
[[220.0,198.0,220.0,198.0],0.0004155732],
[[220.0,200.0,220.0,200.0],0.0005369314],
[[220.0,202.0,220.0,202.0],0.0006083682],
[[220.0,204.0,220.0,204.0],0.0007789091],
[[220.0,206.0,220.0,206.0],0.0008792909],
[[220.0,208.0,220.0,208.0],0.001025936],
[[220.0,210.0,220.0,210.0],0.001154741],
[[220.0,212.0,220.0,212.0],0.0007461909],
[[220.0,214.0,220.0,214.0],0.0004061545],
[[220.0,216.0,220.0,216.0],0.00015145],
[[220.0,218.0,220.0,218.0],0.0],
[[230.0,180.0,230.0,180.0],4.832282e-05],
[[230.0,182.0,230.0,182.0],6.163727e-05],
[[230.0,184.0,230.0,184.0],7.516091e-05],
[[230.0,186.0,230.0,186.0],6.157136e-05],
[[230.0,188.0,230.0,188.0],9.877909e-05],
[[230.0,190.0,230.0,190.0],0.0001385867],
[[230.0,192.0,230.0,192.0],0.0001380127],
[[230.0,194.0,230.0,194.0],0.0001554069],
[[230.0,196.0,230.0,196.0],0.0001896514],
[[230.0,198.0,230.0,198.0],0.0001937432],
[[230.0,200.0,230.0,200.0],0.0002338073],
[[230.0,202.0,230.0,202.0],0.0002814782],
[[230.0,204.0,230.0,204.0],0.0003718082],
[[230.0,206.0,230.0,206.0],0.0004320555],
[[230.0,208.0,230.0,208.0],0.0005551591],
[[230.0,210.0,230.0,210.0],0.000581],
[[230.0,212.0,230.0,212.0],0.0006796409],
[[230.0,214.0,230.0,214.0],0.0007984182],
[[230.0,216.0,230.0,216.0],0.0009449818],
[[230.0,218.0,230.0,218.0],0.001029932],
[[230.0,220.0,230.0,220.0],0.001156132],
[[230.0,222.0,230.0,222.0],0.0008332545],
[[230.0,224.0,230.0,224.0],0.0003765455],
[[230.0,226.0,230.0,226.0],0.0001054273],
[[230.0,228.0,230.0,228.0],0.0],
[[240.0,190.0,240.0,190.0],4.758182e-05],
[[240.0,192.0,240.0,192.0],7.325709e-05],
[[240.0,194.0,240.0,194.0],8.586818e-05],
[[240.0,196.0,240.0,196.0],6.7575e-05],
[[240.0,198.0,240.0,198.0],0.0001070905],
[[240.0,200.0,240.0,200.0],0.0001146386],
[[240.0,202.0,240.0,202.0],0.0001610505],
[[240.0,204.0,240.0,204.0],0.0001188091],
[[240.0,206.0,240.0,206.0],0.0002136914],
[[240.0,208.0,240.0,208.0],0.0001745332],
[[240.0,210.0,240.0,210.0],0.0002437309],
[[240.0,212.0,240.0,212.0],0.0003113477],
[[240.0,214.0,240.0,214.0],0.0002982477],
[[240.0,216.0,240.0,216.0],0.0004779536],
[[240.0,218.0,240.0,218.0],0.0005218055],
[[240.0,220.0,240.0,220.0],0.0005954591],
[[240.0,222.0,240.0,222.0],0.0006802455],
[[240.0,224.0,240.0,224.0],0.0008807364],
[[240.0,226.0,240.0,226.0],0.0009316],
[[240.0,228.0,240.0,228.0],0.001027114],
[[240.0,230.0,240.0,230.0],0.001196336],
[[240.0,232.0,240.0,232.0],0.0008499727],
[[240.0,234.0,240.0,234.0],0.0004648409],
[[240.0,236.0,240.0,236.0],0.0001562318],
[[240.0,238.0,240.0,238.0],0.0],
[[250.0,200.0,250.0,200.0],4.751577e-05],
[[250.0,202.0,250.0,202.0],7.061036e-05],
[[250.0,204.0,250.0,204.0],8.885727e-05],
[[250.0,206.0,250.0,206.0],8.97925e-05],
[[250.0,208.0,250.0,208.0],9.618573e-05],
[[250.0,210.0,250.0,210.0],0.0001080473],
[[250.0,212.0,250.0,212.0],0.0001336432],
[[250.0,214.0,250.0,214.0],0.0001548559],
[[250.0,216.0,250.0,216.0],0.0001841468],
[[250.0,218.0,250.0,218.0],0.0002058473],
[[250.0,220.0,250.0,220.0],0.0002779932],
[[250.0,222.0,250.0,222.0],0.00033071],
[[250.0,224.0,250.0,224.0],0.0003443427],
[[250.0,226.0,250.0,226.0],0.0004117045],
[[250.0,228.0,250.0,228.0],0.0004563959],
[[250.0,230.0,250.0,230.0],0.0006104591],
[[250.0,232.0,250.0,232.0],0.0007257727],
[[250.0,234.0,250.0,234.0],0.0008249227],
[[250.0,236.0,250.0,236.0],0.0009057182],
[[250.0,238.0,250.0,238.0],0.001097577],
[[250.0,240.0,250.0,240.0],0.001093055],
[[250.0,242.0,250.0,242.0],0.0009256182],
[[250.0,244.0,250.0,244.0],0.0004156955],
[[250.0,246.0,250.0,246.0],8.903636e-05],
[[250.0,248.0,250.0,248.0],0.0],
[[260.0,210.0,260.0,210.0],6.522773e-05],
[[260.0,212.0,260.0,212.0],9.116168e-05],
[[260.0,214.0,260.0,214.0],6.732773e-05],
[[260.0,216.0,260.0,216.0],0.0001100559],
[[260.0,218.0,260.0,218.0],0.0001379277],
[[260.0,220.0,260.0,220.0],0.0001048044],
[[260.0,222.0,260.0,222.0],0.000160065],
[[260.0,224.0,260.0,224.0],0.0001741818],
[[260.0,226.0,260.0,226.0],0.0002174414],
[[260.0,228.0,260.0,228.0],0.0003029336],
[[260.0,230.0,260.0,230.0],0.0002420455],
[[260.0,232.0,260.0,232.0],0.0003404027],
[[260.0,234.0,260.0,234.0],0.0004129786],
[[260.0,236.0,260.0,236.0],0.0004942305],
[[260.0,238.0,260.0,238.0],0.0005460945],
[[260.0,240.0,260.0,240.0],0.0007055227],
[[260.0,242.0,260.0,242.0],0.0008225364],
[[260.0,244.0,260.0,244.0],0.0009735773],
[[260.0,246.0,260.0,246.0],0.001091936],
[[260.0,248.0,260.0,248.0],0.001182105],
[[260.0,250.0,260.0,250.0],0.001352045],
[[260.0,252.0,260.0,252.0],0.0008913182],
[[260.0,254.0,260.0,254.0],0.0004254227],
[[260.0,256.0,260.0,256.0],9.18e-05],
[[260.0,258.0,260.0,258.0],0.0],
[[270.0,220.0,270.0,220.0],5.166386e-05],
[[270.0,222.0,270.0,222.0],6.556532e-05],
[[270.0,224.0,270.0,224.0],7.752814e-05],
[[270.0,226.0,270.0,226.0],9.411364e-05],
[[270.0,228.0,270.0,228.0],0.0001198125],
[[270.0,230.0,270.0,230.0],0.0001311559],
[[270.0,232.0,270.0,232.0],0.0001485798],
[[270.0,234.0,270.0,234.0],0.00016657],
[[270.0,236.0,270.0,236.0],0.0002452464],
[[270.0,238.0,270.0,238.0],0.0002727705],
[[270.0,240.0,270.0,240.0],0.0002752659],
[[270.0,242.0,270.0,242.0],0.0003800727],
[[270.0,244.0,270.0,244.0],0.0004282282],
[[270.0,246.0,270.0,246.0],0.0004869],
[[270.0,248.0,270.0,248.0],0.00057085],
[[270.0,250.0,270.0,250.0],0.0007280909],
[[270.0,252.0,270.0,252.0],0.0007929727],
[[270.0,254.0,270.0,254.0],0.0007972636],
[[270.0,256.0,270.0,256.0],0.001157841],
[[270.0,258.0,270.0,258.0],0.001261677],
[[270.0,260.0,270.0,260.0],0.001313586],
[[270.0,262.0,270.0,262.0],0.0009933864],
[[270.0,264.0,270.0,264.0],0.0004234773],
[[270.0,266.0,270.0,266.0],8.750455e-05],
[[270.0,268.0,270.0,268.0],0.0],
[[280.0,230.0,280.0,230.0],4.855e-05],
[[280.0,232.0,280.0,232.0],8.432818e-05],
[[280.0,234.0,280.0,234.0],9.562627e-05],
[[280.0,236.0,280.0,236.0],0.0001093041],
[[280.0,238.0,280.0,238.0],0.00014898],
[[280.0,240.0,280.0,240.0],0.0001376971],
[[280.0,242.0,280.0,242.0],0.0001437818],
[[280.0,244.0,280.0,244.0],0.0001980777],
[[280.0,246.0,280.0,246.0],0.0002848505],
[[280.0,248.0,280.0,248.0],0.0002774264],
[[280.0,250.0,280.0,250.0],0.0003324564],
[[280.0,252.0,280.0,252.0],0.0003929964],
[[280.0,254.0,280.0,254.0],0.0004149445],
[[280.0,256.0,280.0,256.0],0.0005438791],
[[280.0,258.0,280.0,258.0],0.0006782455],
[[280.0,260.0,280.0,260.0],0.0007489273],
[[280.0,262.0,280.0,262.0],0.0008987136],
[[280.0,264.0,280.0,264.0],0.001019345],
[[280.0,266.0,280.0,266.0],0.00108775],
[[280.0,268.0,280.0,268.0],0.001259073],
[[280.0,270.0,280.0,270.0],0.001319632],
[[280.0,272.0,280.0,272.0],0.001033168],
[[280.0,274.0,280.0,274.0],0.0004125273],
[[280.0,276.0,280.0,276.0],8.944545e-05],
[[280.0,278.0,280.0,278.0],1.803091e-05],
[[290.0,240.0,290.0,240.0],8.436727e-05],
[[290.0,242.0,290.0,242.0],9.013182e-05],
[[290.0,244.0,290.0,244.0],9.269355e-05],
[[290.0,246.0,290.0,246.0],0.0001323486],
[[290.0,248.0,290.0,248.0],0.0001007944],
[[290.0,250.0,290.0,250.0],0.0001155227],
[[290.0,252.0,290.0,252.0],0.0001698559],
[[290.0,254.0,290.0,254.0],0.0002344718],
[[290.0,256.0,290.0,256.0],0.0002660509],
[[290.0,258.0,290.0,258.0],0.0002516227],
[[290.0,260.0,290.0,260.0],0.0003262409],
[[290.0,262.0,290.0,262.0],0.0004661964],
[[290.0,264.0,290.0,264.0],0.0005083014],
[[290.0,266.0,290.0,266.0],0.0005121227],
[[290.0,268.0,290.0,268.0],0.0006849364],
[[290.0,270.0,290.0,270.0],0.0007520773],
[[290.0,272.0,290.0,272.0],0.0009387182],
[[290.0,274.0,290.0,274.0],0.001005836],
[[290.0,276.0,290.0,276.0],0.001221459],
[[290.0,278.0,290.0,278.0],0.001416627],
[[290.0,280.0,290.0,280.0],0.001366059],
[[290.0,282.0,290.0,282.0],0.0009468091],
[[290.0,284.0,290.0,284.0],0.0004565545],
[[290.0,286.0,290.0,286.0],9.574545e-05],
[[290.0,288.0,290.0,288.0],0.0],
[[300.0,250.0,300.0,250.0],7.027591e-05],
[[300.0,252.0,300.0,252.0],5.949973e-05],
[[300.0,254.0,300.0,254.0],8.440773e-05],
[[300.0,256.0,300.0,256.0],0.0001180318],
[[300.0,258.0,300.0,258.0],0.0001287864],
[[300.0,260.0,300.0,260.0],0.00020369],
[[300.0,262.0,300.0,262.0],0.0002037632],
[[300.0,264.0,300.0,264.0],0.00019324],
[[300.0,266.0,300.0,266.0],0.0002661064],
[[300.0,268.0,300.0,268.0],0.0003047141],
[[300.0,270.0,300.0,270.0],0.000328895],
[[300.0,272.0,300.0,272.0],0.0003581277],
[[300.0,274.0,300.0,274.0],0.0005218159],
[[300.0,276.0,300.0,276.0],0.0005339927],
[[300.0,278.0,300.0,278.0],0.0006405864],
[[300.0,280.0,300.0,280.0],0.0007941455],
[[300.0,282.0,300.0,282.0],0.0008999545],
[[300.0,284.0,300.0,284.0],0.001187036],
[[300.0,286.0,300.0,286.0],0.0012651],
[[300.0,288.0,300.0,288.0],0.001361568],
[[300.0,290.0,300.0,290.0],0.001412809],
[[300.0,292.0,300.0,292.0],0.001062336],
[[300.0,294.0,300.0,294.0],0.0003570227],
[[300.0,296.0,300.0,296.0],0.0001126091],
[[300.0,298.0,300.0,298.0],0.0],
[[310.0,270.0,310.0,270.0],0.0001782864],
[[310.0,272.0,310.0,272.0],0.00018603],
[[310.0,274.0,310.0,274.0],0.0001830095],
[[310.0,276.0,310.0,276.0],0.0002491582],
[[310.0,278.0,310.0,278.0],0.0003279114],
[[310.0,280.0,310.0,280.0],0.0003641032],
[[310.0,282.0,310.0,282.0],0.0004514168],
[[310.0,284.0,310.0,284.0],0.0005132273],
[[310.0,286.0,310.0,286.0],0.0005319955],
[[310.0,288.0,310.0,288.0],0.0007317545],
[[310.0,290.0,310.0,290.0],0.0007466136],
[[310.0,292.0,310.0,292.0],0.0008984],
[[310.0,294.0,310.0,294.0],0.001109164],
[[310.0,296.0,310.0,296.0],0.001272323],
[[310.0,298.0,310.0,298.0],0.001445995],
[[310.0,300.0,310.0,300.0],0.0015326],
[[310.0,302.0,310.0,302.0],0.001048677],
[[310.0,304.0,310.0,304.0],0.0003839682],
[[310.0,306.0,310.0,306.0],0.0001127182],
[[310.0,308.0,310.0,308.0],0.0],
[[320.0,280.0,320.0,280.0],0.000158914],
[[320.0,282.0,320.0,282.0],0.00020869],
[[320.0,284.0,320.0,284.0],0.0002465641],
[[320.0,286.0,320.0,286.0],0.0002847486],
[[320.0,288.0,320.0,288.0],0.0003549105],
[[320.0,290.0,320.0,290.0],0.0003377959],
[[320.0,292.0,320.0,292.0],0.0005348214],
[[320.0,294.0,320.0,294.0],0.0005426355],
[[320.0,296.0,320.0,296.0],0.0006768818],
[[320.0,298.0,320.0,298.0],0.0007777409],
[[320.0,300.0,320.0,300.0],0.0007722864],
[[320.0,302.0,320.0,302.0],0.001057732],
[[320.0,304.0,320.0,304.0],0.001234968],
[[320.0,306.0,320.0,306.0],0.001273886],
[[320.0,308.0,320.0,308.0],0.001557082],
[[320.0,310.0,320.0,310.0],0.001577764],
[[320.0,312.0,320.0,312.0],0.001053668],
[[320.0,314.0,320.0,314.0],0.0004359136],
[[320.0,316.0,320.0,316.0],0.0001497455],
[[320.0,318.0,320.0,318.0],0.0],
[[330.0,290.0,330.0,290.0],0.0001781955],
[[330.0,292.0,330.0,292.0],0.0002441286],
[[330.0,294.0,330.0,294.0],0.0001961164],
[[330.0,296.0,330.0,296.0],0.0003197009],
[[330.0,298.0,330.0,298.0],0.0003469836],
[[330.0,300.0,330.0,300.0],0.0004231314],
[[330.0,302.0,330.0,302.0],0.0004717714],
[[330.0,304.0,330.0,304.0],0.0004987641],
[[330.0,306.0,330.0,306.0],0.0007149909],
[[330.0,308.0,330.0,308.0],0.0006754818],
[[330.0,310.0,330.0,310.0],0.0008597682],
[[330.0,312.0,330.0,312.0],0.001019664],
[[330.0,314.0,330.0,314.0],0.001098682],
[[330.0,316.0,330.0,316.0],0.001357968],
[[330.0,318.0,330.0,318.0],0.001523268],
[[330.0,320.0,330.0,320.0],0.001507268],
[[330.0,322.0,330.0,322.0],0.00106775],
[[330.0,326.0,330.0,326.0],0.00015265],
[[330.0,328.0,330.0,328.0],0.0],
[[340.0,300.0,340.0,300.0],0.0001631518],
[[340.0,302.0,340.0,302.0],0.0002140755],
[[340.0,304.0,340.0,304.0],0.0002245964],
[[340.0,306.0,340.0,306.0],0.0003006173],
[[340.0,308.0,340.0,308.0],0.0003997323],
[[340.0,310.0,340.0,310.0],0.0004364232],
[[340.0,312.0,340.0,312.0],0.0005510259],
[[340.0,314.0,340.0,314.0],0.0005856818],
[[340.0,316.0,340.0,316.0],0.0007193682],
[[340.0,318.0,340.0,318.0],0.0007963591],
[[340.0,320.0,340.0,320.0],0.0009087591],
[[340.0,322.0,340.0,322.0],0.001077995],
[[340.0,324.0,340.0,324.0],0.001184368],
[[340.0,326.0,340.0,326.0],0.001323064],
[[340.0,328.0,340.0,328.0],0.001551782],
[[340.0,330.0,340.0,330.0],0.001578532],
[[340.0,332.0,340.0,332.0],0.001041514],
[[340.0,334.0,340.0,334.0],0.0004352955],
[[340.0,336.0,340.0,336.0],5.923636e-05],
[[340.0,338.0,340.0,338.0],0.0],
[[350.0,310.0,350.0,310.0],0.0001971314],
[[350.0,312.0,350.0,312.0],0.0002453241],
[[350.0,314.0,350.0,314.0],0.0002588959],
[[350.0,316.0,350.0,316.0],0.0003236273],
[[350.0,318.0,350.0,318.0],0.0003885836],
[[350.0,320.0,350.0,320.0],0.0004688836],
[[350.0,322.0,350.0,322.0],0.0005026477],
[[350.0,324.0,350.0,324.0],0.0005773273],
[[350.0,326.0,350.0,326.0],0.0007367091],
[[350.0,328.0,350.0,328.0],0.0008839227],
[[350.0,330.0,350.0,330.0],0.0009874364],
[[350.0,332.0,350.0,332.0],0.001022191],
[[350.0,334.0,350.0,334.0],0.001154427],
[[350.0,336.0,350.0,336.0],0.001454518],
[[350.0,338.0,350.0,338.0],0.001495236],
[[350.0,340.0,350.0,340.0],0.001672018],
[[350.0,342.0,350.0,342.0],0.001043577],
[[350.0,344.0,350.0,344.0],0.0003632591],
[[350.0,346.0,350.0,346.0],0.0001594864],
[[350.0,348.0,350.0,348.0],0.0],
[[360.0,320.0,360.0,320.0],0.0001927041],
[[360.0,322.0,360.0,322.0],0.0002588209],
[[360.0,324.0,360.0,324.0],0.000288625],
[[360.0,326.0,360.0,326.0],0.0003753395],
[[360.0,328.0,360.0,328.0],0.0004234964],
[[360.0,330.0,360.0,330.0],0.0004826186],
[[360.0,332.0,360.0,332.0],0.0005000373],
[[360.0,334.0,360.0,334.0],0.0006537182],
[[360.0,336.0,360.0,336.0],0.0007479773],
[[360.0,338.0,360.0,338.0],0.0009038227],
[[360.0,340.0,360.0,340.0],0.001054455],
[[360.0,342.0,360.0,342.0],0.001060918],
[[360.0,344.0,360.0,344.0],0.001307232],
[[360.0,346.0,360.0,346.0],0.001305245],
[[360.0,348.0,360.0,348.0],0.00153555],
[[360.0,350.0,360.0,350.0],0.001718914],
[[360.0,352.0,360.0,352.0],0.001059045],
[[360.0,354.0,360.0,354.0],0.0005453545],
[[360.0,356.0,360.0,356.0],7.794545e-05],
[[360.0,358.0,360.0,358.0],0.0],
[[370.0,330.0,370.0,330.0],0.0002015155],
[[370.0,332.0,370.0,332.0],0.0002918936],
[[370.0,334.0,370.0,334.0],0.0002845741],
[[370.0,336.0,370.0,336.0],0.0003375595],
[[370.0,338.0,370.0,338.0],0.0004002877],
[[370.0,340.0,370.0,340.0],0.0004192718],
[[370.0,342.0,370.0,342.0],0.0005150377],
[[370.0,344.0,370.0,344.0],0.0006512682],
[[370.0,346.0,370.0,346.0],0.0007677909],
[[370.0,348.0,370.0,348.0],0.0009093909],
[[370.0,350.0,370.0,350.0],0.0009297],
[[370.0,352.0,370.0,352.0],0.001196227],
[[370.0,354.0,370.0,354.0],0.001416059],
[[370.0,356.0,370.0,356.0],0.001518732],
[[370.0,358.0,370.0,358.0],0.001589727],
[[370.0,360.0,370.0,360.0],0.001663477],
[[370.0,362.0,370.0,362.0],0.001042068],
[[370.0,364.0,370.0,364.0],0.0004491091],
[[370.0,366.0,370.0,366.0],0.0002143955],
[[370.0,368.0,370.0,368.0],0.0],
[[380.0,340.0,380.0,340.0],0.0002268032],
[[380.0,342.0,380.0,342.0],0.0002883027],
[[380.0,344.0,380.0,344.0],0.0002686373],
[[380.0,346.0,380.0,346.0],0.0003576073],
[[380.0,348.0,380.0,348.0],0.0004266605],
[[380.0,350.0,380.0,350.0],0.0004446936],
[[380.0,352.0,380.0,352.0],0.0005245364],
[[380.0,354.0,380.0,354.0],0.0006439045],
[[380.0,356.0,380.0,356.0],0.0007714864],
[[380.0,358.0,380.0,358.0],0.0009120091],
[[380.0,360.0,380.0,360.0],0.001142236],
[[380.0,362.0,380.0,362.0],0.001250527],
[[380.0,364.0,380.0,364.0],0.001359341],
[[380.0,366.0,380.0,366.0],0.001437568],
[[380.0,368.0,380.0,368.0],0.0015907],
[[380.0,370.0,380.0,370.0],0.001645536],
[[380.0,372.0,380.0,372.0],0.001025086],
[[380.0,374.0,380.0,374.0],0.00053405],
[[380.0,376.0,380.0,376.0],0.0001024227],
[[380.0,378.0,380.0,378.0],0.0],
[[390.0,350.0,390.0,350.0],0.000235545],
[[390.0,352.0,390.0,352.0],0.0002426555],
[[390.0,354.0,390.0,354.0],0.0003009709],
[[390.0,356.0,390.0,356.0],0.0003489241],
[[390.0,358.0,390.0,358.0],0.0003825255],
[[390.0,360.0,390.0,360.0],0.0005236827],
[[390.0,362.0,390.0,362.0],0.00059992],
[[390.0,364.0,390.0,364.0],0.0006527455],
[[390.0,366.0,390.0,366.0],0.0007881],
[[390.0,368.0,390.0,368.0],0.0009316909],
[[390.0,370.0,390.0,370.0],0.001062505],
[[390.0,372.0,390.0,372.0],0.001287359],
[[390.0,374.0,390.0,374.0],0.001398932],
[[390.0,376.0,390.0,376.0],0.001627991],
[[390.0,378.0,390.0,378.0],0.00173475],
[[390.0,380.0,390.0,380.0],0.001817732],
[[390.0,382.0,390.0,382.0],0.001029982],
[[390.0,384.0,390.0,384.0],0.0004251727],
[[390.0,386.0,390.0,386.0],2.064227e-05],
[[390.0,388.0,390.0,388.0],0.0],
[[400.0,360.0,400.0,360.0],0.0002494318],
[[400.0,362.0,400.0,362.0],0.0002909295],
[[400.0,364.0,400.0,364.0],0.0002798395],
[[400.0,368.0,400.0,368.0],0.0004557664],
[[400.0,370.0,400.0,370.0],0.0005370177],
[[400.0,372.0,400.0,372.0],0.0006706682],
[[400.0,374.0,400.0,374.0],0.00065495],
[[400.0,376.0,400.0,376.0],0.0008237591],
[[400.0,378.0,400.0,378.0],0.00087083],
[[400.0,380.0,400.0,380.0],0.0010622],
[[400.0,382.0,400.0,382.0],0.001244914],
[[400.0,384.0,400.0,384.0],0.001498718],
[[400.0,386.0,400.0,386.0],0.001601141],
[[400.0,388.0,400.0,388.0],0.001605686],
[[400.0,390.0,400.0,390.0],0.001666373],
[[400.0,392.0,400.0,392.0],0.001228273],
[[400.0,394.0,400.0,394.0],0.0003251091],
[[400.0,396.0,400.0,396.0],4.138091e-05],
[[400.0,398.0,400.0,398.0],0.0]]
