dataId: SR_2017_17
dataType: efficiencyMap
observedN: 146
expectedBG: 146.4085865
bgError: 7.442060782471478
upperLimit: 0.2079*fb
expectedUpperLimit: 0.2096*fb
