txName: TChiISR
constraint: {(PV > MET(1), MET(2))}
condition: None
conditionDescription: None
figureUrl: None
source: Recast by MA5
validated: True
axesMap: [{0: 'x', 1: 'y'}]
dataMap: {0: (1, 'mass', GeV), 1: (2, 'mass', GeV)}
finalState: ['MET', 'MET']
efficiencyMap: [[[1.0,10.0],2.117504e-08],
[[1.0,20.0],2.955424e-08],
[[1.0,30.0],2.765625e-08],
[[1.0,40.0],1.544632e-08],
[[1.0,50.0],6.664907e-08],
[[1.0,60.0],3.545401e-08],
[[5.0,10.0],2.305532e-08],
[[7.0,10.0],1.45884e-08],
[[9.0,10.0],2.908056e-08],
[[10.0,1.0],2.117504e-08],
[[10.0,5.0],2.305532e-08],
[[10.0,7.0],1.45884e-08],
[[10.0,9.0],2.908056e-08],
[[10.0,10.0],2.13254e-08],
[[12.0,62.0],4.966373e-08],
[[12.0,72.0],3.432467e-08],
[[12.0,82.0],6.247923e-07],
[[12.0,92.0],5.272193e-07],
[[12.0,102.0],6.845835e-07],
[[12.0,212.0],3.669687e-06],
[[12.0,312.0],8.909043e-06],
[[15.0,20.0],6.119267e-08],
[[17.0,20.0],1.561713e-08],
[[19.0,20.0],1.37068e-07],
[[20.0,1.0],2.955424e-08],
[[20.0,15.0],6.119267e-08],
[[20.0,17.0],1.561713e-08],
[[20.0,19.0],1.37068e-07],
[[20.0,20.0],4.711755e-08],
[[20.0,30.0],2.342114e-08],
[[20.0,40.0],6.298649e-08],
[[20.0,50.0],1.851258e-07],
[[20.0,60.0],3.118534e-08],
[[25.0,30.0],9.247988e-08],
[[27.0,30.0],1.948986e-08],
[[29.0,30.0],4.543057e-07],
[[30.0,1.0],2.765625e-08],
[[30.0,20.0],2.342114e-08],
[[30.0,25.0],9.247988e-08],
[[30.0,27.0],1.948986e-08],
[[30.0,29.0],4.543057e-07],
[[30.0,30.0],5.067016e-08],
[[30.0,40.0],9.546068e-08],
[[30.0,50.0],1.170849e-07],
[[30.0,60.0],6.988445e-08],
[[32.0,62.0],1.481477e-07],
[[32.0,72.0],2.551734e-07],
[[32.0,82.0],7.265732e-07],
[[32.0,92.0],6.845079e-07],
[[32.0,102.0],9.455338e-07],
[[32.0,112.0],9.686238e-07],
[[32.0,122.0],2.247362e-06],
[[32.0,232.0],5.165564e-06],
[[32.0,332.0],9.652485e-06],
[[35.0,40.0],4.235165e-08],
[[37.0,40.0],2.362626e-07],
[[39.0,40.0],5.133531e-08],
[[40.0,1.0],1.544632e-08],
[[40.0,20.0],6.298649e-08],
[[40.0,30.0],9.546068e-08],
[[40.0,35.0],4.235165e-08],
[[40.0,37.0],2.362626e-07],
[[40.0,39.0],5.133531e-08],
[[40.0,40.0],4.603385e-07],
[[40.0,50.0],8.006842e-08],
[[40.0,60.0],3.115194e-07],
[[45.0,50.0],1.640896e-07],
[[47.0,50.0],2.189754e-07],
[[49.0,50.0],2.82671e-07],
[[50.0,1.0],6.664907e-08],
[[50.0,20.0],1.851258e-07],
[[50.0,30.0],1.170849e-07],
[[50.0,40.0],8.006842e-08],
[[50.0,45.0],1.640896e-07],
[[50.0,47.0],2.189754e-07],
[[50.0,49.0],2.82671e-07],
[[50.0,50.0],2.244108e-07],
[[50.0,60.0],3.775486e-07],
[[52.0,62.0],5.420321e-07],
[[52.0,67.0],8.210453e-07],
[[52.0,72.0],9.668094e-07],
[[52.0,82.0],9.055598e-07],
[[52.0,92.0],1.030074e-06],
[[52.0,102.0],2.316799e-06],
[[52.0,112.0],1.486971e-06],
[[52.0,122.0],1.62699e-06],
[[52.0,132.0],5.0296e-06],
[[52.0,142.0],2.856914e-06],
[[52.0,252.0],8.84235e-06],
[[52.0,352.0],1.132541e-05],
[[55.0,60.0],5.14406e-07],
[[57.0,60.0],2.337445e-06],
[[59.0,60.0],1.572669e-06],
[[60.0,1.0],3.545401e-08],
[[60.0,20.0],3.118534e-08],
[[60.0,30.0],6.988445e-08],
[[60.0,40.0],3.115194e-07],
[[60.0,50.0],3.775486e-07],
[[60.0,55.0],5.14406e-07],
[[60.0,57.0],2.337445e-06],
[[60.0,59.0],1.572669e-06],
[[60.0,60.0],1.478448e-06],
[[62.0,12.0],4.966373e-08],
[[62.0,32.0],1.481477e-07],
[[62.0,52.0],5.420321e-07],
[[67.0,52.0],8.210453e-07],
[[72.0,12.0],3.432467e-08],
[[72.0,32.0],2.551734e-07],
[[72.0,52.0],9.668094e-07],
[[72.0,72.0],1.084731e-06],
[[72.0,75.0],2.499475e-06],
[[72.0,77.0],1.173532e-06],
[[72.0,82.0],1.275593e-06],
[[72.0,87.0],1.798492e-06],
[[72.0,92.0],1.740644e-06],
[[72.0,102.0],2.761652e-06],
[[72.0,112.0],2.07884e-06],
[[72.0,122.0],2.765642e-06],
[[72.0,132.0],2.802846e-06],
[[72.0,142.0],5.703582e-06],
[[72.0,152.0],3.196077e-06],
[[72.0,162.0],3.155161e-06],
[[72.0,272.0],1.116718e-05],
[[72.0,372.0],1.337552e-05],
[[75.0,72.0],2.499475e-06],
[[77.0,72.0],1.173532e-06],
[[82.0,12.0],6.247923e-07],
[[82.0,32.0],7.265732e-07],
[[82.0,52.0],9.055598e-07],
[[82.0,72.0],1.275593e-06],
[[87.0,72.0],1.798492e-06],
[[92.0,12.0],5.272193e-07],
[[92.0,32.0],6.845079e-07],
[[92.0,52.0],1.030074e-06],
[[92.0,72.0],1.740644e-06],
[[92.0,92.0],2.556659e-06],
[[92.0,95.0],2.133818e-06],
[[92.0,97.0],1.992121e-06],
[[92.0,102.0],2.112322e-06],
[[92.0,107.0],2.828963e-06],
[[92.0,112.0],3.302762e-06],
[[92.0,122.0],1.329202e-05],
[[92.0,132.0],3.166262e-06],
[[92.0,142.0],5.924072e-06],
[[92.0,152.0],5.830619e-06],
[[92.0,162.0],6.923624e-06],
[[92.0,172.0],5.155854e-06],
[[92.0,182.0],5.392103e-06],
[[92.0,292.0],9.575422e-06],
[[92.0,392.0],1.668424e-05],
[[95.0,92.0],2.133818e-06],
[[97.0,92.0],1.992121e-06],
[[102.0,12.0],6.845835e-07],
[[102.0,32.0],9.455338e-07],
[[102.0,52.0],2.316799e-06],
[[102.0,72.0],2.761652e-06],
[[102.0,92.0],2.112322e-06],
[[102.0,102.0],4.711711e-06],
[[102.0,105.0],1.031783e-05],
[[102.0,107.0],3.097509e-06],
[[102.0,112.0],2.788031e-06],
[[102.0,117.0],2.858051e-06],
[[102.0,122.0],4.074261e-06],
[[102.0,132.0],3.171072e-06],
[[102.0,142.0],4.893179e-06],
[[102.0,152.0],5.967139e-06],
[[102.0,162.0],5.120017e-06],
[[102.0,172.0],5.20601e-06],
[[102.0,182.0],6.708569e-06],
[[102.0,192.0],6.622113e-06],
[[102.0,302.0],1.427366e-05],
[[102.0,402.0],1.510358e-05],
[[105.0,102.0],1.031783e-05],
[[107.0,92.0],2.828963e-06],
[[107.0,102.0],3.097509e-06],
[[112.0,32.0],9.686238e-07],
[[112.0,52.0],1.486971e-06],
[[112.0,72.0],2.07884e-06],
[[112.0,92.0],3.302762e-06],
[[112.0,102.0],2.788031e-06],
[[117.0,102.0],2.858051e-06],
[[122.0,32.0],2.247362e-06],
[[122.0,52.0],1.62699e-06],
[[122.0,72.0],2.765642e-06],
[[122.0,92.0],1.329202e-05],
[[122.0,102.0],4.074261e-06],
[[132.0,52.0],5.0296e-06],
[[132.0,72.0],2.802846e-06],
[[132.0,92.0],3.166262e-06],
[[132.0,102.0],3.171072e-06],
[[142.0,52.0],2.856914e-06],
[[142.0,72.0],5.703582e-06],
[[142.0,92.0],5.924072e-06],
[[142.0,102.0],4.893179e-06],
[[152.0,72.0],3.196077e-06],
[[152.0,92.0],5.830619e-06],
[[152.0,102.0],5.967139e-06],
[[152.0,152.0],7.179341e-06],
[[152.0,155.0],6.42049e-06],
[[152.0,157.0],9.371779e-06],
[[152.0,162.0],6.669286e-06],
[[152.0,167.0],7.259798e-06],
[[152.0,172.0],7.407402e-06],
[[152.0,182.0],7.83786e-06],
[[152.0,192.0],9.124012e-06],
[[152.0,202.0],1.003603e-05],
[[152.0,212.0],8.637994e-06],
[[152.0,222.0],1.037761e-05],
[[152.0,232.0],1.060991e-05],
[[152.0,242.0],1.211577e-05],
[[152.0,352.0],1.963025e-05],
[[152.0,452.0],2.443597e-05],
[[155.0,152.0],6.42049e-06],
[[157.0,152.0],9.371779e-06],
[[162.0,72.0],3.155161e-06],
[[162.0,92.0],6.923624e-06],
[[162.0,102.0],5.120017e-06],
[[162.0,152.0],6.669286e-06],
[[167.0,152.0],7.259798e-06],
[[172.0,92.0],5.155854e-06],
[[172.0,102.0],5.20601e-06],
[[172.0,152.0],7.407402e-06],
[[182.0,92.0],5.392103e-06],
[[182.0,102.0],6.708569e-06],
[[182.0,152.0],7.83786e-06],
[[192.0,102.0],6.622113e-06],
[[192.0,152.0],9.124012e-06],
[[202.0,152.0],1.003603e-05],
[[202.0,202.0],1.261954e-05],
[[202.0,205.0],1.214998e-05],
[[202.0,207.0],1.134128e-05],
[[202.0,212.0],1.10887e-05],
[[202.0,217.0],1.192838e-05],
[[202.0,222.0],1.279638e-05],
[[202.0,232.0],1.346541e-05],
[[202.0,242.0],1.319967e-05],
[[202.0,252.0],1.485595e-05],
[[202.0,262.0],1.506432e-05],
[[202.0,272.0],1.493084e-05],
[[202.0,282.0],1.592398e-05],
[[202.0,402.0],3.231941e-05],
[[202.0,502.0],2.872853e-05],
[[205.0,202.0],1.214998e-05],
[[207.0,202.0],1.134128e-05],
[[212.0,12.0],3.669687e-06],
[[212.0,152.0],8.637994e-06],
[[212.0,202.0],1.10887e-05],
[[217.0,202.0],1.192838e-05],
[[222.0,152.0],1.037761e-05],
[[222.0,202.0],1.279638e-05],
[[232.0,32.0],5.165564e-06],
[[232.0,152.0],1.060991e-05],
[[232.0,202.0],1.346541e-05],
[[242.0,152.0],1.211577e-05],
[[242.0,202.0],1.319967e-05],
[[252.0,52.0],8.84235e-06],
[[252.0,202.0],1.485595e-05],
[[252.0,252.0],2.32155e-05],
[[252.0,255.0],1.880548e-05],
[[252.0,257.0],1.84343e-05],
[[252.0,262.0],1.542024e-05],
[[252.0,267.0],1.619726e-05],
[[252.0,272.0],1.786474e-05],
[[252.0,282.0],1.80677e-05],
[[252.0,292.0],1.972617e-05],
[[252.0,302.0],1.927321e-05],
[[252.0,312.0],2.441492e-05],
[[252.0,322.0],2.37912e-05],
[[252.0,332.0],2.225023e-05],
[[252.0,342.0],2.1713e-05],
[[252.0,452.0],2.947159e-05],
[[252.0,552.0],3.594892e-05],
[[255.0,252.0],1.880548e-05],
[[257.0,252.0],1.84343e-05],
[[262.0,202.0],1.506432e-05],
[[262.0,252.0],1.542024e-05],
[[267.0,252.0],1.619726e-05],
[[272.0,72.0],1.116718e-05],
[[272.0,202.0],1.493084e-05],
[[272.0,252.0],1.786474e-05],
[[282.0,202.0],1.592398e-05],
[[282.0,252.0],1.80677e-05],
[[292.0,92.0],9.575422e-06],
[[292.0,252.0],1.972617e-05],
[[302.0,102.0],1.427366e-05],
[[302.0,252.0],1.927321e-05],
[[302.0,302.0],2.602618e-05],
[[302.0,305.0],2.666421e-05],
[[302.0,307.0],2.479686e-05],
[[302.0,312.0],2.338275e-05],
[[302.0,317.0],2.295224e-05],
[[302.0,322.0],2.460882e-05],
[[302.0,332.0],2.48289e-05],
[[302.0,342.0],2.366738e-05],
[[302.0,352.0],2.412439e-05],
[[302.0,362.0],3.136986e-05],
[[302.0,372.0],2.764731e-05],
[[302.0,382.0],2.690181e-05],
[[302.0,392.0],2.672192e-05],
[[302.0,502.0],3.740772e-05],
[[302.0,602.0],4.090602e-05],
[[305.0,302.0],2.666421e-05],
[[307.0,302.0],2.479686e-05],
[[312.0,12.0],8.909043e-06],
[[312.0,252.0],2.441492e-05],
[[312.0,302.0],2.338275e-05],
[[317.0,302.0],2.295224e-05],
[[322.0,252.0],2.37912e-05],
[[322.0,302.0],2.460882e-05],
[[332.0,32.0],9.652485e-06],
[[332.0,252.0],2.225023e-05],
[[332.0,302.0],2.48289e-05],
[[342.0,252.0],2.1713e-05],
[[342.0,302.0],2.366738e-05],
[[352.0,52.0],1.132541e-05],
[[352.0,152.0],1.963025e-05],
[[352.0,302.0],2.412439e-05],
[[352.0,352.0],3.359311e-05],
[[352.0,355.0],2.968474e-05],
[[352.0,357.0],3.561537e-05],
[[352.0,362.0],3.313864e-05],
[[352.0,367.0],3.453319e-05],
[[352.0,372.0],2.84998e-05],
[[352.0,382.0],2.622746e-05],
[[352.0,392.0],3.408046e-05],
[[352.0,402.0],2.973186e-05],
[[352.0,412.0],3.175254e-05],
[[352.0,422.0],3.353629e-05],
[[352.0,432.0],3.841965e-05],
[[352.0,442.0],3.333259e-05],
[[352.0,552.0],4.179305e-05],
[[352.0,652.0],4.36973e-05],
[[355.0,352.0],2.968474e-05],
[[357.0,352.0],3.561537e-05],
[[362.0,302.0],3.136986e-05],
[[362.0,352.0],3.313864e-05],
[[367.0,352.0],3.453319e-05],
[[372.0,72.0],1.337552e-05],
[[372.0,302.0],2.764731e-05],
[[372.0,352.0],2.84998e-05],
[[382.0,302.0],2.690181e-05],
[[382.0,352.0],2.622746e-05],
[[392.0,92.0],1.668424e-05],
[[392.0,302.0],2.672192e-05],
[[392.0,352.0],3.408046e-05],
[[402.0,102.0],1.510358e-05],
[[402.0,202.0],3.231941e-05],
[[402.0,352.0],2.973186e-05],
[[402.0,402.0],3.243603e-05],
[[402.0,405.0],3.528325e-05],
[[402.0,407.0],3.994322e-05],
[[402.0,412.0],3.682162e-05],
[[402.0,417.0],3.278627e-05],
[[402.0,422.0],3.954506e-05],
[[402.0,432.0],3.757922e-05],
[[402.0,442.0],3.55251e-05],
[[402.0,452.0],4.294813e-05],
[[402.0,462.0],3.827939e-05],
[[402.0,472.0],3.836555e-05],
[[402.0,482.0],3.748536e-05],
[[402.0,492.0],4.283149e-05],
[[402.0,602.0],4.415576e-05],
[[402.0,702.0],5.331435e-05],
[[405.0,402.0],3.528325e-05],
[[407.0,402.0],3.994322e-05],
[[412.0,352.0],3.175254e-05],
[[412.0,402.0],3.682162e-05],
[[417.0,402.0],3.278627e-05],
[[422.0,352.0],3.353629e-05],
[[422.0,402.0],3.954506e-05],
[[432.0,352.0],3.841965e-05],
[[432.0,402.0],3.757922e-05],
[[442.0,352.0],3.333259e-05],
[[442.0,402.0],3.55251e-05],
[[452.0,152.0],2.443597e-05],
[[452.0,252.0],2.947159e-05],
[[452.0,402.0],4.294813e-05],
[[462.0,402.0],3.827939e-05],
[[472.0,402.0],3.836555e-05],
[[482.0,402.0],3.748536e-05],
[[492.0,402.0],4.283149e-05],
[[502.0,202.0],2.872853e-05],
[[502.0,302.0],3.740772e-05],
[[552.0,252.0],3.594892e-05],
[[552.0,352.0],4.179305e-05],
[[602.0,302.0],4.090602e-05],
[[602.0,402.0],4.415576e-05],
[[602.0,602.0],5.690483e-05],
[[602.0,605.0],5.607899e-05],
[[602.0,607.0],5.581064e-05],
[[602.0,612.0],5.749213e-05],
[[602.0,617.0],5.84393e-05],
[[602.0,622.0],6.071785e-05],
[[602.0,632.0],5.237806e-05],
[[602.0,642.0],5.390328e-05],
[[602.0,652.0],6.181281e-05],
[[602.0,662.0],5.532162e-05],
[[602.0,672.0],6.158091e-05],
[[602.0,682.0],5.756484e-05],
[[602.0,692.0],6.259517e-05],
[[602.0,802.0],6.226916e-05],
[[602.0,902.0],6.690271e-05],
[[605.0,602.0],5.607899e-05],
[[607.0,602.0],5.581064e-05],
[[612.0,602.0],5.749213e-05],
[[617.0,602.0],5.84393e-05],
[[622.0,602.0],6.071785e-05],
[[632.0,602.0],5.237806e-05],
[[642.0,602.0],5.390328e-05],
[[652.0,352.0],4.36973e-05],
[[652.0,602.0],6.181281e-05],
[[662.0,602.0],5.532162e-05],
[[672.0,602.0],6.158091e-05],
[[682.0,602.0],5.756484e-05],
[[692.0,602.0],6.259517e-05],
[[702.0,402.0],5.331435e-05],
[[802.0,602.0],6.226916e-05],
[[802.0,802.0],6.926239e-05],
[[802.0,805.0],7.111794e-05],
[[802.0,807.0],6.747451e-05],
[[802.0,812.0],7.210218e-05],
[[802.0,817.0],7.000091e-05],
[[802.0,822.0],7.288343e-05],
[[802.0,832.0],7.214254e-05],
[[802.0,842.0],7.041313e-05],
[[802.0,852.0],7.539257e-05],
[[802.0,862.0],7.381338e-05],
[[802.0,872.0],7.453648e-05],
[[802.0,882.0],8.030505e-05],
[[802.0,892.0],7.490101e-05],
[[802.0,1002.0],7.758924e-05],
[[802.0,1102.0],7.796164e-05],
[[805.0,802.0],7.111794e-05],
[[807.0,802.0],6.747451e-05],
[[812.0,802.0],7.210218e-05],
[[817.0,802.0],7.000091e-05],
[[822.0,802.0],7.288343e-05],
[[832.0,802.0],7.214254e-05],
[[842.0,802.0],7.041313e-05],
[[852.0,802.0],7.539257e-05],
[[862.0,802.0],7.381338e-05],
[[872.0,802.0],7.453648e-05],
[[882.0,802.0],8.030505e-05],
[[892.0,802.0],7.490101e-05],
[[902.0,602.0],6.690271e-05],
[[1002.0,802.0],7.758924e-05],
[[1002.0,1002.0],8.211808e-05],
[[1002.0,1005.0],8.538179e-05],
[[1002.0,1007.0],8.311417e-05],
[[1002.0,1012.0],7.896246e-05],
[[1002.0,1017.0],7.868219e-05],
[[1002.0,1022.0],8.44276e-05],
[[1002.0,1032.0],8.263783e-05],
[[1002.0,1042.0],8.632713e-05],
[[1002.0,1052.0],8.588688e-05],
[[1002.0,1062.0],8.760819e-05],
[[1002.0,1072.0],8.887645e-05],
[[1002.0,1082.0],8.934304e-05],
[[1002.0,1092.0],8.049058e-05],
[[1002.0,1202.0],8.51523e-05],
[[1002.0,1302.0],8.669786e-05],
[[1005.0,1002.0],8.538179e-05],
[[1007.0,1002.0],8.311417e-05],
[[1012.0,1002.0],7.896246e-05],
[[1017.0,1002.0],7.868219e-05],
[[1022.0,1002.0],8.44276e-05],
[[1032.0,1002.0],8.263783e-05],
[[1042.0,1002.0],8.632713e-05],
[[1052.0,1002.0],8.588688e-05],
[[1062.0,1002.0],8.760819e-05],
[[1072.0,1002.0],8.887645e-05],
[[1082.0,1002.0],8.934304e-05],
[[1092.0,1002.0],8.049058e-05],
[[1102.0,802.0],7.796164e-05],
[[1202.0,1002.0],8.51523e-05],
[[1202.0,1202.0],8.971766e-05],
[[1202.0,1205.0],8.97589e-05],
[[1202.0,1207.0],8.595969e-05],
[[1202.0,1212.0],9.004346e-05],
[[1202.0,1217.0],8.89017e-05],
[[1202.0,1222.0],9.296248e-05],
[[1202.0,1232.0],8.953285e-05],
[[1202.0,1242.0],8.933383e-05],
[[1202.0,1252.0],9.043532e-05],
[[1202.0,1262.0],9.012718e-05],
[[1202.0,1272.0],9.090509e-05],
[[1202.0,1282.0],9.515521e-05],
[[1202.0,1292.0],8.955052e-05],
[[1202.0,1402.0],8.593924e-05],
[[1202.0,1502.0],9.243295e-05],
[[1205.0,1202.0],8.97589e-05],
[[1207.0,1202.0],8.595969e-05],
[[1212.0,1202.0],9.004346e-05],
[[1217.0,1202.0],8.89017e-05],
[[1222.0,1202.0],9.296248e-05],
[[1232.0,1202.0],8.953285e-05],
[[1242.0,1202.0],8.933383e-05],
[[1252.0,1202.0],9.043532e-05],
[[1262.0,1202.0],9.012718e-05],
[[1272.0,1202.0],9.090509e-05],
[[1282.0,1202.0],9.515521e-05],
[[1292.0,1202.0],8.955052e-05],
[[1302.0,1002.0],8.669786e-05],
[[1402.0,1202.0],8.593924e-05],
[[1402.0,1402.0],9.498913e-05],
[[1402.0,1405.0],9.20149e-05],
[[1402.0,1407.0],9.466001e-05],
[[1402.0,1412.0],9.653231e-05],
[[1402.0,1417.0],9.166033e-05],
[[1402.0,1422.0],9.034909e-05],
[[1402.0,1432.0],9.313301e-05],
[[1402.0,1442.0],9.46766e-05],
[[1402.0,1452.0],9.746589e-05],
[[1402.0,1462.0],9.214937e-05],
[[1402.0,1472.0],0.0001003741],
[[1402.0,1482.0],0.0001002962],
[[1402.0,1492.0],9.307554e-05],
[[1402.0,1602.0],9.756269e-05],
[[1402.0,1702.0],9.713224e-05],
[[1405.0,1402.0],9.20149e-05],
[[1407.0,1402.0],9.466001e-05],
[[1412.0,1402.0],9.653231e-05],
[[1417.0,1402.0],9.166033e-05],
[[1422.0,1402.0],9.034909e-05],
[[1432.0,1402.0],9.313301e-05],
[[1442.0,1402.0],9.46766e-05],
[[1452.0,1402.0],9.746589e-05],
[[1462.0,1402.0],9.214937e-05],
[[1472.0,1402.0],0.0001003741],
[[1482.0,1402.0],0.0001002962],
[[1492.0,1402.0],9.307554e-05],
[[1502.0,1202.0],9.243295e-05],
[[1602.0,1402.0],9.756269e-05],
[[1602.0,1602.0],9.793374e-05],
[[1602.0,1605.0],9.342964e-05],
[[1602.0,1607.0],9.317748e-05],
[[1602.0,1612.0],9.933151e-05],
[[1602.0,1617.0],9.777132e-05],
[[1602.0,1622.0],9.490192e-05],
[[1602.0,1632.0],9.783087e-05],
[[1602.0,1642.0],9.919837e-05],
[[1602.0,1652.0],9.743654e-05],
[[1602.0,1662.0],9.406992e-05],
[[1602.0,1672.0],9.623908e-05],
[[1602.0,1682.0],9.759416e-05],
[[1602.0,1692.0],9.730782e-05],
[[1602.0,1802.0],9.471083e-05],
[[1602.0,1902.0],9.841464e-05],
[[1605.0,1602.0],9.342964e-05],
[[1607.0,1602.0],9.317748e-05],
[[1612.0,1602.0],9.933151e-05],
[[1617.0,1602.0],9.777132e-05],
[[1622.0,1602.0],9.490192e-05],
[[1632.0,1602.0],9.783087e-05],
[[1642.0,1602.0],9.919837e-05],
[[1652.0,1602.0],9.743654e-05],
[[1662.0,1602.0],9.406992e-05],
[[1672.0,1602.0],9.623908e-05],
[[1682.0,1602.0],9.759416e-05],
[[1692.0,1602.0],9.730782e-05],
[[1702.0,1402.0],9.713224e-05],
[[1802.0,1602.0],9.471083e-05],
[[1802.0,1802.0],0.0001007776],
[[1802.0,1805.0],9.769663e-05],
[[1802.0,1807.0],9.430126e-05],
[[1802.0,1812.0],9.772513e-05],
[[1802.0,1817.0],9.819337e-05],
[[1802.0,1822.0],9.63951e-05],
[[1802.0,1832.0],9.301948e-05],
[[1802.0,1842.0],0.0001018868],
[[1802.0,1852.0],9.596504e-05],
[[1802.0,1862.0],9.729808e-05],
[[1802.0,1872.0],9.17792e-05],
[[1802.0,1882.0],9.296585e-05],
[[1802.0,1892.0],9.528031e-05],
[[1802.0,2002.0],9.555749e-05],
[[1802.0,2102.0],9.745533e-05],
[[1805.0,1802.0],9.769663e-05],
[[1807.0,1802.0],9.430126e-05],
[[1812.0,1802.0],9.772513e-05],
[[1817.0,1802.0],9.819337e-05],
[[1822.0,1802.0],9.63951e-05],
[[1832.0,1802.0],9.301948e-05],
[[1842.0,1802.0],0.0001018868],
[[1852.0,1802.0],9.596504e-05],
[[1862.0,1802.0],9.729808e-05],
[[1872.0,1802.0],9.17792e-05],
[[1882.0,1802.0],9.296585e-05],
[[1892.0,1802.0],9.528031e-05],
[[1902.0,1602.0],9.841464e-05],
[[2002.0,1802.0],9.555749e-05],
[[2002.0,2002.0],9.266185e-05],
[[2002.0,2005.0],9.551245e-05],
[[2002.0,2007.0],9.620781e-05],
[[2002.0,2012.0],9.523105e-05],
[[2002.0,2017.0],9.730483e-05],
[[2002.0,2022.0],9.728442e-05],
[[2002.0,2032.0],9.93743e-05],
[[2002.0,2042.0],9.572409e-05],
[[2002.0,2052.0],9.174502e-05],
[[2002.0,2062.0],9.562977e-05],
[[2002.0,2072.0],9.821906e-05],
[[2002.0,2082.0],9.436054e-05],
[[2002.0,2092.0],9.832889e-05],
[[2002.0,2202.0],9.568476e-05],
[[2002.0,2302.0],8.875693e-05],
[[2005.0,2002.0],9.551245e-05],
[[2007.0,2002.0],9.620781e-05],
[[2012.0,2002.0],9.523105e-05],
[[2017.0,2002.0],9.730483e-05],
[[2022.0,2002.0],9.728442e-05],
[[2032.0,2002.0],9.93743e-05],
[[2042.0,2002.0],9.572409e-05],
[[2052.0,2002.0],9.174502e-05],
[[2062.0,2002.0],9.562977e-05],
[[2072.0,2002.0],9.821906e-05],
[[2082.0,2002.0],9.436054e-05],
[[2092.0,2002.0],9.832889e-05],
[[2102.0,1802.0],9.745533e-05],
[[2202.0,2002.0],9.568476e-05],
[[2302.0,2002.0],8.875693e-05]]
