txName: TChiZISRll
constraint: {(PV > anyBSM(1), MET(3)), (anyBSM(1) > l+,l-,MET(2))}
condition: None
conditionDescription: None
figureUrl: None
source: Recast by MA5
validated: True
axesMap: [{0: 'x', 1: 'y', 2: 'y'}]
dataMap: {0: (1, 'mass', GeV), 1: (2, 'mass', GeV), 2: (3, 'mass', GeV)}
finalState: ['MET', 'MET']
intermediateState: None
efficiencyMap: [[[10.0,1.0,1.0],0.0],
[[10.0,5.0,5.0],0.0],
[[10.0,7.0,7.0],2.46109e-09],
[[10.0,9.0,9.0],6.64832e-08],
[[20.0,1.0,1.0],1.787472e-09],
[[20.0,15.0,15.0],0.0],
[[20.0,17.0,17.0],1.443264e-08],
[[20.0,19.0,19.0],1.538883e-08],
[[30.0,1.0,1.0],0.0],
[[30.0,20.0,20.0],0.0],
[[30.0,25.0,25.0],1.580981e-09],
[[30.0,27.0,27.0],1.624392e-08],
[[30.0,29.0,29.0],8.99029e-08],
[[40.0,1.0,1.0],0.0],
[[40.0,20.0,20.0],1.14612e-09],
[[40.0,30.0,30.0],0.0],
[[40.0,35.0,35.0],8.387835e-09],
[[40.0,37.0,37.0],5.698626e-09],
[[40.0,39.0,39.0],2.605969e-08],
[[50.0,1.0,1.0],0.0],
[[50.0,20.0,20.0],0.0],
[[50.0,30.0,30.0],2.510091e-09],
[[50.0,40.0,40.0],1.770633e-09],
[[50.0,45.0,45.0],4.229684e-08],
[[50.0,47.0,47.0],8.204707e-08],
[[50.0,49.0,49.0],3.108555e-07],
[[60.0,1.0,1.0],0.0],
[[60.0,20.0,20.0],0.0],
[[60.0,30.0,30.0],1.484519e-09],
[[60.0,40.0,40.0],1.54689e-08],
[[60.0,50.0,50.0],2.629015e-07],
[[60.0,55.0,55.0],1.258396e-07],
[[60.0,57.0,57.0],8.148404e-07],
[[60.0,59.0,59.0],6.376006e-07],
[[61.0,52.0,52.0],4.433981e-08],
[[62.0,2.0,2.0],0.0],
[[62.0,12.0,12.0],0.0],
[[62.0,22.0,22.0],0.0],
[[62.0,32.0,32.0],0.0],
[[62.0,42.0,42.0],1.633117e-08],
[[63.0,62.0,62.0],3.639937e-07],
[[65.0,62.0,62.0],1.931512e-07],
[[67.0,62.0,62.0],1.48126e-07],
[[69.0,62.0,62.0],9.570985e-08],
[[72.0,2.0,2.0],0.0],
[[72.0,12.0,12.0],0.0],
[[72.0,22.0,22.0],4.859639e-09],
[[72.0,32.0,32.0],1.629697e-08],
[[72.0,42.0,42.0],2.605877e-08],
[[72.0,52.0,52.0],3.520782e-08],
[[73.0,72.0,72.0],8.359025e-07],
[[75.0,72.0,72.0],3.722656e-07],
[[77.0,72.0,72.0],2.282668e-07],
[[79.0,72.0,72.0],2.5475e-07],
[[82.0,2.0,2.0],0.0],
[[82.0,12.0,12.0],0.0],
[[82.0,22.0,22.0],0.0],
[[82.0,32.0,32.0],2.80586e-09],
[[82.0,42.0,42.0],5.065371e-08],
[[82.0,52.0,52.0],1.077399e-07],
[[82.0,62.0,62.0],7.096002e-08],
[[83.0,82.0,82.0],1.185272e-06],
[[85.0,82.0,82.0],6.564073e-07],
[[87.0,82.0,82.0],4.187017e-07],
[[89.0,82.0,82.0],3.026955e-07],
[[91.0,82.0,82.0],2.907726e-07],
[[92.0,12.0,12.0],2.161716e-08],
[[92.0,22.0,22.0],6.410778e-09],
[[92.0,32.0,32.0],4.991703e-09],
[[92.0,42.0,42.0],1.493885e-08],
[[92.0,52.0,52.0],3.512712e-08],
[[92.0,62.0,62.0],7.980546e-08],
[[92.0,72.0,72.0],1.778186e-07],
[[93.0,92.0,92.0],1.352011e-06],
[[97.0,92.0,92.0],6.522718e-07],
[[99.0,92.0,92.0],5.116835e-07],
[[102.0,22.0,22.0],6.277318e-08],
[[102.0,32.0,32.0],8.666561e-09],
[[102.0,42.0,42.0],1.097019e-08],
[[102.0,52.0,52.0],4.656802e-08],
[[102.0,62.0,62.0],7.475377e-08],
[[102.0,72.0,72.0],7.665488e-08],
[[102.0,82.0,82.0],1.652768e-07],
[[103.0,102.0,102.0],1.970967e-06],
[[107.0,102.0,102.0],1.130947e-06],
[[109.0,102.0,102.0],8.471444e-07],
[[112.0,32.0,32.0],9.096694e-09],
[[112.0,42.0,42.0],1.660963e-08],
[[112.0,52.0,52.0],4.768183e-08],
[[112.0,62.0,62.0],3.803554e-08],
[[112.0,72.0,72.0],8.471369e-08],
[[112.0,82.0,82.0],1.285871e-07],
[[112.0,92.0,92.0],2.102433e-07],
[[122.0,42.0,42.0],5.877315e-08],
[[122.0,52.0,52.0],4.653106e-08],
[[122.0,62.0,62.0],1.060489e-07],
[[122.0,72.0,72.0],3.877359e-07],
[[122.0,82.0,82.0],1.219104e-07],
[[122.0,92.0,92.0],1.937741e-07],
[[122.0,102.0,102.0],4.442647e-07],
[[123.0,122.0,122.0],2.970205e-06],
[[127.0,122.0,122.0],1.522133e-06],
[[129.0,122.0,122.0],1.237139e-06],
[[132.0,52.0,52.0],8.924386e-08],
[[132.0,62.0,62.0],7.880914e-08],
[[132.0,72.0,72.0],1.099441e-07],
[[132.0,82.0,82.0],1.18497e-07],
[[132.0,92.0,92.0],2.105622e-07],
[[132.0,102.0,102.0],2.523701e-07],
[[142.0,62.0,62.0],1.038693e-07],
[[142.0,72.0,72.0],1.392032e-07],
[[142.0,82.0,82.0],1.58576e-07],
[[142.0,92.0,92.0],1.404313e-07],
[[142.0,102.0,102.0],2.46212e-07],
[[142.0,122.0,122.0],5.820732e-07],
[[143.0,142.0,142.0],4.662798e-06],
[[147.0,142.0,142.0],2.575057e-06],
[[149.0,142.0,142.0],2.260307e-06],
[[151.0,142.0,142.0],1.680527e-06],
[[152.0,72.0,72.0],1.073247e-07],
[[152.0,82.0,82.0],7.899309e-08],
[[152.0,92.0,92.0],1.436895e-07],
[[152.0,102.0,102.0],2.628258e-07],
[[152.0,122.0,122.0],2.583408e-07],
[[162.0,82.0,82.0],1.162277e-07],
[[162.0,92.0,92.0],1.057092e-07],
[[162.0,102.0,102.0],1.753649e-07],
[[162.0,122.0,122.0],4.501127e-07],
[[162.0,142.0,142.0],8.321608e-07],
[[163.0,162.0,162.0],5.847901e-06],
[[167.0,162.0,162.0],3.627098e-06],
[[169.0,162.0,162.0],2.951519e-06],
[[171.0,162.0,162.0],2.620768e-06],
[[172.0,92.0,92.0],1.747562e-07],
[[172.0,102.0,102.0],2.08615e-07],
[[172.0,122.0,122.0],2.560646e-07],
[[172.0,142.0,142.0],8.316931e-07],
[[182.0,102.0,102.0],1.000308e-07],
[[182.0,122.0,122.0],2.865973e-07],
[[182.0,142.0,142.0],6.125866e-07],
[[182.0,162.0,162.0],1.314824e-06],
[[183.0,182.0,182.0],7.759644e-06],
[[187.0,182.0,182.0],4.816341e-06],
[[189.0,182.0,182.0],4.573382e-06],
[[191.0,182.0,182.0],3.233855e-06],
[[192.0,122.0,122.0],1.857198e-07],
[[192.0,142.0,142.0],5.031651e-07],
[[192.0,162.0,162.0],8.554272e-07],
[[202.0,122.0,122.0],5.030546e-07],
[[202.0,142.0,142.0],3.749703e-07],
[[202.0,162.0,162.0],7.149143e-07],
[[202.0,182.0,182.0],1.593646e-06],
[[203.0,202.0,202.0],9.503168e-06],
[[207.0,202.0,202.0],5.937051e-06],
[[209.0,202.0,202.0],5.222723e-06],
[[211.0,202.0,202.0],3.930526e-06],
[[212.0,142.0,142.0],2.633328e-07],
[[212.0,162.0,162.0],6.286721e-07],
[[212.0,182.0,182.0],1.221809e-06],
[[222.0,142.0,142.0],5.158631e-07],
[[222.0,162.0,162.0],9.902521e-07],
[[222.0,182.0,182.0],8.792032e-07],
[[222.0,202.0,202.0],2.256345e-06],
[[223.0,222.0,222.0],1.201141e-05],
[[227.0,222.0,222.0],7.821792e-06],
[[229.0,222.0,222.0],6.90522e-06],
[[231.0,222.0,222.0],6.005902e-06],
[[232.0,162.0,162.0],4.285172e-07],
[[232.0,182.0,182.0],1.426335e-06],
[[232.0,202.0,202.0],1.653923e-06],
[[242.0,162.0,162.0],4.749763e-07],
[[242.0,182.0,182.0],8.885352e-07],
[[242.0,202.0,202.0],1.224698e-06],
[[242.0,222.0,222.0],2.781407e-06],
[[243.0,242.0,242.0],1.2686e-05],
[[247.0,242.0,242.0],9.156733e-06],
[[249.0,242.0,242.0],8.328817e-06],
[[251.0,242.0,242.0],6.492373e-06],
[[252.0,182.0,182.0],7.699991e-07],
[[252.0,202.0,202.0],1.320042e-06],
[[252.0,222.0,222.0],2.296383e-06],
[[262.0,182.0,182.0],1.130234e-06],
[[262.0,202.0,202.0],8.442908e-07],
[[262.0,222.0,222.0],1.415127e-06],
[[262.0,242.0,242.0],4.093161e-06],
[[263.0,262.0,262.0],1.506767e-05],
[[267.0,262.0,262.0],1.160011e-05],
[[269.0,262.0,262.0],1.13493e-05],
[[272.0,202.0,202.0],8.521868e-07],
[[272.0,222.0,222.0],1.313101e-06],
[[272.0,242.0,242.0],2.407152e-06],
[[282.0,202.0,202.0],6.342212e-07],
[[282.0,222.0,222.0],1.416207e-06],
[[282.0,242.0,242.0],2.152857e-06],
[[282.0,262.0,262.0],4.7486e-06],
[[283.0,282.0,282.0],2.128705e-05],
[[287.0,282.0,282.0],1.267494e-05],
[[289.0,282.0,282.0],1.161014e-05],
[[292.0,222.0,222.0],8.298817e-07],
[[292.0,242.0,242.0],1.489777e-06],
[[292.0,262.0,262.0],3.099839e-06],
[[302.0,222.0,222.0],7.173918e-07],
[[302.0,242.0,242.0],1.094771e-06],
[[302.0,262.0,262.0],2.514114e-06],
[[302.0,282.0,282.0],5.358382e-06],
[[303.0,302.0,302.0],1.979082e-05],
[[307.0,302.0,302.0],1.470487e-05],
[[309.0,302.0,302.0],1.453933e-05],
[[312.0,242.0,242.0],1.173526e-06],
[[312.0,262.0,262.0],3.117308e-06],
[[312.0,282.0,282.0],2.95448e-06],
[[322.0,242.0,242.0],1.211208e-06],
[[322.0,262.0,262.0],1.653099e-06],
[[322.0,282.0,282.0],3.113878e-06],
[[322.0,302.0,302.0],5.013025e-06],
[[323.0,322.0,322.0],2.319564e-05],
[[327.0,322.0,322.0],1.777311e-05],
[[329.0,322.0,322.0],1.546759e-05],
[[332.0,262.0,262.0],1.364154e-06],
[[332.0,282.0,282.0],1.801697e-06],
[[332.0,302.0,302.0],4.096331e-06],
[[342.0,262.0,262.0],1.179043e-06],
[[342.0,282.0,282.0],1.644488e-06],
[[342.0,302.0,302.0],2.302159e-06],
[[342.0,322.0,322.0],6.371058e-06],
[[343.0,342.0,342.0],2.630355e-05],
[[347.0,342.0,342.0],2.196246e-05],
[[349.0,342.0,342.0],1.728675e-05],
[[352.0,282.0,282.0],1.725385e-06],
[[352.0,302.0,302.0],2.308323e-06],
[[352.0,322.0,322.0],4.776355e-06],
[[362.0,282.0,282.0],1.245539e-06],
[[362.0,302.0,302.0],1.571609e-06],
[[362.0,322.0,322.0],3.330903e-06],
[[362.0,342.0,342.0],8.650005e-06],
[[363.0,362.0,362.0],2.511829e-05],
[[367.0,362.0,362.0],2.496763e-05],
[[369.0,362.0,362.0],1.774012e-05],
[[372.0,302.0,302.0],1.9985e-06],
[[372.0,342.0,342.0],4.397578e-06],
[[382.0,302.0,302.0],1.334808e-06],
[[382.0,322.0,322.0],2.754722e-06],
[[382.0,362.0,362.0],8.059622e-06],
[[383.0,382.0,382.0],2.827e-05],
[[387.0,382.0,382.0],2.412088e-05],
[[389.0,382.0,382.0],2.00299e-05],
[[391.0,382.0,382.0],1.722331e-05],
[[392.0,322.0,322.0],2.537673e-06],
[[392.0,342.0,342.0],3.063169e-06],
[[392.0,362.0,362.0],5.518103e-06],
[[402.0,322.0,322.0],1.580213e-06],
[[402.0,342.0,342.0],2.442056e-06],
[[402.0,362.0,362.0],3.599866e-06],
[[402.0,382.0,382.0],9.196589e-06],
[[403.0,402.0,402.0],3.071948e-05],
[[412.0,342.0,342.0],1.978445e-06],
[[412.0,362.0,362.0],2.428558e-06],
[[412.0,382.0,382.0],6.096408e-06],
[[413.0,402.0,402.0],1.758632e-05],
[[417.0,402.0,402.0],1.262212e-05],
[[422.0,342.0,342.0],2.423471e-06],
[[422.0,362.0,362.0],3.230273e-06],
[[422.0,382.0,382.0],3.704543e-06],
[[422.0,402.0,402.0],1.132534e-05],
[[432.0,362.0,362.0],3.778875e-06],
[[432.0,382.0,382.0],2.460801e-06],
[[432.0,402.0,402.0],6.499044e-06],
[[442.0,362.0,362.0],2.277366e-06],
[[442.0,382.0,382.0],2.76443e-06],
[[452.0,382.0,382.0],3.728539e-06],
[[452.0,402.0,402.0],3.987811e-06],
[[462.0,382.0,382.0],2.103772e-06],
[[462.0,402.0,402.0],3.185926e-06],
[[482.0,402.0,402.0],3.219058e-06],
[[503.0,502.0,502.0],3.94917e-05],
[[513.0,502.0,502.0],2.482226e-05],
[[517.0,502.0,502.0],2.116854e-05],
[[522.0,502.0,502.0],1.408441e-05],
[[532.0,502.0,502.0],1.035983e-05],
[[552.0,502.0,502.0],5.992778e-06],
[[582.0,502.0,502.0],4.392123e-06],
[[603.0,602.0,602.0],4.989391e-05],
[[613.0,602.0,602.0],3.262504e-05],
[[617.0,602.0,602.0],2.562812e-05],
[[622.0,602.0,602.0],1.905427e-05],
[[632.0,602.0,602.0],1.285359e-05],
[[652.0,602.0,602.0],6.684605e-06],
[[682.0,602.0,602.0],4.191162e-06],
[[703.0,702.0,702.0],5.640998e-05],
[[713.0,702.0,702.0],3.898252e-05],
[[717.0,702.0,702.0],3.125842e-05],
[[722.0,702.0,702.0],2.231905e-05],
[[732.0,702.0,702.0],1.477097e-05],
[[752.0,702.0,702.0],9.259386e-06],
[[782.0,702.0,702.0],5.19549e-06],
[[803.0,802.0,802.0],6.932336e-05],
[[813.0,802.0,802.0],4.681351e-05],
[[817.0,802.0,802.0],3.708782e-05],
[[822.0,802.0,802.0],2.841777e-05],
[[832.0,802.0,802.0],2.072151e-05],
[[852.0,802.0,802.0],1.045412e-05],
[[882.0,802.0,802.0],6.293017e-06],
[[903.0,902.0,902.0],7.871464e-05],
[[913.0,902.0,902.0],5.697718e-05],
[[917.0,902.0,902.0],4.531845e-05],
[[922.0,902.0,902.0],3.36621e-05],
[[932.0,902.0,902.0],1.967532e-05],
[[952.0,902.0,902.0],1.35601e-05],
[[982.0,902.0,902.0],9.407153e-06],
[[1003.0,1002.0,1002.0],8.307784e-05],
[[1013.0,1002.0,1002.0],5.853009e-05],
[[1017.0,1002.0,1002.0],5.058658e-05],
[[1022.0,1002.0,1002.0],3.651497e-05],
[[1032.0,1002.0,1002.0],2.436339e-05],
[[1052.0,1002.0,1002.0],1.132127e-05],
[[1082.0,1002.0,1002.0],8.869233e-06],
[[1103.0,1102.0,1102.0],8.404184e-05],
[[1113.0,1102.0,1102.0],7.005085e-05],
[[1117.0,1102.0,1102.0],5.527596e-05],
[[1122.0,1102.0,1102.0],3.871582e-05],
[[1132.0,1102.0,1102.0],2.549846e-05],
[[1152.0,1102.0,1102.0],1.571881e-05],
[[1182.0,1102.0,1102.0],9.121017e-06],
[[1203.0,1202.0,1202.0],8.906224e-05],
[[1213.0,1202.0,1202.0],7.042829e-05],
[[1217.0,1202.0,1202.0],5.664432e-05],
[[1222.0,1202.0,1202.0],3.859613e-05],
[[1232.0,1202.0,1202.0],2.498845e-05],
[[1252.0,1202.0,1202.0],1.427219e-05],
[[1282.0,1202.0,1202.0],1.079931e-05],
[[1303.0,1302.0,1302.0],8.814721e-05],
[[1313.0,1302.0,1302.0],7.331654e-05],
[[1317.0,1302.0,1302.0],5.796939e-05],
[[1322.0,1302.0,1302.0],4.484866e-05],
[[1332.0,1302.0,1302.0],2.625892e-05],
[[1352.0,1302.0,1302.0],1.484923e-05],
[[1382.0,1302.0,1302.0],1.007449e-05],
[[1403.0,1402.0,1402.0],8.965565e-05],
[[1413.0,1402.0,1402.0],7.143629e-05],
[[1417.0,1402.0,1402.0],6.014004e-05],
[[1422.0,1402.0,1402.0],4.352131e-05],
[[1432.0,1402.0,1402.0],3.08467e-05],
[[1452.0,1402.0,1402.0],1.626135e-05],
[[1482.0,1402.0,1402.0],1.06346e-05],
[[1503.0,1502.0,1502.0],9.815288e-05],
[[1513.0,1502.0,1502.0],7.884215e-05],
[[1517.0,1502.0,1502.0],6.373715e-05],
[[1522.0,1502.0,1502.0],4.66462e-05],
[[1532.0,1502.0,1502.0],2.316201e-05],
[[1552.0,1502.0,1502.0],1.672439e-05],
[[1582.0,1502.0,1502.0],1.242509e-05],
[[1603.0,1602.0,1602.0],9.777573e-05],
[[1613.0,1602.0,1602.0],7.666797e-05],
[[1617.0,1602.0,1602.0],6.669548e-05],
[[1622.0,1602.0,1602.0],4.804231e-05],
[[1632.0,1602.0,1602.0],2.91223e-05],
[[1652.0,1602.0,1602.0],1.526174e-05],
[[1682.0,1602.0,1602.0],9.253304e-06],
[[1703.0,1702.0,1702.0],9.964671e-05],
[[1713.0,1702.0,1702.0],7.93596e-05],
[[1717.0,1702.0,1702.0],6.347404e-05],
[[1722.0,1702.0,1702.0],4.916525e-05],
[[1732.0,1702.0,1702.0],2.876639e-05],
[[1752.0,1702.0,1702.0],1.468728e-05],
[[1782.0,1702.0,1702.0],1.133531e-05],
[[1803.0,1802.0,1802.0],9.170565e-05],
[[1813.0,1802.0,1802.0],7.899725e-05],
[[1817.0,1802.0,1802.0],6.776213e-05],
[[1822.0,1802.0,1802.0],4.760798e-05],
[[1832.0,1802.0,1802.0],2.95736e-05],
[[1852.0,1802.0,1802.0],1.630628e-05],
[[1872.0,1802.0,1802.0],1.159505e-05],
[[1882.0,1802.0,1802.0],9.213386e-06],
[[1903.0,1902.0,1902.0],9.923185e-05],
[[1913.0,1902.0,1902.0],8.336602e-05],
[[1917.0,1902.0,1902.0],6.452095e-05],
[[1922.0,1902.0,1902.0],4.936963e-05],
[[1942.0,1902.0,1902.0],2.076648e-05],
[[1952.0,1902.0,1902.0],1.841665e-05],
[[1982.0,1902.0,1902.0],9.541005e-06],
[[2003.0,2002.0,2002.0],9.736577e-05],
[[2013.0,2002.0,2002.0],7.877415e-05],
[[2017.0,2002.0,2002.0],6.82858e-05],
[[2022.0,2002.0,2002.0],4.849866e-05],
[[2032.0,2002.0,2002.0],2.862062e-05],
[[2042.0,2002.0,2002.0],1.975272e-05],
[[2052.0,2002.0,2002.0],1.558876e-05],
[[2072.0,2002.0,2002.0],1.202595e-05],
[[2082.0,2002.0,2002.0],1.097594e-05]]
