txName: TChiZISRll
constraint: {(PV > anyBSM(1), MET(3)), (anyBSM(1) > l+,l-,MET(2))}
condition: None
conditionDescription: None
figureUrl: None
source: Recast by MA5
validated: True
axesMap: [{0: 'x', 1: 'y', 2: 'y'}]
dataMap: {0: (1, 'mass', GeV), 1: (2, 'mass', GeV), 2: (3, 'mass', GeV)}
finalState: ['MET', 'MET']
intermediateState: None
efficiencyMap: [[[10.0,1.0,1.0],0.0],
[[10.0,5.0,5.0],5.738351e-09],
[[10.0,7.0,7.0],6.030062e-09],
[[10.0,9.0,9.0],2.036562e-08],
[[20.0,1.0,1.0],0.0],
[[20.0,15.0,15.0],1.095634e-08],
[[20.0,17.0,17.0],3.669525e-08],
[[20.0,19.0,19.0],2.475573e-07],
[[30.0,1.0,1.0],0.0],
[[30.0,20.0,20.0],2.3057e-09],
[[30.0,25.0,25.0],8.005814e-09],
[[30.0,27.0,27.0],1.135918e-07],
[[30.0,29.0,29.0],5.037467e-08],
[[40.0,1.0,1.0],0.0],
[[40.0,20.0,20.0],4.393402e-09],
[[40.0,30.0,30.0],8.201503e-08],
[[40.0,35.0,35.0],1.343123e-08],
[[40.0,37.0,37.0],1.548205e-08],
[[40.0,39.0,39.0],1.890196e-07],
[[50.0,1.0,1.0],0.0],
[[50.0,20.0,20.0],0.0],
[[50.0,30.0,30.0],0.0],
[[50.0,40.0,40.0],2.884832e-08],
[[50.0,45.0,45.0],1.228319e-07],
[[50.0,47.0,47.0],2.873419e-07],
[[50.0,49.0,49.0],6.505574e-07],
[[60.0,1.0,1.0],0.0],
[[60.0,20.0,20.0],0.0],
[[60.0,30.0,30.0],1.48116e-07],
[[60.0,40.0,40.0],2.07741e-07],
[[60.0,50.0,50.0],1.86968e-07],
[[60.0,55.0,55.0],7.077978e-07],
[[60.0,57.0,57.0],1.316794e-06],
[[60.0,59.0,59.0],1.201772e-06],
[[61.0,52.0,52.0],1.480604e-07],
[[62.0,2.0,2.0],2.398395e-09],
[[62.0,12.0,12.0],0.0],
[[62.0,22.0,22.0],0.0],
[[62.0,32.0,32.0],9.788103e-09],
[[62.0,42.0,42.0],3.390087e-08],
[[63.0,62.0,62.0],1.56297e-06],
[[65.0,62.0,62.0],6.943539e-07],
[[67.0,62.0,62.0],8.606301e-07],
[[69.0,62.0,62.0],3.975975e-07],
[[72.0,2.0,2.0],0.0],
[[72.0,12.0,12.0],0.0],
[[72.0,22.0,22.0],7.325211e-09],
[[72.0,32.0,32.0],4.923809e-09],
[[72.0,42.0,42.0],7.920186e-08],
[[72.0,52.0,52.0],1.32466e-07],
[[73.0,72.0,72.0],2.62765e-06],
[[75.0,72.0,72.0],1.337246e-06],
[[77.0,72.0,72.0],9.406079e-07],
[[79.0,72.0,72.0],8.078069e-07],
[[82.0,2.0,2.0],0.0],
[[82.0,12.0,12.0],1.189675e-08],
[[82.0,22.0,22.0],7.233612e-09],
[[82.0,32.0,32.0],4.968558e-08],
[[82.0,42.0,42.0],8.165996e-08],
[[82.0,52.0,52.0],1.204831e-07],
[[82.0,62.0,62.0],2.965324e-07],
[[83.0,82.0,82.0],3.255325e-06],
[[85.0,82.0,82.0],1.945188e-06],
[[87.0,82.0,82.0],1.343647e-06],
[[89.0,82.0,82.0],1.110331e-06],
[[91.0,82.0,82.0],9.767586e-07],
[[92.0,12.0,12.0],6.372728e-08],
[[92.0,22.0,22.0],4.854441e-08],
[[92.0,32.0,32.0],5.661377e-08],
[[92.0,42.0,42.0],7.422319e-08],
[[92.0,52.0,52.0],2.287314e-07],
[[92.0,62.0,62.0],3.045138e-07],
[[92.0,72.0,72.0],1.878173e-07],
[[93.0,92.0,92.0],4.544138e-06],
[[97.0,92.0,92.0],2.097248e-06],
[[99.0,92.0,92.0],1.600628e-06],
[[102.0,22.0,22.0],8.698349e-08],
[[102.0,32.0,32.0],7.832512e-08],
[[102.0,42.0,42.0],1.378979e-07],
[[102.0,52.0,52.0],1.378821e-07],
[[102.0,62.0,62.0],2.460872e-07],
[[102.0,72.0,72.0],2.038519e-07],
[[102.0,82.0,82.0],5.60635e-07],
[[103.0,102.0,102.0],6.798359e-06],
[[107.0,102.0,102.0],2.990074e-06],
[[109.0,102.0,102.0],3.480995e-06],
[[112.0,32.0,32.0],6.038208e-08],
[[112.0,42.0,42.0],1.111144e-07],
[[112.0,52.0,52.0],2.086757e-07],
[[112.0,62.0,62.0],2.557883e-07],
[[112.0,72.0,72.0],3.256395e-07],
[[112.0,82.0,82.0],6.122507e-07],
[[112.0,92.0,92.0],7.140226e-07],
[[122.0,42.0,42.0],1.622251e-07],
[[122.0,52.0,52.0],3.287548e-07],
[[122.0,62.0,62.0],2.882464e-07],
[[122.0,72.0,72.0],4.542059e-07],
[[122.0,82.0,82.0],3.977796e-07],
[[122.0,92.0,92.0],6.611014e-07],
[[122.0,102.0,102.0],1.449446e-06],
[[123.0,122.0,122.0],9.625667e-06],
[[127.0,122.0,122.0],5.177336e-06],
[[129.0,122.0,122.0],5.39424e-06],
[[132.0,52.0,52.0],1.851308e-07],
[[132.0,62.0,62.0],1.555798e-07],
[[132.0,72.0,72.0],3.865122e-07],
[[132.0,82.0,82.0],2.628831e-07],
[[132.0,92.0,92.0],6.913836e-07],
[[132.0,102.0,102.0],5.956775e-07],
[[142.0,62.0,62.0],3.120458e-07],
[[142.0,72.0,72.0],6.151748e-07],
[[142.0,82.0,82.0],3.785529e-07],
[[142.0,92.0,92.0],4.800455e-07],
[[142.0,102.0,102.0],6.143229e-07],
[[142.0,122.0,122.0],1.860659e-06],
[[143.0,142.0,142.0],1.410164e-05],
[[147.0,142.0,142.0],7.017564e-06],
[[149.0,142.0,142.0],6.04804e-06],
[[151.0,142.0,142.0],4.933245e-06],
[[152.0,72.0,72.0],3.186876e-07],
[[152.0,82.0,82.0],4.631326e-07],
[[152.0,92.0,92.0],5.80913e-06],
[[152.0,102.0,102.0],6.483142e-07],
[[152.0,122.0,122.0],2.010598e-06],
[[162.0,82.0,82.0],4.44421e-07],
[[162.0,92.0,92.0],8.008105e-07],
[[162.0,102.0,102.0],2.120627e-06],
[[162.0,122.0,122.0],9.9451e-07],
[[162.0,142.0,142.0],2.891193e-06],
[[163.0,162.0,162.0],1.797258e-05],
[[167.0,162.0,162.0],1.14696e-05],
[[169.0,162.0,162.0],1.302712e-05],
[[171.0,162.0,162.0],7.749647e-06],
[[172.0,92.0,92.0],4.476482e-07],
[[172.0,102.0,102.0],8.202873e-07],
[[172.0,122.0,122.0],1.324589e-06],
[[172.0,142.0,142.0],2.311329e-06],
[[182.0,102.0,102.0],7.475972e-07],
[[182.0,122.0,122.0],9.002372e-07],
[[182.0,142.0,142.0],1.833919e-06],
[[182.0,162.0,162.0],3.126479e-06],
[[183.0,182.0,182.0],2.174721e-05],
[[187.0,182.0,182.0],1.395754e-05],
[[189.0,182.0,182.0],1.296611e-05],
[[191.0,182.0,182.0],9.591974e-06],
[[192.0,122.0,122.0],1.044735e-06],
[[192.0,142.0,142.0],1.353851e-06],
[[192.0,162.0,162.0],3.292638e-06],
[[202.0,122.0,122.0],8.937475e-07],
[[202.0,142.0,142.0],1.473654e-06],
[[202.0,162.0,162.0],3.53229e-06],
[[202.0,182.0,182.0],5.226498e-06],
[[203.0,202.0,202.0],3.043063e-05],
[[207.0,202.0,202.0],1.97147e-05],
[[209.0,202.0,202.0],1.61516e-05],
[[211.0,202.0,202.0],1.362321e-05],
[[212.0,142.0,142.0],8.788505e-07],
[[212.0,162.0,162.0],1.685735e-06],
[[212.0,182.0,182.0],3.677407e-06],
[[222.0,142.0,142.0],1.879868e-06],
[[222.0,162.0,162.0],2.389897e-06],
[[222.0,182.0,182.0],2.524815e-06],
[[222.0,202.0,202.0],6.391047e-06],
[[223.0,222.0,222.0],3.14135e-05],
[[227.0,222.0,222.0],3.447619e-05],
[[229.0,222.0,222.0],2.183475e-05],
[[231.0,222.0,222.0],1.684229e-05],
[[232.0,162.0,162.0],1.546266e-06],
[[232.0,182.0,182.0],2.837792e-06],
[[232.0,202.0,202.0],4.335314e-06],
[[242.0,162.0,162.0],1.834816e-06],
[[242.0,182.0,182.0],2.817006e-06],
[[242.0,202.0,202.0],3.367261e-06],
[[242.0,222.0,222.0],8.798965e-06],
[[243.0,242.0,242.0],4.323285e-05],
[[247.0,242.0,242.0],2.968509e-05],
[[249.0,242.0,242.0],2.497685e-05],
[[251.0,242.0,242.0],2.006327e-05],
[[252.0,182.0,182.0],2.115434e-06],
[[252.0,202.0,202.0],3.706089e-06],
[[252.0,222.0,222.0],5.724342e-06],
[[262.0,182.0,182.0],1.59812e-06],
[[262.0,202.0,202.0],2.267693e-06],
[[262.0,222.0,222.0],4.841449e-06],
[[262.0,242.0,242.0],1.039918e-05],
[[263.0,262.0,262.0],4.414424e-05],
[[267.0,262.0,262.0],3.886325e-05],
[[269.0,262.0,262.0],2.886927e-05],
[[272.0,202.0,202.0],2.425075e-06],
[[272.0,222.0,222.0],3.204637e-06],
[[272.0,242.0,242.0],7.606421e-06],
[[282.0,202.0,202.0],2.272995e-06],
[[282.0,222.0,222.0],3.11417e-06],
[[282.0,242.0,242.0],5.612838e-06],
[[282.0,262.0,262.0],1.170195e-05],
[[283.0,282.0,282.0],5.248773e-05],
[[287.0,282.0,282.0],4.519989e-05],
[[289.0,282.0,282.0],3.550716e-05],
[[292.0,222.0,222.0],3.109176e-06],
[[292.0,242.0,242.0],4.155548e-06],
[[292.0,262.0,262.0],8.333518e-06],
[[302.0,222.0,222.0],3.682062e-06],
[[302.0,242.0,242.0],3.221524e-06],
[[302.0,262.0,262.0],5.766706e-06],
[[302.0,282.0,282.0],1.475878e-05],
[[303.0,302.0,302.0],6.355395e-05],
[[307.0,302.0,302.0],4.628384e-05],
[[309.0,302.0,302.0],4.121665e-05],
[[312.0,242.0,242.0],3.058431e-06],
[[312.0,262.0,262.0],4.984188e-06],
[[312.0,282.0,282.0],9.040639e-06],
[[322.0,242.0,242.0],4.149573e-06],
[[322.0,262.0,262.0],5.118154e-06],
[[322.0,282.0,282.0],7.765928e-06],
[[322.0,302.0,302.0],1.690848e-05],
[[323.0,322.0,322.0],6.273575e-05],
[[327.0,322.0,322.0],5.155985e-05],
[[329.0,322.0,322.0],5.207911e-05],
[[332.0,262.0,262.0],3.837218e-06],
[[332.0,282.0,282.0],6.824958e-06],
[[332.0,302.0,302.0],1.026335e-05],
[[342.0,262.0,262.0],3.989616e-06],
[[342.0,282.0,282.0],5.758075e-06],
[[342.0,302.0,302.0],1.196994e-05],
[[342.0,322.0,322.0],1.888425e-05],
[[343.0,342.0,342.0],7.54346e-05],
[[347.0,342.0,342.0],5.895452e-05],
[[349.0,342.0,342.0],5.039514e-05],
[[352.0,282.0,282.0],4.939708e-06],
[[352.0,302.0,302.0],6.489865e-06],
[[352.0,322.0,322.0],1.258762e-05],
[[362.0,282.0,282.0],5.498511e-06],
[[362.0,302.0,302.0],6.463892e-06],
[[362.0,322.0,322.0],1.126393e-05],
[[362.0,342.0,342.0],2.080028e-05],
[[363.0,362.0,362.0],7.624851e-05],
[[367.0,362.0,362.0],6.47068e-05],
[[369.0,362.0,362.0],6.306036e-05],
[[372.0,302.0,302.0],5.047101e-06],
[[372.0,342.0,342.0],1.448369e-05],
[[382.0,302.0,302.0],4.554195e-06],
[[382.0,322.0,322.0],9.187425e-06],
[[382.0,362.0,362.0],2.425836e-05],
[[383.0,382.0,382.0],7.992433e-05],
[[387.0,382.0,382.0],6.893678e-05],
[[389.0,382.0,382.0],6.216032e-05],
[[391.0,382.0,382.0],4.796037e-05],
[[392.0,322.0,322.0],9.662706e-06],
[[392.0,342.0,342.0],9.219498e-06],
[[392.0,362.0,362.0],1.640679e-05],
[[402.0,322.0,322.0],6.931566e-06],
[[402.0,342.0,342.0],7.394783e-06],
[[402.0,362.0,362.0],1.387934e-05],
[[402.0,382.0,382.0],2.884944e-05],
[[403.0,402.0,402.0],9.317301e-05],
[[412.0,342.0,342.0],6.982825e-06],
[[412.0,362.0,362.0],8.713267e-06],
[[412.0,382.0,382.0],1.724863e-05],
[[413.0,402.0,402.0],4.887826e-05],
[[417.0,402.0,402.0],3.641644e-05],
[[422.0,342.0,342.0],6.37487e-06],
[[422.0,362.0,362.0],8.092778e-06],
[[422.0,382.0,382.0],1.278665e-05],
[[422.0,402.0,402.0],2.854633e-05],
[[432.0,362.0,362.0],6.871852e-06],
[[432.0,382.0,382.0],1.051911e-05],
[[432.0,402.0,402.0],1.894939e-05],
[[442.0,362.0,362.0],8.321603e-06],
[[442.0,382.0,382.0],1.183507e-05],
[[452.0,382.0,382.0],7.681468e-06],
[[452.0,402.0,402.0],1.043409e-05],
[[462.0,382.0,382.0],7.579835e-06],
[[462.0,402.0,402.0],1.323052e-05],
[[482.0,402.0,402.0],9.904052e-06],
[[503.0,502.0,502.0],0.0001228565],
[[513.0,502.0,502.0],7.146616e-05],
[[517.0,502.0,502.0],5.327042e-05],
[[522.0,502.0,502.0],4.18294e-05],
[[532.0,502.0,502.0],2.315584e-05],
[[552.0,502.0,502.0],1.652622e-05],
[[582.0,502.0,502.0],1.403419e-05],
[[603.0,602.0,602.0],0.000134868],
[[613.0,602.0,602.0],8.959098e-05],
[[617.0,602.0,602.0],7.178841e-05],
[[622.0,602.0,602.0],5.604191e-05],
[[632.0,602.0,602.0],3.50091e-05],
[[652.0,602.0,602.0],1.975506e-05],
[[682.0,602.0,602.0],1.315047e-05],
[[703.0,702.0,702.0],0.0001662461],
[[713.0,702.0,702.0],0.0001090075],
[[717.0,702.0,702.0],8.594282e-05],
[[722.0,702.0,702.0],6.521082e-05],
[[732.0,702.0,702.0],4.603765e-05],
[[752.0,702.0,702.0],2.241434e-05],
[[782.0,702.0,702.0],1.910277e-05],
[[803.0,802.0,802.0],0.0001798957],
[[813.0,802.0,802.0],0.0001379343],
[[817.0,802.0,802.0],0.0001034988],
[[822.0,802.0,802.0],8.145418e-05],
[[832.0,802.0,802.0],4.598097e-05],
[[852.0,802.0,802.0],2.88049e-05],
[[882.0,802.0,802.0],1.958102e-05],
[[903.0,902.0,902.0],0.0002039841],
[[913.0,902.0,902.0],0.0001508029],
[[917.0,902.0,902.0],0.0001170467],
[[922.0,902.0,902.0],9.08653e-05],
[[932.0,902.0,902.0],5.874524e-05],
[[952.0,902.0,902.0],3.093352e-05],
[[982.0,902.0,902.0],2.182622e-05],
[[1003.0,1002.0,1002.0],0.0002170613],
[[1013.0,1002.0,1002.0],0.0001530642],
[[1017.0,1002.0,1002.0],0.0001314195],
[[1022.0,1002.0,1002.0],9.42412e-05],
[[1032.0,1002.0,1002.0],6.633796e-05],
[[1052.0,1002.0,1002.0],3.640699e-05],
[[1082.0,1002.0,1002.0],2.611122e-05],
[[1103.0,1102.0,1102.0],0.000232356],
[[1113.0,1102.0,1102.0],0.0001712291],
[[1117.0,1102.0,1102.0],0.0001460801],
[[1122.0,1102.0,1102.0],9.810798e-05],
[[1132.0,1102.0,1102.0],6.694219e-05],
[[1152.0,1102.0,1102.0],3.75559e-05],
[[1182.0,1102.0,1102.0],2.417213e-05],
[[1203.0,1202.0,1202.0],0.0002435485],
[[1213.0,1202.0,1202.0],0.000188923],
[[1217.0,1202.0,1202.0],0.0001498019],
[[1222.0,1202.0,1202.0],0.0001171478],
[[1232.0,1202.0,1202.0],6.892325e-05],
[[1252.0,1202.0,1202.0],3.267022e-05],
[[1282.0,1202.0,1202.0],2.706627e-05],
[[1303.0,1302.0,1302.0],0.0002471428],
[[1313.0,1302.0,1302.0],0.0001920594],
[[1317.0,1302.0,1302.0],0.0001565643],
[[1322.0,1302.0,1302.0],0.0001204146],
[[1332.0,1302.0,1302.0],7.762939e-05],
[[1352.0,1302.0,1302.0],3.998245e-05],
[[1382.0,1302.0,1302.0],2.437702e-05],
[[1403.0,1402.0,1402.0],0.0002495996],
[[1413.0,1402.0,1402.0],0.0002053492],
[[1417.0,1402.0,1402.0],0.0001586843],
[[1422.0,1402.0,1402.0],0.0001184707],
[[1432.0,1402.0,1402.0],7.215008e-05],
[[1452.0,1402.0,1402.0],4.323784e-05],
[[1482.0,1402.0,1402.0],2.54274e-05],
[[1503.0,1502.0,1502.0],0.0002541446],
[[1513.0,1502.0,1502.0],0.0002118204],
[[1517.0,1502.0,1502.0],0.000157601],
[[1522.0,1502.0,1502.0],0.0001236244],
[[1532.0,1502.0,1502.0],7.107871e-05],
[[1552.0,1502.0,1502.0],4.13102e-05],
[[1582.0,1502.0,1502.0],2.665908e-05],
[[1603.0,1602.0,1602.0],0.0002479703],
[[1613.0,1602.0,1602.0],0.0002100444],
[[1617.0,1602.0,1602.0],0.0001641132],
[[1622.0,1602.0,1602.0],0.0001197805],
[[1632.0,1602.0,1602.0],7.738004e-05],
[[1652.0,1602.0,1602.0],4.218079e-05],
[[1682.0,1602.0,1602.0],2.667841e-05],
[[1703.0,1702.0,1702.0],0.000257379],
[[1713.0,1702.0,1702.0],0.0002090618],
[[1717.0,1702.0,1702.0],0.0001695765],
[[1722.0,1702.0,1702.0],0.0001250708],
[[1732.0,1702.0,1702.0],8.199468e-05],
[[1752.0,1702.0,1702.0],4.523189e-05],
[[1782.0,1702.0,1702.0],2.963272e-05],
[[1803.0,1802.0,1802.0],0.0002562694],
[[1813.0,1802.0,1802.0],0.0002153984],
[[1817.0,1802.0,1802.0],0.000182157],
[[1822.0,1802.0,1802.0],0.0001334563],
[[1832.0,1802.0,1802.0],8.525953e-05],
[[1852.0,1802.0,1802.0],4.592714e-05],
[[1872.0,1802.0,1802.0],3.030093e-05],
[[1882.0,1802.0,1802.0],3.29629e-05],
[[1903.0,1902.0,1902.0],0.0002578191],
[[1913.0,1902.0,1902.0],0.0002223703],
[[1917.0,1902.0,1902.0],0.0001741554],
[[1922.0,1902.0,1902.0],0.0001292366],
[[1942.0,1902.0,1902.0],5.668401e-05],
[[1952.0,1902.0,1902.0],4.806039e-05],
[[1982.0,1902.0,1902.0],3.091009e-05],
[[2003.0,2002.0,2002.0],0.0002542844],
[[2013.0,2002.0,2002.0],0.0002114154],
[[2017.0,2002.0,2002.0],0.000169871],
[[2022.0,2002.0,2002.0],0.000124734],
[[2032.0,2002.0,2002.0],7.780889e-05],
[[2042.0,2002.0,2002.0],5.400594e-05],
[[2052.0,2002.0,2002.0],4.805209e-05],
[[2072.0,2002.0,2002.0],3.426437e-05],
[[2082.0,2002.0,2002.0],2.636425e-05]]
