txName: TChiWWISRqq
constraint: {(PV > anyBSM(1), anyBSM(3)), (anyBSM(1) > q, q, MET(2)), (anyBSM(3) > q, q, MET(4))}
condition: None
conditionDescription: None
figureUrl: None
source: Recast by MA5
validated: True
axesMap: [{0: 'x', 1: 'y', 2: 'x', 3: 'y'}]
dataMap: {0: (1, 'mass', GeV), 1: (2, 'mass', GeV), 2: (3, 'mass', GeV), 3: (4, 'mass', GeV)}
finalState: ['MET', 'MET']
intermediateState: None
efficiencyMap: [[[11.0,10.0,11.0,10.0],2.435087e-08],
[[13.0,10.0,13.0,10.0],0.0],
[[15.0,10.0,15.0,10.0],0.0],
[[20.0,10.0,20.0,10.0],0.0],
[[21.0,20.0,21.0,20.0],3.894656e-08],
[[23.0,20.0,23.0,20.0],0.0],
[[25.0,20.0,25.0,20.0],1.936323e-08],
[[30.0,10.0,30.0,10.0],0.0],
[[30.0,20.0,30.0,20.0],0.0],
[[31.0,30.0,31.0,30.0],5.515172e-08],
[[33.0,30.0,33.0,30.0],2.382728e-09],
[[35.0,30.0,35.0,30.0],0.0],
[[40.0,20.0,40.0,20.0],0.0],
[[40.0,30.0,40.0,30.0],0.0],
[[41.0,40.0,41.0,40.0],8.736914e-08],
[[43.0,40.0,43.0,40.0],3.462052e-09],
[[45.0,40.0,45.0,40.0],1.272206e-08],
[[50.0,10.0,50.0,10.0],0.0],
[[50.0,30.0,50.0,30.0],0.0],
[[50.0,40.0,50.0,40.0],3.196397e-09],
[[51.0,50.0,51.0,50.0],4.598343e-07],
[[53.0,50.0,53.0,50.0],1.577869e-07],
[[55.0,50.0,55.0,50.0],8.148141e-08],
[[60.0,20.0,60.0,20.0],0.0],
[[60.0,40.0,60.0,40.0],4.173524e-08],
[[60.0,50.0,60.0,50.0],3.701848e-08],
[[61.0,60.0,61.0,60.0],8.547815e-07],
[[63.0,60.0,63.0,60.0],3.802412e-07],
[[65.0,60.0,65.0,60.0],2.554187e-07],
[[70.0,10.0,70.0,10.0],0.0],
[[70.0,30.0,70.0,30.0],0.0],
[[70.0,50.0,70.0,50.0],4.233005e-09],
[[70.0,60.0,70.0,60.0],4.6833e-08],
[[71.0,70.0,71.0,70.0],2.821381e-06],
[[73.0,70.0,73.0,70.0],7.325288e-07],
[[75.0,70.0,75.0,70.0],2.417923e-07],
[[80.0,20.0,80.0,20.0],0.0],
[[80.0,40.0,80.0,40.0],6.436475e-08],
[[80.0,60.0,80.0,60.0],1.60936e-08],
[[80.0,70.0,80.0,70.0],2.775573e-07],
[[81.0,80.0,81.0,80.0],2.05699e-06],
[[83.0,80.0,83.0,80.0],1.226774e-06],
[[85.0,80.0,85.0,80.0],6.04677e-07],
[[90.0,10.0,90.0,10.0],0.0],
[[90.0,30.0,90.0,30.0],9.270388e-09],
[[90.0,50.0,90.0,50.0],1.334191e-08],
[[90.0,70.0,90.0,70.0],5.592567e-08],
[[90.0,80.0,90.0,80.0],2.879728e-07],
[[91.0,90.0,91.0,90.0],2.876984e-06],
[[93.0,90.0,93.0,90.0],2.652467e-06],
[[95.0,90.0,95.0,90.0],1.015741e-06],
[[100.0,20.0,100.0,20.0],7.446264e-09],
[[100.0,40.0,100.0,40.0],1.981927e-07],
[[100.0,60.0,100.0,60.0],2.387849e-08],
[[100.0,80.0,100.0,80.0],1.910672e-07],
[[100.0,90.0,100.0,90.0],4.21132e-07],
[[101.0,100.0,101.0,100.0],4.367077e-06],
[[103.0,100.0,103.0,100.0],2.996768e-06],
[[103.0,102.0,103.0,102.0],3.866934e-06],
[[105.0,100.0,105.0,100.0],1.51133e-06],
[[105.0,102.0,105.0,102.0],3.34354e-06],
[[107.0,102.0,107.0,102.0],1.976031e-06],
[[110.0,30.0,110.0,30.0],8.89173e-09],
[[110.0,50.0,110.0,50.0],2.786341e-08],
[[110.0,70.0,110.0,70.0],5.459639e-08],
[[110.0,90.0,110.0,90.0],4.832124e-07],
[[110.0,100.0,110.0,100.0],8.29258e-07],
[[112.0,102.0,112.0,102.0],8.292774e-07],
[[120.0,40.0,120.0,40.0],9.404606e-09],
[[120.0,60.0,120.0,60.0],6.666546e-08],
[[120.0,80.0,120.0,80.0],5.852471e-08],
[[120.0,100.0,120.0,100.0],7.436219e-07],
[[122.0,102.0,122.0,102.0],4.309118e-07],
[[123.0,122.0,123.0,122.0],6.622054e-06],
[[125.0,122.0,125.0,122.0],4.720907e-06],
[[127.0,122.0,127.0,122.0],4.782702e-06],
[[130.0,50.0,130.0,50.0],1.59968e-07],
[[130.0,70.0,130.0,70.0],2.320392e-07],
[[130.0,90.0,130.0,90.0],1.824862e-07],
[[132.0,122.0,132.0,122.0],1.616721e-06],
[[140.0,60.0,140.0,60.0],8.454593e-08],
[[140.0,80.0,140.0,80.0],2.105515e-07],
[[140.0,100.0,140.0,100.0],2.353307e-07],
[[142.0,102.0,142.0,102.0],3.180106e-07],
[[142.0,122.0,142.0,122.0],8.993194e-07],
[[143.0,142.0,143.0,142.0],1.017843e-05],
[[145.0,142.0,145.0,142.0],7.587341e-06],
[[147.0,142.0,147.0,142.0],6.321529e-06],
[[150.0,70.0,150.0,70.0],1.003435e-07],
[[150.0,90.0,150.0,90.0],2.511301e-07],
[[152.0,142.0,152.0,142.0],2.82701e-06],
[[160.0,80.0,160.0,80.0],9.544197e-08],
[[160.0,100.0,160.0,100.0],7.228919e-07],
[[162.0,102.0,162.0,102.0],4.398795e-07],
[[162.0,122.0,162.0,122.0],4.217391e-07],
[[162.0,142.0,162.0,142.0],1.612248e-06],
[[163.0,162.0,163.0,162.0],1.29853e-05],
[[165.0,162.0,165.0,162.0],2.333713e-05],
[[167.0,162.0,167.0,162.0],9.671259e-06],
[[170.0,90.0,170.0,90.0],1.385921e-07],
[[172.0,162.0,172.0,162.0],4.413338e-06],
[[180.0,100.0,180.0,100.0],2.185936e-07],
[[182.0,102.0,182.0,102.0],3.136712e-07],
[[182.0,122.0,182.0,122.0],6.19404e-07],
[[182.0,142.0,182.0,142.0],7.314458e-07],
[[182.0,162.0,182.0,162.0],3.003548e-06],
[[183.0,182.0,183.0,182.0],1.679797e-05],
[[185.0,182.0,185.0,182.0],1.528022e-05],
[[187.0,182.0,187.0,182.0],1.297594e-05],
[[192.0,182.0,192.0,182.0],7.114993e-06],
[[202.0,122.0,202.0,122.0],4.354748e-07],
[[202.0,142.0,202.0,142.0],1.130049e-06],
[[202.0,162.0,202.0,162.0],1.730607e-06],
[[202.0,182.0,202.0,182.0],3.785763e-06],
[[203.0,202.0,203.0,202.0],2.282454e-05],
[[205.0,202.0,205.0,202.0],2.082292e-05],
[[207.0,202.0,207.0,202.0],1.616959e-05],
[[212.0,202.0,212.0,202.0],1.10506e-05],
[[222.0,142.0,222.0,142.0],8.543687e-07],
[[222.0,162.0,222.0,162.0],2.043692e-06],
[[222.0,182.0,222.0,182.0],2.334688e-06],
[[222.0,202.0,222.0,202.0],5.991145e-06],
[[223.0,222.0,223.0,222.0],2.429061e-05],
[[225.0,222.0,225.0,222.0],3.56352e-05],
[[227.0,222.0,227.0,222.0],2.54915e-05],
[[232.0,222.0,232.0,222.0],1.279856e-05],
[[242.0,162.0,242.0,162.0],1.910011e-06],
[[242.0,182.0,242.0,182.0],2.199565e-06],
[[242.0,202.0,242.0,202.0],5.958061e-06],
[[242.0,222.0,242.0,222.0],8.433743e-06],
[[243.0,242.0,243.0,242.0],3.183754e-05],
[[245.0,242.0,245.0,242.0],2.836305e-05],
[[247.0,242.0,247.0,242.0],2.650131e-05],
[[252.0,242.0,252.0,242.0],2.080402e-05],
[[262.0,182.0,262.0,182.0],2.005859e-06],
[[262.0,202.0,262.0,202.0],5.147526e-06],
[[262.0,222.0,262.0,222.0],5.00801e-06],
[[262.0,242.0,262.0,242.0],1.400329e-05],
[[263.0,262.0,263.0,262.0],3.724206e-05],
[[265.0,262.0,265.0,262.0],3.93907e-05],
[[267.0,262.0,267.0,262.0],2.987238e-05],
[[272.0,262.0,272.0,262.0],2.605603e-05],
[[282.0,202.0,282.0,202.0],4.027078e-06],
[[282.0,222.0,282.0,222.0],4.522843e-06],
[[282.0,242.0,282.0,242.0],6.646894e-06],
[[282.0,262.0,282.0,262.0],1.18572e-05],
[[283.0,282.0,283.0,282.0],4.1542e-05],
[[285.0,282.0,285.0,282.0],4.105989e-05],
[[287.0,282.0,287.0,282.0],3.960077e-05],
[[292.0,282.0,292.0,282.0],2.738794e-05],
[[302.0,222.0,302.0,222.0],7.194172e-06],
[[302.0,242.0,302.0,242.0],6.162703e-06],
[[302.0,262.0,302.0,262.0],8.469422e-06],
[[302.0,282.0,302.0,282.0],1.857932e-05],
[[303.0,302.0,303.0,302.0],4.323224e-05],
[[305.0,302.0,305.0,302.0],5.331536e-05],
[[307.0,302.0,307.0,302.0],4.755964e-05],
[[312.0,302.0,312.0,302.0],3.060165e-05],
[[322.0,242.0,322.0,242.0],4.357027e-06],
[[322.0,262.0,322.0,262.0],8.613212e-06],
[[322.0,282.0,322.0,282.0],1.244179e-05],
[[322.0,302.0,322.0,302.0],1.970595e-05],
[[323.0,322.0,323.0,322.0],5.757893e-05],
[[325.0,322.0,325.0,322.0],6.256025e-05],
[[327.0,322.0,327.0,322.0],5.440913e-05],
[[332.0,322.0,332.0,322.0],4.000961e-05],
[[342.0,262.0,342.0,262.0],7.995638e-06],
[[342.0,282.0,342.0,282.0],7.86506e-06],
[[342.0,302.0,342.0,302.0],1.323955e-05],
[[342.0,322.0,342.0,322.0],3.062547e-05],
[[343.0,342.0,343.0,342.0],5.954964e-05],
[[345.0,342.0,345.0,342.0],7.046928e-05],
[[347.0,342.0,347.0,342.0],5.310794e-05],
[[352.0,342.0,352.0,342.0],4.538991e-05],
[[362.0,282.0,362.0,282.0],7.733189e-06],
[[362.0,302.0,362.0,302.0],1.246575e-05],
[[362.0,322.0,362.0,322.0],1.530426e-05],
[[362.0,342.0,362.0,342.0],3.022727e-05],
[[363.0,362.0,363.0,362.0],7.133779e-05],
[[365.0,362.0,365.0,362.0],5.818366e-05],
[[367.0,362.0,367.0,362.0],6.533329e-05],
[[372.0,362.0,372.0,362.0],5.490005e-05],
[[382.0,302.0,382.0,302.0],1.052657e-05],
[[382.0,322.0,382.0,322.0],1.580687e-05],
[[382.0,342.0,382.0,342.0],2.102851e-05],
[[382.0,362.0,382.0,362.0],3.633537e-05],
[[383.0,382.0,383.0,382.0],7.189115e-05],
[[385.0,382.0,385.0,382.0],7.246686e-05],
[[387.0,382.0,387.0,382.0],7.206702e-05],
[[392.0,382.0,392.0,382.0],5.673695e-05],
[[402.0,322.0,402.0,322.0],1.054781e-05],
[[402.0,342.0,402.0,342.0],1.242691e-05],
[[402.0,362.0,402.0,362.0],2.153992e-05],
[[402.0,382.0,402.0,382.0],3.532117e-05],
[[403.0,402.0,403.0,402.0],7.091128e-05],
[[405.0,402.0,405.0,402.0],7.129792e-05],
[[407.0,402.0,407.0,402.0],7.311648e-05],
[[412.0,402.0,412.0,402.0],6.521606e-05],
[[422.0,342.0,422.0,342.0],1.95858e-05],
[[422.0,362.0,422.0,362.0],1.731618e-05],
[[422.0,382.0,422.0,382.0],2.347127e-05],
[[422.0,402.0,422.0,402.0],5.525042e-05],
[[442.0,362.0,442.0,362.0],1.542806e-05],
[[442.0,382.0,442.0,382.0],2.42534e-05],
[[442.0,402.0,442.0,402.0],3.479177e-05],
[[462.0,382.0,462.0,382.0],1.958365e-05],
[[462.0,402.0,462.0,402.0],2.164891e-05],
[[482.0,402.0,482.0,402.0],1.944491e-05],
[[503.0,502.0,503.0,502.0],0.0001118471],
[[505.0,502.0,505.0,502.0],9.780081e-05],
[[507.0,502.0,507.0,502.0],0.0001044728],
[[512.0,502.0,512.0,502.0],9.479941e-05],
[[522.0,502.0,522.0,502.0],6.587129e-05],
[[542.0,502.0,542.0,502.0],4.979945e-05],
[[562.0,502.0,562.0,502.0],4.22355e-05],
[[582.0,502.0,582.0,502.0],4.289215e-05],
[[603.0,602.0,603.0,602.0],0.0001245753],
[[605.0,602.0,605.0,602.0],0.0001235833],
[[607.0,602.0,607.0,602.0],0.000131451],
[[612.0,602.0,612.0,602.0],0.0001159164],
[[622.0,602.0,622.0,602.0],9.947653e-05],
[[642.0,602.0,642.0,602.0],6.322071e-05],
[[662.0,602.0,662.0,602.0],5.680022e-05],
[[682.0,602.0,682.0,602.0],5.589488e-05],
[[703.0,702.0,703.0,702.0],0.0001577196],
[[705.0,702.0,705.0,702.0],0.0001443709],
[[707.0,702.0,707.0,702.0],0.0001365706],
[[712.0,702.0,712.0,702.0],0.0001455609],
[[722.0,702.0,722.0,702.0],0.0001139936],
[[742.0,702.0,742.0,702.0],8.629405e-05],
[[762.0,702.0,762.0,702.0],7.343534e-05],
[[782.0,702.0,782.0,702.0],7.070097e-05],
[[803.0,802.0,803.0,802.0],0.0001736606],
[[805.0,802.0,805.0,802.0],0.0001660824],
[[807.0,802.0,807.0,802.0],0.0001680384],
[[812.0,802.0,812.0,802.0],0.0001608767],
[[822.0,802.0,822.0,802.0],0.000139061],
[[842.0,802.0,842.0,802.0],9.748256e-05],
[[862.0,802.0,862.0,802.0],8.935288e-05],
[[882.0,802.0,882.0,802.0],7.972e-05],
[[903.0,902.0,903.0,902.0],0.0001948214],
[[905.0,902.0,905.0,902.0],0.0001895394],
[[907.0,902.0,907.0,902.0],0.0001933252],
[[912.0,902.0,912.0,902.0],0.0001819496],
[[922.0,902.0,922.0,902.0],0.000166549],
[[942.0,902.0,942.0,902.0],0.0001316172],
[[962.0,902.0,962.0,902.0],0.0001038819],
[[982.0,902.0,982.0,902.0],9.969422e-05],
[[1003.0,1002.0,1003.0,1002.0],0.0002059154],
[[1005.0,1002.0,1005.0,1002.0],0.0001968054],
[[1007.0,1002.0,1007.0,1002.0],0.0002116033],
[[1012.0,1002.0,1012.0,1002.0],0.000197722],
[[1022.0,1002.0,1022.0,1002.0],0.0001815303],
[[1042.0,1002.0,1042.0,1002.0],0.0001430714],
[[1062.0,1002.0,1062.0,1002.0],0.0001185129],
[[1082.0,1002.0,1082.0,1002.0],0.0001078618],
[[1103.0,1102.0,1103.0,1102.0],0.0002257031],
[[1105.0,1102.0,1105.0,1102.0],0.0002191651],
[[1107.0,1102.0,1107.0,1102.0],0.0002123162],
[[1112.0,1102.0,1112.0,1102.0],0.0002136802],
[[1122.0,1102.0,1122.0,1102.0],0.0001939757],
[[1142.0,1102.0,1142.0,1102.0],0.0001493505],
[[1162.0,1102.0,1162.0,1102.0],0.0001232834],
[[1182.0,1102.0,1182.0,1102.0],0.0001239443],
[[1203.0,1202.0,1203.0,1202.0],0.0002346142],
[[1205.0,1202.0,1205.0,1202.0],0.0002229571],
[[1207.0,1202.0,1207.0,1202.0],0.0002256645],
[[1212.0,1202.0,1212.0,1202.0],0.0002222543],
[[1222.0,1202.0,1222.0,1202.0],0.0002084403],
[[1242.0,1202.0,1242.0,1202.0],0.0001661971],
[[1262.0,1202.0,1262.0,1202.0],0.0001348739],
[[1282.0,1202.0,1282.0,1202.0],0.0001262591],
[[1303.0,1302.0,1303.0,1302.0],0.0002392997],
[[1305.0,1302.0,1305.0,1302.0],0.0002334645],
[[1307.0,1302.0,1307.0,1302.0],0.000222277],
[[1312.0,1302.0,1312.0,1302.0],0.0002359247],
[[1322.0,1302.0,1322.0,1302.0],0.0002158531],
[[1342.0,1302.0,1342.0,1302.0],0.000173433],
[[1362.0,1302.0,1362.0,1302.0],0.0001394877],
[[1382.0,1302.0,1382.0,1302.0],0.0001401461],
[[1403.0,1402.0,1403.0,1402.0],0.0002438056],
[[1405.0,1402.0,1405.0,1402.0],0.0002426774],
[[1407.0,1402.0,1407.0,1402.0],0.0002251328],
[[1412.0,1402.0,1412.0,1402.0],0.0002496078],
[[1422.0,1402.0,1422.0,1402.0],0.0002264675],
[[1442.0,1402.0,1442.0,1402.0],0.0001720513],
[[1462.0,1402.0,1462.0,1402.0],0.0001582242],
[[1482.0,1402.0,1482.0,1402.0],0.0001394582],
[[1503.0,1502.0,1503.0,1502.0],0.0002400382],
[[1505.0,1502.0,1505.0,1502.0],0.000245887],
[[1507.0,1502.0,1507.0,1502.0],0.0002440565],
[[1512.0,1502.0,1512.0,1502.0],0.0002497784],
[[1522.0,1502.0,1522.0,1502.0],0.0002125979],
[[1542.0,1502.0,1542.0,1502.0],0.0001824705],
[[1562.0,1502.0,1562.0,1502.0],0.0001674031],
[[1582.0,1502.0,1582.0,1502.0],0.0001462005],
[[1603.0,1602.0,1603.0,1602.0],0.0002472389],
[[1605.0,1602.0,1605.0,1602.0],0.000261475],
[[1607.0,1602.0,1607.0,1602.0],0.0002427274],
[[1612.0,1602.0,1612.0,1602.0],0.0002456109],
[[1622.0,1602.0,1622.0,1602.0],0.0002314118],
[[1642.0,1602.0,1642.0,1602.0],0.000184596],
[[1662.0,1602.0,1662.0,1602.0],0.0001746881],
[[1682.0,1602.0,1682.0,1602.0],0.0001510821],
[[1703.0,1702.0,1703.0,1702.0],0.0002449104],
[[1705.0,1702.0,1705.0,1702.0],0.0002550855],
[[1707.0,1702.0,1707.0,1702.0],0.0002532209],
[[1712.0,1702.0,1712.0,1702.0],0.0002476462],
[[1722.0,1702.0,1722.0,1702.0],0.0002325033],
[[1742.0,1702.0,1742.0,1702.0],0.0001975287],
[[1762.0,1702.0,1762.0,1702.0],0.0001655071],
[[1782.0,1702.0,1782.0,1702.0],0.0001658574],
[[1803.0,1802.0,1803.0,1802.0],0.0002603566],
[[1805.0,1802.0,1805.0,1802.0],0.00026129],
[[1807.0,1802.0,1807.0,1802.0],0.0002527395],
[[1812.0,1802.0,1812.0,1802.0],0.0002420388],
[[1822.0,1802.0,1822.0,1802.0],0.0002369076],
[[1842.0,1802.0,1842.0,1802.0],0.0001967146],
[[1862.0,1802.0,1862.0,1802.0],0.0001688989],
[[1882.0,1802.0,1882.0,1802.0],0.0001655787],
[[1903.0,1902.0,1903.0,1902.0],0.0002604395],
[[1905.0,1902.0,1905.0,1902.0],0.000255923],
[[1907.0,1902.0,1907.0,1902.0],0.000251239],
[[1912.0,1902.0,1912.0,1902.0],0.0002551858],
[[1922.0,1902.0,1922.0,1902.0],0.0002372082],
[[1942.0,1902.0,1942.0,1902.0],0.0002005454],
[[1962.0,1902.0,1962.0,1902.0],0.0001741057],
[[1982.0,1902.0,1982.0,1902.0],0.0001536126],
[[2003.0,2002.0,2003.0,2002.0],0.000264442],
[[2005.0,2002.0,2005.0,2002.0],0.0002485615],
[[2007.0,2002.0,2007.0,2002.0],0.0002580876],
[[2012.0,2002.0,2012.0,2002.0],0.0002411701],
[[2022.0,2002.0,2022.0,2002.0],0.0002394324],
[[2042.0,2002.0,2042.0,2002.0],0.0001999659],
[[2062.0,2002.0,2062.0,2002.0],0.0001656353],
[[2082.0,2002.0,2082.0,2002.0],0.0001693677]]
