txName: TRV1nunu
constraint: {(PV > Zprime(1)), (Zprime(1) > nu,nu)}
condition: None
conditionDescription: None
figureUrl: None
source: CMS
validated: N/A
axesMap: [{0: 'x'}]
dataMap: {0: (1, 'mass', GeV)}
finalState: ['MET', 'MET']
efficiencyMap: [[[50.0],1.724842e-08],
[[100.0],1.510423e-07],
[[150.0],7.309023e-07],
[[200.0],1.26744e-06],
[[250.0],2.832887e-06],
[[300.0],4.768984e-06],
[[350.0],6.319615e-06],
[[400.0],1.160084e-05],
[[450.0],1.740774e-05],
[[500.0],2.14109e-05],
[[550.0],2.841873e-05],
[[600.0],3.532453e-05],
[[650.0],4.644921e-05],
[[700.0],4.720527e-05],
[[750.0],5.471745e-05],
[[800.0],6.016366e-05],
[[850.0],6.807282e-05],
[[900.0],8.307233e-05],
[[950.0],9.347059e-05],
[[1000.0],9.329803e-05],
[[1050.0],9.902356e-05],
[[1100.0],0.0001076439],
[[1150.0],0.000122361],
[[1200.0],0.0001335851],
[[1250.0],0.0001501573],
[[1300.0],0.0001465727],
[[1350.0],0.0001626733],
[[1400.0],0.0001632015],
[[1450.0],0.0001681579],
[[1500.0],0.0002256629],
[[1550.0],0.0001946107],
[[1600.0],0.000212013],
[[1650.0],0.0002197888],
[[1700.0],0.0002252355],
[[1750.0],0.0002196629],
[[1800.0],0.0002123494],
[[1850.0],0.0002325123],
[[1900.0],0.0002662507],
[[1950.0],0.0002623135],
[[2000.0],0.0002846195],
[[2250.0],0.0003180524],
[[2500.0],0.0003186298],
[[2750.0],0.0003673655],
[[3000.0],0.0003393941]]
