txName: TChiZISRll
constraint: {(PV > anyBSM(1), MET(3)), (anyBSM(1) > l+,l-,MET(2))}
condition: None
conditionDescription: None
figureUrl: None
source: Recast by MA5
validated: True
axesMap: [{0: 'x', 1: 'y', 2: 'y'}]
dataMap: {0: (1, 'mass', GeV), 1: (2, 'mass', GeV), 2: (3, 'mass', GeV)}
finalState: ['MET', 'MET']
efficiencyMap: [[[10.0,1.0,1.0],1.992824e-09],
[[10.0,5.0,5.0],0.0],
[[10.0,7.0,7.0],4.374606e-08],
[[10.0,9.0,9.0],8.218426e-08],
[[20.0,1.0,1.0],1.126559e-07],
[[20.0,15.0,15.0],1.887239e-08],
[[20.0,17.0,17.0],1.53249e-08],
[[20.0,19.0,19.0],6.022862e-08],
[[30.0,1.0,1.0],0.0],
[[30.0,20.0,20.0],1.127259e-07],
[[30.0,25.0,25.0],3.682722e-09],
[[30.0,27.0,27.0],4.625639e-08],
[[30.0,29.0,29.0],3.475773e-07],
[[40.0,1.0,1.0],0.0],
[[40.0,20.0,20.0],2.096152e-09],
[[40.0,30.0,30.0],1.04697e-08],
[[40.0,35.0,35.0],1.724655e-08],
[[40.0,37.0,37.0],7.005154e-08],
[[40.0,39.0,39.0],2.030171e-07],
[[50.0,1.0,1.0],0.0],
[[50.0,20.0,20.0],0.0],
[[50.0,30.0,30.0],0.0],
[[50.0,40.0,40.0],4.312603e-08],
[[50.0,45.0,45.0],2.17014e-07],
[[50.0,47.0,47.0],4.79691e-07],
[[50.0,49.0,49.0],7.566148e-07],
[[60.0,1.0,1.0],0.0],
[[60.0,20.0,20.0],2.514152e-08],
[[60.0,30.0,30.0],3.027899e-08],
[[60.0,40.0,40.0],8.211036e-08],
[[60.0,50.0,50.0],2.820821e-07],
[[60.0,55.0,55.0],5.041814e-07],
[[60.0,57.0,57.0],1.441403e-06],
[[60.0,59.0,59.0],2.210462e-06],
[[61.0,52.0,52.0],2.313134e-07],
[[62.0,2.0,2.0],0.0],
[[62.0,12.0,12.0],0.0],
[[62.0,22.0,22.0],0.0],
[[62.0,32.0,32.0],4.569553e-08],
[[62.0,42.0,42.0],7.770012e-08],
[[63.0,62.0,62.0],1.403031e-06],
[[65.0,62.0,62.0],8.996334e-07],
[[67.0,62.0,62.0],6.223553e-07],
[[69.0,62.0,62.0],5.938584e-07],
[[72.0,2.0,2.0],0.0],
[[72.0,12.0,12.0],0.0],
[[72.0,22.0,22.0],1.515542e-08],
[[72.0,32.0,32.0],5.219037e-08],
[[72.0,42.0,42.0],2.94324e-08],
[[72.0,52.0,52.0],1.765986e-07],
[[73.0,72.0,72.0],2.172765e-06],
[[75.0,72.0,72.0],1.297488e-06],
[[77.0,72.0,72.0],1.693224e-06],
[[79.0,72.0,72.0],8.0642e-07],
[[82.0,2.0,2.0],0.0],
[[82.0,12.0,12.0],1.557184e-08],
[[82.0,22.0,22.0],1.87698e-08],
[[82.0,32.0,32.0],4.00328e-08],
[[82.0,42.0,42.0],4.631475e-08],
[[82.0,52.0,52.0],2.40534e-07],
[[82.0,62.0,62.0],2.464174e-07],
[[83.0,82.0,82.0],3.318536e-06],
[[85.0,82.0,82.0],2.107671e-06],
[[87.0,82.0,82.0],1.5933e-06],
[[89.0,82.0,82.0],1.103287e-06],
[[91.0,82.0,82.0],1.034885e-06],
[[92.0,12.0,12.0],9.391158e-09],
[[92.0,22.0,22.0],3.306692e-08],
[[92.0,32.0,32.0],3.85176e-08],
[[92.0,42.0,42.0],9.381043e-08],
[[92.0,52.0,52.0],1.640822e-07],
[[92.0,62.0,62.0],3.04469e-07],
[[92.0,72.0,72.0],6.85099e-07],
[[93.0,92.0,92.0],4.609682e-06],
[[97.0,92.0,92.0],2.463331e-06],
[[99.0,92.0,92.0],2.036913e-06],
[[102.0,22.0,22.0],5.615897e-08],
[[102.0,32.0,32.0],2.691167e-06],
[[102.0,42.0,42.0],3.25217e-07],
[[102.0,52.0,52.0],1.142349e-07],
[[102.0,62.0,62.0],1.809866e-07],
[[102.0,72.0,72.0],4.016415e-07],
[[102.0,82.0,82.0],5.250947e-07],
[[103.0,102.0,102.0],5.892709e-06],
[[107.0,102.0,102.0],3.359083e-06],
[[109.0,102.0,102.0],2.844998e-06],
[[112.0,32.0,32.0],1.341158e-07],
[[112.0,42.0,42.0],2.605922e-07],
[[112.0,52.0,52.0],2.996173e-07],
[[112.0,62.0,62.0],2.871113e-07],
[[112.0,72.0,72.0],4.024885e-07],
[[112.0,82.0,82.0],4.37629e-07],
[[112.0,92.0,92.0],1.106906e-06],
[[122.0,42.0,42.0],1.112716e-07],
[[122.0,52.0,52.0],1.922162e-07],
[[122.0,62.0,62.0],2.444807e-07],
[[122.0,72.0,72.0],3.535809e-07],
[[122.0,82.0,82.0],1.907813e-06],
[[122.0,92.0,92.0],7.544283e-07],
[[122.0,102.0,102.0],1.212651e-06],
[[123.0,122.0,122.0],9.663941e-06],
[[127.0,122.0,122.0],5.156786e-06],
[[129.0,122.0,122.0],4.843351e-06],
[[132.0,52.0,52.0],2.338758e-07],
[[132.0,62.0,62.0],2.566193e-07],
[[132.0,72.0,72.0],1.04176e-06],
[[132.0,82.0,82.0],4.122189e-07],
[[132.0,92.0,92.0],4.124703e-07],
[[132.0,102.0,102.0],7.917019e-07],
[[142.0,62.0,62.0],2.038962e-07],
[[142.0,72.0,72.0],4.283325e-07],
[[142.0,82.0,82.0],3.471703e-07],
[[142.0,92.0,92.0],7.494216e-07],
[[142.0,102.0,102.0],8.949414e-07],
[[142.0,122.0,122.0],2.35092e-06],
[[143.0,142.0,142.0],1.231317e-05],
[[147.0,142.0,142.0],8.940742e-06],
[[149.0,142.0,142.0],6.081283e-06],
[[151.0,142.0,142.0],4.80006e-06],
[[152.0,72.0,72.0],2.082002e-07],
[[152.0,82.0,82.0],3.16545e-07],
[[152.0,92.0,92.0],5.527301e-07],
[[152.0,102.0,102.0],9.222326e-07],
[[152.0,122.0,122.0],1.635013e-06],
[[162.0,82.0,82.0],3.931672e-07],
[[162.0,92.0,92.0],4.956914e-07],
[[162.0,102.0,102.0],1.062139e-06],
[[162.0,122.0,122.0],8.886345e-07],
[[162.0,142.0,142.0],2.615954e-06],
[[163.0,162.0,162.0],1.455373e-05],
[[167.0,162.0,162.0],1.109151e-05],
[[169.0,162.0,162.0],8.834405e-06],
[[171.0,162.0,162.0],7.898245e-06],
[[172.0,92.0,92.0],4.362004e-07],
[[172.0,102.0,102.0],7.399429e-07],
[[172.0,122.0,122.0],1.119199e-06],
[[172.0,142.0,142.0],1.653869e-06],
[[182.0,102.0,102.0],4.331279e-07],
[[182.0,122.0,122.0],9.266225e-07],
[[182.0,142.0,142.0],1.773836e-06],
[[182.0,162.0,162.0],3.825462e-06],
[[183.0,182.0,182.0],2.46931e-05],
[[187.0,182.0,182.0],1.493125e-05],
[[189.0,182.0,182.0],1.076432e-05],
[[191.0,182.0,182.0],9.086963e-06],
[[192.0,122.0,122.0],1.380195e-06],
[[192.0,142.0,142.0],1.467793e-06],
[[192.0,162.0,162.0],2.975514e-06],
[[202.0,122.0,122.0],1.127999e-06],
[[202.0,142.0,142.0],1.305482e-06],
[[202.0,162.0,162.0],1.663077e-06],
[[202.0,182.0,182.0],5.270653e-06],
[[203.0,202.0,202.0],2.480249e-05],
[[207.0,202.0,202.0],1.715957e-05],
[[209.0,202.0,202.0],1.361663e-05],
[[211.0,202.0,202.0],1.217336e-05],
[[212.0,142.0,142.0],1.840696e-06],
[[212.0,162.0,162.0],1.744834e-06],
[[212.0,182.0,182.0],3.212615e-06],
[[222.0,142.0,142.0],1.482283e-06],
[[222.0,162.0,162.0],2.215107e-06],
[[222.0,182.0,182.0],3.214991e-06],
[[222.0,202.0,202.0],5.45317e-06],
[[223.0,222.0,222.0],2.709176e-05],
[[227.0,222.0,222.0],2.092635e-05],
[[229.0,222.0,222.0],1.859146e-05],
[[231.0,222.0,222.0],1.477781e-05],
[[232.0,162.0,162.0],1.653627e-06],
[[232.0,182.0,182.0],2.44843e-06],
[[232.0,202.0,202.0],6.033523e-06],
[[242.0,162.0,162.0],3.181109e-06],
[[242.0,182.0,182.0],2.523041e-06],
[[242.0,202.0,202.0],3.06934e-06],
[[242.0,222.0,222.0],7.429743e-06],
[[243.0,242.0,242.0],3.438251e-05],
[[247.0,242.0,242.0],2.418349e-05],
[[249.0,242.0,242.0],2.141224e-05],
[[251.0,242.0,242.0],1.869644e-05],
[[252.0,182.0,182.0],2.072901e-06],
[[252.0,202.0,202.0],2.470788e-06],
[[252.0,222.0,222.0],5.860808e-06],
[[262.0,182.0,182.0],2.25347e-06],
[[262.0,202.0,202.0],2.717409e-06],
[[262.0,222.0,222.0],3.936802e-06],
[[262.0,242.0,242.0],9.303135e-06],
[[263.0,262.0,262.0],3.714837e-05],
[[267.0,262.0,262.0],3.146577e-05],
[[269.0,262.0,262.0],2.37316e-05],
[[272.0,202.0,202.0],3.115383e-06],
[[272.0,222.0,222.0],2.92937e-06],
[[272.0,242.0,242.0],6.418785e-06],
[[282.0,202.0,202.0],2.00985e-06],
[[282.0,222.0,222.0],2.381528e-06],
[[282.0,242.0,242.0],5.041966e-06],
[[282.0,262.0,262.0],1.227661e-05],
[[283.0,282.0,282.0],4.194039e-05],
[[287.0,282.0,282.0],3.978102e-05],
[[289.0,282.0,282.0],2.776018e-05],
[[292.0,222.0,222.0],3.079225e-06],
[[292.0,242.0,242.0],5.527163e-06],
[[292.0,262.0,262.0],8.432101e-06],
[[302.0,222.0,222.0],3.162148e-06],
[[302.0,242.0,242.0],3.337782e-06],
[[302.0,262.0,262.0],6.742346e-06],
[[302.0,282.0,282.0],1.689527e-05],
[[303.0,302.0,302.0],4.383684e-05],
[[307.0,302.0,302.0],3.89002e-05],
[[309.0,302.0,302.0],3.210642e-05],
[[312.0,242.0,242.0],4.796726e-06],
[[312.0,262.0,262.0],4.765694e-06],
[[312.0,282.0,282.0],7.117897e-06],
[[322.0,242.0,242.0],4.041405e-06],
[[322.0,262.0,262.0],5.739541e-06],
[[322.0,282.0,282.0],6.652014e-06],
[[322.0,302.0,302.0],1.358059e-05],
[[323.0,322.0,322.0],4.917877e-05],
[[327.0,322.0,322.0],4.271024e-05],
[[329.0,322.0,322.0],3.628485e-05],
[[332.0,262.0,262.0],3.923259e-06],
[[332.0,282.0,282.0],5.594031e-06],
[[332.0,302.0,302.0],8.927646e-06],
[[342.0,262.0,262.0],3.94203e-06],
[[342.0,282.0,282.0],6.87559e-06],
[[342.0,302.0,302.0],7.213587e-06],
[[342.0,322.0,322.0],1.557696e-05],
[[343.0,342.0,342.0],4.883333e-05],
[[347.0,342.0,342.0],4.531019e-05],
[[349.0,342.0,342.0],3.8889e-05],
[[352.0,282.0,282.0],5.364044e-06],
[[352.0,302.0,302.0],5.953846e-06],
[[352.0,322.0,322.0],9.933123e-06],
[[362.0,282.0,282.0],4.327399e-06],
[[362.0,302.0,302.0],6.200429e-06],
[[362.0,322.0,322.0],8.190496e-06],
[[362.0,342.0,342.0],1.681485e-05],
[[363.0,362.0,362.0],5.681504e-05],
[[367.0,362.0,362.0],4.565019e-05],
[[369.0,362.0,362.0],4.143316e-05],
[[372.0,302.0,302.0],5.463388e-06],
[[372.0,342.0,342.0],1.09534e-05],
[[382.0,302.0,302.0],4.956211e-06],
[[382.0,322.0,322.0],5.924395e-06],
[[382.0,362.0,362.0],2.137578e-05],
[[383.0,382.0,382.0],5.565817e-05],
[[387.0,382.0,382.0],5.26595e-05],
[[389.0,382.0,382.0],4.893313e-05],
[[391.0,382.0,382.0],4.236663e-05],
[[392.0,322.0,322.0],4.160626e-06],
[[392.0,342.0,342.0],8.891437e-06],
[[392.0,362.0,362.0],1.279671e-05],
[[402.0,322.0,322.0],4.556991e-06],
[[402.0,342.0,342.0],6.246869e-06],
[[402.0,362.0,362.0],9.28233e-06],
[[402.0,382.0,382.0],2.125878e-05],
[[403.0,402.0,402.0],6.853284e-05],
[[412.0,342.0,342.0],5.260683e-06],
[[412.0,362.0,362.0],8.111051e-06],
[[412.0,382.0,382.0],1.781337e-05],
[[413.0,402.0,402.0],4.17822e-05],
[[417.0,402.0,402.0],2.844528e-05],
[[422.0,342.0,342.0],6.347945e-06],
[[422.0,362.0,362.0],6.924253e-06],
[[422.0,382.0,382.0],1.027647e-05],
[[422.0,402.0,402.0],2.284946e-05],
[[432.0,362.0,362.0],6.824983e-06],
[[432.0,382.0,382.0],7.75832e-06],
[[432.0,402.0,402.0],1.3734e-05],
[[442.0,362.0,362.0],6.500113e-06],
[[442.0,382.0,382.0],8.389513e-06],
[[452.0,382.0,382.0],6.285558e-06],
[[452.0,402.0,402.0],9.433108e-06],
[[462.0,382.0,382.0],6.409168e-06],
[[462.0,402.0,402.0],9.553991e-06],
[[482.0,402.0,402.0],6.984661e-06],
[[503.0,502.0,502.0],8.313698e-05],
[[513.0,502.0,502.0],5.4477e-05],
[[517.0,502.0,502.0],4.128413e-05],
[[522.0,502.0,502.0],2.84675e-05],
[[532.0,502.0,502.0],2.246861e-05],
[[552.0,502.0,502.0],1.21143e-05],
[[582.0,502.0,502.0],1.007199e-05],
[[603.0,602.0,602.0],0.0001002537],
[[613.0,602.0,602.0],6.761021e-05],
[[617.0,602.0,602.0],5.242403e-05],
[[622.0,602.0,602.0],3.850337e-05],
[[632.0,602.0,602.0],2.758216e-05],
[[652.0,602.0,602.0],1.836319e-05],
[[682.0,602.0,602.0],1.255754e-05],
[[703.0,702.0,702.0],0.0001144466],
[[713.0,702.0,702.0],7.578424e-05],
[[717.0,702.0,702.0],5.795058e-05],
[[722.0,702.0,702.0],4.664531e-05],
[[732.0,702.0,702.0],2.958769e-05],
[[752.0,702.0,702.0],1.9163e-05],
[[782.0,702.0,702.0],1.123192e-05],
[[803.0,802.0,802.0],0.0001239462],
[[813.0,802.0,802.0],9.400594e-05],
[[817.0,802.0,802.0],7.586813e-05],
[[822.0,802.0,802.0],5.528184e-05],
[[832.0,802.0,802.0],3.597161e-05],
[[852.0,802.0,802.0],2.238528e-05],
[[882.0,802.0,802.0],1.273042e-05],
[[903.0,902.0,902.0],0.0001293088],
[[913.0,902.0,902.0],0.0001012249],
[[917.0,902.0,902.0],8.354961e-05],
[[922.0,902.0,902.0],6.208553e-05],
[[932.0,902.0,902.0],3.903258e-05],
[[952.0,902.0,902.0],2.121554e-05],
[[982.0,902.0,902.0],1.455175e-05],
[[1003.0,1002.0,1002.0],0.0001330002],
[[1013.0,1002.0,1002.0],0.0001060154],
[[1017.0,1002.0,1002.0],8.29232e-05],
[[1022.0,1002.0,1002.0],6.295253e-05],
[[1032.0,1002.0,1002.0],4.669503e-05],
[[1052.0,1002.0,1002.0],2.488263e-05],
[[1082.0,1002.0,1002.0],1.46782e-05],
[[1103.0,1102.0,1102.0],0.0001447928],
[[1113.0,1102.0,1102.0],0.0001156912],
[[1117.0,1102.0,1102.0],8.904469e-05],
[[1122.0,1102.0,1102.0],6.805981e-05],
[[1132.0,1102.0,1102.0],4.537383e-05],
[[1152.0,1102.0,1102.0],2.98032e-05],
[[1182.0,1102.0,1102.0],1.626762e-05],
[[1203.0,1202.0,1202.0],0.0001483484],
[[1213.0,1202.0,1202.0],0.0001143094],
[[1217.0,1202.0,1202.0],9.720238e-05],
[[1222.0,1202.0,1202.0],6.880104e-05],
[[1232.0,1202.0,1202.0],4.703192e-05],
[[1252.0,1202.0,1202.0],2.628938e-05],
[[1282.0,1202.0,1202.0],1.645158e-05],
[[1303.0,1302.0,1302.0],0.0001450799],
[[1313.0,1302.0,1302.0],0.0001196932],
[[1317.0,1302.0,1302.0],9.735751e-05],
[[1322.0,1302.0,1302.0],7.319553e-05],
[[1332.0,1302.0,1302.0],4.727435e-05],
[[1352.0,1302.0,1302.0],2.912531e-05],
[[1382.0,1302.0,1302.0],1.771923e-05],
[[1403.0,1402.0,1402.0],0.0001509494],
[[1413.0,1402.0,1402.0],0.0001268714],
[[1417.0,1402.0,1402.0],0.0001016178],
[[1422.0,1402.0,1402.0],7.279202e-05],
[[1432.0,1402.0,1402.0],5.116844e-05],
[[1452.0,1402.0,1402.0],3.04917e-05],
[[1482.0,1402.0,1402.0],1.899467e-05],
[[1503.0,1502.0,1502.0],0.0001459785],
[[1513.0,1502.0,1502.0],0.0001364876],
[[1517.0,1502.0,1502.0],9.949005e-05],
[[1522.0,1502.0,1502.0],7.336963e-05],
[[1532.0,1502.0,1502.0],4.878229e-05],
[[1552.0,1502.0,1502.0],2.780207e-05],
[[1582.0,1502.0,1502.0],1.854605e-05],
[[1603.0,1602.0,1602.0],0.0001531466],
[[1613.0,1602.0,1602.0],0.0001317136],
[[1617.0,1602.0,1602.0],0.0001062543],
[[1622.0,1602.0,1602.0],7.448578e-05],
[[1632.0,1602.0,1602.0],5.079007e-05],
[[1652.0,1602.0,1602.0],2.438017e-05],
[[1682.0,1602.0,1602.0],1.683333e-05],
[[1703.0,1702.0,1702.0],0.0001612669],
[[1713.0,1702.0,1702.0],0.0001330016],
[[1717.0,1702.0,1702.0],0.0001065336],
[[1722.0,1702.0,1702.0],7.562872e-05],
[[1732.0,1702.0,1702.0],4.684622e-05],
[[1752.0,1702.0,1702.0],2.652678e-05],
[[1782.0,1702.0,1702.0],1.921712e-05],
[[1803.0,1802.0,1802.0],0.0001620784],
[[1813.0,1802.0,1802.0],0.000125985],
[[1817.0,1802.0,1802.0],0.0001040546],
[[1822.0,1802.0,1802.0],7.815233e-05],
[[1832.0,1802.0,1802.0],4.644289e-05],
[[1852.0,1802.0,1802.0],2.600869e-05],
[[1872.0,1802.0,1802.0],1.98434e-05],
[[1882.0,1802.0,1802.0],2.002645e-05],
[[1903.0,1902.0,1902.0],0.0001579333],
[[1913.0,1902.0,1902.0],0.000132175],
[[1917.0,1902.0,1902.0],0.0001103394],
[[1922.0,1902.0,1902.0],8.238693e-05],
[[1942.0,1902.0,1902.0],3.514797e-05],
[[1952.0,1902.0,1902.0],3.142863e-05],
[[1982.0,1902.0,1902.0],1.732194e-05],
[[2003.0,2002.0,2002.0],0.0001623567],
[[2013.0,2002.0,2002.0],0.0001306882],
[[2017.0,2002.0,2002.0],0.0001119645],
[[2022.0,2002.0,2002.0],8.111299e-05],
[[2032.0,2002.0,2002.0],5.249798e-05],
[[2042.0,2002.0,2002.0],3.372969e-05],
[[2052.0,2002.0,2002.0],2.896518e-05],
[[2072.0,2002.0,2002.0],1.967671e-05],
[[2082.0,2002.0,2002.0],2.022119e-05]]
