txName: TChiWWISRqq
constraint: {(PV > anyBSM(1), anyBSM(3)), (anyBSM(1) > q, q, MET(2)), (anyBSM(3) > q, q, MET(4))}
condition: None
conditionDescription: None
figureUrl: None
source: Recast by MA5
validated: True
axesMap: [{0: 'x', 1: 'y', 2: 'x', 3: 'y'}]
dataMap: {0: (1, 'mass', GeV), 1: (2, 'mass', GeV), 2: (3, 'mass', GeV), 3: (4, 'mass', GeV)}
finalState: ['MET', 'MET']
efficiencyMap: [[[11.0,10.0,11.0,10.0],6.412173e-09],
[[13.0,10.0,13.0,10.0],0.0],
[[15.0,10.0,15.0,10.0],0.0],
[[20.0,10.0,20.0,10.0],0.0],
[[21.0,20.0,21.0,20.0],1.807177e-08],
[[23.0,20.0,23.0,20.0],4.589422e-09],
[[25.0,20.0,25.0,20.0],0.0],
[[30.0,10.0,30.0,10.0],0.0],
[[30.0,20.0,30.0,20.0],0.0],
[[31.0,30.0,31.0,30.0],6.298796e-08],
[[33.0,30.0,33.0,30.0],6.861671e-09],
[[35.0,30.0,35.0,30.0],2.724671e-09],
[[40.0,20.0,40.0,20.0],0.0],
[[40.0,30.0,40.0,30.0],0.0],
[[41.0,40.0,41.0,40.0],2.965483e-07],
[[43.0,40.0,43.0,40.0],5.256241e-08],
[[45.0,40.0,45.0,40.0],2.516766e-08],
[[50.0,10.0,50.0,10.0],0.0],
[[50.0,30.0,50.0,30.0],7.469818e-09],
[[50.0,40.0,50.0,40.0],6.677133e-09],
[[51.0,50.0,51.0,50.0],7.345218e-07],
[[53.0,50.0,53.0,50.0],2.790597e-07],
[[55.0,50.0,55.0,50.0],8.614059e-07],
[[60.0,20.0,60.0,20.0],0.0],
[[60.0,40.0,60.0,40.0],4.356053e-08],
[[60.0,50.0,60.0,50.0],3.445492e-08],
[[61.0,60.0,61.0,60.0],8.661944e-07],
[[63.0,60.0,63.0,60.0],5.658494e-07],
[[65.0,60.0,65.0,60.0],2.475078e-07],
[[70.0,10.0,70.0,10.0],0.0],
[[70.0,30.0,70.0,30.0],1.787902e-08],
[[70.0,50.0,70.0,50.0],2.349456e-08],
[[70.0,60.0,70.0,60.0],2.341744e-07],
[[71.0,70.0,71.0,70.0],2.068897e-06],
[[73.0,70.0,73.0,70.0],9.261006e-07],
[[75.0,70.0,75.0,70.0],2.511024e-06],
[[80.0,20.0,80.0,20.0],1.667386e-08],
[[80.0,40.0,80.0,40.0],1.509927e-08],
[[80.0,60.0,80.0,60.0],1.104245e-07],
[[80.0,70.0,80.0,70.0],2.292417e-07],
[[81.0,80.0,81.0,80.0],2.400267e-06],
[[83.0,80.0,83.0,80.0],1.547685e-06],
[[85.0,80.0,85.0,80.0],1.02677e-06],
[[90.0,10.0,90.0,10.0],2.953372e-08],
[[90.0,30.0,90.0,30.0],1.853859e-08],
[[90.0,50.0,90.0,50.0],4.785455e-08],
[[90.0,70.0,90.0,70.0],7.911939e-08],
[[90.0,80.0,90.0,80.0],9.193049e-07],
[[91.0,90.0,91.0,90.0],3.228442e-06],
[[93.0,90.0,93.0,90.0],2.189056e-06],
[[95.0,90.0,95.0,90.0],1.585954e-06],
[[100.0,20.0,100.0,20.0],1.374107e-08],
[[100.0,40.0,100.0,40.0],8.156065e-08],
[[100.0,60.0,100.0,60.0],4.270755e-08],
[[100.0,80.0,100.0,80.0],2.126773e-07],
[[100.0,90.0,100.0,90.0],9.32105e-07],
[[101.0,100.0,101.0,100.0],4.313603e-06],
[[103.0,100.0,103.0,100.0],3.403058e-06],
[[103.0,102.0,103.0,102.0],4.13019e-06],
[[105.0,100.0,105.0,100.0],1.978135e-06],
[[105.0,102.0,105.0,102.0],3.85837e-06],
[[107.0,102.0,107.0,102.0],3.409359e-06],
[[110.0,30.0,110.0,30.0],1.860274e-08],
[[110.0,50.0,110.0,50.0],4.845576e-08],
[[110.0,70.0,110.0,70.0],7.589995e-08],
[[110.0,90.0,110.0,90.0],8.133137e-07],
[[110.0,100.0,110.0,100.0],9.406962e-07],
[[112.0,102.0,112.0,102.0],2.072404e-06],
[[120.0,40.0,120.0,40.0],4.34352e-08],
[[120.0,60.0,120.0,60.0],4.93714e-08],
[[120.0,80.0,120.0,80.0],1.59341e-07],
[[120.0,100.0,120.0,100.0],5.620543e-07],
[[122.0,102.0,122.0,102.0],6.579313e-07],
[[123.0,122.0,123.0,122.0],6.418088e-06],
[[125.0,122.0,125.0,122.0],6.368523e-06],
[[127.0,122.0,127.0,122.0],4.79873e-06],
[[130.0,50.0,130.0,50.0],7.618346e-08],
[[130.0,70.0,130.0,70.0],9.53861e-08],
[[130.0,90.0,130.0,90.0],4.338417e-07],
[[132.0,122.0,132.0,122.0],2.212173e-06],
[[140.0,60.0,140.0,60.0],1.285156e-07],
[[140.0,80.0,140.0,80.0],2.443655e-07],
[[140.0,100.0,140.0,100.0],5.631908e-07],
[[142.0,102.0,142.0,102.0],4.268325e-07],
[[142.0,122.0,142.0,122.0],1.224713e-06],
[[143.0,142.0,143.0,142.0],1.048733e-05],
[[145.0,142.0,145.0,142.0],8.748599e-06],
[[147.0,142.0,147.0,142.0],7.436156e-06],
[[150.0,70.0,150.0,70.0],2.562019e-07],
[[150.0,90.0,150.0,90.0],2.156511e-07],
[[152.0,142.0,152.0,142.0],4.245462e-06],
[[160.0,80.0,160.0,80.0],2.796251e-07],
[[160.0,100.0,160.0,100.0],2.920116e-07],
[[162.0,102.0,162.0,102.0],4.140809e-07],
[[162.0,122.0,162.0,122.0],5.783078e-07],
[[162.0,142.0,162.0,142.0],2.115214e-06],
[[163.0,162.0,163.0,162.0],1.233328e-05],
[[165.0,162.0,165.0,162.0],1.983211e-05],
[[167.0,162.0,167.0,162.0],9.980783e-06],
[[170.0,90.0,170.0,90.0],6.548787e-07],
[[172.0,162.0,172.0,162.0],5.46109e-06],
[[180.0,100.0,180.0,100.0],5.793564e-07],
[[182.0,102.0,182.0,102.0],3.010948e-07],
[[182.0,122.0,182.0,122.0],1.718208e-06],
[[182.0,142.0,182.0,142.0],1.509479e-06],
[[182.0,162.0,182.0,162.0],3.315944e-06],
[[183.0,182.0,183.0,182.0],1.548229e-05],
[[185.0,182.0,185.0,182.0],2.162476e-05],
[[187.0,182.0,187.0,182.0],1.345184e-05],
[[192.0,182.0,192.0,182.0],7.279415e-06],
[[202.0,122.0,202.0,122.0],1.319634e-06],
[[202.0,142.0,202.0,142.0],1.251917e-06],
[[202.0,162.0,202.0,162.0],2.223253e-06],
[[202.0,182.0,202.0,182.0],4.698758e-06],
[[203.0,202.0,203.0,202.0],1.731374e-05],
[[205.0,202.0,205.0,202.0],1.833641e-05],
[[207.0,202.0,207.0,202.0],1.590325e-05],
[[212.0,202.0,212.0,202.0],1.09737e-05],
[[222.0,142.0,222.0,142.0],2.233081e-06],
[[222.0,162.0,222.0,162.0],1.942056e-06],
[[222.0,182.0,222.0,182.0],4.121889e-06],
[[222.0,202.0,222.0,202.0],6.48278e-06],
[[223.0,222.0,223.0,222.0],2.051659e-05],
[[225.0,222.0,225.0,222.0],2.19876e-05],
[[227.0,222.0,227.0,222.0],1.824699e-05],
[[232.0,222.0,232.0,222.0],1.483986e-05],
[[242.0,162.0,242.0,162.0],3.279317e-06],
[[242.0,182.0,242.0,182.0],3.505802e-06],
[[242.0,202.0,242.0,202.0],3.891359e-06],
[[242.0,222.0,242.0,222.0],8.252743e-06],
[[243.0,242.0,243.0,242.0],2.595481e-05],
[[245.0,242.0,245.0,242.0],2.456794e-05],
[[247.0,242.0,247.0,242.0],2.240445e-05],
[[252.0,242.0,252.0,242.0],1.703909e-05],
[[262.0,182.0,262.0,182.0],2.5099e-06],
[[262.0,202.0,262.0,202.0],3.640169e-06],
[[262.0,222.0,262.0,222.0],5.621038e-06],
[[262.0,242.0,262.0,242.0],9.325482e-06],
[[263.0,262.0,263.0,262.0],3.202462e-05],
[[265.0,262.0,265.0,262.0],2.936326e-05],
[[267.0,262.0,267.0,262.0],2.513113e-05],
[[272.0,262.0,272.0,262.0],2.100231e-05],
[[282.0,202.0,282.0,202.0],4.878216e-06],
[[282.0,222.0,282.0,222.0],4.658283e-06],
[[282.0,242.0,282.0,242.0],8.777072e-06],
[[282.0,262.0,282.0,262.0],1.672986e-05],
[[283.0,282.0,283.0,282.0],3.146151e-05],
[[285.0,282.0,285.0,282.0],3.281908e-05],
[[287.0,282.0,287.0,282.0],3.762974e-05],
[[292.0,282.0,292.0,282.0],2.284474e-05],
[[302.0,222.0,302.0,222.0],4.646657e-06],
[[302.0,242.0,302.0,242.0],5.86645e-06],
[[302.0,262.0,302.0,262.0],9.226279e-06],
[[302.0,282.0,302.0,282.0],1.565856e-05],
[[303.0,302.0,303.0,302.0],3.734621e-05],
[[305.0,302.0,305.0,302.0],3.581479e-05],
[[307.0,302.0,307.0,302.0],3.333346e-05],
[[312.0,302.0,312.0,302.0],3.143583e-05],
[[322.0,242.0,322.0,242.0],5.319646e-06],
[[322.0,262.0,322.0,262.0],6.904586e-06],
[[322.0,282.0,322.0,282.0],1.318924e-05],
[[322.0,302.0,322.0,302.0],2.026689e-05],
[[323.0,322.0,323.0,322.0],3.596915e-05],
[[325.0,322.0,325.0,322.0],5.044228e-05],
[[327.0,322.0,327.0,322.0],3.944146e-05],
[[332.0,322.0,332.0,322.0],3.740562e-05],
[[342.0,262.0,342.0,262.0],8.504987e-06],
[[342.0,282.0,342.0,282.0],1.374313e-05],
[[342.0,302.0,342.0,302.0],1.367076e-05],
[[342.0,322.0,342.0,322.0],2.819627e-05],
[[343.0,342.0,343.0,342.0],4.067472e-05],
[[345.0,342.0,345.0,342.0],4.810452e-05],
[[347.0,342.0,347.0,342.0],4.323246e-05],
[[352.0,342.0,352.0,342.0],4.052328e-05],
[[362.0,282.0,362.0,282.0],9.012195e-06],
[[362.0,302.0,362.0,302.0],1.026833e-05],
[[362.0,322.0,362.0,322.0],1.711591e-05],
[[362.0,342.0,362.0,342.0],2.666496e-05],
[[363.0,362.0,363.0,362.0],5.439487e-05],
[[365.0,362.0,365.0,362.0],4.526606e-05],
[[367.0,362.0,367.0,362.0],4.234517e-05],
[[372.0,362.0,372.0,362.0],4.025618e-05],
[[382.0,302.0,382.0,302.0],1.60843e-05],
[[382.0,322.0,382.0,322.0],1.313319e-05],
[[382.0,342.0,382.0,342.0],1.932234e-05],
[[382.0,362.0,382.0,362.0],3.019122e-05],
[[383.0,382.0,383.0,382.0],5.305291e-05],
[[385.0,382.0,385.0,382.0],5.006709e-05],
[[387.0,382.0,387.0,382.0],4.89109e-05],
[[392.0,382.0,392.0,382.0],4.294927e-05],
[[402.0,322.0,402.0,322.0],1.312494e-05],
[[402.0,342.0,402.0,342.0],1.596103e-05],
[[402.0,362.0,402.0,362.0],2.033424e-05],
[[402.0,382.0,402.0,382.0],3.631608e-05],
[[403.0,402.0,403.0,402.0],5.596697e-05],
[[405.0,402.0,405.0,402.0],5.213985e-05],
[[407.0,402.0,407.0,402.0],5.265344e-05],
[[412.0,402.0,412.0,402.0],4.582074e-05],
[[422.0,342.0,422.0,342.0],1.275152e-05],
[[422.0,362.0,422.0,362.0],1.837119e-05],
[[422.0,382.0,422.0,382.0],2.430494e-05],
[[422.0,402.0,422.0,402.0],3.804761e-05],
[[442.0,362.0,442.0,362.0],1.743195e-05],
[[442.0,382.0,442.0,382.0],1.734166e-05],
[[442.0,402.0,442.0,402.0],3.28151e-05],
[[462.0,382.0,462.0,382.0],2.204395e-05],
[[462.0,402.0,462.0,402.0],2.016505e-05],
[[482.0,402.0,482.0,402.0],2.495468e-05],
[[503.0,502.0,503.0,502.0],6.971959e-05],
[[505.0,502.0,505.0,502.0],7.622211e-05],
[[507.0,502.0,507.0,502.0],6.799643e-05],
[[512.0,502.0,512.0,502.0],6.412745e-05],
[[522.0,502.0,522.0,502.0],5.338296e-05],
[[542.0,502.0,542.0,502.0],3.780432e-05],
[[562.0,502.0,562.0,502.0],3.741476e-05],
[[582.0,502.0,582.0,502.0],3.350861e-05],
[[603.0,602.0,603.0,602.0],8.929446e-05],
[[605.0,602.0,605.0,602.0],9.050968e-05],
[[607.0,602.0,607.0,602.0],9.197463e-05],
[[612.0,602.0,612.0,602.0],8.161408e-05],
[[622.0,602.0,622.0,602.0],7.133444e-05],
[[642.0,602.0,642.0,602.0],5.598178e-05],
[[662.0,602.0,662.0,602.0],4.684127e-05],
[[682.0,602.0,682.0,602.0],4.090947e-05],
[[703.0,702.0,703.0,702.0],0.0001020052],
[[705.0,702.0,705.0,702.0],9.918297e-05],
[[707.0,702.0,707.0,702.0],9.862892e-05],
[[712.0,702.0,712.0,702.0],9.613453e-05],
[[722.0,702.0,722.0,702.0],7.92848e-05],
[[742.0,702.0,742.0,702.0],6.119392e-05],
[[762.0,702.0,762.0,702.0],5.563328e-05],
[[782.0,702.0,782.0,702.0],5.304552e-05],
[[803.0,802.0,803.0,802.0],0.000110261],
[[805.0,802.0,805.0,802.0],0.0001161394],
[[807.0,802.0,807.0,802.0],0.0001103888],
[[812.0,802.0,812.0,802.0],0.0001074443],
[[822.0,802.0,822.0,802.0],9.3073e-05],
[[842.0,802.0,842.0,802.0],7.439664e-05],
[[862.0,802.0,862.0,802.0],6.846736e-05],
[[882.0,802.0,882.0,802.0],6.25652e-05],
[[903.0,902.0,903.0,902.0],0.0001236862],
[[905.0,902.0,905.0,902.0],0.0001174324],
[[907.0,902.0,907.0,902.0],0.0001165316],
[[912.0,902.0,912.0,902.0],0.0001179403],
[[922.0,902.0,922.0,902.0],0.0001033331],
[[942.0,902.0,942.0,902.0],8.441577e-05],
[[962.0,902.0,962.0,902.0],7.138225e-05],
[[982.0,902.0,982.0,902.0],7.097776e-05],
[[1003.0,1002.0,1003.0,1002.0],0.0001291834],
[[1005.0,1002.0,1005.0,1002.0],0.0001338881],
[[1007.0,1002.0,1007.0,1002.0],0.0001258586],
[[1012.0,1002.0,1012.0,1002.0],0.0001255537],
[[1022.0,1002.0,1022.0,1002.0],0.0001144406],
[[1042.0,1002.0,1042.0,1002.0],8.880251e-05],
[[1062.0,1002.0,1062.0,1002.0],8.004471e-05],
[[1082.0,1002.0,1082.0,1002.0],7.513426e-05],
[[1103.0,1102.0,1103.0,1102.0],0.0001349543],
[[1105.0,1102.0,1105.0,1102.0],0.0001310958],
[[1107.0,1102.0,1107.0,1102.0],0.000143213],
[[1112.0,1102.0,1112.0,1102.0],0.0001317946],
[[1122.0,1102.0,1122.0,1102.0],0.0001253497],
[[1142.0,1102.0,1142.0,1102.0],0.0001012341],
[[1162.0,1102.0,1162.0,1102.0],8.96578e-05],
[[1182.0,1102.0,1182.0,1102.0],8.34295e-05],
[[1203.0,1202.0,1203.0,1202.0],0.0001463766],
[[1205.0,1202.0,1205.0,1202.0],0.0001400985],
[[1207.0,1202.0,1207.0,1202.0],0.0001434913],
[[1212.0,1202.0,1212.0,1202.0],0.0001401137],
[[1222.0,1202.0,1222.0,1202.0],0.0001368643],
[[1242.0,1202.0,1242.0,1202.0],0.0001048102],
[[1262.0,1202.0,1262.0,1202.0],9.650578e-05],
[[1282.0,1202.0,1282.0,1202.0],8.920733e-05],
[[1303.0,1302.0,1303.0,1302.0],0.0001420653],
[[1305.0,1302.0,1305.0,1302.0],0.0001423741],
[[1307.0,1302.0,1307.0,1302.0],0.0001413245],
[[1312.0,1302.0,1312.0,1302.0],0.0001411617],
[[1322.0,1302.0,1322.0,1302.0],0.0001357957],
[[1342.0,1302.0,1342.0,1302.0],0.0001055944],
[[1362.0,1302.0,1362.0,1302.0],9.26537e-05],
[[1382.0,1302.0,1382.0,1302.0],8.928717e-05],
[[1403.0,1402.0,1403.0,1402.0],0.0001472428],
[[1405.0,1402.0,1405.0,1402.0],0.0001502211],
[[1407.0,1402.0,1407.0,1402.0],0.0001502928],
[[1412.0,1402.0,1412.0,1402.0],0.0001465128],
[[1422.0,1402.0,1422.0,1402.0],0.0001382682],
[[1442.0,1402.0,1442.0,1402.0],0.0001163498],
[[1462.0,1402.0,1462.0,1402.0],9.874487e-05],
[[1482.0,1402.0,1482.0,1402.0],9.5667e-05],
[[1503.0,1502.0,1503.0,1502.0],0.0001560017],
[[1505.0,1502.0,1505.0,1502.0],0.000144164],
[[1507.0,1502.0,1507.0,1502.0],0.0001471916],
[[1512.0,1502.0,1512.0,1502.0],0.0001406973],
[[1522.0,1502.0,1522.0,1502.0],0.0001483126],
[[1542.0,1502.0,1542.0,1502.0],0.0001128034],
[[1562.0,1502.0,1562.0,1502.0],0.0001010395],
[[1582.0,1502.0,1582.0,1502.0],9.760614e-05],
[[1603.0,1602.0,1603.0,1602.0],0.0001551012],
[[1605.0,1602.0,1605.0,1602.0],0.0001502089],
[[1607.0,1602.0,1607.0,1602.0],0.0001455751],
[[1612.0,1602.0,1612.0,1602.0],0.0001550474],
[[1622.0,1602.0,1622.0,1602.0],0.0001474616],
[[1642.0,1602.0,1642.0,1602.0],0.0001230529],
[[1662.0,1602.0,1662.0,1602.0],0.0001055404],
[[1682.0,1602.0,1682.0,1602.0],0.0001068454],
[[1703.0,1702.0,1703.0,1702.0],0.000151456],
[[1705.0,1702.0,1705.0,1702.0],0.000145916],
[[1707.0,1702.0,1707.0,1702.0],0.0001499242],
[[1712.0,1702.0,1712.0,1702.0],0.0001518354],
[[1722.0,1702.0,1722.0,1702.0],0.0001455443],
[[1742.0,1702.0,1742.0,1702.0],0.0001207203],
[[1762.0,1702.0,1762.0,1702.0],0.0001081969],
[[1782.0,1702.0,1782.0,1702.0],0.0001008074],
[[1803.0,1802.0,1803.0,1802.0],0.0001519122],
[[1805.0,1802.0,1805.0,1802.0],0.0001502563],
[[1807.0,1802.0,1807.0,1802.0],0.0001528723],
[[1812.0,1802.0,1812.0,1802.0],0.0001485122],
[[1822.0,1802.0,1822.0,1802.0],0.000140885],
[[1842.0,1802.0,1842.0,1802.0],0.0001203216],
[[1862.0,1802.0,1862.0,1802.0],0.000109567],
[[1882.0,1802.0,1882.0,1802.0],0.0001120539],
[[1903.0,1902.0,1903.0,1902.0],0.0001523684],
[[1905.0,1902.0,1905.0,1902.0],0.0001531101],
[[1907.0,1902.0,1907.0,1902.0],0.0001549467],
[[1912.0,1902.0,1912.0,1902.0],0.0001483649],
[[1922.0,1902.0,1922.0,1902.0],0.0001490687],
[[1942.0,1902.0,1942.0,1902.0],0.0001299897],
[[1962.0,1902.0,1962.0,1902.0],0.0001095539],
[[1982.0,1902.0,1982.0,1902.0],0.0001030889],
[[2003.0,2002.0,2003.0,2002.0],0.0001581558],
[[2005.0,2002.0,2005.0,2002.0],0.0001497806],
[[2007.0,2002.0,2007.0,2002.0],0.0001543022],
[[2012.0,2002.0,2012.0,2002.0],0.0001524795],
[[2022.0,2002.0,2022.0,2002.0],0.0001415296],
[[2042.0,2002.0,2042.0,2002.0],0.000122485],
[[2062.0,2002.0,2062.0,2002.0],0.0001179172],
[[2082.0,2002.0,2082.0,2002.0],0.000105478]]
