txName: TRV1nunu
constraint: {(PV > Zprime(1)), (Zprime(1) > nu,nu)}
condition: None
conditionDescription: None
figureUrl: None
source: CMS
validated: N/A
axesMap: [{0: 'x'}]
dataMap: {0: (1, 'mass', GeV)}
finalState: ['MET', 'MET']
efficiencyMap: [[[50.0],6.023982e-08],
[[100.0],3.979655e-07],
[[150.0],1.006006e-06],
[[200.0],2.903676e-06],
[[250.0],5.766569e-06],
[[300.0],9.322949e-06],
[[350.0],1.447003e-05],
[[400.0],1.95079e-05],
[[450.0],2.717606e-05],
[[500.0],3.413352e-05],
[[550.0],4.081874e-05],
[[600.0],5.087168e-05],
[[650.0],5.870549e-05],
[[700.0],6.779693e-05],
[[750.0],7.526838e-05],
[[800.0],8.768102e-05],
[[850.0],0.0001053773],
[[900.0],0.0001080284],
[[950.0],0.0001272321],
[[1000.0],0.0001264714],
[[1050.0],0.0001493149],
[[1100.0],0.0001739249],
[[1150.0],0.0001834276],
[[1200.0],0.0001767632],
[[1250.0],0.0002111807],
[[1300.0],0.0002226695],
[[1350.0],0.0002022293],
[[1400.0],0.0002347271],
[[1450.0],0.0002123921],
[[1500.0],0.0002471245],
[[1550.0],0.0002260188],
[[1600.0],0.0002493058],
[[1650.0],0.0002404077],
[[1700.0],0.0002581197],
[[1750.0],0.0002736578],
[[1800.0],0.0002531029],
[[1850.0],0.0002705912],
[[1900.0],0.0002631889],
[[1950.0],0.0003039136],
[[2000.0],0.0003813477],
[[2250.0],0.0003694099],
[[2500.0],0.0003829927],
[[2750.0],0.0003622756],
[[3000.0],0.0003415191]]
