txName: TChiWWISRqq
constraint: {(PV > anyBSM(1), anyBSM(3)), (anyBSM(1) > q, q, MET(2)), (anyBSM(3) > q, q, MET(4))}
condition: None
conditionDescription: None
figureUrl: None
source: Recast by MA5
validated: True
axesMap: [{0: 'x', 1: 'y', 2: 'x', 3: 'y'}]
dataMap: {0: (1, 'mass', GeV), 1: (2, 'mass', GeV), 2: (3, 'mass', GeV), 3: (4, 'mass', GeV)}
finalState: ['MET', 'MET']
efficiencyMap: [[[11.0,10.0,11.0,10.0],0.0],
[[13.0,10.0,13.0,10.0],0.0],
[[15.0,10.0,15.0,10.0],0.0],
[[20.0,10.0,20.0,10.0],0.0],
[[21.0,20.0,21.0,20.0],2.237934e-09],
[[23.0,20.0,23.0,20.0],1.544242e-09],
[[25.0,20.0,25.0,20.0],0.0],
[[30.0,10.0,30.0,10.0],0.0],
[[30.0,20.0,30.0,20.0],0.0],
[[31.0,30.0,31.0,30.0],7.836325e-09],
[[33.0,30.0,33.0,30.0],0.0],
[[35.0,30.0,35.0,30.0],0.0],
[[40.0,20.0,40.0,20.0],0.0],
[[40.0,30.0,40.0,30.0],0.0],
[[41.0,40.0,41.0,40.0],1.243003e-08],
[[43.0,40.0,43.0,40.0],7.453222e-09],
[[45.0,40.0,45.0,40.0],0.0],
[[50.0,10.0,50.0,10.0],0.0],
[[50.0,30.0,50.0,30.0],0.0],
[[50.0,40.0,50.0,40.0],0.0],
[[51.0,50.0,51.0,50.0],5.034659e-08],
[[53.0,50.0,53.0,50.0],1.270112e-08],
[[55.0,50.0,55.0,50.0],4.488348e-09],
[[60.0,20.0,60.0,20.0],0.0],
[[60.0,40.0,60.0,40.0],0.0],
[[60.0,50.0,60.0,50.0],0.0],
[[61.0,60.0,61.0,60.0],9.729076e-08],
[[63.0,60.0,63.0,60.0],4.735897e-08],
[[65.0,60.0,65.0,60.0],2.134428e-08],
[[70.0,10.0,70.0,10.0],0.0],
[[70.0,30.0,70.0,30.0],0.0],
[[70.0,50.0,70.0,50.0],1.457548e-08],
[[70.0,60.0,70.0,60.0],1.409968e-08],
[[71.0,70.0,71.0,70.0],2.088474e-07],
[[73.0,70.0,73.0,70.0],8.132971e-08],
[[75.0,70.0,75.0,70.0],6.676184e-08],
[[80.0,20.0,80.0,20.0],0.0],
[[80.0,40.0,80.0,40.0],0.0],
[[80.0,60.0,80.0,60.0],6.833009e-09],
[[80.0,70.0,80.0,70.0],2.073725e-08],
[[81.0,80.0,81.0,80.0],3.522562e-07],
[[83.0,80.0,83.0,80.0],1.165751e-07],
[[85.0,80.0,85.0,80.0],7.968914e-08],
[[90.0,10.0,90.0,10.0],2.983113e-09],
[[90.0,30.0,90.0,30.0],6.528238e-09],
[[90.0,50.0,90.0,50.0],0.0],
[[90.0,70.0,90.0,70.0],9.380555e-09],
[[90.0,80.0,90.0,80.0],3.05718e-08],
[[91.0,90.0,91.0,90.0],6.068606e-07],
[[93.0,90.0,93.0,90.0],2.406578e-07],
[[95.0,90.0,95.0,90.0],1.037575e-07],
[[100.0,20.0,100.0,20.0],0.0],
[[100.0,40.0,100.0,40.0],0.0],
[[100.0,60.0,100.0,60.0],4.413597e-09],
[[100.0,80.0,100.0,80.0],1.444422e-08],
[[100.0,90.0,100.0,90.0],4.125356e-08],
[[101.0,100.0,101.0,100.0],8.299919e-07],
[[103.0,100.0,103.0,100.0],4.394645e-07],
[[103.0,102.0,103.0,102.0],8.415759e-07],
[[105.0,100.0,105.0,100.0],1.664634e-07],
[[105.0,102.0,105.0,102.0],3.906642e-07],
[[107.0,102.0,107.0,102.0],2.803775e-07],
[[110.0,30.0,110.0,30.0],0.0],
[[110.0,50.0,110.0,50.0],0.0],
[[110.0,70.0,110.0,70.0],9.683639e-09],
[[110.0,90.0,110.0,90.0],2.009296e-08],
[[110.0,100.0,110.0,100.0],7.96746e-08],
[[112.0,102.0,112.0,102.0],1.161869e-07],
[[120.0,40.0,120.0,40.0],0.0],
[[120.0,60.0,120.0,60.0],1.568689e-08],
[[120.0,80.0,120.0,80.0],1.126912e-08],
[[120.0,100.0,120.0,100.0],5.667197e-08],
[[122.0,102.0,122.0,102.0],6.686331e-08],
[[123.0,122.0,123.0,122.0],1.590068e-06],
[[125.0,122.0,125.0,122.0],9.064821e-07],
[[127.0,122.0,127.0,122.0],8.47669e-07],
[[130.0,50.0,130.0,50.0],8.152997e-09],
[[130.0,70.0,130.0,70.0],4.571783e-09],
[[130.0,90.0,130.0,90.0],1.42824e-08],
[[132.0,122.0,132.0,122.0],2.432153e-07],
[[140.0,60.0,140.0,60.0],6.262764e-09],
[[140.0,80.0,140.0,80.0],1.572723e-08],
[[140.0,100.0,140.0,100.0],6.349121e-08],
[[142.0,102.0,142.0,102.0],1.601264e-08],
[[142.0,122.0,142.0,122.0],7.530306e-08],
[[143.0,142.0,143.0,142.0],1.531337e-06],
[[145.0,142.0,145.0,142.0],1.515057e-06],
[[147.0,142.0,147.0,142.0],1.245968e-06],
[[150.0,70.0,150.0,70.0],5.205386e-09],
[[150.0,90.0,150.0,90.0],4.004747e-08],
[[152.0,142.0,152.0,142.0],3.623303e-07],
[[160.0,80.0,160.0,80.0],1.394648e-08],
[[160.0,100.0,160.0,100.0],1.228347e-08],
[[162.0,102.0,162.0,102.0],1.377385e-08],
[[162.0,122.0,162.0,122.0],7.366039e-08],
[[162.0,142.0,162.0,142.0],1.662829e-07],
[[163.0,162.0,163.0,162.0],2.859236e-06],
[[165.0,162.0,165.0,162.0],2.010212e-06],
[[167.0,162.0,167.0,162.0],1.509243e-06],
[[170.0,90.0,170.0,90.0],6.657052e-09],
[[172.0,162.0,172.0,162.0],7.126227e-07],
[[180.0,100.0,180.0,100.0],3.21311e-08],
[[182.0,102.0,182.0,102.0],4.114794e-08],
[[182.0,122.0,182.0,122.0],4.064198e-08],
[[182.0,142.0,182.0,142.0],8.034419e-08],
[[182.0,162.0,182.0,162.0],2.871344e-07],
[[183.0,182.0,183.0,182.0],3.14443e-06],
[[185.0,182.0,185.0,182.0],3.036747e-06],
[[187.0,182.0,187.0,182.0],1.868741e-06],
[[192.0,182.0,192.0,182.0],1.073119e-06],
[[202.0,122.0,202.0,122.0],3.176734e-08],
[[202.0,142.0,202.0,142.0],1.001364e-07],
[[202.0,162.0,202.0,162.0],4.057711e-07],
[[202.0,182.0,202.0,182.0],5.245279e-07],
[[203.0,202.0,203.0,202.0],4.067925e-06],
[[205.0,202.0,205.0,202.0],4.054869e-06],
[[207.0,202.0,207.0,202.0],3.17911e-06],
[[212.0,202.0,212.0,202.0],1.556272e-06],
[[222.0,142.0,222.0,142.0],8.353867e-08],
[[222.0,162.0,222.0,162.0],1.243923e-07],
[[222.0,182.0,222.0,182.0],2.745094e-07],
[[222.0,202.0,222.0,202.0],7.616093e-07],
[[223.0,222.0,223.0,222.0],4.287154e-06],
[[225.0,222.0,225.0,222.0],4.348261e-06],
[[227.0,222.0,227.0,222.0],4.122361e-06],
[[232.0,222.0,232.0,222.0],4.686625e-06],
[[242.0,162.0,242.0,162.0],2.064206e-07],
[[242.0,182.0,242.0,182.0],2.81379e-07],
[[242.0,202.0,242.0,202.0],4.651959e-07],
[[242.0,222.0,242.0,222.0],1.157312e-06],
[[243.0,242.0,243.0,242.0],6.118238e-06],
[[245.0,242.0,245.0,242.0],5.152933e-06],
[[247.0,242.0,247.0,242.0],5.141041e-06],
[[252.0,242.0,252.0,242.0],2.759931e-06],
[[262.0,182.0,262.0,182.0],2.667754e-07],
[[262.0,202.0,262.0,202.0],4.021829e-07],
[[262.0,222.0,262.0,222.0],7.503902e-07],
[[262.0,242.0,262.0,242.0],1.525057e-06],
[[263.0,262.0,263.0,262.0],6.469572e-06],
[[265.0,262.0,265.0,262.0],7.245089e-06],
[[267.0,262.0,267.0,262.0],6.320874e-06],
[[272.0,262.0,272.0,262.0],4.2443e-06],
[[282.0,202.0,282.0,202.0],3.883623e-07],
[[282.0,222.0,282.0,222.0],6.326205e-07],
[[282.0,242.0,282.0,242.0],9.785213e-07],
[[282.0,262.0,282.0,262.0],2.344064e-06],
[[283.0,282.0,283.0,282.0],8.229481e-06],
[[285.0,282.0,285.0,282.0],7.433427e-06],
[[287.0,282.0,287.0,282.0],7.449872e-06],
[[292.0,282.0,292.0,282.0],4.847129e-06],
[[302.0,222.0,302.0,222.0],4.926814e-07],
[[302.0,242.0,302.0,242.0],6.736022e-07],
[[302.0,262.0,302.0,262.0],1.143606e-06],
[[302.0,282.0,302.0,282.0],2.692673e-06],
[[303.0,302.0,303.0,302.0],9.362393e-06],
[[305.0,302.0,305.0,302.0],8.778528e-06],
[[307.0,302.0,307.0,302.0],1.117616e-05],
[[312.0,302.0,312.0,302.0],6.17291e-06],
[[322.0,242.0,322.0,242.0],6.688754e-07],
[[322.0,262.0,322.0,262.0],1.47398e-06],
[[322.0,282.0,322.0,282.0],1.757663e-06],
[[322.0,302.0,322.0,302.0],3.273146e-06],
[[323.0,322.0,323.0,322.0],1.137799e-05],
[[325.0,322.0,325.0,322.0],9.837507e-06],
[[327.0,322.0,327.0,322.0],1.097099e-05],
[[332.0,322.0,332.0,322.0],7.116805e-06],
[[342.0,262.0,342.0,262.0],8.835007e-07],
[[342.0,282.0,342.0,282.0],1.542576e-06],
[[342.0,302.0,342.0,302.0],2.175408e-06],
[[342.0,322.0,342.0,322.0],3.559978e-06],
[[343.0,342.0,343.0,342.0],1.494205e-05],
[[345.0,342.0,345.0,342.0],1.296347e-05],
[[347.0,342.0,347.0,342.0],1.074734e-05],
[[352.0,342.0,352.0,342.0],7.506189e-06],
[[362.0,282.0,362.0,282.0],1.959361e-06],
[[362.0,302.0,362.0,302.0],1.51825e-06],
[[362.0,322.0,362.0,322.0],2.866821e-06],
[[362.0,342.0,362.0,342.0],5.438614e-06],
[[363.0,362.0,363.0,362.0],1.355563e-05],
[[365.0,362.0,365.0,362.0],1.268409e-05],
[[367.0,362.0,367.0,362.0],1.155687e-05],
[[372.0,362.0,372.0,362.0],8.569392e-06],
[[382.0,302.0,382.0,302.0],1.8476e-06],
[[382.0,322.0,382.0,322.0],2.013253e-06],
[[382.0,342.0,382.0,342.0],2.69058e-06],
[[382.0,362.0,382.0,362.0],6.662511e-06],
[[383.0,382.0,383.0,382.0],1.56198e-05],
[[385.0,382.0,385.0,382.0],1.457698e-05],
[[387.0,382.0,387.0,382.0],1.574721e-05],
[[392.0,382.0,392.0,382.0],1.415633e-05],
[[402.0,322.0,402.0,322.0],1.48928e-06],
[[402.0,342.0,402.0,342.0],2.667184e-06],
[[402.0,362.0,402.0,362.0],4.262451e-06],
[[402.0,382.0,402.0,382.0],6.441672e-06],
[[403.0,402.0,403.0,402.0],1.770119e-05],
[[405.0,402.0,405.0,402.0],1.452728e-05],
[[407.0,402.0,407.0,402.0],1.725694e-05],
[[412.0,402.0,412.0,402.0],1.197729e-05],
[[422.0,342.0,422.0,342.0],2.153905e-06],
[[422.0,362.0,422.0,362.0],2.992075e-06],
[[422.0,382.0,422.0,382.0],4.231141e-06],
[[422.0,402.0,422.0,402.0],9.051125e-06],
[[442.0,362.0,442.0,362.0],2.887237e-06],
[[442.0,382.0,442.0,382.0],3.708589e-06],
[[442.0,402.0,442.0,402.0],5.035349e-06],
[[462.0,382.0,462.0,382.0],3.457097e-06],
[[462.0,402.0,462.0,402.0],4.241027e-06],
[[482.0,402.0,482.0,402.0],3.519871e-06],
[[503.0,502.0,503.0,502.0],2.270709e-05],
[[505.0,502.0,505.0,502.0],2.363235e-05],
[[507.0,502.0,507.0,502.0],2.367307e-05],
[[512.0,502.0,512.0,502.0],1.859041e-05],
[[522.0,502.0,522.0,502.0],1.397652e-05],
[[542.0,502.0,542.0,502.0],8.2675e-06],
[[562.0,502.0,562.0,502.0],7.181613e-06],
[[582.0,502.0,582.0,502.0],7.490099e-06],
[[603.0,602.0,603.0,602.0],3.145926e-05],
[[605.0,602.0,605.0,602.0],2.91844e-05],
[[607.0,602.0,607.0,602.0],3.078008e-05],
[[612.0,602.0,612.0,602.0],2.770155e-05],
[[622.0,602.0,622.0,602.0],1.991519e-05],
[[642.0,602.0,642.0,602.0],1.578834e-05],
[[662.0,602.0,662.0,602.0],1.367628e-05],
[[682.0,602.0,682.0,602.0],1.082424e-05],
[[703.0,702.0,703.0,702.0],3.711953e-05],
[[705.0,702.0,705.0,702.0],3.890935e-05],
[[707.0,702.0,707.0,702.0],4.002427e-05],
[[712.0,702.0,712.0,702.0],3.175386e-05],
[[722.0,702.0,722.0,702.0],2.618211e-05],
[[742.0,702.0,742.0,702.0],1.780317e-05],
[[762.0,702.0,762.0,702.0],1.566861e-05],
[[782.0,702.0,782.0,702.0],1.36631e-05],
[[803.0,802.0,803.0,802.0],4.239855e-05],
[[805.0,802.0,805.0,802.0],4.390367e-05],
[[807.0,802.0,807.0,802.0],4.35113e-05],
[[812.0,802.0,812.0,802.0],4.053544e-05],
[[822.0,802.0,822.0,802.0],3.349155e-05],
[[842.0,802.0,842.0,802.0],2.364354e-05],
[[862.0,802.0,862.0,802.0],1.872756e-05],
[[882.0,802.0,882.0,802.0],1.67313e-05],
[[903.0,902.0,903.0,902.0],4.64076e-05],
[[905.0,902.0,905.0,902.0],4.89349e-05],
[[907.0,902.0,907.0,902.0],4.737483e-05],
[[912.0,902.0,912.0,902.0],4.416938e-05],
[[922.0,902.0,922.0,902.0],3.973877e-05],
[[942.0,902.0,942.0,902.0],2.80366e-05],
[[962.0,902.0,962.0,902.0],2.206647e-05],
[[982.0,902.0,982.0,902.0],2.11823e-05],
[[1003.0,1002.0,1003.0,1002.0],5.104566e-05],
[[1005.0,1002.0,1005.0,1002.0],5.605169e-05],
[[1007.0,1002.0,1007.0,1002.0],5.263021e-05],
[[1012.0,1002.0,1012.0,1002.0],5.142475e-05],
[[1022.0,1002.0,1022.0,1002.0],4.137116e-05],
[[1042.0,1002.0,1042.0,1002.0],3.211608e-05],
[[1062.0,1002.0,1062.0,1002.0],2.81668e-05],
[[1082.0,1002.0,1082.0,1002.0],2.594615e-05],
[[1103.0,1102.0,1103.0,1102.0],5.731502e-05],
[[1105.0,1102.0,1105.0,1102.0],5.763459e-05],
[[1107.0,1102.0,1107.0,1102.0],5.779954e-05],
[[1112.0,1102.0,1112.0,1102.0],5.372043e-05],
[[1122.0,1102.0,1122.0,1102.0],5.004436e-05],
[[1142.0,1102.0,1142.0,1102.0],3.599971e-05],
[[1162.0,1102.0,1162.0,1102.0],3.110006e-05],
[[1182.0,1102.0,1182.0,1102.0],2.833765e-05],
[[1203.0,1202.0,1203.0,1202.0],6.391879e-05],
[[1205.0,1202.0,1205.0,1202.0],5.837311e-05],
[[1207.0,1202.0,1207.0,1202.0],5.983108e-05],
[[1212.0,1202.0,1212.0,1202.0],5.715363e-05],
[[1222.0,1202.0,1222.0,1202.0],5.2127e-05],
[[1242.0,1202.0,1242.0,1202.0],3.725323e-05],
[[1262.0,1202.0,1262.0,1202.0],3.509402e-05],
[[1282.0,1202.0,1282.0,1202.0],2.882188e-05],
[[1303.0,1302.0,1303.0,1302.0],6.111211e-05],
[[1305.0,1302.0,1305.0,1302.0],6.385343e-05],
[[1307.0,1302.0,1307.0,1302.0],6.423746e-05],
[[1312.0,1302.0,1312.0,1302.0],6.276428e-05],
[[1322.0,1302.0,1322.0,1302.0],5.073035e-05],
[[1342.0,1302.0,1342.0,1302.0],4.252734e-05],
[[1362.0,1302.0,1362.0,1302.0],3.901661e-05],
[[1382.0,1302.0,1382.0,1302.0],3.22246e-05],
[[1403.0,1402.0,1403.0,1402.0],6.465021e-05],
[[1405.0,1402.0,1405.0,1402.0],6.250789e-05],
[[1407.0,1402.0,1407.0,1402.0],6.212226e-05],
[[1412.0,1402.0,1412.0,1402.0],6.369253e-05],
[[1422.0,1402.0,1422.0,1402.0],5.565411e-05],
[[1442.0,1402.0,1442.0,1402.0],4.408518e-05],
[[1462.0,1402.0,1462.0,1402.0],3.807548e-05],
[[1482.0,1402.0,1482.0,1402.0],3.26617e-05],
[[1503.0,1502.0,1503.0,1502.0],6.575987e-05],
[[1505.0,1502.0,1505.0,1502.0],6.691722e-05],
[[1507.0,1502.0,1507.0,1502.0],6.291048e-05],
[[1512.0,1502.0,1512.0,1502.0],6.289057e-05],
[[1522.0,1502.0,1522.0,1502.0],6.115667e-05],
[[1542.0,1502.0,1542.0,1502.0],4.601717e-05],
[[1562.0,1502.0,1562.0,1502.0],3.602008e-05],
[[1582.0,1502.0,1582.0,1502.0],3.560979e-05],
[[1603.0,1602.0,1603.0,1602.0],6.809059e-05],
[[1605.0,1602.0,1605.0,1602.0],6.341491e-05],
[[1607.0,1602.0,1607.0,1602.0],6.85213e-05],
[[1612.0,1602.0,1612.0,1602.0],6.419291e-05],
[[1622.0,1602.0,1622.0,1602.0],5.764846e-05],
[[1642.0,1602.0,1642.0,1602.0],4.587597e-05],
[[1662.0,1602.0,1662.0,1602.0],4.236536e-05],
[[1682.0,1602.0,1682.0,1602.0],3.701579e-05],
[[1703.0,1702.0,1703.0,1702.0],6.343593e-05],
[[1705.0,1702.0,1705.0,1702.0],6.397954e-05],
[[1707.0,1702.0,1707.0,1702.0],6.960185e-05],
[[1712.0,1702.0,1712.0,1702.0],6.448262e-05],
[[1722.0,1702.0,1722.0,1702.0],6.184705e-05],
[[1742.0,1702.0,1742.0,1702.0],5.185786e-05],
[[1762.0,1702.0,1762.0,1702.0],4.003658e-05],
[[1782.0,1702.0,1782.0,1702.0],3.689021e-05],
[[1803.0,1802.0,1803.0,1802.0],6.719297e-05],
[[1805.0,1802.0,1805.0,1802.0],6.892333e-05],
[[1807.0,1802.0,1807.0,1802.0],6.657778e-05],
[[1812.0,1802.0,1812.0,1802.0],6.530537e-05],
[[1822.0,1802.0,1822.0,1802.0],6.014037e-05],
[[1842.0,1802.0,1842.0,1802.0],5.132929e-05],
[[1862.0,1802.0,1862.0,1802.0],4.30895e-05],
[[1882.0,1802.0,1882.0,1802.0],4.001603e-05],
[[1903.0,1902.0,1903.0,1902.0],6.656313e-05],
[[1905.0,1902.0,1905.0,1902.0],6.711619e-05],
[[1907.0,1902.0,1907.0,1902.0],6.710313e-05],
[[1912.0,1902.0,1912.0,1902.0],6.371409e-05],
[[1922.0,1902.0,1922.0,1902.0],6.32794e-05],
[[1942.0,1902.0,1942.0,1902.0],5.238386e-05],
[[1962.0,1902.0,1962.0,1902.0],4.307048e-05],
[[1982.0,1902.0,1982.0,1902.0],4.021359e-05],
[[2003.0,2002.0,2003.0,2002.0],6.848632e-05],
[[2005.0,2002.0,2005.0,2002.0],7.020061e-05],
[[2007.0,2002.0,2007.0,2002.0],6.908913e-05],
[[2012.0,2002.0,2012.0,2002.0],6.57637e-05],
[[2022.0,2002.0,2022.0,2002.0],6.250476e-05],
[[2042.0,2002.0,2042.0,2002.0],5.11079e-05],
[[2062.0,2002.0,2062.0,2002.0],4.467489e-05],
[[2082.0,2002.0,2082.0,2002.0],4.172361e-05]]
