dataId: SRMed_Bin_6
dataType: efficiencyMap
observedN: 0.0
expectedBG: 1.0913405334576964
bgError: 0.9430538587011608
upperLimit: 0.0212*fb
expectedUpperLimit: 0.0312*fb
