txName: TChiWWISRqq
constraint: {(PV > anyBSM(1), anyBSM(3)), (anyBSM(1) > q, q, MET(2)), (anyBSM(3) > q, q, MET(4))}
condition: None
conditionDescription: None
figureUrl: None
source: Recast by MA5
validated: True
axesMap: [{0: 'x', 1: 'y', 2: 'x', 3: 'y'}]
dataMap: {0: (1, 'mass', GeV), 1: (2, 'mass', GeV), 2: (3, 'mass', GeV), 3: (4, 'mass', GeV)}
finalState: ['MET', 'MET']
intermediateState: None
efficiencyMap: [[[10.0,1.0,10.0,1.0],1.038155e-07],
[[10.0,3.0,10.0,3.0],8.867812e-08],
[[10.0,5.0,10.0,5.0],4.161541e-07],
[[10.0,7.0,10.0,7.0],2.165279e-06],
[[10.0,9.0,10.0,9.0],2.413869e-05],
[[11.0,10.0,11.0,10.0],4.870816e-05],
[[13.0,10.0,13.0,10.0],3.166138e-06],
[[15.0,10.0,15.0,10.0],1.071774e-06],
[[20.0,10.0,20.0,10.0],2.329995e-07],
[[21.0,20.0,21.0,20.0],0.0001410529],
[[23.0,20.0,23.0,20.0],1.791849e-05],
[[25.0,20.0,25.0,20.0],7.139699e-06],
[[30.0,10.0,30.0,10.0],1.260395e-07],
[[30.0,20.0,30.0,20.0],1.075808e-06],
[[31.0,30.0,31.0,30.0],0.000206326],
[[33.0,30.0,33.0,30.0],4.025857e-05],
[[35.0,30.0,35.0,30.0],1.240381e-05],
[[40.0,20.0,40.0,20.0],2.94261e-07],
[[40.0,30.0,40.0,30.0],3.964926e-06],
[[41.0,40.0,41.0,40.0],0.0001832232],
[[43.0,40.0,43.0,40.0],7.185842e-05],
[[45.0,40.0,45.0,40.0],3.703415e-05],
[[50.0,10.0,50.0,10.0],1.528346e-06],
[[50.0,30.0,50.0,30.0],7.061012e-06],
[[50.0,40.0,50.0,40.0],3.078384e-05],
[[51.0,50.0,51.0,50.0],0.0005294791],
[[53.0,50.0,53.0,50.0],0.000383582],
[[55.0,50.0,55.0,50.0],0.000216227],
[[60.0,20.0,60.0,20.0],6.380399e-06],
[[60.0,40.0,60.0,40.0],2.976676e-05],
[[60.0,50.0,60.0,50.0],0.0001158181],
[[61.0,60.0,61.0,60.0],0.001029402],
[[63.0,60.0,63.0,60.0],0.0008519807],
[[65.0,60.0,65.0,60.0],0.0005390755],
[[70.0,10.0,70.0,10.0],2.201612e-05],
[[70.0,30.0,70.0,30.0],2.047384e-05],
[[70.0,50.0,70.0,50.0],8.661803e-05],
[[70.0,60.0,70.0,60.0],0.0002525747],
[[71.0,70.0,71.0,70.0],0.001582511],
[[73.0,70.0,73.0,70.0],0.00132698],
[[75.0,70.0,75.0,70.0],0.0009504048],
[[80.0,20.0,80.0,20.0],2.293302e-05],
[[80.0,40.0,80.0,40.0],4.186122e-05],
[[80.0,60.0,80.0,60.0],0.0001446603],
[[80.0,70.0,80.0,70.0],0.0004841198],
[[81.0,80.0,81.0,80.0],0.002140346],
[[83.0,80.0,83.0,80.0],0.001958961],
[[85.0,80.0,85.0,80.0],0.001402085],
[[90.0,10.0,90.0,10.0],4.678897e-05],
[[90.0,30.0,90.0,30.0],3.938084e-05],
[[90.0,50.0,90.0,50.0],8.377879e-05],
[[90.0,70.0,90.0,70.0],0.0002841631],
[[90.0,80.0,90.0,80.0],0.0008361883],
[[91.0,90.0,91.0,90.0],0.002807737],
[[93.0,90.0,93.0,90.0],0.002609943],
[[95.0,90.0,95.0,90.0],0.002004212],
[[100.0,20.0,100.0,20.0],4.856323e-05],
[[100.0,40.0,100.0,40.0],7.644274e-05],
[[100.0,60.0,100.0,60.0],0.0001543792],
[[100.0,80.0,100.0,80.0],0.0004938422],
[[100.0,90.0,100.0,90.0],0.001139898],
[[101.0,100.0,101.0,100.0],0.00348851],
[[103.0,100.0,103.0,100.0],0.003182012],
[[103.0,102.0,103.0,102.0],0.003508768],
[[105.0,100.0,105.0,100.0],0.00282758],
[[105.0,102.0,105.0,102.0],0.003334356],
[[107.0,102.0,107.0,102.0],0.002877064],
[[110.0,30.0,110.0,30.0],7.276256e-05],
[[110.0,50.0,110.0,50.0],0.000142414],
[[110.0,70.0,110.0,70.0],0.0002965695],
[[110.0,90.0,110.0,90.0],0.0006760213],
[[110.0,100.0,110.0,100.0],0.001545196],
[[112.0,102.0,112.0,102.0],0.001707386],
[[120.0,40.0,120.0,40.0],0.0001253624],
[[120.0,60.0,120.0,60.0],0.0001853968],
[[120.0,80.0,120.0,80.0],0.0003728156],
[[120.0,100.0,120.0,100.0],0.0009457299],
[[122.0,102.0,122.0,102.0],0.001065184],
[[123.0,122.0,123.0,122.0],0.004962445],
[[125.0,122.0,125.0,122.0],0.005046538],
[[127.0,122.0,127.0,122.0],0.004339901],
[[130.0,50.0,130.0,50.0],0.0002082357],
[[130.0,70.0,130.0,70.0],0.0002416957],
[[130.0,90.0,130.0,90.0],0.0004802172],
[[132.0,122.0,132.0,122.0],0.002791001],
[[140.0,60.0,140.0,60.0],0.0002587536],
[[140.0,80.0,140.0,80.0],0.0003382494],
[[140.0,100.0,140.0,100.0],0.0006833841],
[[142.0,102.0,142.0,102.0],0.0007404243],
[[142.0,122.0,142.0,122.0],0.00177812],
[[143.0,142.0,143.0,142.0],0.00671164],
[[145.0,142.0,145.0,142.0],0.006354937],
[[147.0,142.0,147.0,142.0],0.005957071],
[[150.0,70.0,150.0,70.0],0.000343619],
[[150.0,90.0,150.0,90.0],0.0004515002],
[[152.0,142.0,152.0,142.0],0.00420769],
[[160.0,80.0,160.0,80.0],0.000397942],
[[160.0,100.0,160.0,100.0],0.0006025729],
[[162.0,102.0,162.0,102.0],0.0007603185],
[[162.0,122.0,162.0,122.0],0.001251116],
[[162.0,142.0,162.0,142.0],0.002753394],
[[163.0,162.0,163.0,162.0],0.00827104],
[[165.0,162.0,165.0,162.0],0.007951141],
[[167.0,162.0,167.0,162.0],0.007760546],
[[170.0,90.0,170.0,90.0],0.0005611634],
[[172.0,162.0,172.0,162.0],0.005501947],
[[180.0,100.0,180.0,100.0],0.0006255169],
[[182.0,102.0,182.0,102.0],0.0007147004],
[[182.0,122.0,182.0,122.0],0.001073496],
[[182.0,142.0,182.0,142.0],0.001715152],
[[182.0,162.0,182.0,162.0],0.003767736],
[[183.0,182.0,183.0,182.0],0.009794596],
[[185.0,182.0,185.0,182.0],0.009826063],
[[187.0,182.0,187.0,182.0],0.009105741],
[[192.0,182.0,192.0,182.0],0.007302206],
[[202.0,122.0,202.0,122.0],0.0009836028],
[[202.0,142.0,202.0,142.0],0.001404899],
[[202.0,162.0,202.0,162.0],0.002363939],
[[202.0,182.0,202.0,182.0],0.004933747],
[[203.0,202.0,203.0,202.0],0.0112437],
[[205.0,202.0,205.0,202.0],0.01103852],
[[207.0,202.0,207.0,202.0],0.01082594],
[[212.0,202.0,212.0,202.0],0.008900922],
[[222.0,142.0,222.0,142.0],0.001346244],
[[222.0,162.0,222.0,162.0],0.002003627],
[[222.0,182.0,222.0,182.0],0.00315756],
[[222.0,202.0,222.0,202.0],0.006060464],
[[223.0,222.0,223.0,222.0],0.01300098],
[[225.0,222.0,225.0,222.0],0.01289519],
[[227.0,222.0,227.0,222.0],0.01249786],
[[232.0,222.0,232.0,222.0],0.01071723],
[[242.0,162.0,242.0,162.0],0.001768308],
[[242.0,182.0,242.0,182.0],0.002625284],
[[242.0,202.0,242.0,202.0],0.003939342],
[[242.0,222.0,242.0,222.0],0.00761693],
[[243.0,242.0,243.0,242.0],0.01483639],
[[245.0,242.0,245.0,242.0],0.01452096],
[[247.0,242.0,247.0,242.0],0.01395139],
[[252.0,242.0,252.0,242.0],0.01222573],
[[262.0,182.0,262.0,182.0],0.002280091],
[[262.0,202.0,262.0,202.0],0.00324521],
[[262.0,222.0,262.0,222.0],0.004931213],
[[262.0,242.0,262.0,242.0],0.008856846],
[[263.0,262.0,263.0,262.0],0.01626453],
[[265.0,262.0,265.0,262.0],0.01582549],
[[267.0,262.0,267.0,262.0],0.0155387],
[[272.0,262.0,272.0,262.0],0.01373021],
[[282.0,202.0,282.0,202.0],0.002810279],
[[282.0,222.0,282.0,222.0],0.003877625],
[[282.0,242.0,282.0,242.0],0.005735277],
[[282.0,262.0,282.0,262.0],0.01027176],
[[283.0,282.0,283.0,282.0],0.01772172],
[[285.0,282.0,285.0,282.0],0.01746322],
[[287.0,282.0,287.0,282.0],0.01722112],
[[292.0,282.0,292.0,282.0],0.0151925],
[[302.0,222.0,302.0,222.0],0.003420211],
[[302.0,242.0,302.0,242.0],0.004532247],
[[302.0,262.0,302.0,262.0],0.006670612],
[[302.0,282.0,302.0,282.0],0.01161911],
[[303.0,302.0,303.0,302.0],0.01907384],
[[305.0,302.0,305.0,302.0],0.01865673],
[[307.0,302.0,307.0,302.0],0.01824629],
[[312.0,302.0,312.0,302.0],0.01676118],
[[322.0,242.0,322.0,242.0],0.003867668],
[[322.0,262.0,322.0,262.0],0.005266373],
[[322.0,282.0,322.0,282.0],0.007731367],
[[322.0,302.0,322.0,302.0],0.01293553],
[[323.0,322.0,323.0,322.0],0.0207399],
[[325.0,322.0,325.0,322.0],0.02033467],
[[327.0,322.0,327.0,322.0],0.02012901],
[[332.0,322.0,332.0,322.0],0.01832726],
[[342.0,262.0,342.0,262.0],0.004522804],
[[342.0,282.0,342.0,282.0],0.005945965],
[[342.0,302.0,342.0,302.0],0.008716668],
[[342.0,322.0,342.0,322.0],0.0142814],
[[343.0,342.0,343.0,342.0],0.02182248],
[[345.0,342.0,345.0,342.0],0.02183378],
[[347.0,342.0,347.0,342.0],0.02107516],
[[352.0,342.0,352.0,342.0],0.01947713],
[[362.0,282.0,362.0,282.0],0.0050742],
[[362.0,302.0,362.0,302.0],0.006780403],
[[362.0,322.0,362.0,322.0],0.009557849],
[[362.0,342.0,362.0,342.0],0.01561638],
[[363.0,362.0,363.0,362.0],0.02335199],
[[365.0,362.0,365.0,362.0],0.02277694],
[[367.0,362.0,367.0,362.0],0.02268691],
[[372.0,362.0,372.0,362.0],0.02105969],
[[382.0,302.0,382.0,302.0],0.005911159],
[[382.0,322.0,382.0,322.0],0.007480442],
[[382.0,342.0,382.0,342.0],0.01044295],
[[382.0,362.0,382.0,362.0],0.01676939],
[[383.0,382.0,383.0,382.0],0.02471899],
[[385.0,382.0,385.0,382.0],0.02429527],
[[387.0,382.0,387.0,382.0],0.02415087],
[[392.0,382.0,392.0,382.0],0.02245624],
[[402.0,322.0,402.0,322.0],0.006330514],
[[402.0,342.0,402.0,342.0],0.0082321],
[[402.0,362.0,402.0,362.0],0.01155093],
[[402.0,382.0,402.0,382.0],0.01819031],
[[403.0,402.0,403.0,402.0],0.02592807],
[[405.0,402.0,405.0,402.0],0.02553288],
[[407.0,402.0,407.0,402.0],0.0251586],
[[412.0,402.0,412.0,402.0],0.02355761],
[[422.0,342.0,422.0,342.0],0.006935658],
[[422.0,362.0,422.0,362.0],0.008996078],
[[422.0,382.0,422.0,382.0],0.01259591],
[[422.0,402.0,422.0,402.0],0.01938931],
[[442.0,362.0,442.0,362.0],0.007608982],
[[442.0,382.0,442.0,382.0],0.009843748],
[[442.0,402.0,442.0,402.0],0.01360413],
[[462.0,382.0,462.0,382.0],0.008150939],
[[462.0,402.0,462.0,402.0],0.0104605],
[[482.0,402.0,482.0,402.0],0.008935822],
[[503.0,502.0,503.0,502.0],0.03161772],
[[505.0,502.0,505.0,502.0],0.03153969],
[[507.0,502.0,507.0,502.0],0.03131251],
[[512.0,502.0,512.0,502.0],0.03008155],
[[522.0,502.0,522.0,502.0],0.02535538],
[[542.0,502.0,542.0,502.0],0.01806341],
[[562.0,502.0,562.0,502.0],0.01408132],
[[582.0,502.0,582.0,502.0],0.01167239],
[[603.0,602.0,603.0,602.0],0.03660741],
[[605.0,602.0,605.0,602.0],0.03651838],
[[607.0,602.0,607.0,602.0],0.03611375],
[[612.0,602.0,612.0,602.0],0.03489966],
[[622.0,602.0,622.0,602.0],0.03035295],
[[642.0,602.0,642.0,602.0],0.02249552],
[[662.0,602.0,662.0,602.0],0.0174911],
[[682.0,602.0,682.0,602.0],0.01415536],
[[703.0,702.0,703.0,702.0],0.04067297],
[[705.0,702.0,705.0,702.0],0.0404012],
[[707.0,702.0,707.0,702.0],0.04012822],
[[712.0,702.0,712.0,702.0],0.0391767],
[[722.0,702.0,722.0,702.0],0.03484053],
[[742.0,702.0,742.0,702.0],0.02618691],
[[762.0,702.0,762.0,702.0],0.02039389],
[[782.0,702.0,782.0,702.0],0.016613],
[[803.0,802.0,803.0,802.0],0.04409663],
[[805.0,802.0,805.0,802.0],0.04363489],
[[807.0,802.0,807.0,802.0],0.04343025],
[[812.0,802.0,812.0,802.0],0.04265262],
[[822.0,802.0,822.0,802.0],0.03854638],
[[842.0,802.0,842.0,802.0],0.02911654],
[[862.0,802.0,862.0,802.0],0.02260263],
[[882.0,802.0,882.0,802.0],0.01870833],
[[903.0,902.0,903.0,902.0],0.04676046],
[[905.0,902.0,905.0,902.0],0.04697441],
[[907.0,902.0,907.0,902.0],0.04671169],
[[912.0,902.0,912.0,902.0],0.04576934],
[[922.0,902.0,922.0,902.0],0.04195977],
[[942.0,902.0,942.0,902.0],0.03209936],
[[962.0,902.0,962.0,902.0],0.02524327],
[[982.0,902.0,982.0,902.0],0.02055736],
[[1003.0,1002.0,1003.0,1002.0],0.04955903],
[[1005.0,1002.0,1005.0,1002.0],0.04949315],
[[1007.0,1002.0,1007.0,1002.0],0.04900918],
[[1012.0,1002.0,1012.0,1002.0],0.04861618],
[[1022.0,1002.0,1022.0,1002.0],0.04446886],
[[1042.0,1002.0,1042.0,1002.0],0.03458273],
[[1062.0,1002.0,1062.0,1002.0],0.02703166],
[[1082.0,1002.0,1082.0,1002.0],0.02235398],
[[1103.0,1102.0,1103.0,1102.0],0.05113993],
[[1105.0,1102.0,1105.0,1102.0],0.05136502],
[[1107.0,1102.0,1107.0,1102.0],0.05080513],
[[1112.0,1102.0,1112.0,1102.0],0.05050858],
[[1122.0,1102.0,1122.0,1102.0],0.04674696],
[[1142.0,1102.0,1142.0,1102.0],0.03659139],
[[1162.0,1102.0,1162.0,1102.0],0.02887036],
[[1182.0,1102.0,1182.0,1102.0],0.02372446],
[[1203.0,1202.0,1203.0,1202.0],0.05295597],
[[1205.0,1202.0,1205.0,1202.0],0.05290545],
[[1207.0,1202.0,1207.0,1202.0],0.05237506],
[[1212.0,1202.0,1212.0,1202.0],0.05183577],
[[1222.0,1202.0,1222.0,1202.0],0.04851396],
[[1242.0,1202.0,1242.0,1202.0],0.03858406],
[[1262.0,1202.0,1262.0,1202.0],0.03051335],
[[1282.0,1202.0,1282.0,1202.0],0.02495441],
[[1303.0,1302.0,1303.0,1302.0],0.05461823],
[[1305.0,1302.0,1305.0,1302.0],0.0542169],
[[1307.0,1302.0,1307.0,1302.0],0.05428677],
[[1312.0,1302.0,1312.0,1302.0],0.05358339],
[[1322.0,1302.0,1322.0,1302.0],0.05060123],
[[1342.0,1302.0,1342.0,1302.0],0.03994156],
[[1362.0,1302.0,1362.0,1302.0],0.03174133],
[[1382.0,1302.0,1382.0,1302.0],0.02632482],
[[1403.0,1402.0,1403.0,1402.0],0.05548521],
[[1405.0,1402.0,1405.0,1402.0],0.05497617],
[[1407.0,1402.0,1407.0,1402.0],0.05516574],
[[1412.0,1402.0,1412.0,1402.0],0.05453311],
[[1422.0,1402.0,1422.0,1402.0],0.05162332],
[[1442.0,1402.0,1442.0,1402.0],0.04147519],
[[1462.0,1402.0,1462.0,1402.0],0.03327677],
[[1482.0,1402.0,1482.0,1402.0],0.02740982],
[[1503.0,1502.0,1503.0,1502.0],0.05635805],
[[1505.0,1502.0,1505.0,1502.0],0.05622502],
[[1507.0,1502.0,1507.0,1502.0],0.05641285],
[[1512.0,1502.0,1512.0,1502.0],0.05522614],
[[1522.0,1502.0,1522.0,1502.0],0.05269282],
[[1542.0,1502.0,1542.0,1502.0],0.04275467],
[[1562.0,1502.0,1562.0,1502.0],0.03435783],
[[1582.0,1502.0,1582.0,1502.0],0.0284518],
[[1603.0,1602.0,1603.0,1602.0],0.05684957],
[[1605.0,1602.0,1605.0,1602.0],0.05737037],
[[1607.0,1602.0,1607.0,1602.0],0.05672758],
[[1612.0,1602.0,1612.0,1602.0],0.05687367],
[[1622.0,1602.0,1622.0,1602.0],0.05387966],
[[1642.0,1602.0,1642.0,1602.0],0.04338625],
[[1662.0,1602.0,1662.0,1602.0],0.03571309],
[[1682.0,1602.0,1682.0,1602.0],0.02944585],
[[1703.0,1702.0,1703.0,1702.0],0.05769161],
[[1705.0,1702.0,1705.0,1702.0],0.05778835],
[[1707.0,1702.0,1707.0,1702.0],0.05788883],
[[1712.0,1702.0,1712.0,1702.0],0.05698942],
[[1722.0,1702.0,1722.0,1702.0],0.05463866],
[[1742.0,1702.0,1742.0,1702.0],0.04510569],
[[1762.0,1702.0,1762.0,1702.0],0.03602532],
[[1782.0,1702.0,1782.0,1702.0],0.02989138],
[[1803.0,1802.0,1803.0,1802.0],0.05813429],
[[1805.0,1802.0,1805.0,1802.0],0.05789706],
[[1807.0,1802.0,1807.0,1802.0],0.05809508],
[[1812.0,1802.0,1812.0,1802.0],0.05781018],
[[1822.0,1802.0,1822.0,1802.0],0.05500052],
[[1842.0,1802.0,1842.0,1802.0],0.04531991],
[[1862.0,1802.0,1862.0,1802.0],0.03747606],
[[1882.0,1802.0,1882.0,1802.0],0.03075897],
[[1903.0,1902.0,1903.0,1902.0],0.05916967],
[[1905.0,1902.0,1905.0,1902.0],0.05818931],
[[1907.0,1902.0,1907.0,1902.0],0.05837936],
[[1912.0,1902.0,1912.0,1902.0],0.05805781],
[[1922.0,1902.0,1922.0,1902.0],0.05522104],
[[1942.0,1902.0,1942.0,1902.0],0.04606312],
[[1962.0,1902.0,1962.0,1902.0],0.03755558],
[[1982.0,1902.0,1982.0,1902.0],0.03115945],
[[2003.0,2002.0,2003.0,2002.0],0.05881037],
[[2005.0,2002.0,2005.0,2002.0],0.05895055],
[[2007.0,2002.0,2007.0,2002.0],0.05836057],
[[2012.0,2002.0,2012.0,2002.0],0.05769613],
[[2022.0,2002.0,2022.0,2002.0],0.05631089],
[[2042.0,2002.0,2042.0,2002.0],0.04672103],
[[2062.0,2002.0,2062.0,2002.0],0.03799903],
[[2082.0,2002.0,2082.0,2002.0],0.03171727]]
