txName: TRV1
constraint: {(PV > Zprime(1)), (Zprime(1) > MET(2),MET(3))}
condition: None
conditionDescription: None
figureUrl: https://atlas.web.cern.ch/Atlas/GROUPS/PHYSICS/PAPERS/EXOT-2018-06/figaux_06.png
source: MA5
validated: True
axesMap: [{0: 'x', 1: 'y', 2: 'y'}]
dataMap: {0: (1, 'mass', GeV), 1: (2, 'mass', GeV), 2: (3, 'mass', GeV)}
finalState: ['MET', 'MET']
efficiencyMap: [[[100.0,0.0,0.0],0.0002648293],
[[100.0,50.0,50.0],0.0002971937],
[[200.0,0.0,0.0],0.001236731],
[[200.0,50.0,50.0],0.001248059],
[[200.0,100.0,100.0],0.001468637],
[[300.0,0.0,0.0],0.003018974],
[[300.0,50.0,50.0],0.003071255],
[[300.0,100.0,100.0],0.003104587],
[[300.0,150.0,150.0],0.00359276],
[[400.0,0.0,0.0],0.005524869],
[[400.0,50.0,50.0],0.005527676],
[[400.0,100.0,100.0],0.00568064],
[[400.0,150.0,150.0],0.005771672],
[[400.0,200.0,200.0],0.006417185],
[[500.0,0.0,0.0],0.008474457],
[[500.0,50.0,50.0],0.00834987],
[[500.0,100.0,100.0],0.008436152],
[[500.0,150.0,150.0],0.008688189],
[[500.0,200.0,200.0],0.008912968],
[[500.0,250.0,250.0],0.00963224],
[[600.0,0.0,0.0],0.01120926],
[[600.0,50.0,50.0],0.01132976],
[[600.0,100.0,100.0],0.01156686],
[[600.0,150.0,150.0],0.01155177],
[[600.0,200.0,200.0],0.01190438],
[[600.0,250.0,250.0],0.01193007],
[[600.0,300.0,300.0],0.01314539],
[[700.0,0.0,0.0],0.01405128],
[[700.0,50.0,50.0],0.01429012],
[[700.0,100.0,100.0],0.01431821],
[[700.0,150.0,150.0],0.01459811],
[[700.0,200.0,200.0],0.01475195],
[[700.0,250.0,250.0],0.01482026],
[[700.0,300.0,300.0],0.01506707],
[[700.0,350.0,350.0],0.01618083],
[[800.0,0.0,0.0],0.01697254],
[[800.0,50.0,50.0],0.01698752],
[[800.0,100.0,100.0],0.01717479],
[[800.0,150.0,150.0],0.0173833],
[[800.0,200.0,200.0],0.01757568],
[[800.0,250.0,250.0],0.01770847],
[[800.0,300.0,300.0],0.01798855],
[[800.0,350.0,350.0],0.01849431],
[[800.0,400.0,400.0],0.01949801],
[[900.0,0.0,0.0],0.01967432],
[[900.0,50.0,50.0],0.01975711],
[[900.0,100.0,100.0],0.0198977],
[[900.0,150.0,150.0],0.02027253],
[[900.0,200.0,200.0],0.02027286],
[[900.0,250.0,250.0],0.02045484],
[[900.0,300.0,300.0],0.02052582],
[[900.0,350.0,350.0],0.02091783],
[[900.0,400.0,400.0],0.02112531],
[[900.0,450.0,450.0],0.02244027],
[[1000.0,0.0,0.0],0.02205542],
[[1000.0,50.0,50.0],0.02231643],
[[1000.0,100.0,100.0],0.02262646],
[[1000.0,150.0,150.0],0.02282648],
[[1000.0,200.0,200.0],0.02289061],
[[1000.0,250.0,250.0],0.02320706],
[[1000.0,300.0,300.0],0.02335039],
[[1000.0,350.0,350.0],0.02361047],
[[1000.0,400.0,400.0],0.02369706],
[[1000.0,450.0,450.0],0.0244826],
[[1000.0,500.0,500.0],0.02528786],
[[1100.0,0.0,0.0],0.02457302],
[[1100.0,50.0,50.0],0.02465681],
[[1100.0,100.0,100.0],0.02528621],
[[1100.0,150.0,150.0],0.02528517],
[[1100.0,200.0,200.0],0.02546896],
[[1100.0,250.0,250.0],0.0257431],
[[1100.0,300.0,300.0],0.02591955],
[[1100.0,350.0,350.0],0.02596933],
[[1100.0,400.0,400.0],0.02603707],
[[1100.0,450.0,450.0],0.02622172],
[[1100.0,500.0,500.0],0.02656637],
[[1100.0,550.0,550.0],0.02786531],
[[1200.0,0.0,0.0],0.02667662],
[[1200.0,50.0,50.0],0.02678754],
[[1200.0,100.0,100.0],0.02736318],
[[1200.0,150.0,150.0],0.02761018],
[[1200.0,200.0,200.0],0.02791417],
[[1200.0,250.0,250.0],0.02805785],
[[1200.0,300.0,300.0],0.02815572],
[[1200.0,350.0,350.0],0.0281724],
[[1200.0,400.0,400.0],0.02858002],
[[1200.0,450.0,450.0],0.02866259],
[[1200.0,500.0,500.0],0.02885954],
[[1200.0,550.0,550.0],0.02915769],
[[1200.0,600.0,600.0],0.03073683],
[[1300.0,0.0,0.0],0.02862508],
[[1300.0,50.0,50.0],0.02918534],
[[1300.0,100.0,100.0],0.02974605],
[[1300.0,150.0,150.0],0.02948326],
[[1300.0,200.0,200.0],0.03002359],
[[1300.0,250.0,250.0],0.03029064],
[[1300.0,300.0,300.0],0.03050137],
[[1300.0,350.0,350.0],0.03046548],
[[1300.0,400.0,400.0],0.03057349],
[[1300.0,450.0,450.0],0.03111249],
[[1300.0,500.0,500.0],0.03128493],
[[1300.0,550.0,550.0],0.03143446],
[[1300.0,600.0,600.0],0.03168068],
[[1300.0,650.0,650.0],0.03267358],
[[1400.0,0.0,0.0],0.03060857],
[[1400.0,50.0,50.0],0.03082574],
[[1400.0,100.0,100.0],0.03150441],
[[1400.0,150.0,150.0],0.03156259],
[[1400.0,200.0,200.0],0.03202632],
[[1400.0,250.0,250.0],0.03218997],
[[1400.0,300.0,300.0],0.03212272],
[[1400.0,350.0,350.0],0.03245476],
[[1400.0,400.0,400.0],0.03298079],
[[1400.0,450.0,450.0],0.03303186],
[[1400.0,500.0,500.0],0.03323878],
[[1400.0,550.0,550.0],0.03355942],
[[1400.0,600.0,600.0],0.0336213],
[[1400.0,650.0,650.0],0.03391751],
[[1400.0,700.0,700.0],0.03509351],
[[1500.0,0.0,0.0],0.03241763],
[[1500.0,50.0,50.0],0.03274528],
[[1500.0,100.0,100.0],0.03313113],
[[1500.0,150.0,150.0],0.03358768],
[[1500.0,200.0,200.0],0.03400035],
[[1500.0,250.0,250.0],0.03414757],
[[1500.0,300.0,300.0],0.03432226],
[[1500.0,350.0,350.0],0.03445746],
[[1500.0,400.0,400.0],0.0347441],
[[1500.0,450.0,450.0],0.03515205],
[[1500.0,500.0,500.0],0.03516003],
[[1500.0,550.0,550.0],0.0354937],
[[1500.0,600.0,600.0],0.03552564],
[[1500.0,650.0,650.0],0.03605094],
[[1500.0,700.0,700.0],0.03614386],
[[1500.0,750.0,750.0],0.0373431],
[[1600.0,0.0,0.0],0.03408676],
[[1600.0,50.0,50.0],0.03417602],
[[1600.0,100.0,100.0],0.03462086],
[[1600.0,150.0,150.0],0.03543433],
[[1600.0,200.0,200.0],0.03559734],
[[1600.0,250.0,250.0],0.03570208],
[[1600.0,300.0,300.0],0.03632376],
[[1600.0,350.0,350.0],0.03638265],
[[1600.0,400.0,400.0],0.03668037],
[[1600.0,450.0,450.0],0.03677105],
[[1600.0,500.0,500.0],0.03688724],
[[1600.0,550.0,550.0],0.03736091],
[[1600.0,600.0,600.0],0.03725268],
[[1600.0,650.0,650.0],0.03765241],
[[1600.0,700.0,700.0],0.0375294],
[[1600.0,750.0,750.0],0.03786278],
[[1600.0,800.0,800.0],0.03906522],
[[1700.0,0.0,0.0],0.03560285],
[[1700.0,50.0,50.0],0.03602294],
[[1700.0,100.0,100.0],0.0362062],
[[1700.0,150.0,150.0],0.03689782],
[[1700.0,200.0,200.0],0.03734844],
[[1700.0,250.0,250.0],0.03771659],
[[1700.0,300.0,300.0],0.03762865],
[[1700.0,350.0,350.0],0.03791434],
[[1700.0,400.0,400.0],0.03835705],
[[1700.0,450.0,450.0],0.03825043],
[[1700.0,500.0,500.0],0.0387052],
[[1700.0,550.0,550.0],0.03873958],
[[1700.0,600.0,600.0],0.03879623],
[[1700.0,650.0,650.0],0.03906165],
[[1700.0,700.0,700.0],0.039575],
[[1700.0,750.0,750.0],0.03951694],
[[1700.0,800.0,800.0],0.03972138],
[[1700.0,850.0,850.0],0.04092104],
[[1800.0,0.0,0.0],0.03696655],
[[1800.0,50.0,50.0],0.03714295],
[[1800.0,100.0,100.0],0.0378186],
[[1800.0,150.0,150.0],0.03821715],
[[1800.0,200.0,200.0],0.03884717],
[[1800.0,250.0,250.0],0.03897463],
[[1800.0,300.0,300.0],0.0391243],
[[1800.0,350.0,350.0],0.03953435],
[[1800.0,400.0,400.0],0.03991588],
[[1800.0,450.0,450.0],0.03999105],
[[1800.0,500.0,500.0],0.03989304],
[[1800.0,550.0,550.0],0.04023273],
[[1800.0,600.0,600.0],0.04048403],
[[1800.0,650.0,650.0],0.04067618],
[[1800.0,700.0,700.0],0.04100726],
[[1800.0,750.0,750.0],0.04109631],
[[1800.0,800.0,800.0],0.04146161],
[[1800.0,850.0,850.0],0.04162871],
[[1800.0,900.0,900.0],0.04269898],
[[1900.0,0.0,0.0],0.03811113],
[[1900.0,50.0,50.0],0.03872537],
[[1900.0,100.0,100.0],0.03894404],
[[1900.0,150.0,150.0],0.03937813],
[[1900.0,200.0,200.0],0.03960514],
[[1900.0,250.0,250.0],0.04048611],
[[1900.0,300.0,300.0],0.04077174],
[[1900.0,350.0,350.0],0.04085384],
[[1900.0,400.0,400.0],0.04138551],
[[1900.0,450.0,450.0],0.04133732],
[[1900.0,500.0,500.0],0.04146177],
[[1900.0,550.0,550.0],0.04191621],
[[1900.0,600.0,600.0],0.0419592],
[[1900.0,650.0,650.0],0.04218215],
[[1900.0,700.0,700.0],0.04189058],
[[1900.0,750.0,750.0],0.04266071],
[[1900.0,800.0,800.0],0.0427278],
[[1900.0,850.0,850.0],0.04278241],
[[1900.0,900.0,900.0],0.04298319],
[[1900.0,950.0,950.0],0.04392372],
[[2000.0,0.0,0.0],0.03916048],
[[2000.0,50.0,50.0],0.03960803],
[[2000.0,100.0,100.0],0.03983456],
[[2000.0,150.0,150.0],0.04051298],
[[2000.0,200.0,200.0],0.04130488],
[[2000.0,250.0,250.0],0.04180491],
[[2000.0,300.0,300.0],0.04183812],
[[2000.0,350.0,350.0],0.04230021],
[[2000.0,400.0,400.0],0.04240025],
[[2000.0,450.0,450.0],0.04278062],
[[2000.0,500.0,500.0],0.04268749],
[[2000.0,550.0,550.0],0.04332404],
[[2000.0,600.0,600.0],0.04327111],
[[2000.0,650.0,650.0],0.04375778],
[[2000.0,700.0,700.0],0.04352219],
[[2000.0,750.0,750.0],0.04347807],
[[2000.0,800.0,800.0],0.04417262],
[[2000.0,850.0,850.0],0.0442621],
[[2000.0,900.0,900.0],0.04397516],
[[2000.0,950.0,950.0],0.04457544],
[[2000.0,1000.0,1000.0],0.04523447],
[[2100.0,0.0,0.0],0.0399654],
[[2100.0,50.0,50.0],0.04054221],
[[2100.0,100.0,100.0],0.04115727],
[[2100.0,150.0,150.0],0.04197125],
[[2100.0,200.0,200.0],0.04210771],
[[2100.0,250.0,250.0],0.04281503],
[[2100.0,300.0,300.0],0.043032],
[[2100.0,350.0,350.0],0.04336981],
[[2100.0,400.0,400.0],0.04347834],
[[2100.0,450.0,450.0],0.04370207],
[[2100.0,500.0,500.0],0.0439288],
[[2100.0,550.0,550.0],0.04454499],
[[2100.0,600.0,600.0],0.0443593],
[[2100.0,650.0,650.0],0.04452655],
[[2100.0,700.0,700.0],0.04522507],
[[2100.0,750.0,750.0],0.04503038],
[[2100.0,800.0,800.0],0.04499813],
[[2100.0,850.0,850.0],0.0454244],
[[2100.0,900.0,900.0],0.045414],
[[2100.0,950.0,950.0],0.04555905],
[[2100.0,1000.0,1000.0],0.04596433],
[[2100.0,1050.0,1050.0],0.04697081],
[[2200.0,0.0,0.0],0.04055061],
[[2200.0,50.0,50.0],0.04141584],
[[2200.0,100.0,100.0],0.04245905],
[[2200.0,150.0,150.0],0.04250059],
[[2200.0,200.0,200.0],0.0433145],
[[2200.0,250.0,250.0],0.04368143],
[[2200.0,300.0,300.0],0.04416509],
[[2200.0,350.0,350.0],0.04466903],
[[2200.0,400.0,400.0],0.04459133],
[[2200.0,450.0,450.0],0.04518993],
[[2200.0,500.0,500.0],0.04501716],
[[2200.0,550.0,550.0],0.04580376],
[[2200.0,600.0,600.0],0.04588702],
[[2200.0,650.0,650.0],0.04624852],
[[2200.0,700.0,700.0],0.04641615],
[[2200.0,750.0,750.0],0.04635229],
[[2200.0,800.0,800.0],0.0462567],
[[2200.0,850.0,850.0],0.04668405],
[[2200.0,900.0,900.0],0.04686133],
[[2200.0,950.0,950.0],0.0468013],
[[2200.0,1000.0,1000.0],0.04709459],
[[2200.0,1050.0,1050.0],0.04747157],
[[2200.0,1100.0,1100.0],0.0480168]]
