txName: TChiISR
constraint: {(PV > MET(1), MET(2))}
condition: None
conditionDescription: None
figureUrl: None
source: Recast by MA5
validated: True
axesMap: [{0: 'x', 1: 'y'}]
dataMap: {0: (1, 'mass', GeV), 1: (2, 'mass', GeV)}
finalState: ['MET', 'MET']
intermediateState: None
efficiencyMap: [[[1.0,10.0],2.31648e-05],
[[1.0,20.0],3.020492e-05],
[[1.0,30.0],3.879292e-05],
[[1.0,40.0],2.347563e-05],
[[1.0,50.0],2.950494e-05],
[[1.0,60.0],2.335818e-05],
[[5.0,10.0],3.458832e-05],
[[7.0,10.0],2.116877e-05],
[[9.0,10.0],2.508904e-05],
[[10.0,1.0],2.31648e-05],
[[10.0,5.0],3.458832e-05],
[[10.0,7.0],2.116877e-05],
[[10.0,9.0],2.508904e-05],
[[10.0,10.0],2.411282e-05],
[[12.0,62.0],3.940113e-05],
[[12.0,72.0],6.648304e-05],
[[12.0,82.0],9.738472e-05],
[[12.0,92.0],0.0001684581],
[[12.0,102.0],0.0002418483],
[[12.0,212.0],0.001061756],
[[12.0,312.0],0.001949384],
[[15.0,20.0],2.034881e-05],
[[17.0,20.0],3.828745e-05],
[[19.0,20.0],2.472518e-05],
[[20.0,1.0],3.020492e-05],
[[20.0,15.0],2.034881e-05],
[[20.0,17.0],3.828745e-05],
[[20.0,19.0],2.472518e-05],
[[20.0,20.0],2.776961e-05],
[[20.0,30.0],3.245527e-05],
[[20.0,40.0],2.299466e-05],
[[20.0,50.0],3.912421e-05],
[[20.0,60.0],2.567202e-05],
[[25.0,30.0],4.67074e-05],
[[27.0,30.0],2.302143e-05],
[[29.0,30.0],2.688809e-05],
[[30.0,1.0],3.879292e-05],
[[30.0,20.0],3.245527e-05],
[[30.0,25.0],4.67074e-05],
[[30.0,27.0],2.302143e-05],
[[30.0,29.0],2.688809e-05],
[[30.0,30.0],1.993348e-05],
[[30.0,40.0],3.178062e-05],
[[30.0,50.0],3.060436e-05],
[[30.0,60.0],5.689739e-05],
[[32.0,62.0],8.173004e-05],
[[32.0,72.0],0.0001501296],
[[32.0,82.0],0.0002208895],
[[32.0,92.0],0.000285127],
[[32.0,102.0],0.0003364316],
[[32.0,112.0],0.0003910722],
[[32.0,122.0],0.0005047178],
[[32.0,232.0],0.001391065],
[[32.0,332.0],0.00220403],
[[35.0,40.0],3.770737e-05],
[[37.0,40.0],3.887568e-05],
[[39.0,40.0],4.320702e-05],
[[40.0,1.0],2.347563e-05],
[[40.0,20.0],2.299466e-05],
[[40.0,30.0],3.178062e-05],
[[40.0,35.0],3.770737e-05],
[[40.0,37.0],3.887568e-05],
[[40.0,39.0],4.320702e-05],
[[40.0,40.0],3.781874e-05],
[[40.0,50.0],6.129806e-05],
[[40.0,60.0],0.0001406709],
[[45.0,50.0],9.686736e-05],
[[47.0,50.0],0.0001004306],
[[49.0,50.0],0.0001138918],
[[50.0,1.0],2.950494e-05],
[[50.0,20.0],3.912421e-05],
[[50.0,30.0],3.060436e-05],
[[50.0,40.0],6.129806e-05],
[[50.0,45.0],9.686736e-05],
[[50.0,47.0],0.0001004306],
[[50.0,49.0],0.0001138918],
[[50.0,50.0],0.0001262386],
[[50.0,60.0],0.0002083112],
[[52.0,62.0],0.0002105858],
[[52.0,67.0],0.0002419553],
[[52.0,72.0],0.000265036],
[[52.0,82.0],0.0003288282],
[[52.0,92.0],0.0004623319],
[[52.0,102.0],0.000478566],
[[52.0,112.0],0.0005738548],
[[52.0,122.0],0.0006252576],
[[52.0,132.0],0.0006844559],
[[52.0,142.0],0.0007885322],
[[52.0,252.0],0.001664841],
[[52.0,352.0],0.002482677],
[[55.0,60.0],0.0002194737],
[[57.0,60.0],0.0002556847],
[[59.0,60.0],0.0002450033],
[[60.0,1.0],2.335818e-05],
[[60.0,20.0],2.567202e-05],
[[60.0,30.0],5.689739e-05],
[[60.0,40.0],0.0001406709],
[[60.0,50.0],0.0002083112],
[[60.0,55.0],0.0002194737],
[[60.0,57.0],0.0002556847],
[[60.0,59.0],0.0002450033],
[[60.0,60.0],0.0002586074],
[[62.0,12.0],3.940113e-05],
[[62.0,32.0],8.173004e-05],
[[62.0,52.0],0.0002105858],
[[67.0,52.0],0.0002419553],
[[72.0,12.0],6.648304e-05],
[[72.0,32.0],0.0001501296],
[[72.0,52.0],0.000265036],
[[72.0,72.0],0.0003767472],
[[72.0,75.0],0.0004402411],
[[72.0,77.0],0.0004474152],
[[72.0,82.0],0.0004520239],
[[72.0,87.0],0.0005354548],
[[72.0,92.0],0.0005333213],
[[72.0,102.0],0.0006116598],
[[72.0,112.0],0.0006819022],
[[72.0,122.0],0.0007475923],
[[72.0,132.0],0.0008656132],
[[72.0,142.0],0.0009546803],
[[72.0,152.0],0.001033563],
[[72.0,162.0],0.001131544],
[[72.0,272.0],0.002018989],
[[72.0,372.0],0.002786771],
[[75.0,72.0],0.0004402411],
[[77.0,72.0],0.0004474152],
[[82.0,12.0],9.738472e-05],
[[82.0,32.0],0.0002208895],
[[82.0,52.0],0.0003288282],
[[82.0,72.0],0.0004520239],
[[87.0,72.0],0.0005354548],
[[92.0,12.0],0.0001684581],
[[92.0,32.0],0.000285127],
[[92.0,52.0],0.0004623319],
[[92.0,72.0],0.0005333213],
[[92.0,92.0],0.0006890699],
[[92.0,95.0],0.000745393],
[[92.0,97.0],0.0007625778],
[[92.0,102.0],0.0008374598],
[[92.0,107.0],0.0008343491],
[[92.0,112.0],0.0008786006],
[[92.0,122.0],0.0008684539],
[[92.0,132.0],0.001018296],
[[92.0,142.0],0.001075327],
[[92.0,152.0],0.001145541],
[[92.0,162.0],0.001251046],
[[92.0,172.0],0.001386638],
[[92.0,182.0],0.001394006],
[[92.0,292.0],0.0022968],
[[92.0,392.0],0.003090941],
[[95.0,92.0],0.000745393],
[[97.0,92.0],0.0007625778],
[[102.0,12.0],0.0002418483],
[[102.0,32.0],0.0003364316],
[[102.0,52.0],0.000478566],
[[102.0,72.0],0.0006116598],
[[102.0,92.0],0.0008374598],
[[102.0,102.0],0.0008882629],
[[102.0,105.0],0.000831358],
[[102.0,107.0],0.0008831116],
[[102.0,112.0],0.0009190943],
[[102.0,117.0],0.0009858039],
[[102.0,122.0],0.0009581304],
[[102.0,132.0],0.001105365],
[[102.0,142.0],0.001254468],
[[102.0,152.0],0.001252352],
[[102.0,162.0],0.001394208],
[[102.0,172.0],0.001569489],
[[102.0,182.0],0.001450295],
[[102.0,192.0],0.001603104],
[[102.0,302.0],0.002488372],
[[102.0,402.0],0.003255234],
[[105.0,102.0],0.000831358],
[[107.0,92.0],0.0008343491],
[[107.0,102.0],0.0008831116],
[[112.0,32.0],0.0003910722],
[[112.0,52.0],0.0005738548],
[[112.0,72.0],0.0006819022],
[[112.0,92.0],0.0008786006],
[[112.0,102.0],0.0009190943],
[[117.0,102.0],0.0009858039],
[[122.0,32.0],0.0005047178],
[[122.0,52.0],0.0006252576],
[[122.0,72.0],0.0007475923],
[[122.0,92.0],0.0008684539],
[[122.0,102.0],0.0009581304],
[[132.0,52.0],0.0006844559],
[[132.0,72.0],0.0008656132],
[[132.0,92.0],0.001018296],
[[132.0,102.0],0.001105365],
[[142.0,52.0],0.0007885322],
[[142.0,72.0],0.0009546803],
[[142.0,92.0],0.001075327],
[[142.0,102.0],0.001254468],
[[152.0,72.0],0.001033563],
[[152.0,92.0],0.001145541],
[[152.0,102.0],0.001252352],
[[152.0,152.0],0.001692921],
[[152.0,155.0],0.001699976],
[[152.0,157.0],0.001711891],
[[152.0,162.0],0.001932191],
[[152.0,167.0],0.001876163],
[[152.0,172.0],0.001888473],
[[152.0,182.0],0.001949588],
[[152.0,192.0],0.002022882],
[[152.0,202.0],0.002097446],
[[152.0,212.0],0.002139571],
[[152.0,222.0],0.002133888],
[[152.0,232.0],0.002391857],
[[152.0,242.0],0.00247548],
[[152.0,352.0],0.003277658],
[[152.0,452.0],0.003984282],
[[155.0,152.0],0.001699976],
[[157.0,152.0],0.001711891],
[[162.0,72.0],0.001131544],
[[162.0,92.0],0.001251046],
[[162.0,102.0],0.001394208],
[[162.0,152.0],0.001932191],
[[167.0,152.0],0.001876163],
[[172.0,92.0],0.001386638],
[[172.0,102.0],0.001569489],
[[172.0,152.0],0.001888473],
[[182.0,92.0],0.001394006],
[[182.0,102.0],0.001450295],
[[182.0,152.0],0.001949588],
[[192.0,102.0],0.001603104],
[[192.0,152.0],0.002022882],
[[202.0,152.0],0.002097446],
[[202.0,202.0],0.002608029],
[[202.0,205.0],0.002487783],
[[202.0,207.0],0.002552156],
[[202.0,212.0],0.002612632],
[[202.0,217.0],0.002654265],
[[202.0,222.0],0.00268542],
[[202.0,232.0],0.002856662],
[[202.0,242.0],0.002815778],
[[202.0,252.0],0.002913925],
[[202.0,262.0],0.003073836],
[[202.0,272.0],0.00306607],
[[202.0,282.0],0.003178362],
[[202.0,292.0],0.003268328],
[[202.0,402.0],0.003963202],
[[202.0,502.0],0.004507735],
[[205.0,202.0],0.002487783],
[[207.0,202.0],0.002552156],
[[212.0,12.0],0.001061756],
[[212.0,152.0],0.002139571],
[[212.0,202.0],0.002612632],
[[217.0,202.0],0.002654265],
[[222.0,152.0],0.002133888],
[[222.0,202.0],0.00268542],
[[232.0,32.0],0.001391065],
[[232.0,152.0],0.002391857],
[[232.0,202.0],0.002856662],
[[242.0,152.0],0.00247548],
[[242.0,202.0],0.002815778],
[[252.0,52.0],0.001664841],
[[252.0,202.0],0.002913925],
[[252.0,252.0],0.003236729],
[[252.0,255.0],0.003344357],
[[252.0,257.0],0.003204639],
[[252.0,262.0],0.003388459],
[[252.0,267.0],0.003331463],
[[252.0,272.0],0.003417696],
[[252.0,282.0],0.003475677],
[[252.0,292.0],0.003649187],
[[252.0,302.0],0.00370068],
[[252.0,312.0],0.00396296],
[[252.0,322.0],0.003753821],
[[252.0,332.0],0.003902201],
[[252.0,342.0],0.003817188],
[[252.0,452.0],0.00458605],
[[252.0,552.0],0.005018081],
[[255.0,252.0],0.003344357],
[[257.0,252.0],0.003204639],
[[262.0,202.0],0.003073836],
[[262.0,252.0],0.003388459],
[[267.0,252.0],0.003331463],
[[272.0,72.0],0.002018989],
[[272.0,202.0],0.00306607],
[[272.0,252.0],0.003417696],
[[282.0,202.0],0.003178362],
[[282.0,252.0],0.003475677],
[[292.0,92.0],0.0022968],
[[292.0,202.0],0.003268328],
[[292.0,252.0],0.003649187],
[[302.0,102.0],0.002488372],
[[302.0,252.0],0.00370068],
[[302.0,302.0],0.004023288],
[[302.0,305.0],0.003979591],
[[302.0,307.0],0.004096371],
[[302.0,312.0],0.004084099],
[[302.0,317.0],0.004178577],
[[302.0,322.0],0.004137965],
[[302.0,332.0],0.004072118],
[[302.0,342.0],0.004256982],
[[302.0,352.0],0.004242656],
[[302.0,362.0],0.004220089],
[[302.0,372.0],0.004389268],
[[302.0,382.0],0.004467373],
[[302.0,392.0],0.004428849],
[[302.0,502.0],0.005238907],
[[302.0,602.0],0.005550104],
[[305.0,302.0],0.003979591],
[[307.0,302.0],0.004096371],
[[312.0,12.0],0.001949384],
[[312.0,252.0],0.00396296],
[[312.0,302.0],0.004084099],
[[317.0,302.0],0.004178577],
[[322.0,252.0],0.003753821],
[[322.0,302.0],0.004137965],
[[332.0,32.0],0.00220403],
[[332.0,252.0],0.003902201],
[[332.0,302.0],0.004072118],
[[342.0,252.0],0.003817188],
[[342.0,302.0],0.004256982],
[[352.0,52.0],0.002482677],
[[352.0,152.0],0.003277658],
[[352.0,302.0],0.004242656],
[[352.0,352.0],0.004645586],
[[352.0,355.0],0.00470862],
[[352.0,357.0],0.004549965],
[[352.0,362.0],0.004730589],
[[352.0,367.0],0.004707919],
[[352.0,372.0],0.004769948],
[[352.0,382.0],0.004937675],
[[352.0,392.0],0.004832041],
[[352.0,402.0],0.004819738],
[[352.0,412.0],0.004951606],
[[352.0,422.0],0.005024926],
[[352.0,432.0],0.005127226],
[[352.0,442.0],0.005059444],
[[352.0,552.0],0.005620459],
[[352.0,652.0],0.00605163],
[[355.0,352.0],0.00470862],
[[357.0,352.0],0.004549965],
[[362.0,302.0],0.004220089],
[[362.0,352.0],0.004730589],
[[367.0,352.0],0.004707919],
[[372.0,72.0],0.002786771],
[[372.0,302.0],0.004389268],
[[372.0,352.0],0.004769948],
[[382.0,302.0],0.004467373],
[[382.0,352.0],0.004937675],
[[392.0,92.0],0.003090941],
[[392.0,302.0],0.004428849],
[[392.0,352.0],0.004832041],
[[402.0,102.0],0.003255234],
[[402.0,202.0],0.003963202],
[[402.0,352.0],0.004819738],
[[402.0,402.0],0.005133736],
[[402.0,405.0],0.005193038],
[[402.0,407.0],0.005368872],
[[402.0,412.0],0.005256755],
[[402.0,417.0],0.005281334],
[[402.0,422.0],0.00528588],
[[402.0,432.0],0.005361437],
[[402.0,442.0],0.005448061],
[[402.0,452.0],0.005465443],
[[402.0,462.0],0.005407649],
[[402.0,472.0],0.005515675],
[[402.0,482.0],0.005622021],
[[402.0,492.0],0.00576642],
[[402.0,602.0],0.006012137],
[[402.0,702.0],0.006303975],
[[405.0,402.0],0.005193038],
[[407.0,402.0],0.005368872],
[[412.0,352.0],0.004951606],
[[412.0,402.0],0.005256755],
[[417.0,402.0],0.005281334],
[[422.0,352.0],0.005024926],
[[422.0,402.0],0.00528588],
[[432.0,352.0],0.005127226],
[[432.0,402.0],0.005361437],
[[442.0,352.0],0.005059444],
[[442.0,402.0],0.005448061],
[[452.0,152.0],0.003984282],
[[452.0,252.0],0.00458605],
[[452.0,402.0],0.005465443],
[[462.0,402.0],0.005407649],
[[472.0,402.0],0.005515675],
[[482.0,402.0],0.005622021],
[[492.0,402.0],0.00576642],
[[502.0,202.0],0.004507735],
[[502.0,302.0],0.005238907],
[[552.0,252.0],0.005018081],
[[552.0,352.0],0.005620459],
[[602.0,302.0],0.005550104],
[[602.0,402.0],0.006012137],
[[602.0,602.0],0.006901427],
[[602.0,605.0],0.006885537],
[[602.0,607.0],0.00700837],
[[602.0,612.0],0.007053801],
[[602.0,617.0],0.007078659],
[[602.0,622.0],0.007052852],
[[602.0,632.0],0.007030803],
[[602.0,642.0],0.007169947],
[[602.0,652.0],0.0070945],
[[602.0,662.0],0.007164651],
[[602.0,672.0],0.007191271],
[[602.0,682.0],0.007310935],
[[602.0,692.0],0.007126634],
[[602.0,802.0],0.007642361],
[[602.0,902.0],0.007799312],
[[605.0,602.0],0.006885537],
[[607.0,602.0],0.00700837],
[[612.0,602.0],0.007053801],
[[617.0,602.0],0.007078659],
[[622.0,602.0],0.007052852],
[[632.0,602.0],0.007030803],
[[642.0,602.0],0.007169947],
[[652.0,352.0],0.00605163],
[[652.0,602.0],0.0070945],
[[662.0,602.0],0.007164651],
[[672.0,602.0],0.007191271],
[[682.0,602.0],0.007310935],
[[692.0,602.0],0.007126634],
[[702.0,402.0],0.006303975],
[[802.0,602.0],0.007642361],
[[802.0,802.0],0.008198192],
[[802.0,805.0],0.008182307],
[[802.0,807.0],0.008258189],
[[802.0,812.0],0.008354244],
[[802.0,817.0],0.008365797],
[[802.0,822.0],0.00820283],
[[802.0,832.0],0.008424306],
[[802.0,842.0],0.008281404],
[[802.0,852.0],0.008376872],
[[802.0,862.0],0.008251816],
[[802.0,872.0],0.008417744],
[[802.0,882.0],0.008380757],
[[802.0,892.0],0.00829259],
[[802.0,1002.0],0.008662535],
[[802.0,1102.0],0.008623362],
[[805.0,802.0],0.008182307],
[[807.0,802.0],0.008258189],
[[812.0,802.0],0.008354244],
[[817.0,802.0],0.008365797],
[[822.0,802.0],0.00820283],
[[832.0,802.0],0.008424306],
[[842.0,802.0],0.008281404],
[[852.0,802.0],0.008376872],
[[862.0,802.0],0.008251816],
[[872.0,802.0],0.008417744],
[[882.0,802.0],0.008380757],
[[892.0,802.0],0.00829259],
[[902.0,602.0],0.007799312],
[[1002.0,802.0],0.008662535],
[[1002.0,1002.0],0.009065738],
[[1002.0,1005.0],0.009029015],
[[1002.0,1007.0],0.009058499],
[[1002.0,1012.0],0.009014366],
[[1002.0,1017.0],0.009015576],
[[1002.0,1022.0],0.009116175],
[[1002.0,1032.0],0.008993049],
[[1002.0,1042.0],0.009064398],
[[1002.0,1052.0],0.009254126],
[[1002.0,1062.0],0.009049304],
[[1002.0,1072.0],0.009090239],
[[1002.0,1082.0],0.009090006],
[[1002.0,1092.0],0.009120007],
[[1002.0,1202.0],0.009324284],
[[1002.0,1302.0],0.009217925],
[[1005.0,1002.0],0.009029015],
[[1007.0,1002.0],0.009058499],
[[1012.0,1002.0],0.009014366],
[[1017.0,1002.0],0.009015576],
[[1022.0,1002.0],0.009116175],
[[1032.0,1002.0],0.008993049],
[[1042.0,1002.0],0.009064398],
[[1052.0,1002.0],0.009254126],
[[1062.0,1002.0],0.009049304],
[[1072.0,1002.0],0.009090239],
[[1082.0,1002.0],0.009090006],
[[1092.0,1002.0],0.009120007],
[[1102.0,802.0],0.008623362],
[[1202.0,1002.0],0.009324284],
[[1202.0,1202.0],0.009519656],
[[1202.0,1205.0],0.009590882],
[[1202.0,1207.0],0.009559704],
[[1202.0,1212.0],0.009409086],
[[1202.0,1217.0],0.009729718],
[[1202.0,1222.0],0.009496337],
[[1202.0,1232.0],0.009671543],
[[1202.0,1242.0],0.009608648],
[[1202.0,1252.0],0.009510271],
[[1202.0,1262.0],0.009684563],
[[1202.0,1272.0],0.009455574],
[[1202.0,1282.0],0.0095804],
[[1202.0,1292.0],0.00963313],
[[1202.0,1402.0],0.009637504],
[[1202.0,1502.0],0.009528392],
[[1205.0,1202.0],0.009590882],
[[1207.0,1202.0],0.009559704],
[[1212.0,1202.0],0.009409086],
[[1217.0,1202.0],0.009729718],
[[1222.0,1202.0],0.009496337],
[[1232.0,1202.0],0.009671543],
[[1242.0,1202.0],0.009608648],
[[1252.0,1202.0],0.009510271],
[[1262.0,1202.0],0.009684563],
[[1272.0,1202.0],0.009455574],
[[1282.0,1202.0],0.0095804],
[[1292.0,1202.0],0.00963313],
[[1302.0,1002.0],0.009217925],
[[1402.0,1202.0],0.009637504],
[[1402.0,1402.0],0.009920457],
[[1402.0,1405.0],0.01000073],
[[1402.0,1407.0],0.009715706],
[[1402.0,1412.0],0.009877295],
[[1402.0,1417.0],0.009937079],
[[1402.0,1422.0],0.009794523],
[[1402.0,1432.0],0.00978307],
[[1402.0,1442.0],0.009770677],
[[1402.0,1452.0],0.009923592],
[[1402.0,1462.0],0.009926212],
[[1402.0,1472.0],0.009833222],
[[1402.0,1482.0],0.009848497],
[[1402.0,1492.0],0.01004354],
[[1402.0,1602.0],0.009805667],
[[1402.0,1702.0],0.009830404],
[[1405.0,1402.0],0.01000073],
[[1407.0,1402.0],0.009715706],
[[1412.0,1402.0],0.009877295],
[[1417.0,1402.0],0.009937079],
[[1422.0,1402.0],0.009794523],
[[1432.0,1402.0],0.00978307],
[[1442.0,1402.0],0.009770677],
[[1452.0,1402.0],0.009923592],
[[1462.0,1402.0],0.009926212],
[[1472.0,1402.0],0.009833222],
[[1482.0,1402.0],0.009848497],
[[1492.0,1402.0],0.01004354],
[[1502.0,1202.0],0.009528392],
[[1602.0,1402.0],0.009805667],
[[1602.0,1602.0],0.009948629],
[[1602.0,1605.0],0.01003447],
[[1602.0,1607.0],0.01015208],
[[1602.0,1612.0],0.009924663],
[[1602.0,1617.0],0.009990178],
[[1602.0,1622.0],0.00997549],
[[1602.0,1632.0],0.01001758],
[[1602.0,1642.0],0.009950646],
[[1602.0,1652.0],0.009960191],
[[1602.0,1662.0],0.009805194],
[[1602.0,1672.0],0.009670873],
[[1602.0,1682.0],0.009861224],
[[1602.0,1692.0],0.009942182],
[[1602.0,1802.0],0.009752468],
[[1602.0,1902.0],0.009887625],
[[1605.0,1602.0],0.01003447],
[[1607.0,1602.0],0.01015208],
[[1612.0,1602.0],0.009924663],
[[1617.0,1602.0],0.009990178],
[[1622.0,1602.0],0.00997549],
[[1632.0,1602.0],0.01001758],
[[1642.0,1602.0],0.009950646],
[[1652.0,1602.0],0.009960191],
[[1662.0,1602.0],0.009805194],
[[1672.0,1602.0],0.009670873],
[[1682.0,1602.0],0.009861224],
[[1692.0,1602.0],0.009942182],
[[1702.0,1402.0],0.009830404],
[[1802.0,1602.0],0.009752468],
[[1802.0,1802.0],0.009981744],
[[1802.0,1805.0],0.01001242],
[[1802.0,1807.0],0.01016026],
[[1802.0,1812.0],0.01005165],
[[1802.0,1817.0],0.009875294],
[[1802.0,1822.0],0.009902177],
[[1802.0,1832.0],0.009878171],
[[1802.0,1842.0],0.01010518],
[[1802.0,1852.0],0.01016242],
[[1802.0,1862.0],0.009973081],
[[1802.0,1872.0],0.01011247],
[[1802.0,1882.0],0.01011355],
[[1802.0,1892.0],0.009962142],
[[1802.0,2002.0],0.009963281],
[[1802.0,2102.0],0.009909367],
[[1805.0,1802.0],0.01001242],
[[1807.0,1802.0],0.01016026],
[[1812.0,1802.0],0.01005165],
[[1817.0,1802.0],0.009875294],
[[1822.0,1802.0],0.009902177],
[[1832.0,1802.0],0.009878171],
[[1842.0,1802.0],0.01010518],
[[1852.0,1802.0],0.01016242],
[[1862.0,1802.0],0.009973081],
[[1872.0,1802.0],0.01011247],
[[1882.0,1802.0],0.01011355],
[[1892.0,1802.0],0.009962142],
[[1902.0,1602.0],0.009887625],
[[2002.0,1802.0],0.009963281],
[[2002.0,2002.0],0.009951223],
[[2002.0,2005.0],0.01010141],
[[2002.0,2007.0],0.009852103],
[[2002.0,2012.0],0.009991866],
[[2002.0,2017.0],0.01004131],
[[2002.0,2022.0],0.01008851],
[[2002.0,2032.0],0.01013943],
[[2002.0,2042.0],0.01013416],
[[2002.0,2052.0],0.01001505],
[[2002.0,2062.0],0.009890529],
[[2002.0,2072.0],0.0101748],
[[2002.0,2082.0],0.009954732],
[[2002.0,2092.0],0.01010463],
[[2002.0,2202.0],0.009848806],
[[2002.0,2302.0],0.01011095],
[[2005.0,2002.0],0.01010141],
[[2007.0,2002.0],0.009852103],
[[2012.0,2002.0],0.009991866],
[[2017.0,2002.0],0.01004131],
[[2022.0,2002.0],0.01008851],
[[2032.0,2002.0],0.01013943],
[[2042.0,2002.0],0.01013416],
[[2052.0,2002.0],0.01001505],
[[2062.0,2002.0],0.009890529],
[[2072.0,2002.0],0.0101748],
[[2082.0,2002.0],0.009954732],
[[2092.0,2002.0],0.01010463],
[[2102.0,1802.0],0.009909367],
[[2202.0,2002.0],0.009848806],
[[2302.0,2002.0],0.01011095]]
