txName: TChiWWISRqq
constraint: {(PV > anyBSM(1), anyBSM(3)), (anyBSM(1) > q, q, MET(2)), (anyBSM(3) > q, q, MET(4))}
condition: None
conditionDescription: None
figureUrl: None
source: Recast by MA5
validated: True
axesMap: [{0: 'x', 1: 'y', 2: 'x', 3: 'y'}]
dataMap: {0: (1, 'mass', GeV), 1: (2, 'mass', GeV), 2: (3, 'mass', GeV), 3: (4, 'mass', GeV)}
finalState: ['MET', 'MET']
efficiencyMap: [[[10.0,1.0,10.0,1.0],0.0],
[[10.0,3.0,10.0,3.0],1.5406e-08],
[[10.0,5.0,10.0,5.0],2.601983e-08],
[[10.0,7.0,10.0,7.0],9.10671e-08],
[[10.0,9.0,10.0,9.0],3.256161e-07],
[[11.0,10.0,11.0,10.0],2.190798e-06],
[[13.0,10.0,13.0,10.0],7.648767e-08],
[[15.0,10.0,15.0,10.0],2.982389e-08],
[[20.0,10.0,20.0,10.0],1.298279e-08],
[[21.0,20.0,21.0,20.0],1.114103e-05],
[[23.0,20.0,23.0,20.0],1.386423e-06],
[[25.0,20.0,25.0,20.0],1.41538e-07],
[[30.0,10.0,30.0,10.0],0.0],
[[30.0,20.0,30.0,20.0],2.379095e-08],
[[31.0,30.0,31.0,30.0],3.65167e-05],
[[33.0,30.0,33.0,30.0],4.325711e-06],
[[35.0,30.0,35.0,30.0],3.930836e-07],
[[40.0,20.0,40.0,20.0],3.711356e-08],
[[40.0,30.0,40.0,30.0],3.530821e-08],
[[41.0,40.0,41.0,40.0],2.220826e-05],
[[43.0,40.0,43.0,40.0],5.714515e-06],
[[45.0,40.0,45.0,40.0],1.094577e-06],
[[50.0,10.0,50.0,10.0],5.837628e-08],
[[50.0,30.0,50.0,30.0],3.148387e-07],
[[50.0,40.0,50.0,40.0],1.53677e-06],
[[51.0,50.0,51.0,50.0],7.064713e-05],
[[53.0,50.0,53.0,50.0],4.068899e-05],
[[55.0,50.0,55.0,50.0],1.543623e-05],
[[60.0,20.0,60.0,20.0],3.482267e-07],
[[60.0,40.0,60.0,40.0],2.01001e-06],
[[60.0,50.0,60.0,50.0],8.080463e-06],
[[61.0,60.0,61.0,60.0],0.0001323572],
[[63.0,60.0,63.0,60.0],0.0001137576],
[[65.0,60.0,65.0,60.0],6.766398e-05],
[[70.0,10.0,70.0,10.0],3.912009e-07],
[[70.0,30.0,70.0,30.0],1.740207e-06],
[[70.0,50.0,70.0,50.0],9.741542e-06],
[[70.0,60.0,70.0,60.0],2.412373e-05],
[[71.0,70.0,71.0,70.0],0.0002229081],
[[73.0,70.0,73.0,70.0],0.0001571693],
[[75.0,70.0,75.0,70.0],9.439944e-05],
[[80.0,20.0,80.0,20.0],1.484604e-06],
[[80.0,40.0,80.0,40.0],2.697897e-06],
[[80.0,60.0,80.0,60.0],1.19629e-05],
[[80.0,70.0,80.0,70.0],3.670344e-05],
[[81.0,80.0,81.0,80.0],0.0003024535],
[[83.0,80.0,83.0,80.0],0.0002792192],
[[85.0,80.0,85.0,80.0],0.0001773819],
[[90.0,10.0,90.0,10.0],1.789231e-05],
[[90.0,30.0,90.0,30.0],2.560591e-06],
[[90.0,50.0,90.0,50.0],6.770506e-06],
[[90.0,70.0,90.0,70.0],2.382169e-05],
[[90.0,80.0,90.0,80.0],7.280109e-05],
[[91.0,90.0,91.0,90.0],0.0003946976],
[[93.0,90.0,93.0,90.0],0.0003409655],
[[95.0,90.0,95.0,90.0],0.0002290733],
[[100.0,20.0,100.0,20.0],6.550494e-06],
[[100.0,40.0,100.0,40.0],5.973786e-06],
[[100.0,60.0,100.0,60.0],1.518984e-05],
[[100.0,80.0,100.0,80.0],3.64656e-05],
[[100.0,90.0,100.0,90.0],0.0001301202],
[[101.0,100.0,101.0,100.0],0.0004823965],
[[103.0,100.0,103.0,100.0],0.0004412019],
[[103.0,102.0,103.0,102.0],0.0004768495],
[[105.0,100.0,105.0,100.0],0.0003453925],
[[105.0,102.0,105.0,102.0],0.0004879163],
[[107.0,102.0,107.0,102.0],0.0003830048],
[[110.0,30.0,110.0,30.0],4.630077e-06],
[[110.0,50.0,110.0,50.0],8.133482e-06],
[[110.0,70.0,110.0,70.0],2.309945e-05],
[[110.0,90.0,110.0,90.0],7.631247e-05],
[[110.0,100.0,110.0,100.0],0.0001585343],
[[112.0,102.0,112.0,102.0],0.0001644667],
[[120.0,40.0,120.0,40.0],5.9833e-06],
[[120.0,60.0,120.0,60.0],2.606701e-05],
[[120.0,80.0,120.0,80.0],3.425219e-05],
[[120.0,100.0,120.0,100.0],9.539321e-05],
[[122.0,102.0,122.0,102.0],9.041788e-05],
[[123.0,122.0,123.0,122.0],0.0006940174],
[[125.0,122.0,125.0,122.0],0.0007056051],
[[127.0,122.0,127.0,122.0],0.0005856874],
[[130.0,50.0,130.0,50.0],1.464496e-05],
[[130.0,70.0,130.0,70.0],1.975198e-05],
[[130.0,90.0,130.0,90.0],4.283043e-05],
[[132.0,122.0,132.0,122.0],0.0003146131],
[[140.0,60.0,140.0,60.0],1.714418e-05],
[[140.0,80.0,140.0,80.0],2.644588e-05],
[[140.0,100.0,140.0,100.0],6.491523e-05],
[[142.0,102.0,142.0,102.0],6.357535e-05],
[[142.0,122.0,142.0,122.0],0.0001799018],
[[143.0,142.0,143.0,142.0],0.0009776045],
[[145.0,142.0,145.0,142.0],0.0009565192],
[[147.0,142.0,147.0,142.0],0.0008126455],
[[150.0,70.0,150.0,70.0],3.157583e-05],
[[150.0,90.0,150.0,90.0],4.557131e-05],
[[152.0,142.0,152.0,142.0],0.0005479185],
[[160.0,80.0,160.0,80.0],3.315981e-05],
[[160.0,100.0,160.0,100.0],5.469209e-05],
[[162.0,102.0,162.0,102.0],5.646057e-05],
[[162.0,122.0,162.0,122.0],0.0001275566],
[[162.0,142.0,162.0,142.0],0.0003433602],
[[163.0,162.0,163.0,162.0],0.001227554],
[[165.0,162.0,165.0,162.0],0.001183879],
[[167.0,162.0,167.0,162.0],0.001133085],
[[170.0,90.0,170.0,90.0],5.387794e-05],
[[172.0,162.0,172.0,162.0],0.0007266811],
[[180.0,100.0,180.0,100.0],6.431423e-05],
[[182.0,102.0,182.0,102.0],7.392045e-05],
[[182.0,122.0,182.0,122.0],0.0001050716],
[[182.0,142.0,182.0,142.0],0.000193503],
[[182.0,162.0,182.0,162.0],0.0004524192],
[[183.0,182.0,183.0,182.0],0.001477935],
[[185.0,182.0,185.0,182.0],0.001508461],
[[187.0,182.0,187.0,182.0],0.001339999],
[[192.0,182.0,192.0,182.0],0.000985122],
[[202.0,122.0,202.0,122.0],9.546228e-05],
[[202.0,142.0,202.0,142.0],0.0001410022],
[[202.0,162.0,202.0,162.0],0.0002919219],
[[202.0,182.0,202.0,182.0],0.0006311312],
[[203.0,202.0,203.0,202.0],0.001772842],
[[205.0,202.0,205.0,202.0],0.001685341],
[[207.0,202.0,207.0,202.0],0.001651453],
[[212.0,202.0,212.0,202.0],0.001347483],
[[222.0,142.0,222.0,142.0],0.0001387716],
[[222.0,162.0,222.0,162.0],0.0002172568],
[[222.0,182.0,222.0,182.0],0.0003897271],
[[222.0,202.0,222.0,202.0],0.0008380576],
[[223.0,222.0,223.0,222.0],0.002063656],
[[225.0,222.0,225.0,222.0],0.002027387],
[[227.0,222.0,227.0,222.0],0.001981451],
[[232.0,222.0,232.0,222.0],0.001653767],
[[242.0,162.0,242.0,162.0],0.0001996192],
[[242.0,182.0,242.0,182.0],0.0003070763],
[[242.0,202.0,242.0,202.0],0.0005570325],
[[242.0,222.0,242.0,222.0],0.001048937],
[[243.0,242.0,243.0,242.0],0.002442907],
[[245.0,242.0,245.0,242.0],0.002405326],
[[247.0,242.0,247.0,242.0],0.002260922],
[[252.0,242.0,252.0,242.0],0.001914943],
[[262.0,182.0,262.0,182.0],0.0002680944],
[[262.0,202.0,262.0,202.0],0.0003915594],
[[262.0,222.0,262.0,222.0],0.0006284838],
[[262.0,242.0,262.0,242.0],0.001250093],
[[263.0,262.0,263.0,262.0],0.002713412],
[[265.0,262.0,265.0,262.0],0.002587072],
[[267.0,262.0,267.0,262.0],0.002502974],
[[272.0,262.0,272.0,262.0],0.002277636],
[[282.0,202.0,282.0,202.0],0.0003357068],
[[282.0,222.0,282.0,222.0],0.0005261786],
[[282.0,242.0,282.0,242.0],0.0008114981],
[[282.0,262.0,282.0,262.0],0.001470881],
[[283.0,282.0,283.0,282.0],0.002930768],
[[285.0,282.0,285.0,282.0],0.002843939],
[[287.0,282.0,287.0,282.0],0.002797329],
[[292.0,282.0,292.0,282.0],0.002559844],
[[302.0,222.0,302.0,222.0],0.0004660291],
[[302.0,242.0,302.0,242.0],0.0006236689],
[[302.0,262.0,302.0,262.0],0.0009527641],
[[302.0,282.0,302.0,282.0],0.001836829],
[[303.0,302.0,303.0,302.0],0.003175755],
[[305.0,302.0,305.0,302.0],0.00306752],
[[307.0,302.0,307.0,302.0],0.003088893],
[[312.0,302.0,312.0,302.0],0.002828113],
[[322.0,242.0,322.0,242.0],0.0004902688],
[[322.0,262.0,322.0,262.0],0.0007334284],
[[322.0,282.0,322.0,282.0],0.001106786],
[[322.0,302.0,322.0,302.0],0.002040707],
[[323.0,322.0,323.0,322.0],0.003478634],
[[325.0,322.0,325.0,322.0],0.00339407],
[[327.0,322.0,327.0,322.0],0.003243402],
[[332.0,322.0,332.0,322.0],0.003016998],
[[342.0,262.0,342.0,262.0],0.000582132],
[[342.0,282.0,342.0,282.0],0.0008500135],
[[342.0,302.0,342.0,302.0],0.001301145],
[[342.0,322.0,342.0,322.0],0.002323224],
[[343.0,342.0,343.0,342.0],0.003675421],
[[345.0,342.0,345.0,342.0],0.003568482],
[[347.0,342.0,347.0,342.0],0.003549015],
[[352.0,342.0,352.0,342.0],0.003312137],
[[362.0,282.0,362.0,282.0],0.0006863208],
[[362.0,302.0,362.0,302.0],0.000995546],
[[362.0,322.0,362.0,322.0],0.001441539],
[[362.0,342.0,362.0,342.0],0.002436952],
[[363.0,362.0,363.0,362.0],0.003860965],
[[365.0,362.0,365.0,362.0],0.003838108],
[[367.0,362.0,367.0,362.0],0.003856889],
[[372.0,362.0,372.0,362.0],0.00344577],
[[382.0,302.0,382.0,302.0],0.0008233273],
[[382.0,322.0,382.0,322.0],0.001111342],
[[382.0,342.0,382.0,342.0],0.001621576],
[[382.0,362.0,382.0,362.0],0.002736238],
[[383.0,382.0,383.0,382.0],0.004235443],
[[385.0,382.0,385.0,382.0],0.00425198],
[[387.0,382.0,387.0,382.0],0.004173267],
[[392.0,382.0,392.0,382.0],0.003824726],
[[402.0,322.0,402.0,322.0],0.0008675046],
[[402.0,342.0,402.0,342.0],0.00122958],
[[402.0,362.0,402.0,362.0],0.001812852],
[[402.0,382.0,402.0,382.0],0.002953527],
[[403.0,402.0,403.0,402.0],0.004397443],
[[405.0,402.0,405.0,402.0],0.004411295],
[[407.0,402.0,407.0,402.0],0.004358957],
[[412.0,402.0,412.0,402.0],0.003963639],
[[422.0,342.0,422.0,342.0],0.0009999082],
[[422.0,362.0,422.0,362.0],0.001393762],
[[422.0,382.0,422.0,382.0],0.002060723],
[[422.0,402.0,422.0,402.0],0.003257476],
[[442.0,362.0,442.0,362.0],0.001063966],
[[442.0,382.0,442.0,382.0],0.001492256],
[[442.0,402.0,442.0,402.0],0.002203998],
[[462.0,382.0,462.0,382.0],0.001201253],
[[462.0,402.0,462.0,402.0],0.001613282],
[[482.0,402.0,482.0,402.0],0.00130378],
[[503.0,502.0,503.0,502.0],0.005503937],
[[505.0,502.0,505.0,502.0],0.005472912],
[[507.0,502.0,507.0,502.0],0.005420731],
[[512.0,502.0,512.0,502.0],0.005122079],
[[522.0,502.0,522.0,502.0],0.00443473],
[[542.0,502.0,542.0,502.0],0.00306318],
[[562.0,502.0,562.0,502.0],0.002332054],
[[582.0,502.0,582.0,502.0],0.001878129],
[[603.0,602.0,603.0,602.0],0.006374384],
[[605.0,602.0,605.0,602.0],0.006372185],
[[607.0,602.0,607.0,602.0],0.006301435],
[[612.0,602.0,612.0,602.0],0.006054433],
[[622.0,602.0,622.0,602.0],0.005140678],
[[642.0,602.0,642.0,602.0],0.003773569],
[[662.0,602.0,662.0,602.0],0.002906575],
[[682.0,602.0,682.0,602.0],0.002369381],
[[703.0,702.0,703.0,702.0],0.006969962],
[[705.0,702.0,705.0,702.0],0.007003538],
[[707.0,702.0,707.0,702.0],0.00704988],
[[712.0,702.0,712.0,702.0],0.00681352],
[[722.0,702.0,722.0,702.0],0.006057293],
[[742.0,702.0,742.0,702.0],0.004495015],
[[762.0,702.0,762.0,702.0],0.003399857],
[[782.0,702.0,782.0,702.0],0.002796214],
[[803.0,802.0,803.0,802.0],0.007748582],
[[805.0,802.0,805.0,802.0],0.007751826],
[[807.0,802.0,807.0,802.0],0.00766076],
[[812.0,802.0,812.0,802.0],0.007583544],
[[822.0,802.0,822.0,802.0],0.006765414],
[[842.0,802.0,842.0,802.0],0.005042556],
[[862.0,802.0,862.0,802.0],0.004000715],
[[882.0,802.0,882.0,802.0],0.003160908],
[[903.0,902.0,903.0,902.0],0.008260086],
[[905.0,902.0,905.0,902.0],0.008212359],
[[907.0,902.0,907.0,902.0],0.008340635],
[[912.0,902.0,912.0,902.0],0.008042026],
[[922.0,902.0,922.0,902.0],0.007423408],
[[942.0,902.0,942.0,902.0],0.005635617],
[[962.0,902.0,962.0,902.0],0.004380116],
[[982.0,902.0,982.0,902.0],0.00342198],
[[1003.0,1002.0,1003.0,1002.0],0.008763979],
[[1005.0,1002.0,1005.0,1002.0],0.00859364],
[[1007.0,1002.0,1007.0,1002.0],0.008708195],
[[1012.0,1002.0,1012.0,1002.0],0.008570062],
[[1022.0,1002.0,1022.0,1002.0],0.007945687],
[[1042.0,1002.0,1042.0,1002.0],0.006077972],
[[1062.0,1002.0,1062.0,1002.0],0.004656504],
[[1082.0,1002.0,1082.0,1002.0],0.003778229],
[[1103.0,1102.0,1103.0,1102.0],0.009042627],
[[1105.0,1102.0,1105.0,1102.0],0.009100165],
[[1107.0,1102.0,1107.0,1102.0],0.008985176],
[[1112.0,1102.0,1112.0,1102.0],0.00891183],
[[1122.0,1102.0,1122.0,1102.0],0.008247063],
[[1142.0,1102.0,1142.0,1102.0],0.006492764],
[[1162.0,1102.0,1162.0,1102.0],0.004864742],
[[1182.0,1102.0,1182.0,1102.0],0.003932378],
[[1203.0,1202.0,1203.0,1202.0],0.009354884],
[[1205.0,1202.0,1205.0,1202.0],0.009324446],
[[1207.0,1202.0,1207.0,1202.0],0.00920199],
[[1212.0,1202.0,1212.0,1202.0],0.009021221],
[[1222.0,1202.0,1222.0,1202.0],0.008606426],
[[1242.0,1202.0,1242.0,1202.0],0.006698056],
[[1262.0,1202.0,1262.0,1202.0],0.00528145],
[[1282.0,1202.0,1282.0,1202.0],0.00422026],
[[1303.0,1302.0,1303.0,1302.0],0.009627367],
[[1305.0,1302.0,1305.0,1302.0],0.009560512],
[[1307.0,1302.0,1307.0,1302.0],0.009507638],
[[1312.0,1302.0,1312.0,1302.0],0.00933243],
[[1322.0,1302.0,1322.0,1302.0],0.008738114],
[[1342.0,1302.0,1342.0,1302.0],0.006923684],
[[1362.0,1302.0,1362.0,1302.0],0.005390267],
[[1382.0,1302.0,1382.0,1302.0],0.004386351],
[[1403.0,1402.0,1403.0,1402.0],0.009705038],
[[1405.0,1402.0,1405.0,1402.0],0.009685866],
[[1407.0,1402.0,1407.0,1402.0],0.009691135],
[[1412.0,1402.0,1412.0,1402.0],0.009471009],
[[1422.0,1402.0,1422.0,1402.0],0.008961001],
[[1442.0,1402.0,1442.0,1402.0],0.007150353],
[[1462.0,1402.0,1462.0,1402.0],0.005668834],
[[1482.0,1402.0,1482.0,1402.0],0.004547152],
[[1503.0,1502.0,1503.0,1502.0],0.009787071],
[[1505.0,1502.0,1505.0,1502.0],0.009770406],
[[1507.0,1502.0,1507.0,1502.0],0.009864774],
[[1512.0,1502.0,1512.0,1502.0],0.009636441],
[[1522.0,1502.0,1522.0,1502.0],0.009327282],
[[1542.0,1502.0,1542.0,1502.0],0.007556639],
[[1562.0,1502.0,1562.0,1502.0],0.005837867],
[[1582.0,1502.0,1582.0,1502.0],0.004796872],
[[1603.0,1602.0,1603.0,1602.0],0.009779026],
[[1605.0,1602.0,1605.0,1602.0],0.009982123],
[[1607.0,1602.0,1607.0,1602.0],0.01008672],
[[1612.0,1602.0,1612.0,1602.0],0.00992603],
[[1622.0,1602.0,1622.0,1602.0],0.009268535],
[[1642.0,1602.0,1642.0,1602.0],0.007447666],
[[1662.0,1602.0,1662.0,1602.0],0.006007181],
[[1682.0,1602.0,1682.0,1602.0],0.004942411],
[[1703.0,1702.0,1703.0,1702.0],0.009789712],
[[1705.0,1702.0,1705.0,1702.0],0.009937178],
[[1707.0,1702.0,1707.0,1702.0],0.009809146],
[[1712.0,1702.0,1712.0,1702.0],0.009809634],
[[1722.0,1702.0,1722.0,1702.0],0.009476919],
[[1742.0,1702.0,1742.0,1702.0],0.007683958],
[[1762.0,1702.0,1762.0,1702.0],0.006248241],
[[1782.0,1702.0,1782.0,1702.0],0.004822979],
[[1803.0,1802.0,1803.0,1802.0],0.01009635],
[[1805.0,1802.0,1805.0,1802.0],0.01004653],
[[1807.0,1802.0,1807.0,1802.0],0.00977881],
[[1812.0,1802.0,1812.0,1802.0],0.009639191],
[[1822.0,1802.0,1822.0,1802.0],0.009461879],
[[1842.0,1802.0,1842.0,1802.0],0.007700986],
[[1862.0,1802.0,1862.0,1802.0],0.006408765],
[[1882.0,1802.0,1882.0,1802.0],0.005146931],
[[1903.0,1902.0,1903.0,1902.0],0.01020537],
[[1905.0,1902.0,1905.0,1902.0],0.009865721],
[[1907.0,1902.0,1907.0,1902.0],0.009839961],
[[1912.0,1902.0,1912.0,1902.0],0.01008564],
[[1922.0,1902.0,1922.0,1902.0],0.009346065],
[[1942.0,1902.0,1942.0,1902.0],0.007819982],
[[1962.0,1902.0,1962.0,1902.0],0.006459055],
[[1982.0,1902.0,1982.0,1902.0],0.00539946],
[[2003.0,2002.0,2003.0,2002.0],0.009985634],
[[2005.0,2002.0,2005.0,2002.0],0.01011395],
[[2007.0,2002.0,2007.0,2002.0],0.01000867],
[[2012.0,2002.0,2012.0,2002.0],0.009777241],
[[2022.0,2002.0,2022.0,2002.0],0.009517343],
[[2042.0,2002.0,2042.0,2002.0],0.007903124],
[[2062.0,2002.0,2062.0,2002.0],0.00656083],
[[2082.0,2002.0,2082.0,2002.0],0.005343938]]
