txName: TRV1
constraint: {(PV > Zprime(1)), (Zprime(1) > MET(2),MET(3))}
condition: None
conditionDescription: None
figureUrl: https://atlas.web.cern.ch/Atlas/GROUPS/PHYSICS/PAPERS/EXOT-2018-06/figaux_06.png
source: CMS
validated: True
axesMap: [{0: 'x', 1: 'y', 2: 'y'}]
dataMap: {0: (1, 'mass', GeV), 1: (2, 'mass', GeV), 2: (3, 'mass', GeV)}
finalState: ['MET', 'MET']
efficiencyMap: [[[100.0,0.0,0.0],3.401907e-05],
[[100.0,50.0,50.0],4.136727e-05],
[[200.0,0.0,0.0],0.0001404873],
[[200.0,50.0,50.0],0.0001628418],
[[200.0,100.0,100.0],0.0002028132],
[[300.0,0.0,0.0],0.0004168359],
[[300.0,50.0,50.0],0.000421932],
[[300.0,100.0,100.0],0.0004226901],
[[300.0,150.0,150.0],0.000477138],
[[400.0,0.0,0.0],0.0007627732],
[[400.0,50.0,50.0],0.0007790612],
[[400.0,100.0,100.0],0.0008327099],
[[400.0,150.0,150.0],0.0008102316],
[[400.0,200.0,200.0],0.0009312752],
[[500.0,0.0,0.0],0.001287721],
[[500.0,50.0,50.0],0.001216396],
[[500.0,100.0,100.0],0.001289897],
[[500.0,150.0,150.0],0.001311126],
[[500.0,200.0,200.0],0.001291024],
[[500.0,250.0,250.0],0.001492577],
[[600.0,0.0,0.0],0.001801718],
[[600.0,50.0,50.0],0.001774444],
[[600.0,100.0,100.0],0.001796263],
[[600.0,150.0,150.0],0.00182713],
[[600.0,200.0,200.0],0.001833855],
[[600.0,250.0,250.0],0.001892447],
[[600.0,300.0,300.0],0.002057837],
[[700.0,0.0,0.0],0.002348176],
[[700.0,50.0,50.0],0.002323575],
[[700.0,100.0,100.0],0.002299096],
[[700.0,150.0,150.0],0.002302711],
[[700.0,200.0,200.0],0.002408713],
[[700.0,250.0,250.0],0.002387072],
[[700.0,300.0,300.0],0.00242944],
[[700.0,350.0,350.0],0.002660506],
[[800.0,0.0,0.0],0.0028199],
[[800.0,50.0,50.0],0.002844958],
[[800.0,100.0,100.0],0.002783814],
[[800.0,150.0,150.0],0.002835697],
[[800.0,200.0,200.0],0.00286482],
[[800.0,250.0,250.0],0.002913453],
[[800.0,300.0,300.0],0.00293985],
[[800.0,350.0,350.0],0.003076528],
[[800.0,400.0,400.0],0.003226002],
[[900.0,0.0,0.0],0.003311723],
[[900.0,50.0,50.0],0.003267204],
[[900.0,100.0,100.0],0.003344312],
[[900.0,150.0,150.0],0.003330756],
[[900.0,200.0,200.0],0.003399782],
[[900.0,250.0,250.0],0.003398192],
[[900.0,300.0,300.0],0.003467518],
[[900.0,350.0,350.0],0.003459664],
[[900.0,400.0,400.0],0.003547272],
[[900.0,450.0,450.0],0.003810741],
[[1000.0,0.0,0.0],0.003704672],
[[1000.0,50.0,50.0],0.003832981],
[[1000.0,100.0,100.0],0.003815284],
[[1000.0,150.0,150.0],0.003823059],
[[1000.0,200.0,200.0],0.003846444],
[[1000.0,250.0,250.0],0.003928145],
[[1000.0,300.0,300.0],0.00394803],
[[1000.0,350.0,350.0],0.004009095],
[[1000.0,400.0,400.0],0.003986287],
[[1000.0,450.0,450.0],0.004146814],
[[1000.0,500.0,500.0],0.004327988],
[[1100.0,0.0,0.0],0.004127064],
[[1100.0,50.0,50.0],0.004171653],
[[1100.0,100.0,100.0],0.004223283],
[[1100.0,150.0,150.0],0.00427996],
[[1100.0,200.0,200.0],0.004316624],
[[1100.0,250.0,250.0],0.004381594],
[[1100.0,300.0,300.0],0.00445031],
[[1100.0,350.0,350.0],0.004474956],
[[1100.0,400.0,400.0],0.004416683],
[[1100.0,450.0,450.0],0.004520816],
[[1100.0,500.0,500.0],0.004549554],
[[1100.0,550.0,550.0],0.00476876],
[[1200.0,0.0,0.0],0.004606554],
[[1200.0,50.0,50.0],0.0047062],
[[1200.0,100.0,100.0],0.004680663],
[[1200.0,150.0,150.0],0.00474706],
[[1200.0,200.0,200.0],0.00478374],
[[1200.0,250.0,250.0],0.004868178],
[[1200.0,300.0,300.0],0.004890579],
[[1200.0,350.0,350.0],0.004770227],
[[1200.0,400.0,400.0],0.004974086],
[[1200.0,450.0,450.0],0.004974469],
[[1200.0,500.0,500.0],0.004984069],
[[1200.0,550.0,550.0],0.005076506],
[[1200.0,600.0,600.0],0.00534639],
[[1300.0,0.0,0.0],0.004880571],
[[1300.0,50.0,50.0],0.004932618],
[[1300.0,100.0,100.0],0.005024891],
[[1300.0,150.0,150.0],0.005100683],
[[1300.0,200.0,200.0],0.005155967],
[[1300.0,250.0,250.0],0.00518677],
[[1300.0,300.0,300.0],0.005196054],
[[1300.0,350.0,350.0],0.00526345],
[[1300.0,400.0,400.0],0.005236247],
[[1300.0,450.0,450.0],0.005376505],
[[1300.0,500.0,500.0],0.005435626],
[[1300.0,550.0,550.0],0.005477584],
[[1300.0,600.0,600.0],0.005589903],
[[1300.0,650.0,650.0],0.005626181],
[[1400.0,0.0,0.0],0.005331849],
[[1400.0,50.0,50.0],0.005419711],
[[1400.0,100.0,100.0],0.005464882],
[[1400.0,150.0,150.0],0.005393714],
[[1400.0,200.0,200.0],0.005500081],
[[1400.0,250.0,250.0],0.005626026],
[[1400.0,300.0,300.0],0.005582912],
[[1400.0,350.0,350.0],0.005672764],
[[1400.0,400.0,400.0],0.005728637],
[[1400.0,450.0,450.0],0.005853452],
[[1400.0,500.0,500.0],0.005706169],
[[1400.0,550.0,550.0],0.005851777],
[[1400.0,600.0,600.0],0.005924804],
[[1400.0,650.0,650.0],0.005918155],
[[1400.0,700.0,700.0],0.006138768],
[[1500.0,0.0,0.0],0.005784413],
[[1500.0,50.0,50.0],0.005682982],
[[1500.0,100.0,100.0],0.005761232],
[[1500.0,150.0,150.0],0.005764172],
[[1500.0,200.0,200.0],0.005929092],
[[1500.0,250.0,250.0],0.006004832],
[[1500.0,300.0,300.0],0.005978888],
[[1500.0,350.0,350.0],0.00603522],
[[1500.0,400.0,400.0],0.006078461],
[[1500.0,450.0,450.0],0.006148403],
[[1500.0,500.0,500.0],0.006126566],
[[1500.0,550.0,550.0],0.006110876],
[[1500.0,600.0,600.0],0.006273809],
[[1500.0,650.0,650.0],0.006267119],
[[1500.0,700.0,700.0],0.006194206],
[[1500.0,750.0,750.0],0.006553499],
[[1600.0,0.0,0.0],0.005975019],
[[1600.0,50.0,50.0],0.005991368],
[[1600.0,100.0,100.0],0.006157819],
[[1600.0,150.0,150.0],0.006259844],
[[1600.0,200.0,200.0],0.006355043],
[[1600.0,250.0,250.0],0.006246101],
[[1600.0,300.0,300.0],0.006283674],
[[1600.0,350.0,350.0],0.006344184],
[[1600.0,400.0,400.0],0.006421028],
[[1600.0,450.0,450.0],0.006372715],
[[1600.0,500.0,500.0],0.00645694],
[[1600.0,550.0,550.0],0.006521809],
[[1600.0,600.0,600.0],0.006479223],
[[1600.0,650.0,650.0],0.006555912],
[[1600.0,700.0,700.0],0.006623587],
[[1600.0,750.0,750.0],0.006615404],
[[1600.0,800.0,800.0],0.006752047],
[[1700.0,0.0,0.0],0.006229518],
[[1700.0,50.0,50.0],0.006303966],
[[1700.0,100.0,100.0],0.006369071],
[[1700.0,150.0,150.0],0.006497647],
[[1700.0,200.0,200.0],0.006566919],
[[1700.0,250.0,250.0],0.006598315],
[[1700.0,300.0,300.0],0.006617857],
[[1700.0,350.0,350.0],0.00659306],
[[1700.0,400.0,400.0],0.006637761],
[[1700.0,450.0,450.0],0.006741009],
[[1700.0,500.0,500.0],0.00685328],
[[1700.0,550.0,550.0],0.00663758],
[[1700.0,600.0,600.0],0.006840457],
[[1700.0,650.0,650.0],0.006801935],
[[1700.0,700.0,700.0],0.006852661],
[[1700.0,750.0,750.0],0.00697067],
[[1700.0,800.0,800.0],0.006879453],
[[1700.0,850.0,850.0],0.007255802],
[[1800.0,0.0,0.0],0.006568718],
[[1800.0,50.0,50.0],0.006383843],
[[1800.0,100.0,100.0],0.00665232],
[[1800.0,150.0,150.0],0.006732632],
[[1800.0,200.0,200.0],0.006841133],
[[1800.0,250.0,250.0],0.006874646],
[[1800.0,300.0,300.0],0.00683551],
[[1800.0,350.0,350.0],0.006945013],
[[1800.0,400.0,400.0],0.006941184],
[[1800.0,450.0,450.0],0.007055153],
[[1800.0,500.0,500.0],0.007084165],
[[1800.0,550.0,550.0],0.007038407],
[[1800.0,600.0,600.0],0.007044432],
[[1800.0,650.0,650.0],0.007216109],
[[1800.0,700.0,700.0],0.007160048],
[[1800.0,750.0,750.0],0.007252158],
[[1800.0,800.0,800.0],0.007330977],
[[1800.0,850.0,850.0],0.007423015],
[[1800.0,900.0,900.0],0.007514122],
[[1900.0,0.0,0.0],0.006707816],
[[1900.0,50.0,50.0],0.006846922],
[[1900.0,100.0,100.0],0.006850632],
[[1900.0,150.0,150.0],0.006932085],
[[1900.0,200.0,200.0],0.006893303],
[[1900.0,250.0,250.0],0.00717206],
[[1900.0,300.0,300.0],0.007215627],
[[1900.0,350.0,350.0],0.007241297],
[[1900.0,400.0,400.0],0.007305399],
[[1900.0,450.0,450.0],0.00729154],
[[1900.0,500.0,500.0],0.007320787],
[[1900.0,550.0,550.0],0.007334996],
[[1900.0,600.0,600.0],0.007392619],
[[1900.0,650.0,650.0],0.007409998],
[[1900.0,700.0,700.0],0.007323475],
[[1900.0,750.0,750.0],0.007596166],
[[1900.0,800.0,800.0],0.007523817],
[[1900.0,850.0,850.0],0.007489254],
[[1900.0,900.0,900.0],0.007635894],
[[1900.0,950.0,950.0],0.007742417],
[[2000.0,0.0,0.0],0.006803589],
[[2000.0,50.0,50.0],0.007033327],
[[2000.0,100.0,100.0],0.007039925],
[[2000.0,150.0,150.0],0.007174503],
[[2000.0,200.0,200.0],0.0072537],
[[2000.0,250.0,250.0],0.007343735],
[[2000.0,300.0,300.0],0.007427096],
[[2000.0,350.0,350.0],0.0074117],
[[2000.0,400.0,400.0],0.007347943],
[[2000.0,450.0,450.0],0.007525901],
[[2000.0,500.0,500.0],0.007616637],
[[2000.0,550.0,550.0],0.007571683],
[[2000.0,600.0,600.0],0.007582402],
[[2000.0,650.0,650.0],0.007716239],
[[2000.0,700.0,700.0],0.007588149],
[[2000.0,750.0,750.0],0.007447016],
[[2000.0,800.0,800.0],0.007710998],
[[2000.0,850.0,850.0],0.00771424],
[[2000.0,900.0,900.0],0.007790466],
[[2000.0,950.0,950.0],0.00775949],
[[2000.0,1000.0,1000.0],0.008072706],
[[2100.0,0.0,0.0],0.007013],
[[2100.0,50.0,50.0],0.007136853],
[[2100.0,100.0,100.0],0.007334292],
[[2100.0,150.0,150.0],0.007480973],
[[2100.0,200.0,200.0],0.007452995],
[[2100.0,250.0,250.0],0.007578668],
[[2100.0,300.0,300.0],0.007607175],
[[2100.0,350.0,350.0],0.007601921],
[[2100.0,400.0,400.0],0.007751406],
[[2100.0,450.0,450.0],0.007731235],
[[2100.0,500.0,500.0],0.007660888],
[[2100.0,550.0,550.0],0.007883602],
[[2100.0,600.0,600.0],0.007842144],
[[2100.0,650.0,650.0],0.007842641],
[[2100.0,700.0,700.0],0.008042476],
[[2100.0,750.0,750.0],0.00791005],
[[2100.0,800.0,800.0],0.007856651],
[[2100.0,850.0,850.0],0.008055232],
[[2100.0,900.0,900.0],0.008048147],
[[2100.0,950.0,950.0],0.008081701],
[[2100.0,1000.0,1000.0],0.008075814],
[[2100.0,1050.0,1050.0],0.008231995],
[[2200.0,0.0,0.0],0.007135947],
[[2200.0,50.0,50.0],0.007194601],
[[2200.0,100.0,100.0],0.007403244],
[[2200.0,150.0,150.0],0.007485873],
[[2200.0,200.0,200.0],0.007606023],
[[2200.0,250.0,250.0],0.007625869],
[[2200.0,300.0,300.0],0.007703728],
[[2200.0,350.0,350.0],0.007826503],
[[2200.0,400.0,400.0],0.00787418],
[[2200.0,450.0,450.0],0.007840691],
[[2200.0,500.0,500.0],0.007960163],
[[2200.0,550.0,550.0],0.008005112],
[[2200.0,600.0,600.0],0.008145899],
[[2200.0,650.0,650.0],0.008018541],
[[2200.0,700.0,700.0],0.008212848],
[[2200.0,750.0,750.0],0.00815329],
[[2200.0,800.0,800.0],0.00816789],
[[2200.0,850.0,850.0],0.008299106],
[[2200.0,900.0,900.0],0.008242518],
[[2200.0,950.0,950.0],0.00824876],
[[2200.0,1000.0,1000.0],0.008292116],
[[2200.0,1050.0,1050.0],0.008407705],
[[2200.0,1100.0,1100.0],0.008476363]]
