txName: TChiISR
constraint: {(PV > MET(1), MET(2))}
condition: None
conditionDescription: None
figureUrl: None
source: Recast by MA5
validated: True
axesMap: [{0: 'x', 1: 'y'}]
dataMap: {0: (1, 'mass', GeV), 1: (2, 'mass', GeV)}
finalState: ['MET', 'MET']
efficiencyMap: [[[1.0,10.0],1.001856e-05],
[[1.0,20.0],8.010143e-06],
[[1.0,30.0],9.215058e-06],
[[1.0,40.0],8.647412e-06],
[[1.0,50.0],8.249709e-06],
[[1.0,60.0],8.999418e-06],
[[5.0,10.0],1.107746e-05],
[[7.0,10.0],9.148251e-06],
[[9.0,10.0],9.567165e-06],
[[10.0,1.0],1.001856e-05],
[[10.0,5.0],1.107746e-05],
[[10.0,7.0],9.148251e-06],
[[10.0,9.0],9.567165e-06],
[[10.0,10.0],9.484746e-06],
[[12.0,62.0],1.092864e-05],
[[12.0,72.0],1.68739e-05],
[[12.0,82.0],2.88743e-05],
[[12.0,92.0],4.433226e-05],
[[12.0,102.0],7.012678e-05],
[[12.0,212.0],0.0001972857],
[[12.0,312.0],0.0002989676],
[[15.0,20.0],9.688302e-06],
[[17.0,20.0],1.008323e-05],
[[19.0,20.0],1.238969e-05],
[[20.0,1.0],8.010143e-06],
[[20.0,15.0],9.688302e-06],
[[20.0,17.0],1.008323e-05],
[[20.0,19.0],1.238969e-05],
[[20.0,20.0],9.104577e-06],
[[20.0,30.0],1.00374e-05],
[[20.0,40.0],9.004837e-06],
[[20.0,50.0],1.026358e-05],
[[20.0,60.0],1.173253e-05],
[[25.0,30.0],9.522285e-06],
[[27.0,30.0],9.075083e-06],
[[29.0,30.0],9.090514e-06],
[[30.0,1.0],9.215058e-06],
[[30.0,20.0],1.00374e-05],
[[30.0,25.0],9.522285e-06],
[[30.0,27.0],9.075083e-06],
[[30.0,29.0],9.090514e-06],
[[30.0,30.0],8.78762e-06],
[[30.0,40.0],9.399784e-06],
[[30.0,50.0],9.19894e-06],
[[30.0,60.0],1.874009e-05],
[[32.0,62.0],2.806643e-05],
[[32.0,72.0],4.100147e-05],
[[32.0,82.0],5.884276e-05],
[[32.0,92.0],7.299091e-05],
[[32.0,102.0],8.927962e-05],
[[32.0,112.0],9.743399e-05],
[[32.0,122.0],0.0001192244],
[[32.0,232.0],0.0002443626],
[[32.0,332.0],0.000340315],
[[35.0,40.0],1.306187e-05],
[[37.0,40.0],1.021242e-05],
[[39.0,40.0],1.021703e-05],
[[40.0,1.0],8.647412e-06],
[[40.0,20.0],9.004837e-06],
[[40.0,30.0],9.399784e-06],
[[40.0,35.0],1.306187e-05],
[[40.0,37.0],1.021242e-05],
[[40.0,39.0],1.021703e-05],
[[40.0,40.0],1.029286e-05],
[[40.0,50.0],1.69295e-05],
[[40.0,60.0],4.019952e-05],
[[45.0,50.0],2.917625e-05],
[[47.0,50.0],3.306058e-05],
[[49.0,50.0],3.858021e-05],
[[50.0,1.0],8.249709e-06],
[[50.0,20.0],1.026358e-05],
[[50.0,30.0],9.19894e-06],
[[50.0,40.0],1.69295e-05],
[[50.0,45.0],2.917625e-05],
[[50.0,47.0],3.306058e-05],
[[50.0,49.0],3.858021e-05],
[[50.0,50.0],3.699922e-05],
[[50.0,60.0],5.201035e-05],
[[52.0,62.0],5.885963e-05],
[[52.0,67.0],6.158618e-05],
[[52.0,72.0],6.907189e-05],
[[52.0,82.0],8.697736e-05],
[[52.0,92.0],9.221082e-05],
[[52.0,102.0],0.0001299451],
[[52.0,112.0],0.0001353564],
[[52.0,122.0],0.0001306583],
[[52.0,132.0],0.0001601801],
[[52.0,142.0],0.0001600715],
[[52.0,252.0],0.0002879653],
[[52.0,352.0],0.0003633248],
[[55.0,60.0],5.90492e-05],
[[57.0,60.0],6.522016e-05],
[[59.0,60.0],6.543574e-05],
[[60.0,1.0],8.999418e-06],
[[60.0,20.0],1.173253e-05],
[[60.0,30.0],1.874009e-05],
[[60.0,40.0],4.019952e-05],
[[60.0,50.0],5.201035e-05],
[[60.0,55.0],5.90492e-05],
[[60.0,57.0],6.522016e-05],
[[60.0,59.0],6.543574e-05],
[[60.0,60.0],6.656957e-05],
[[62.0,12.0],1.092864e-05],
[[62.0,32.0],2.806643e-05],
[[62.0,52.0],5.885963e-05],
[[67.0,52.0],6.158618e-05],
[[72.0,12.0],1.68739e-05],
[[72.0,32.0],4.100147e-05],
[[72.0,52.0],6.907189e-05],
[[72.0,72.0],0.0001214168],
[[72.0,75.0],0.0001136402],
[[72.0,77.0],0.0001112533],
[[72.0,82.0],0.0001111682],
[[72.0,87.0],0.0001183235],
[[72.0,92.0],0.0001340117],
[[72.0,102.0],0.0001412705],
[[72.0,112.0],0.0001405376],
[[72.0,122.0],0.0001749367],
[[72.0,132.0],0.0001744601],
[[72.0,142.0],0.0001925167],
[[72.0,152.0],0.0002046809],
[[72.0,162.0],0.0002147017],
[[72.0,272.0],0.000313665],
[[72.0,372.0],0.0004107179],
[[75.0,72.0],0.0001136402],
[[77.0,72.0],0.0001112533],
[[82.0,12.0],2.88743e-05],
[[82.0,32.0],5.884276e-05],
[[82.0,52.0],8.697736e-05],
[[82.0,72.0],0.0001111682],
[[87.0,72.0],0.0001183235],
[[92.0,12.0],4.433226e-05],
[[92.0,32.0],7.299091e-05],
[[92.0,52.0],9.221082e-05],
[[92.0,72.0],0.0001340117],
[[92.0,92.0],0.000154349],
[[92.0,95.0],0.000155607],
[[92.0,97.0],0.0001696822],
[[92.0,102.0],0.0001640519],
[[92.0,107.0],0.0001596052],
[[92.0,112.0],0.000174829],
[[92.0,122.0],0.0001775679],
[[92.0,132.0],0.0002140852],
[[92.0,142.0],0.0001983146],
[[92.0,152.0],0.0002160383],
[[92.0,162.0],0.0002503083],
[[92.0,172.0],0.0002388484],
[[92.0,182.0],0.0002447918],
[[92.0,292.0],0.0003715791],
[[92.0,392.0],0.0004245375],
[[95.0,92.0],0.000155607],
[[97.0,92.0],0.0001696822],
[[102.0,12.0],7.012678e-05],
[[102.0,32.0],8.927962e-05],
[[102.0,52.0],0.0001299451],
[[102.0,72.0],0.0001412705],
[[102.0,92.0],0.0001640519],
[[102.0,102.0],0.0001893688],
[[102.0,105.0],0.0001805333],
[[102.0,107.0],0.0001919149],
[[102.0,112.0],0.0002212865],
[[102.0,117.0],0.0002015215],
[[102.0,122.0],0.0002047693],
[[102.0,132.0],0.0002225662],
[[102.0,142.0],0.0002249674],
[[102.0,152.0],0.0002549938],
[[102.0,162.0],0.0002481397],
[[102.0,172.0],0.0002500617],
[[102.0,182.0],0.0002687653],
[[102.0,192.0],0.0002622977],
[[102.0,302.0],0.0003664744],
[[102.0,402.0],0.0004296743],
[[105.0,102.0],0.0001805333],
[[107.0,92.0],0.0001596052],
[[107.0,102.0],0.0001919149],
[[112.0,32.0],9.743399e-05],
[[112.0,52.0],0.0001353564],
[[112.0,72.0],0.0001405376],
[[112.0,92.0],0.000174829],
[[112.0,102.0],0.0002212865],
[[117.0,102.0],0.0002015215],
[[122.0,32.0],0.0001192244],
[[122.0,52.0],0.0001306583],
[[122.0,72.0],0.0001749367],
[[122.0,92.0],0.0001775679],
[[122.0,102.0],0.0002047693],
[[132.0,52.0],0.0001601801],
[[132.0,72.0],0.0001744601],
[[132.0,92.0],0.0002140852],
[[132.0,102.0],0.0002225662],
[[142.0,52.0],0.0001600715],
[[142.0,72.0],0.0001925167],
[[142.0,92.0],0.0001983146],
[[142.0,102.0],0.0002249674],
[[152.0,72.0],0.0002046809],
[[152.0,92.0],0.0002160383],
[[152.0,102.0],0.0002549938],
[[152.0,152.0],0.0003017702],
[[152.0,155.0],0.0003014949],
[[152.0,157.0],0.0002952519],
[[152.0,162.0],0.0003018145],
[[152.0,167.0],0.0003086538],
[[152.0,172.0],0.0002883174],
[[152.0,182.0],0.0003078028],
[[152.0,192.0],0.0003371699],
[[152.0,202.0],0.0003244951],
[[152.0,212.0],0.0003378461],
[[152.0,222.0],0.0003562799],
[[152.0,232.0],0.0003515573],
[[152.0,242.0],0.0003798402],
[[152.0,352.0],0.000429526],
[[152.0,452.0],0.0004951352],
[[155.0,152.0],0.0003014949],
[[157.0,152.0],0.0002952519],
[[162.0,72.0],0.0002147017],
[[162.0,92.0],0.0002503083],
[[162.0,102.0],0.0002481397],
[[162.0,152.0],0.0003018145],
[[167.0,152.0],0.0003086538],
[[172.0,92.0],0.0002388484],
[[172.0,102.0],0.0002500617],
[[172.0,152.0],0.0002883174],
[[182.0,92.0],0.0002447918],
[[182.0,102.0],0.0002687653],
[[182.0,152.0],0.0003078028],
[[192.0,102.0],0.0002622977],
[[192.0,152.0],0.0003371699],
[[202.0,152.0],0.0003244951],
[[202.0,202.0],0.0003824661],
[[202.0,205.0],0.0003644532],
[[202.0,207.0],0.0003566713],
[[202.0,212.0],0.0004004143],
[[202.0,217.0],0.0003598366],
[[202.0,222.0],0.000464719],
[[202.0,232.0],0.0004115786],
[[202.0,242.0],0.0003882977],
[[202.0,252.0],0.0004120286],
[[202.0,262.0],0.0004327069],
[[202.0,272.0],0.0004196099],
[[202.0,282.0],0.0004355473],
[[202.0,402.0],0.000510257],
[[202.0,502.0],0.0005352888],
[[205.0,202.0],0.0003644532],
[[207.0,202.0],0.0003566713],
[[212.0,12.0],0.0001972857],
[[212.0,152.0],0.0003378461],
[[212.0,202.0],0.0004004143],
[[217.0,202.0],0.0003598366],
[[222.0,152.0],0.0003562799],
[[222.0,202.0],0.000464719],
[[232.0,32.0],0.0002443626],
[[232.0,152.0],0.0003515573],
[[232.0,202.0],0.0004115786],
[[242.0,152.0],0.0003798402],
[[242.0,202.0],0.0003882977],
[[252.0,52.0],0.0002879653],
[[252.0,202.0],0.0004120286],
[[252.0,252.0],0.0004638125],
[[252.0,255.0],0.0004666882],
[[252.0,257.0],0.0004823658],
[[252.0,262.0],0.0004579555],
[[252.0,267.0],0.000478296],
[[252.0,272.0],0.000496784],
[[252.0,282.0],0.0004447486],
[[252.0,292.0],0.0004874538],
[[252.0,302.0],0.0004778757],
[[252.0,312.0],0.0004828258],
[[252.0,322.0],0.0005056624],
[[252.0,332.0],0.000487031],
[[252.0,342.0],0.0004988504],
[[252.0,452.0],0.000544696],
[[252.0,552.0],0.0006010137],
[[255.0,252.0],0.0004666882],
[[257.0,252.0],0.0004823658],
[[262.0,202.0],0.0004327069],
[[262.0,252.0],0.0004579555],
[[267.0,252.0],0.000478296],
[[272.0,72.0],0.000313665],
[[272.0,202.0],0.0004196099],
[[272.0,252.0],0.000496784],
[[282.0,202.0],0.0004355473],
[[282.0,252.0],0.0004447486],
[[292.0,92.0],0.0003715791],
[[292.0,252.0],0.0004874538],
[[302.0,102.0],0.0003664744],
[[302.0,252.0],0.0004778757],
[[302.0,302.0],0.0005005825],
[[302.0,305.0],0.0005292853],
[[302.0,307.0],0.0005317524],
[[302.0,312.0],0.0005203558],
[[302.0,317.0],0.0005151726],
[[302.0,322.0],0.0005423799],
[[302.0,332.0],0.0005697759],
[[302.0,342.0],0.0005364242],
[[302.0,352.0],0.0005162066],
[[302.0,362.0],0.0005446454],
[[302.0,372.0],0.0005490234],
[[302.0,382.0],0.0005441096],
[[302.0,392.0],0.0005825179],
[[302.0,502.0],0.0005822031],
[[302.0,602.0],0.000644008],
[[305.0,302.0],0.0005292853],
[[307.0,302.0],0.0005317524],
[[312.0,12.0],0.0002989676],
[[312.0,252.0],0.0004828258],
[[312.0,302.0],0.0005203558],
[[317.0,302.0],0.0005151726],
[[322.0,252.0],0.0005056624],
[[322.0,302.0],0.0005423799],
[[332.0,32.0],0.000340315],
[[332.0,252.0],0.000487031],
[[332.0,302.0],0.0005697759],
[[342.0,252.0],0.0004988504],
[[342.0,302.0],0.0005364242],
[[352.0,52.0],0.0003633248],
[[352.0,152.0],0.000429526],
[[352.0,302.0],0.0005162066],
[[352.0,352.0],0.0005698738],
[[352.0,355.0],0.0005714388],
[[352.0,357.0],0.0005751288],
[[352.0,362.0],0.0005891722],
[[352.0,367.0],0.0005373218],
[[352.0,372.0],0.0005821558],
[[352.0,382.0],0.0005889693],
[[352.0,392.0],0.0005939812],
[[352.0,402.0],0.0006122263],
[[352.0,412.0],0.0005721905],
[[352.0,422.0],0.0005750583],
[[352.0,432.0],0.0005957105],
[[352.0,442.0],0.000585669],
[[352.0,552.0],0.0006504651],
[[352.0,652.0],0.0006597161],
[[355.0,352.0],0.0005714388],
[[357.0,352.0],0.0005751288],
[[362.0,302.0],0.0005446454],
[[362.0,352.0],0.0005891722],
[[367.0,352.0],0.0005373218],
[[372.0,72.0],0.0004107179],
[[372.0,302.0],0.0005490234],
[[372.0,352.0],0.0005821558],
[[382.0,302.0],0.0005441096],
[[382.0,352.0],0.0005889693],
[[392.0,92.0],0.0004245375],
[[392.0,302.0],0.0005825179],
[[392.0,352.0],0.0005939812],
[[402.0,102.0],0.0004296743],
[[402.0,202.0],0.000510257],
[[402.0,352.0],0.0006122263],
[[402.0,402.0],0.0005890483],
[[402.0,405.0],0.0005692573],
[[402.0,407.0],0.000614724],
[[402.0,412.0],0.0006374083],
[[402.0,417.0],0.0006272002],
[[402.0,422.0],0.0006228464],
[[402.0,432.0],0.0005837675],
[[402.0,442.0],0.0005987036],
[[402.0,452.0],0.0006082125],
[[402.0,462.0],0.0006316079],
[[402.0,472.0],0.0006114523],
[[402.0,482.0],0.0006493073],
[[402.0,492.0],0.0006504778],
[[402.0,602.0],0.0006581495],
[[402.0,702.0],0.0006861139],
[[405.0,402.0],0.0005692573],
[[407.0,402.0],0.000614724],
[[412.0,352.0],0.0005721905],
[[412.0,402.0],0.0006374083],
[[417.0,402.0],0.0006272002],
[[422.0,352.0],0.0005750583],
[[422.0,402.0],0.0006228464],
[[432.0,352.0],0.0005957105],
[[432.0,402.0],0.0005837675],
[[442.0,352.0],0.000585669],
[[442.0,402.0],0.0005987036],
[[452.0,152.0],0.0004951352],
[[452.0,252.0],0.000544696],
[[452.0,402.0],0.0006082125],
[[462.0,402.0],0.0006316079],
[[472.0,402.0],0.0006114523],
[[482.0,402.0],0.0006493073],
[[492.0,402.0],0.0006504778],
[[502.0,202.0],0.0005352888],
[[502.0,302.0],0.0005822031],
[[552.0,252.0],0.0006010137],
[[552.0,352.0],0.0006504651],
[[602.0,302.0],0.000644008],
[[602.0,402.0],0.0006581495],
[[602.0,602.0],0.0007535554],
[[602.0,605.0],0.0007395537],
[[602.0,607.0],0.000727172],
[[602.0,612.0],0.000737014],
[[602.0,617.0],0.0007074639],
[[602.0,622.0],0.000710351],
[[602.0,632.0],0.000733408],
[[602.0,642.0],0.0007601033],
[[602.0,652.0],0.0007581129],
[[602.0,662.0],0.0007328253],
[[602.0,672.0],0.0007541727],
[[602.0,682.0],0.0007485403],
[[602.0,692.0],0.0007565931],
[[602.0,802.0],0.0007313574],
[[602.0,902.0],0.0007664115],
[[605.0,602.0],0.0007395537],
[[607.0,602.0],0.000727172],
[[612.0,602.0],0.000737014],
[[617.0,602.0],0.0007074639],
[[622.0,602.0],0.000710351],
[[632.0,602.0],0.000733408],
[[642.0,602.0],0.0007601033],
[[652.0,352.0],0.0006597161],
[[652.0,602.0],0.0007581129],
[[662.0,602.0],0.0007328253],
[[672.0,602.0],0.0007541727],
[[682.0,602.0],0.0007485403],
[[692.0,602.0],0.0007565931],
[[702.0,402.0],0.0006861139],
[[802.0,602.0],0.0007313574],
[[802.0,802.0],0.0007956383],
[[802.0,805.0],0.00082939],
[[802.0,807.0],0.0008057993],
[[802.0,812.0],0.0007779003],
[[802.0,817.0],0.0007695186],
[[802.0,822.0],0.0008130732],
[[802.0,832.0],0.0008010575],
[[802.0,842.0],0.0007702767],
[[802.0,852.0],0.0007781369],
[[802.0,862.0],0.0008249677],
[[802.0,872.0],0.0008149837],
[[802.0,882.0],0.0008300494],
[[802.0,892.0],0.0007913539],
[[802.0,1002.0],0.0008364051],
[[802.0,1102.0],0.0007864294],
[[805.0,802.0],0.00082939],
[[807.0,802.0],0.0008057993],
[[812.0,802.0],0.0007779003],
[[817.0,802.0],0.0007695186],
[[822.0,802.0],0.0008130732],
[[832.0,802.0],0.0008010575],
[[842.0,802.0],0.0007702767],
[[852.0,802.0],0.0007781369],
[[862.0,802.0],0.0008249677],
[[872.0,802.0],0.0008149837],
[[882.0,802.0],0.0008300494],
[[892.0,802.0],0.0007913539],
[[902.0,602.0],0.0007664115],
[[1002.0,802.0],0.0008364051],
[[1002.0,1002.0],0.0008486041],
[[1002.0,1005.0],0.0008380737],
[[1002.0,1007.0],0.0008462418],
[[1002.0,1012.0],0.0008288438],
[[1002.0,1017.0],0.0008662201],
[[1002.0,1022.0],0.0008214119],
[[1002.0,1032.0],0.0008442867],
[[1002.0,1042.0],0.0008363921],
[[1002.0,1052.0],0.0008437623],
[[1002.0,1062.0],0.0008657328],
[[1002.0,1072.0],0.0008471605],
[[1002.0,1082.0],0.0008417442],
[[1002.0,1092.0],0.0009077502],
[[1002.0,1202.0],0.0008649005],
[[1002.0,1302.0],0.0008592768],
[[1005.0,1002.0],0.0008380737],
[[1007.0,1002.0],0.0008462418],
[[1012.0,1002.0],0.0008288438],
[[1017.0,1002.0],0.0008662201],
[[1022.0,1002.0],0.0008214119],
[[1032.0,1002.0],0.0008442867],
[[1042.0,1002.0],0.0008363921],
[[1052.0,1002.0],0.0008437623],
[[1062.0,1002.0],0.0008657328],
[[1072.0,1002.0],0.0008471605],
[[1082.0,1002.0],0.0008417442],
[[1092.0,1002.0],0.0009077502],
[[1102.0,802.0],0.0007864294],
[[1202.0,1002.0],0.0008649005],
[[1202.0,1202.0],0.0008931802],
[[1202.0,1205.0],0.000843771],
[[1202.0,1207.0],0.0009376338],
[[1202.0,1212.0],0.0008929725],
[[1202.0,1217.0],0.0008476381],
[[1202.0,1222.0],0.0008534474],
[[1202.0,1232.0],0.0008613461],
[[1202.0,1242.0],0.0009236187],
[[1202.0,1252.0],0.0009019186],
[[1202.0,1262.0],0.0008493335],
[[1202.0,1272.0],0.0009062988],
[[1202.0,1282.0],0.0008699796],
[[1202.0,1292.0],0.0009070579],
[[1202.0,1402.0],0.0009150055],
[[1202.0,1502.0],0.0009372432],
[[1205.0,1202.0],0.000843771],
[[1207.0,1202.0],0.0009376338],
[[1212.0,1202.0],0.0008929725],
[[1217.0,1202.0],0.0008476381],
[[1222.0,1202.0],0.0008534474],
[[1232.0,1202.0],0.0008613461],
[[1242.0,1202.0],0.0009236187],
[[1252.0,1202.0],0.0009019186],
[[1262.0,1202.0],0.0008493335],
[[1272.0,1202.0],0.0009062988],
[[1282.0,1202.0],0.0008699796],
[[1292.0,1202.0],0.0009070579],
[[1302.0,1002.0],0.0008592768],
[[1402.0,1202.0],0.0009150055],
[[1402.0,1402.0],0.0009273945],
[[1402.0,1405.0],0.0009593137],
[[1402.0,1407.0],0.0009054776],
[[1402.0,1412.0],0.0009039257],
[[1402.0,1417.0],0.0008795281],
[[1402.0,1422.0],0.0009277055],
[[1402.0,1432.0],0.0009196858],
[[1402.0,1442.0],0.0009256431],
[[1402.0,1452.0],0.0009336378],
[[1402.0,1462.0],0.0009190758],
[[1402.0,1472.0],0.0009242198],
[[1402.0,1482.0],0.0009074198],
[[1402.0,1492.0],0.0008925617],
[[1402.0,1602.0],0.0009532657],
[[1402.0,1702.0],0.000945628],
[[1405.0,1402.0],0.0009593137],
[[1407.0,1402.0],0.0009054776],
[[1412.0,1402.0],0.0009039257],
[[1417.0,1402.0],0.0008795281],
[[1422.0,1402.0],0.0009277055],
[[1432.0,1402.0],0.0009196858],
[[1442.0,1402.0],0.0009256431],
[[1452.0,1402.0],0.0009336378],
[[1462.0,1402.0],0.0009190758],
[[1472.0,1402.0],0.0009242198],
[[1482.0,1402.0],0.0009074198],
[[1492.0,1402.0],0.0008925617],
[[1502.0,1202.0],0.0009372432],
[[1602.0,1402.0],0.0009532657],
[[1602.0,1602.0],0.0009982424],
[[1602.0,1605.0],0.0009070355],
[[1602.0,1607.0],0.0008568761],
[[1602.0,1612.0],0.0009346554],
[[1602.0,1617.0],0.0009704004],
[[1602.0,1622.0],0.0009684343],
[[1602.0,1632.0],0.0009405183],
[[1602.0,1642.0],0.0009331744],
[[1602.0,1652.0],0.0009885626],
[[1602.0,1662.0],0.0009013467],
[[1602.0,1672.0],0.0009215313],
[[1602.0,1682.0],0.0009632609],
[[1602.0,1692.0],0.0009402893],
[[1602.0,1802.0],0.0008950857],
[[1602.0,1902.0],0.0008709685],
[[1605.0,1602.0],0.0009070355],
[[1607.0,1602.0],0.0008568761],
[[1612.0,1602.0],0.0009346554],
[[1617.0,1602.0],0.0009704004],
[[1622.0,1602.0],0.0009684343],
[[1632.0,1602.0],0.0009405183],
[[1642.0,1602.0],0.0009331744],
[[1652.0,1602.0],0.0009885626],
[[1662.0,1602.0],0.0009013467],
[[1672.0,1602.0],0.0009215313],
[[1682.0,1602.0],0.0009632609],
[[1692.0,1602.0],0.0009402893],
[[1702.0,1402.0],0.000945628],
[[1802.0,1602.0],0.0008950857],
[[1802.0,1802.0],0.0009220129],
[[1802.0,1805.0],0.0009261646],
[[1802.0,1807.0],0.0009347575],
[[1802.0,1812.0],0.0009165818],
[[1802.0,1817.0],0.0009280486],
[[1802.0,1822.0],0.0009284745],
[[1802.0,1832.0],0.0009887417],
[[1802.0,1842.0],0.0008808795],
[[1802.0,1852.0],0.000931333],
[[1802.0,1862.0],0.0009165945],
[[1802.0,1872.0],0.0009181209],
[[1802.0,1882.0],0.0009135428],
[[1802.0,1892.0],0.0009319527],
[[1802.0,2002.0],0.0009484218],
[[1802.0,2102.0],0.0008712187],
[[1805.0,1802.0],0.0009261646],
[[1807.0,1802.0],0.0009347575],
[[1812.0,1802.0],0.0009165818],
[[1817.0,1802.0],0.0009280486],
[[1822.0,1802.0],0.0009284745],
[[1832.0,1802.0],0.0009887417],
[[1842.0,1802.0],0.0008808795],
[[1852.0,1802.0],0.000931333],
[[1862.0,1802.0],0.0009165945],
[[1872.0,1802.0],0.0009181209],
[[1882.0,1802.0],0.0009135428],
[[1892.0,1802.0],0.0009319527],
[[1902.0,1602.0],0.0008709685],
[[2002.0,1802.0],0.0009484218],
[[2002.0,2002.0],0.0009483925],
[[2002.0,2005.0],0.000919263],
[[2002.0,2007.0],0.0009221341],
[[2002.0,2012.0],0.0008989249],
[[2002.0,2017.0],0.0009176105],
[[2002.0,2022.0],0.0008559435],
[[2002.0,2032.0],0.0009467477],
[[2002.0,2042.0],0.0009661677],
[[2002.0,2052.0],0.0009784213],
[[2002.0,2062.0],0.0008655101],
[[2002.0,2072.0],0.0009425508],
[[2002.0,2082.0],0.0008914106],
[[2002.0,2092.0],0.0009359026],
[[2002.0,2202.0],0.0009346465],
[[2002.0,2302.0],0.0009418412],
[[2005.0,2002.0],0.000919263],
[[2007.0,2002.0],0.0009221341],
[[2012.0,2002.0],0.0008989249],
[[2017.0,2002.0],0.0009176105],
[[2022.0,2002.0],0.0008559435],
[[2032.0,2002.0],0.0009467477],
[[2042.0,2002.0],0.0009661677],
[[2052.0,2002.0],0.0009784213],
[[2062.0,2002.0],0.0008655101],
[[2072.0,2002.0],0.0009425508],
[[2082.0,2002.0],0.0008914106],
[[2092.0,2002.0],0.0009359026],
[[2102.0,1802.0],0.0008712187],
[[2202.0,2002.0],0.0009346465],
[[2302.0,2002.0],0.0009418412]]
