txName: TChiWWISRqq
constraint: {(PV > anyBSM(1), anyBSM(3)), (anyBSM(1) > q, q, MET(2)), (anyBSM(3) > q, q, MET(4))}
condition: None
conditionDescription: None
figureUrl: None
source: Recast by MA5
validated: True
axesMap: [{0: 'x', 1: 'y', 2: 'x', 3: 'y'}]
dataMap: {0: (1, 'mass', GeV), 1: (2, 'mass', GeV), 2: (3, 'mass', GeV), 3: (4, 'mass', GeV)}
finalState: ['MET', 'MET']
intermediateState: None
efficiencyMap: [[[11.0,10.0,11.0,10.0],3.361499e-06],
[[13.0,10.0,13.0,10.0],1.024556e-06],
[[15.0,10.0,15.0,10.0],1.628874e-07],
[[20.0,10.0,20.0,10.0],5.60788e-08],
[[21.0,20.0,21.0,20.0],7.369285e-06],
[[23.0,20.0,23.0,20.0],2.565447e-06],
[[25.0,20.0,25.0,20.0],7.028557e-07],
[[30.0,10.0,30.0,10.0],3.691049e-07],
[[30.0,20.0,30.0,20.0],2.285141e-07],
[[31.0,30.0,31.0,30.0],1.392698e-05],
[[33.0,30.0,33.0,30.0],4.907195e-06],
[[35.0,30.0,35.0,30.0],1.300916e-06],
[[40.0,20.0,40.0,20.0],3.023271e-08],
[[40.0,30.0,40.0,30.0],6.515329e-07],
[[41.0,40.0,41.0,40.0],7.464555e-06],
[[43.0,40.0,43.0,40.0],6.166551e-06],
[[45.0,40.0,45.0,40.0],3.862027e-06],
[[50.0,10.0,50.0,10.0],1.102722e-07],
[[50.0,30.0,50.0,30.0],9.171282e-07],
[[50.0,40.0,50.0,40.0],2.610482e-06],
[[51.0,50.0,51.0,50.0],2.07489e-05],
[[53.0,50.0,53.0,50.0],2.341043e-05],
[[55.0,50.0,55.0,50.0],1.389594e-05],
[[60.0,20.0,60.0,20.0],1.045846e-06],
[[60.0,40.0,60.0,40.0],3.176353e-06],
[[60.0,50.0,60.0,50.0],7.97012e-06],
[[61.0,60.0,61.0,60.0],4.04223e-05],
[[63.0,60.0,63.0,60.0],4.034005e-05],
[[65.0,60.0,65.0,60.0],3.629379e-05],
[[70.0,10.0,70.0,10.0],6.104936e-07],
[[70.0,30.0,70.0,30.0],2.017021e-06],
[[70.0,50.0,70.0,50.0],5.421609e-06],
[[70.0,60.0,70.0,60.0],1.732389e-05],
[[71.0,70.0,71.0,70.0],6.149073e-05],
[[73.0,70.0,73.0,70.0],5.554038e-05],
[[75.0,70.0,75.0,70.0],4.733239e-05],
[[80.0,20.0,80.0,20.0],1.882085e-06],
[[80.0,40.0,80.0,40.0],4.173048e-06],
[[80.0,60.0,80.0,60.0],1.120946e-05],
[[80.0,70.0,80.0,70.0],2.547921e-05],
[[81.0,80.0,81.0,80.0],0.0001023443],
[[83.0,80.0,83.0,80.0],7.583156e-05],
[[85.0,80.0,85.0,80.0],6.114195e-05],
[[90.0,10.0,90.0,10.0],2.474591e-06],
[[90.0,30.0,90.0,30.0],3.623881e-06],
[[90.0,50.0,90.0,50.0],6.465129e-06],
[[90.0,70.0,90.0,70.0],2.000372e-05],
[[90.0,80.0,90.0,80.0],4.937628e-05],
[[91.0,90.0,91.0,90.0],9.218718e-05],
[[93.0,90.0,93.0,90.0],9.903121e-05],
[[95.0,90.0,95.0,90.0],0.0001226138],
[[100.0,20.0,100.0,20.0],9.907901e-06],
[[100.0,40.0,100.0,40.0],6.185456e-06],
[[100.0,60.0,100.0,60.0],1.042379e-05],
[[100.0,80.0,100.0,80.0],2.674604e-05],
[[100.0,90.0,100.0,90.0],6.014929e-05],
[[101.0,100.0,101.0,100.0],0.0001255589],
[[103.0,100.0,103.0,100.0],0.0001164453],
[[103.0,102.0,103.0,102.0],0.0001218556],
[[105.0,100.0,105.0,100.0],0.0001171377],
[[105.0,102.0,105.0,102.0],0.0001246725],
[[107.0,102.0,107.0,102.0],0.0001086151],
[[110.0,30.0,110.0,30.0],1.227458e-05],
[[110.0,50.0,110.0,50.0],1.094949e-05],
[[110.0,70.0,110.0,70.0],1.718525e-05],
[[110.0,90.0,110.0,90.0],4.514135e-05],
[[110.0,100.0,110.0,100.0],7.166164e-05],
[[112.0,102.0,112.0,102.0],8.145064e-05],
[[120.0,40.0,120.0,40.0],1.010674e-05],
[[120.0,60.0,120.0,60.0],1.35147e-05],
[[120.0,80.0,120.0,80.0],2.19429e-05],
[[120.0,100.0,120.0,100.0],4.644159e-05],
[[122.0,102.0,122.0,102.0],5.249439e-05],
[[123.0,122.0,123.0,122.0],0.0001755733],
[[125.0,122.0,125.0,122.0],0.0001562353],
[[127.0,122.0,127.0,122.0],0.0001581654],
[[130.0,50.0,130.0,50.0],1.290847e-05],
[[130.0,70.0,130.0,70.0],1.70084e-05],
[[130.0,90.0,130.0,90.0],3.41367e-05],
[[132.0,122.0,132.0,122.0],0.0001236228],
[[140.0,60.0,140.0,60.0],2.209084e-05],
[[140.0,80.0,140.0,80.0],2.797667e-05],
[[140.0,100.0,140.0,100.0],3.833389e-05],
[[142.0,102.0,142.0,102.0],5.07008e-05],
[[142.0,122.0,142.0,122.0],8.918266e-05],
[[143.0,142.0,143.0,142.0],0.0001956628],
[[145.0,142.0,145.0,142.0],0.0001968185],
[[147.0,142.0,147.0,142.0],0.0001948636],
[[150.0,70.0,150.0,70.0],2.442615e-05],
[[150.0,90.0,150.0,90.0],3.364111e-05],
[[152.0,142.0,152.0,142.0],0.0001664532],
[[160.0,80.0,160.0,80.0],3.865171e-05],
[[160.0,100.0,160.0,100.0],3.804642e-05],
[[162.0,102.0,162.0,102.0],4.979941e-05],
[[162.0,122.0,162.0,122.0],6.686973e-05],
[[162.0,142.0,162.0,142.0],0.0001215392],
[[163.0,162.0,163.0,162.0],0.000229697],
[[165.0,162.0,165.0,162.0],0.0002431672],
[[167.0,162.0,167.0,162.0],0.0002382239],
[[170.0,90.0,170.0,90.0],4.741138e-05],
[[172.0,162.0,172.0,162.0],0.0002064405],
[[180.0,100.0,180.0,100.0],5.035505e-05],
[[182.0,102.0,182.0,102.0],5.925962e-05],
[[182.0,122.0,182.0,122.0],6.852873e-05],
[[182.0,142.0,182.0,142.0],8.78295e-05],
[[182.0,162.0,182.0,162.0],0.0001550154],
[[183.0,182.0,183.0,182.0],0.0002652042],
[[185.0,182.0,185.0,182.0],0.0002913743],
[[187.0,182.0,187.0,182.0],0.0002774722],
[[192.0,182.0,192.0,182.0],0.0002437323],
[[202.0,122.0,202.0,122.0],8.095776e-05],
[[202.0,142.0,202.0,142.0],8.848727e-05],
[[202.0,162.0,202.0,162.0],0.000120985],
[[202.0,182.0,202.0,182.0],0.0001808816],
[[203.0,202.0,203.0,202.0],0.0003302322],
[[205.0,202.0,205.0,202.0],0.0003020895],
[[207.0,202.0,207.0,202.0],0.0003128425],
[[212.0,202.0,212.0,202.0],0.0002762397],
[[222.0,142.0,222.0,142.0],9.340743e-05],
[[222.0,162.0,222.0,162.0],0.0001264762],
[[222.0,182.0,222.0,182.0],0.0001411442],
[[222.0,202.0,222.0,202.0],0.0002091699],
[[223.0,222.0,223.0,222.0],0.0003383852],
[[225.0,222.0,225.0,222.0],0.0003458115],
[[227.0,222.0,227.0,222.0],0.0003122166],
[[232.0,222.0,232.0,222.0],0.0003133142],
[[242.0,162.0,242.0,162.0],0.0001289173],
[[242.0,182.0,242.0,182.0],0.0001416089],
[[242.0,202.0,242.0,202.0],0.0001823894],
[[242.0,222.0,242.0,222.0],0.0002519505],
[[243.0,242.0,243.0,242.0],0.000385279],
[[245.0,242.0,245.0,242.0],0.0003874097],
[[247.0,242.0,247.0,242.0],0.0003613488],
[[252.0,242.0,252.0,242.0],0.0003505996],
[[262.0,182.0,262.0,182.0],0.0001342429],
[[262.0,202.0,262.0,202.0],0.0001626723],
[[262.0,222.0,262.0,222.0],0.0001942865],
[[262.0,242.0,262.0,242.0],0.0002736763],
[[263.0,262.0,263.0,262.0],0.0003738135],
[[265.0,262.0,265.0,262.0],0.0003660357],
[[267.0,262.0,267.0,262.0],0.0003863788],
[[272.0,262.0,272.0,262.0],0.0003656299],
[[282.0,202.0,282.0,202.0],0.0001822364],
[[282.0,222.0,282.0,222.0],0.0001890309],
[[282.0,242.0,282.0,242.0],0.0002288442],
[[282.0,262.0,282.0,262.0],0.0003103893],
[[283.0,282.0,283.0,282.0],0.0004154244],
[[285.0,282.0,285.0,282.0],0.0004298005],
[[287.0,282.0,287.0,282.0],0.0004019077],
[[292.0,282.0,292.0,282.0],0.0003974811],
[[302.0,222.0,302.0,222.0],0.000192038],
[[302.0,242.0,302.0,242.0],0.0001866474],
[[302.0,262.0,302.0,262.0],0.0002411579],
[[302.0,282.0,302.0,282.0],0.0003272337],
[[303.0,302.0,303.0,302.0],0.0004623503],
[[305.0,302.0,305.0,302.0],0.0004257608],
[[307.0,302.0,307.0,302.0],0.0004464894],
[[312.0,302.0,312.0,302.0],0.0004124331],
[[322.0,242.0,322.0,242.0],0.000220491],
[[322.0,262.0,322.0,262.0],0.0002251008],
[[322.0,282.0,322.0,282.0],0.0002714192],
[[322.0,302.0,322.0,302.0],0.0003557988],
[[323.0,322.0,323.0,322.0],0.0004767574],
[[325.0,322.0,325.0,322.0],0.0004568864],
[[327.0,322.0,327.0,322.0],0.000483302],
[[332.0,322.0,332.0,322.0],0.0004696849],
[[342.0,262.0,342.0,262.0],0.0002298096],
[[342.0,282.0,342.0,282.0],0.0002489129],
[[342.0,302.0,342.0,302.0],0.0003069698],
[[342.0,322.0,342.0,322.0],0.0003765126],
[[343.0,342.0,343.0,342.0],0.0005055633],
[[345.0,342.0,345.0,342.0],0.0004963233],
[[347.0,342.0,347.0,342.0],0.0005070977],
[[352.0,342.0,352.0,342.0],0.0004524003],
[[362.0,282.0,362.0,282.0],0.000258985],
[[362.0,302.0,362.0,302.0],0.0002756025],
[[362.0,322.0,362.0,322.0],0.0003167681],
[[362.0,342.0,362.0,342.0],0.000412651],
[[363.0,362.0,363.0,362.0],0.0004984084],
[[365.0,362.0,365.0,362.0],0.0005221088],
[[367.0,362.0,367.0,362.0],0.0004716788],
[[372.0,362.0,372.0,362.0],0.0004887681],
[[382.0,302.0,382.0,302.0],0.0002929071],
[[382.0,322.0,382.0,322.0],0.0002865478],
[[382.0,342.0,382.0,342.0],0.0003053318],
[[382.0,362.0,382.0,362.0],0.0004317832],
[[383.0,382.0,383.0,382.0],0.0005247895],
[[385.0,382.0,385.0,382.0],0.0005008312],
[[387.0,382.0,387.0,382.0],0.000509804],
[[392.0,382.0,392.0,382.0],0.0005207881],
[[402.0,322.0,402.0,322.0],0.0003047833],
[[402.0,342.0,402.0,342.0],0.0003180208],
[[402.0,362.0,402.0,362.0],0.0003405398],
[[402.0,382.0,402.0,382.0],0.0004536634],
[[403.0,402.0,403.0,402.0],0.0005304769],
[[405.0,402.0,405.0,402.0],0.0005704852],
[[407.0,402.0,407.0,402.0],0.0005268047],
[[412.0,402.0,412.0,402.0],0.0005070016],
[[422.0,342.0,422.0,342.0],0.0003305088],
[[422.0,362.0,422.0,362.0],0.0003291059],
[[422.0,382.0,422.0,382.0],0.0003887622],
[[422.0,402.0,422.0,402.0],0.0004553715],
[[442.0,362.0,442.0,362.0],0.0003380947],
[[442.0,382.0,442.0,382.0],0.000353491],
[[442.0,402.0,442.0,402.0],0.0003854125],
[[462.0,382.0,462.0,382.0],0.0003675345],
[[462.0,402.0,462.0,402.0],0.0003632052],
[[482.0,402.0,482.0,402.0],0.0003625219],
[[503.0,502.0,503.0,502.0],0.0006483797],
[[505.0,502.0,505.0,502.0],0.0006262313],
[[507.0,502.0,507.0,502.0],0.000617959],
[[512.0,502.0,512.0,502.0],0.0006130963],
[[522.0,502.0,522.0,502.0],0.0005733632],
[[542.0,502.0,542.0,502.0],0.0004664969],
[[562.0,502.0,562.0,502.0],0.0004482067],
[[582.0,502.0,582.0,502.0],0.0004481655],
[[603.0,602.0,603.0,602.0],0.0006889321],
[[605.0,602.0,605.0,602.0],0.0006968956],
[[607.0,602.0,607.0,602.0],0.000665304],
[[612.0,602.0,612.0,602.0],0.0006669255],
[[622.0,602.0,622.0,602.0],0.0006008852],
[[642.0,602.0,642.0,602.0],0.0005217863],
[[662.0,602.0,662.0,602.0],0.0004918403],
[[682.0,602.0,682.0,602.0],0.0005107194],
[[703.0,702.0,703.0,702.0],0.0007175575],
[[705.0,702.0,705.0,702.0],0.0007252668],
[[707.0,702.0,707.0,702.0],0.0007260361],
[[712.0,702.0,712.0,702.0],0.0007230862],
[[722.0,702.0,722.0,702.0],0.0006587871],
[[742.0,702.0,742.0,702.0],0.0005519419],
[[762.0,702.0,762.0,702.0],0.0005544572],
[[782.0,702.0,782.0,702.0],0.000570096],
[[803.0,802.0,803.0,802.0],0.0007495674],
[[805.0,802.0,805.0,802.0],0.0007701054],
[[807.0,802.0,807.0,802.0],0.0007578024],
[[812.0,802.0,812.0,802.0],0.0007237611],
[[822.0,802.0,822.0,802.0],0.0006960578],
[[842.0,802.0,842.0,802.0],0.0006150477],
[[862.0,802.0,862.0,802.0],0.0005611353],
[[882.0,802.0,882.0,802.0],0.0005708328],
[[903.0,902.0,903.0,902.0],0.0007732562],
[[905.0,902.0,905.0,902.0],0.0007829351],
[[907.0,902.0,907.0,902.0],0.0007914067],
[[912.0,902.0,912.0,902.0],0.0007575773],
[[922.0,902.0,922.0,902.0],0.0007477853],
[[942.0,902.0,942.0,902.0],0.0006265326],
[[962.0,902.0,962.0,902.0],0.0006414589],
[[982.0,902.0,982.0,902.0],0.0006087266],
[[1003.0,1002.0,1003.0,1002.0],0.0007900802],
[[1005.0,1002.0,1005.0,1002.0],0.0008377557],
[[1007.0,1002.0,1007.0,1002.0],0.0008304716],
[[1012.0,1002.0,1012.0,1002.0],0.0007563724],
[[1022.0,1002.0,1022.0,1002.0],0.0007823317],
[[1042.0,1002.0,1042.0,1002.0],0.0006381143],
[[1062.0,1002.0,1062.0,1002.0],0.0006137137],
[[1082.0,1002.0,1082.0,1002.0],0.0006439846],
[[1103.0,1102.0,1103.0,1102.0],0.0008522955],
[[1105.0,1102.0,1105.0,1102.0],0.0008217498],
[[1107.0,1102.0,1107.0,1102.0],0.0008556156],
[[1112.0,1102.0,1112.0,1102.0],0.0007829928],
[[1122.0,1102.0,1122.0,1102.0],0.0007840703],
[[1142.0,1102.0,1142.0,1102.0],0.0007474957],
[[1162.0,1102.0,1162.0,1102.0],0.0006726182],
[[1182.0,1102.0,1182.0,1102.0],0.0006944397],
[[1203.0,1202.0,1203.0,1202.0],0.0008292217],
[[1205.0,1202.0,1205.0,1202.0],0.0008662294],
[[1207.0,1202.0,1207.0,1202.0],0.0008763511],
[[1212.0,1202.0,1212.0,1202.0],0.0008881037],
[[1222.0,1202.0,1222.0,1202.0],0.0008256291],
[[1242.0,1202.0,1242.0,1202.0],0.0007325796],
[[1262.0,1202.0,1262.0,1202.0],0.000671191],
[[1282.0,1202.0,1282.0,1202.0],0.0007039705],
[[1303.0,1302.0,1303.0,1302.0],0.0008677193],
[[1305.0,1302.0,1305.0,1302.0],0.0008900782],
[[1307.0,1302.0,1307.0,1302.0],0.0008663889],
[[1312.0,1302.0,1312.0,1302.0],0.0008915977],
[[1322.0,1302.0,1322.0,1302.0],0.0008570327],
[[1342.0,1302.0,1342.0,1302.0],0.000718077],
[[1362.0,1302.0,1362.0,1302.0],0.0007422776],
[[1382.0,1302.0,1382.0,1302.0],0.0007368394],
[[1403.0,1402.0,1403.0,1402.0],0.0009110416],
[[1405.0,1402.0,1405.0,1402.0],0.0008827231],
[[1407.0,1402.0,1407.0,1402.0],0.0009184412],
[[1412.0,1402.0,1412.0,1402.0],0.0009230721],
[[1422.0,1402.0,1422.0,1402.0],0.0008540713],
[[1442.0,1402.0,1442.0,1402.0],0.0007734491],
[[1462.0,1402.0,1462.0,1402.0],0.0007143866],
[[1482.0,1402.0,1482.0,1402.0],0.000746101],
[[1503.0,1502.0,1503.0,1502.0],0.0009246443],
[[1505.0,1502.0,1505.0,1502.0],0.0009505355],
[[1507.0,1502.0,1507.0,1502.0],0.0009214456],
[[1512.0,1502.0,1512.0,1502.0],0.0009232892],
[[1522.0,1502.0,1522.0,1502.0],0.0008426612],
[[1542.0,1502.0,1542.0,1502.0],0.0008173653],
[[1562.0,1502.0,1562.0,1502.0],0.000745177],
[[1582.0,1502.0,1582.0,1502.0],0.00074894],
[[1603.0,1602.0,1603.0,1602.0],0.0008797847],
[[1605.0,1602.0,1605.0,1602.0],0.0009835026],
[[1607.0,1602.0,1607.0,1602.0],0.0009304823],
[[1612.0,1602.0,1612.0,1602.0],0.0008721337],
[[1622.0,1602.0,1622.0,1602.0],0.0008758744],
[[1642.0,1602.0,1642.0,1602.0],0.0007858282],
[[1662.0,1602.0,1662.0,1602.0],0.0007287713],
[[1682.0,1602.0,1682.0,1602.0],0.0007367915],
[[1703.0,1702.0,1703.0,1702.0],0.000939931],
[[1705.0,1702.0,1705.0,1702.0],0.0009338169],
[[1707.0,1702.0,1707.0,1702.0],0.0009322306],
[[1712.0,1702.0,1712.0,1702.0],0.0009158668],
[[1722.0,1702.0,1722.0,1702.0],0.0008494937],
[[1742.0,1702.0,1742.0,1702.0],0.000774559],
[[1762.0,1702.0,1762.0,1702.0],0.000720216],
[[1782.0,1702.0,1782.0,1702.0],0.000718996],
[[1803.0,1802.0,1803.0,1802.0],0.0008761987],
[[1805.0,1802.0,1805.0,1802.0],0.0009204889],
[[1807.0,1802.0,1807.0,1802.0],0.0009352496],
[[1812.0,1802.0,1812.0,1802.0],0.0008884471],
[[1822.0,1802.0,1822.0,1802.0],0.0009321168],
[[1842.0,1802.0,1842.0,1802.0],0.0008367546],
[[1862.0,1802.0,1862.0,1802.0],0.0007078274],
[[1882.0,1802.0,1882.0,1802.0],0.0007567357],
[[1903.0,1902.0,1903.0,1902.0],0.0009968617],
[[1905.0,1902.0,1905.0,1902.0],0.0009228759],
[[1907.0,1902.0,1907.0,1902.0],0.00092908],
[[1912.0,1902.0,1912.0,1902.0],0.0008790411],
[[1922.0,1902.0,1922.0,1902.0],0.0008852841],
[[1942.0,1902.0,1942.0,1902.0],0.000796167],
[[1962.0,1902.0,1962.0,1902.0],0.0007124677],
[[1982.0,1902.0,1982.0,1902.0],0.000757962],
[[2003.0,2002.0,2003.0,2002.0],0.0009247437],
[[2005.0,2002.0,2005.0,2002.0],0.000915254],
[[2007.0,2002.0,2007.0,2002.0],0.0009362084],
[[2012.0,2002.0,2012.0,2002.0],0.0009341126],
[[2022.0,2002.0,2022.0,2002.0],0.0009433844],
[[2042.0,2002.0,2042.0,2002.0],0.000798132],
[[2062.0,2002.0,2062.0,2002.0],0.000798983],
[[2082.0,2002.0,2082.0,2002.0],0.0006994497]]
