dataId: SR_2017_7
dataType: efficiencyMap
observedN: 10653
expectedBG: 10626.91895
bgError: 217.69803949507676
upperLimit: 3.627*fb
expectedUpperLimit: 3.594*fb
