txName: TRV1nunu
constraint: {(PV > Zprime(1)), (Zprime(1) > nu,nu)}
condition: None
conditionDescription: None
figureUrl: None
source: CMS
validated: N/A
axesMap: [{0: 'x'}]
dataMap: {0: (1, 'mass', GeV)}
finalState: ['MET', 'MET']
efficiencyMap: [[[50.0],8.745898e-07],
[[100.0],5.601167e-06],
[[150.0],1.493955e-05],
[[200.0],3.374919e-05],
[[250.0],6.217124e-05],
[[300.0],9.857734e-05],
[[350.0],0.000136452],
[[400.0],0.0001951569],
[[450.0],0.0002288646],
[[500.0],0.0002660635],
[[550.0],0.0003270079],
[[600.0],0.0004124131],
[[650.0],0.0004795098],
[[700.0],0.0004768653],
[[750.0],0.0005708552],
[[800.0],0.0006050003],
[[850.0],0.0006339382],
[[900.0],0.0006279586],
[[950.0],0.0007064784],
[[1000.0],0.0007974785],
[[1050.0],0.0008480782],
[[1100.0],0.0008458851],
[[1150.0],0.0008883999],
[[1200.0],0.0009152355],
[[1250.0],0.001024671],
[[1300.0],0.0008776796],
[[1350.0],0.001023902],
[[1400.0],0.001030939],
[[1450.0],0.001081644],
[[1500.0],0.001044928],
[[1550.0],0.001064842],
[[1600.0],0.001072084],
[[1650.0],0.001141265],
[[1700.0],0.001112512],
[[1750.0],0.001167328],
[[1800.0],0.001163539],
[[1850.0],0.001162806],
[[1900.0],0.001233949],
[[1950.0],0.00118793],
[[2000.0],0.001375168],
[[2250.0],0.001388033],
[[2500.0],0.001525637],
[[2750.0],0.001487072],
[[3000.0],0.001369985]]
