txName: TChiISR
constraint: {(PV > MET(1), MET(2))}
condition: None
conditionDescription: None
figureUrl: None
source: Recast by MA5
validated: True
axesMap: [{0: 'x', 1: 'y'}]
dataMap: {0: (1, 'mass', GeV), 1: (2, 'mass', GeV)}
finalState: ['MET', 'MET']
efficiencyMap: [[[1.0,10.0],2.333219e-05],
[[1.0,20.0],2.566238e-05],
[[1.0,30.0],2.564562e-05],
[[1.0,40.0],2.0714e-05],
[[1.0,50.0],2.353085e-05],
[[1.0,60.0],2.155965e-05],
[[5.0,10.0],2.565472e-05],
[[7.0,10.0],2.250576e-05],
[[9.0,10.0],2.264602e-05],
[[10.0,1.0],2.333219e-05],
[[10.0,5.0],2.565472e-05],
[[10.0,7.0],2.250576e-05],
[[10.0,9.0],2.264602e-05],
[[10.0,10.0],2.558855e-05],
[[12.0,62.0],2.307959e-05],
[[12.0,72.0],2.638769e-05],
[[12.0,82.0],6.273177e-05],
[[12.0,92.0],0.000103171],
[[12.0,102.0],0.0001323254],
[[12.0,212.0],0.0004018084],
[[12.0,312.0],0.000546572],
[[15.0,20.0],2.938989e-05],
[[17.0,20.0],2.118569e-05],
[[19.0,20.0],2.304342e-05],
[[20.0,1.0],2.566238e-05],
[[20.0,15.0],2.938989e-05],
[[20.0,17.0],2.118569e-05],
[[20.0,19.0],2.304342e-05],
[[20.0,20.0],2.451644e-05],
[[20.0,30.0],2.411129e-05],
[[20.0,40.0],2.133107e-05],
[[20.0,50.0],2.722151e-05],
[[20.0,60.0],2.577083e-05],
[[25.0,30.0],2.432793e-05],
[[27.0,30.0],2.86007e-05],
[[29.0,30.0],2.053633e-05],
[[30.0,1.0],2.564562e-05],
[[30.0,20.0],2.411129e-05],
[[30.0,25.0],2.432793e-05],
[[30.0,27.0],2.86007e-05],
[[30.0,29.0],2.053633e-05],
[[30.0,30.0],2.303295e-05],
[[30.0,40.0],2.441738e-05],
[[30.0,50.0],2.612025e-05],
[[30.0,60.0],4.138159e-05],
[[32.0,62.0],7.003472e-05],
[[32.0,72.0],0.0001070118],
[[32.0,82.0],0.0001420495],
[[32.0,92.0],0.0001851811],
[[32.0,102.0],0.0001830461],
[[32.0,112.0],0.0002134344],
[[32.0,122.0],0.0002374536],
[[32.0,232.0],0.0004410795],
[[32.0,332.0],0.0005679138],
[[35.0,40.0],2.591754e-05],
[[37.0,40.0],2.405883e-05],
[[39.0,40.0],2.657731e-05],
[[40.0,1.0],2.0714e-05],
[[40.0,20.0],2.133107e-05],
[[40.0,30.0],2.441738e-05],
[[40.0,35.0],2.591754e-05],
[[40.0,37.0],2.405883e-05],
[[40.0,39.0],2.657731e-05],
[[40.0,40.0],2.572469e-05],
[[40.0,50.0],4.62499e-05],
[[40.0,60.0],8.49848e-05],
[[45.0,50.0],7.061141e-05],
[[47.0,50.0],7.224246e-05],
[[49.0,50.0],9.139469e-05],
[[50.0,1.0],2.353085e-05],
[[50.0,20.0],2.722151e-05],
[[50.0,30.0],2.612025e-05],
[[50.0,40.0],4.62499e-05],
[[50.0,45.0],7.061141e-05],
[[50.0,47.0],7.224246e-05],
[[50.0,49.0],9.139469e-05],
[[50.0,50.0],8.578613e-05],
[[50.0,60.0],0.0001200567],
[[52.0,62.0],0.0001207119],
[[52.0,67.0],0.0001369577],
[[52.0,72.0],0.0001736247],
[[52.0,82.0],0.0001866974],
[[52.0,92.0],0.0002113588],
[[52.0,102.0],0.0002132151],
[[52.0,112.0],0.000247523],
[[52.0,122.0],0.0002925634],
[[52.0,132.0],0.0003257865],
[[52.0,142.0],0.0003233443],
[[52.0,252.0],0.0004813602],
[[52.0,352.0],0.0006027973],
[[55.0,60.0],0.0001397546],
[[57.0,60.0],0.000136889],
[[59.0,60.0],0.0001504678],
[[60.0,1.0],2.155965e-05],
[[60.0,20.0],2.577083e-05],
[[60.0,30.0],4.138159e-05],
[[60.0,40.0],8.49848e-05],
[[60.0,50.0],0.0001200567],
[[60.0,55.0],0.0001397546],
[[60.0,57.0],0.000136889],
[[60.0,59.0],0.0001504678],
[[60.0,60.0],0.0001495567],
[[62.0,12.0],2.307959e-05],
[[62.0,32.0],7.003472e-05],
[[62.0,52.0],0.0001207119],
[[67.0,52.0],0.0001369577],
[[72.0,12.0],2.638769e-05],
[[72.0,32.0],0.0001070118],
[[72.0,52.0],0.0001736247],
[[72.0,72.0],0.0002055129],
[[72.0,75.0],0.0002299143],
[[72.0,77.0],0.0002071044],
[[72.0,82.0],0.0002168977],
[[72.0,87.0],0.0002757863],
[[72.0,92.0],0.0002401638],
[[72.0,102.0],0.0003456894],
[[72.0,112.0],0.0003239465],
[[72.0,122.0],0.0003296214],
[[72.0,132.0],0.0003594722],
[[72.0,142.0],0.000360123],
[[72.0,152.0],0.0003577827],
[[72.0,162.0],0.0004009999],
[[72.0,272.0],0.0005639635],
[[72.0,372.0],0.0006559577],
[[75.0,72.0],0.0002299143],
[[77.0,72.0],0.0002071044],
[[82.0,12.0],6.273177e-05],
[[82.0,32.0],0.0001420495],
[[82.0,52.0],0.0001866974],
[[82.0,72.0],0.0002168977],
[[87.0,72.0],0.0002757863],
[[92.0,12.0],0.000103171],
[[92.0,32.0],0.0001851811],
[[92.0,52.0],0.0002113588],
[[92.0,72.0],0.0002401638],
[[92.0,92.0],0.0003611458],
[[92.0,95.0],0.0003074001],
[[92.0,97.0],0.0003049873],
[[92.0,102.0],0.0003536863],
[[92.0,107.0],0.0002984378],
[[92.0,112.0],0.0003223656],
[[92.0,122.0],0.0003490674],
[[92.0,132.0],0.0003645129],
[[92.0,142.0],0.0004035081],
[[92.0,152.0],0.0004377335],
[[92.0,162.0],0.0004211551],
[[92.0,172.0],0.0004449189],
[[92.0,182.0],0.000489126],
[[92.0,292.0],0.0006134842],
[[92.0,392.0],0.000687856],
[[95.0,92.0],0.0003074001],
[[97.0,92.0],0.0003049873],
[[102.0,12.0],0.0001323254],
[[102.0,32.0],0.0001830461],
[[102.0,52.0],0.0002132151],
[[102.0,72.0],0.0003456894],
[[102.0,92.0],0.0003536863],
[[102.0,102.0],0.0003447999],
[[102.0,105.0],0.0003360709],
[[102.0,107.0],0.0003678962],
[[102.0,112.0],0.000359289],
[[102.0,117.0],0.0003774121],
[[102.0,122.0],0.000382387],
[[102.0,132.0],0.0004205367],
[[102.0,142.0],0.0004267477],
[[102.0,152.0],0.0004247218],
[[102.0,162.0],0.0004561818],
[[102.0,172.0],0.0004867767],
[[102.0,182.0],0.0004844298],
[[102.0,192.0],0.0004885967],
[[102.0,302.0],0.0006340749],
[[102.0,402.0],0.0007070756],
[[105.0,102.0],0.0003360709],
[[107.0,92.0],0.0002984378],
[[107.0,102.0],0.0003678962],
[[112.0,32.0],0.0002134344],
[[112.0,52.0],0.000247523],
[[112.0,72.0],0.0003239465],
[[112.0,92.0],0.0003223656],
[[112.0,102.0],0.000359289],
[[117.0,102.0],0.0003774121],
[[122.0,32.0],0.0002374536],
[[122.0,52.0],0.0002925634],
[[122.0,72.0],0.0003296214],
[[122.0,92.0],0.0003490674],
[[122.0,102.0],0.000382387],
[[132.0,52.0],0.0003257865],
[[132.0,72.0],0.0003594722],
[[132.0,92.0],0.0003645129],
[[132.0,102.0],0.0004205367],
[[142.0,52.0],0.0003233443],
[[142.0,72.0],0.000360123],
[[142.0,92.0],0.0004035081],
[[142.0,102.0],0.0004267477],
[[152.0,72.0],0.0003577827],
[[152.0,92.0],0.0004377335],
[[152.0,102.0],0.0004247218],
[[152.0,152.0],0.0005081427],
[[152.0,155.0],0.0005255033],
[[152.0,157.0],0.0005159498],
[[152.0,162.0],0.0005457012],
[[152.0,167.0],0.0005702911],
[[152.0,172.0],0.000546587],
[[152.0,182.0],0.0005832834],
[[152.0,192.0],0.0006006758],
[[152.0,202.0],0.0005700953],
[[152.0,212.0],0.0005905485],
[[152.0,222.0],0.0006303248],
[[152.0,232.0],0.0006089984],
[[152.0,242.0],0.0006360291],
[[152.0,352.0],0.0007592232],
[[152.0,452.0],0.0007892252],
[[155.0,152.0],0.0005255033],
[[157.0,152.0],0.0005159498],
[[162.0,72.0],0.0004009999],
[[162.0,92.0],0.0004211551],
[[162.0,102.0],0.0004561818],
[[162.0,152.0],0.0005457012],
[[167.0,152.0],0.0005702911],
[[172.0,92.0],0.0004449189],
[[172.0,102.0],0.0004867767],
[[172.0,152.0],0.000546587],
[[182.0,92.0],0.000489126],
[[182.0,102.0],0.0004844298],
[[182.0,152.0],0.0005832834],
[[192.0,102.0],0.0004885967],
[[192.0,152.0],0.0006006758],
[[202.0,152.0],0.0005700953],
[[202.0,202.0],0.0006440848],
[[202.0,205.0],0.0006858165],
[[202.0,207.0],0.0007141045],
[[202.0,212.0],0.0006768282],
[[202.0,217.0],0.0006097822],
[[202.0,222.0],0.0006647448],
[[202.0,232.0],0.0006935188],
[[202.0,242.0],0.0006824306],
[[202.0,252.0],0.0007227417],
[[202.0,262.0],0.0007373202],
[[202.0,272.0],0.0007494589],
[[202.0,282.0],0.0007448825],
[[202.0,402.0],0.0007880951],
[[202.0,502.0],0.0008914245],
[[205.0,202.0],0.0006858165],
[[207.0,202.0],0.0007141045],
[[212.0,12.0],0.0004018084],
[[212.0,152.0],0.0005905485],
[[212.0,202.0],0.0006768282],
[[217.0,202.0],0.0006097822],
[[222.0,152.0],0.0006303248],
[[222.0,202.0],0.0006647448],
[[232.0,32.0],0.0004410795],
[[232.0,152.0],0.0006089984],
[[232.0,202.0],0.0006935188],
[[242.0,152.0],0.0006360291],
[[242.0,202.0],0.0006824306],
[[252.0,52.0],0.0004813602],
[[252.0,202.0],0.0007227417],
[[252.0,252.0],0.0007582094],
[[252.0,255.0],0.0007770039],
[[252.0,257.0],0.0007525728],
[[252.0,262.0],0.0007568508],
[[252.0,267.0],0.0007506949],
[[252.0,272.0],0.0007641995],
[[252.0,282.0],0.0007940234],
[[252.0,292.0],0.0007644401],
[[252.0,302.0],0.0007826547],
[[252.0,312.0],0.0008159973],
[[252.0,322.0],0.0008161925],
[[252.0,332.0],0.0007930816],
[[252.0,342.0],0.0008306686],
[[252.0,452.0],0.0008643448],
[[252.0,552.0],0.0009293904],
[[255.0,252.0],0.0007770039],
[[257.0,252.0],0.0007525728],
[[262.0,202.0],0.0007373202],
[[262.0,252.0],0.0007568508],
[[267.0,252.0],0.0007506949],
[[272.0,72.0],0.0005639635],
[[272.0,202.0],0.0007494589],
[[272.0,252.0],0.0007641995],
[[282.0,202.0],0.0007448825],
[[282.0,252.0],0.0007940234],
[[292.0,92.0],0.0006134842],
[[292.0,252.0],0.0007644401],
[[302.0,102.0],0.0006340749],
[[302.0,252.0],0.0007826547],
[[302.0,302.0],0.0008803588],
[[302.0,305.0],0.0008258566],
[[302.0,307.0],0.0008355309],
[[302.0,312.0],0.0008356682],
[[302.0,317.0],0.0008418311],
[[302.0,322.0],0.0008675062],
[[302.0,332.0],0.0008252678],
[[302.0,342.0],0.0008502477],
[[302.0,352.0],0.0008775224],
[[302.0,362.0],0.0008666589],
[[302.0,372.0],0.0008891823],
[[302.0,382.0],0.000892231],
[[302.0,392.0],0.0008859177],
[[302.0,502.0],0.0009495612],
[[302.0,602.0],0.0009778974],
[[305.0,302.0],0.0008258566],
[[307.0,302.0],0.0008355309],
[[312.0,12.0],0.000546572],
[[312.0,252.0],0.0008159973],
[[312.0,302.0],0.0008356682],
[[317.0,302.0],0.0008418311],
[[322.0,252.0],0.0008161925],
[[322.0,302.0],0.0008675062],
[[332.0,32.0],0.0005679138],
[[332.0,252.0],0.0007930816],
[[332.0,302.0],0.0008252678],
[[342.0,252.0],0.0008306686],
[[342.0,302.0],0.0008502477],
[[352.0,52.0],0.0006027973],
[[352.0,152.0],0.0007592232],
[[352.0,302.0],0.0008775224],
[[352.0,352.0],0.000903058],
[[352.0,355.0],0.0009086278],
[[352.0,357.0],0.0008837406],
[[352.0,362.0],0.0009491061],
[[352.0,367.0],0.0009519472],
[[352.0,372.0],0.0009180205],
[[352.0,382.0],0.0009054385],
[[352.0,392.0],0.0009524475],
[[352.0,402.0],0.0009145429],
[[352.0,412.0],0.0009253925],
[[352.0,422.0],0.0009484616],
[[352.0,432.0],0.0009118799],
[[352.0,442.0],0.000931152],
[[352.0,552.0],0.0009760041],
[[352.0,652.0],0.0009543032],
[[355.0,352.0],0.0009086278],
[[357.0,352.0],0.0008837406],
[[362.0,302.0],0.0008666589],
[[362.0,352.0],0.0009491061],
[[367.0,352.0],0.0009519472],
[[372.0,72.0],0.0006559577],
[[372.0,302.0],0.0008891823],
[[372.0,352.0],0.0009180205],
[[382.0,302.0],0.000892231],
[[382.0,352.0],0.0009054385],
[[392.0,92.0],0.000687856],
[[392.0,302.0],0.0008859177],
[[392.0,352.0],0.0009524475],
[[402.0,102.0],0.0007070756],
[[402.0,202.0],0.0007880951],
[[402.0,352.0],0.0009145429],
[[402.0,402.0],0.0009596616],
[[402.0,405.0],0.0009434958],
[[402.0,407.0],0.0009608711],
[[402.0,412.0],0.0009923838],
[[402.0,417.0],0.0009710604],
[[402.0,422.0],0.000989482],
[[402.0,432.0],0.0009607192],
[[402.0,442.0],0.0009959871],
[[402.0,452.0],0.0009500296],
[[402.0,462.0],0.0009815971],
[[402.0,472.0],0.001010795],
[[402.0,482.0],0.0009993086],
[[402.0,492.0],0.00100665],
[[402.0,602.0],0.001002827],
[[402.0,702.0],0.001075404],
[[405.0,402.0],0.0009434958],
[[407.0,402.0],0.0009608711],
[[412.0,352.0],0.0009253925],
[[412.0,402.0],0.0009923838],
[[417.0,402.0],0.0009710604],
[[422.0,352.0],0.0009484616],
[[422.0,402.0],0.000989482],
[[432.0,352.0],0.0009118799],
[[432.0,402.0],0.0009607192],
[[442.0,352.0],0.000931152],
[[442.0,402.0],0.0009959871],
[[452.0,152.0],0.0007892252],
[[452.0,252.0],0.0008643448],
[[452.0,402.0],0.0009500296],
[[462.0,402.0],0.0009815971],
[[472.0,402.0],0.001010795],
[[482.0,402.0],0.0009993086],
[[492.0,402.0],0.00100665],
[[502.0,202.0],0.0008914245],
[[502.0,302.0],0.0009495612],
[[552.0,252.0],0.0009293904],
[[552.0,352.0],0.0009760041],
[[602.0,302.0],0.0009778974],
[[602.0,402.0],0.001002827],
[[602.0,602.0],0.001087682],
[[602.0,605.0],0.001106996],
[[602.0,607.0],0.001075594],
[[602.0,612.0],0.001109819],
[[602.0,617.0],0.001141496],
[[602.0,622.0],0.001139626],
[[602.0,632.0],0.001118773],
[[602.0,642.0],0.001123996],
[[602.0,652.0],0.001142673],
[[602.0,662.0],0.00115187],
[[602.0,672.0],0.001181326],
[[602.0,682.0],0.001120987],
[[602.0,692.0],0.001128947],
[[602.0,802.0],0.001154502],
[[602.0,902.0],0.001207282],
[[605.0,602.0],0.001106996],
[[607.0,602.0],0.001075594],
[[612.0,602.0],0.001109819],
[[617.0,602.0],0.001141496],
[[622.0,602.0],0.001139626],
[[632.0,602.0],0.001118773],
[[642.0,602.0],0.001123996],
[[652.0,352.0],0.0009543032],
[[652.0,602.0],0.001142673],
[[662.0,602.0],0.00115187],
[[672.0,602.0],0.001181326],
[[682.0,602.0],0.001120987],
[[692.0,602.0],0.001128947],
[[702.0,402.0],0.001075404],
[[802.0,602.0],0.001154502],
[[802.0,802.0],0.001160643],
[[802.0,805.0],0.001259001],
[[802.0,807.0],0.001222635],
[[802.0,812.0],0.001206988],
[[802.0,817.0],0.001237302],
[[802.0,822.0],0.001204667],
[[802.0,832.0],0.001157624],
[[802.0,842.0],0.0011925],
[[802.0,852.0],0.00120514],
[[802.0,862.0],0.001178615],
[[802.0,872.0],0.001216856],
[[802.0,882.0],0.001246581],
[[802.0,892.0],0.001245311],
[[802.0,1002.0],0.001215596],
[[802.0,1102.0],0.001315499],
[[805.0,802.0],0.001259001],
[[807.0,802.0],0.001222635],
[[812.0,802.0],0.001206988],
[[817.0,802.0],0.001237302],
[[822.0,802.0],0.001204667],
[[832.0,802.0],0.001157624],
[[842.0,802.0],0.0011925],
[[852.0,802.0],0.00120514],
[[862.0,802.0],0.001178615],
[[872.0,802.0],0.001216856],
[[882.0,802.0],0.001246581],
[[892.0,802.0],0.001245311],
[[902.0,602.0],0.001207282],
[[1002.0,802.0],0.001215596],
[[1002.0,1002.0],0.001281959],
[[1002.0,1005.0],0.001282468],
[[1002.0,1007.0],0.001280238],
[[1002.0,1012.0],0.001244109],
[[1002.0,1017.0],0.001290262],
[[1002.0,1022.0],0.001237861],
[[1002.0,1032.0],0.001256017],
[[1002.0,1042.0],0.001281517],
[[1002.0,1052.0],0.001295888],
[[1002.0,1062.0],0.001295563],
[[1002.0,1072.0],0.001208875],
[[1002.0,1082.0],0.001286057],
[[1002.0,1092.0],0.001351623],
[[1002.0,1202.0],0.001326963],
[[1002.0,1302.0],0.001319232],
[[1005.0,1002.0],0.001282468],
[[1007.0,1002.0],0.001280238],
[[1012.0,1002.0],0.001244109],
[[1017.0,1002.0],0.001290262],
[[1022.0,1002.0],0.001237861],
[[1032.0,1002.0],0.001256017],
[[1042.0,1002.0],0.001281517],
[[1052.0,1002.0],0.001295888],
[[1062.0,1002.0],0.001295563],
[[1072.0,1002.0],0.001208875],
[[1082.0,1002.0],0.001286057],
[[1092.0,1002.0],0.001351623],
[[1102.0,802.0],0.001315499],
[[1202.0,1002.0],0.001326963],
[[1202.0,1202.0],0.001370207],
[[1202.0,1205.0],0.001334188],
[[1202.0,1207.0],0.001335842],
[[1202.0,1212.0],0.001337409],
[[1202.0,1217.0],0.00134421],
[[1202.0,1222.0],0.001367064],
[[1202.0,1232.0],0.001340794],
[[1202.0,1242.0],0.001321146],
[[1202.0,1252.0],0.001359629],
[[1202.0,1262.0],0.001351615],
[[1202.0,1272.0],0.001284036],
[[1202.0,1282.0],0.001385652],
[[1202.0,1292.0],0.001364741],
[[1202.0,1402.0],0.001350422],
[[1202.0,1502.0],0.001296466],
[[1205.0,1202.0],0.001334188],
[[1207.0,1202.0],0.001335842],
[[1212.0,1202.0],0.001337409],
[[1217.0,1202.0],0.00134421],
[[1222.0,1202.0],0.001367064],
[[1232.0,1202.0],0.001340794],
[[1242.0,1202.0],0.001321146],
[[1252.0,1202.0],0.001359629],
[[1262.0,1202.0],0.001351615],
[[1272.0,1202.0],0.001284036],
[[1282.0,1202.0],0.001385652],
[[1292.0,1202.0],0.001364741],
[[1302.0,1002.0],0.001319232],
[[1402.0,1202.0],0.001350422],
[[1402.0,1402.0],0.001406301],
[[1402.0,1405.0],0.001384651],
[[1402.0,1407.0],0.001332099],
[[1402.0,1412.0],0.001338022],
[[1402.0,1417.0],0.001340981],
[[1402.0,1422.0],0.001435738],
[[1402.0,1432.0],0.001340103],
[[1402.0,1442.0],0.001330406],
[[1402.0,1452.0],0.001340858],
[[1402.0,1462.0],0.001320937],
[[1402.0,1472.0],0.001286212],
[[1402.0,1482.0],0.001357667],
[[1402.0,1492.0],0.001373181],
[[1402.0,1602.0],0.001432881],
[[1402.0,1702.0],0.001394248],
[[1405.0,1402.0],0.001384651],
[[1407.0,1402.0],0.001332099],
[[1412.0,1402.0],0.001338022],
[[1417.0,1402.0],0.001340981],
[[1422.0,1402.0],0.001435738],
[[1432.0,1402.0],0.001340103],
[[1442.0,1402.0],0.001330406],
[[1452.0,1402.0],0.001340858],
[[1462.0,1402.0],0.001320937],
[[1472.0,1402.0],0.001286212],
[[1482.0,1402.0],0.001357667],
[[1492.0,1402.0],0.001373181],
[[1502.0,1202.0],0.001296466],
[[1602.0,1402.0],0.001432881],
[[1602.0,1602.0],0.001331276],
[[1602.0,1605.0],0.001314255],
[[1602.0,1607.0],0.00148894],
[[1602.0,1612.0],0.001358873],
[[1602.0,1617.0],0.001346195],
[[1602.0,1622.0],0.00138166],
[[1602.0,1632.0],0.001375342],
[[1602.0,1642.0],0.001390788],
[[1602.0,1652.0],0.001306822],
[[1602.0,1662.0],0.001345037],
[[1602.0,1672.0],0.001369221],
[[1602.0,1682.0],0.001379228],
[[1602.0,1692.0],0.001276078],
[[1602.0,1802.0],0.001348088],
[[1602.0,1902.0],0.001435911],
[[1605.0,1602.0],0.001314255],
[[1607.0,1602.0],0.00148894],
[[1612.0,1602.0],0.001358873],
[[1617.0,1602.0],0.001346195],
[[1622.0,1602.0],0.00138166],
[[1632.0,1602.0],0.001375342],
[[1642.0,1602.0],0.001390788],
[[1652.0,1602.0],0.001306822],
[[1662.0,1602.0],0.001345037],
[[1672.0,1602.0],0.001369221],
[[1682.0,1602.0],0.001379228],
[[1692.0,1602.0],0.001276078],
[[1702.0,1402.0],0.001394248],
[[1802.0,1602.0],0.001348088],
[[1802.0,1802.0],0.001365434],
[[1802.0,1805.0],0.00132295],
[[1802.0,1807.0],0.001395037],
[[1802.0,1812.0],0.001365852],
[[1802.0,1817.0],0.001379735],
[[1802.0,1822.0],0.00135039],
[[1802.0,1832.0],0.001357652],
[[1802.0,1842.0],0.001356039],
[[1802.0,1852.0],0.001314771],
[[1802.0,1862.0],0.001318457],
[[1802.0,1872.0],0.001350119],
[[1802.0,1882.0],0.001355527],
[[1802.0,1892.0],0.001290671],
[[1802.0,2002.0],0.001303658],
[[1802.0,2102.0],0.001364166],
[[1805.0,1802.0],0.00132295],
[[1807.0,1802.0],0.001395037],
[[1812.0,1802.0],0.001365852],
[[1817.0,1802.0],0.001379735],
[[1822.0,1802.0],0.00135039],
[[1832.0,1802.0],0.001357652],
[[1842.0,1802.0],0.001356039],
[[1852.0,1802.0],0.001314771],
[[1862.0,1802.0],0.001318457],
[[1872.0,1802.0],0.001350119],
[[1882.0,1802.0],0.001355527],
[[1892.0,1802.0],0.001290671],
[[1902.0,1602.0],0.001435911],
[[2002.0,1802.0],0.001303658],
[[2002.0,2002.0],0.001380357],
[[2002.0,2005.0],0.001363024],
[[2002.0,2007.0],0.001384402],
[[2002.0,2012.0],0.001388209],
[[2002.0,2017.0],0.001271753],
[[2002.0,2022.0],0.001366381],
[[2002.0,2032.0],0.001293218],
[[2002.0,2042.0],0.001350717],
[[2002.0,2052.0],0.001331545],
[[2002.0,2062.0],0.00127897],
[[2002.0,2072.0],0.001287679],
[[2002.0,2082.0],0.001382395],
[[2002.0,2092.0],0.001431064],
[[2002.0,2202.0],0.001355508],
[[2002.0,2302.0],0.001356802],
[[2005.0,2002.0],0.001363024],
[[2007.0,2002.0],0.001384402],
[[2012.0,2002.0],0.001388209],
[[2017.0,2002.0],0.001271753],
[[2022.0,2002.0],0.001366381],
[[2032.0,2002.0],0.001293218],
[[2042.0,2002.0],0.001350717],
[[2052.0,2002.0],0.001331545],
[[2062.0,2002.0],0.00127897],
[[2072.0,2002.0],0.001287679],
[[2082.0,2002.0],0.001382395],
[[2092.0,2002.0],0.001431064],
[[2102.0,1802.0],0.001364166],
[[2202.0,2002.0],0.001355508],
[[2302.0,2002.0],0.001356802]]
