txName: TChiZISRll
constraint: {(PV > anyBSM(1), MET(3)), (anyBSM(1) > l+,l-,MET(2))}
condition: None
conditionDescription: None
figureUrl: None
source: Recast by MA5
validated: True
axesMap: [{0: 'x', 1: 'y', 2: 'y'}]
dataMap: {0: (1, 'mass', GeV), 1: (2, 'mass', GeV), 2: (3, 'mass', GeV)}
finalState: ['MET', 'MET']
intermediateState: None
efficiencyMap: [[[10.0,1.0,1.0],4.918805e-06],
[[10.0,5.0,5.0],6.127789e-06],
[[10.0,7.0,7.0],5.249737e-06],
[[10.0,9.0,9.0],2.031044e-05],
[[20.0,1.0,1.0],2.780303e-06],
[[20.0,15.0,15.0],6.981382e-06],
[[20.0,17.0,17.0],1.256586e-05],
[[20.0,19.0,19.0],2.00737e-05],
[[30.0,1.0,1.0],3.610856e-06],
[[30.0,20.0,20.0],5.423213e-06],
[[30.0,25.0,25.0],1.10179e-05],
[[30.0,27.0,27.0],1.462784e-05],
[[30.0,29.0,29.0],2.539613e-05],
[[40.0,1.0,1.0],3.168301e-06],
[[40.0,20.0,20.0],2.089291e-06],
[[40.0,30.0,30.0],7.092021e-06],
[[40.0,35.0,35.0],1.129382e-05],
[[40.0,37.0,37.0],1.836123e-05],
[[40.0,39.0,39.0],2.789292e-05],
[[50.0,1.0,1.0],9.579831e-07],
[[50.0,20.0,20.0],2.029215e-06],
[[50.0,30.0,30.0],2.644384e-06],
[[50.0,40.0,40.0],1.293807e-05],
[[50.0,45.0,45.0],4.180968e-05],
[[50.0,47.0,47.0],5.901725e-05],
[[50.0,49.0,49.0],8.311332e-05],
[[60.0,1.0,1.0],7.939477e-07],
[[60.0,20.0,20.0],1.188425e-06],
[[60.0,30.0,30.0],4.125396e-06],
[[60.0,40.0,40.0],1.606569e-05],
[[60.0,50.0,50.0],4.598196e-05],
[[60.0,55.0,55.0],8.617644e-05],
[[60.0,57.0,57.0],0.0001134548],
[[60.0,59.0,59.0],0.0001328063],
[[61.0,52.0,52.0],4.840004e-05],
[[62.0,2.0,2.0],7.75301e-07],
[[62.0,12.0,12.0],9.102871e-07],
[[62.0,22.0,22.0],1.303767e-06],
[[62.0,32.0,32.0],6.315103e-06],
[[62.0,42.0,42.0],1.731848e-05],
[[63.0,62.0,62.0],0.000133822],
[[65.0,62.0,62.0],0.0001173095],
[[67.0,62.0,62.0],9.996479e-05],
[[69.0,62.0,62.0],7.743507e-05],
[[72.0,2.0,2.0],6.105619e-07],
[[72.0,12.0,12.0],7.446141e-07],
[[72.0,22.0,22.0],4.947894e-06],
[[72.0,32.0,32.0],9.522788e-06],
[[72.0,42.0,42.0],1.841657e-05],
[[72.0,52.0,52.0],3.456469e-05],
[[73.0,72.0,72.0],0.0001757651],
[[75.0,72.0,72.0],0.0001684544],
[[77.0,72.0,72.0],0.0001373621],
[[79.0,72.0,72.0],0.0001196228],
[[82.0,2.0,2.0],1.101445e-06],
[[82.0,12.0,12.0],4.392308e-06],
[[82.0,22.0,22.0],8.820921e-06],
[[82.0,32.0,32.0],1.245825e-05],
[[82.0,42.0,42.0],2.001033e-05],
[[82.0,52.0,52.0],3.277789e-05],
[[82.0,62.0,62.0],4.597864e-05],
[[83.0,82.0,82.0],0.0002136955],
[[85.0,82.0,82.0],0.0001974592],
[[87.0,82.0,82.0],0.0001840208],
[[89.0,82.0,82.0],0.0001508431],
[[91.0,82.0,82.0],0.0001415509],
[[92.0,12.0,12.0],7.067893e-06],
[[92.0,22.0,22.0],9.576316e-06],
[[92.0,32.0,32.0],1.58129e-05],
[[92.0,42.0,42.0],1.975783e-05],
[[92.0,52.0,52.0],2.917521e-05],
[[92.0,62.0,62.0],4.26727e-05],
[[92.0,72.0,72.0],6.681151e-05],
[[93.0,92.0,92.0],0.0003111432],
[[97.0,92.0,92.0],0.0002128766],
[[99.0,92.0,92.0],0.0001897001],
[[102.0,22.0,22.0],1.608616e-05],
[[102.0,32.0,32.0],1.690442e-05],
[[102.0,42.0,42.0],3.031086e-05],
[[102.0,52.0,52.0],3.098528e-05],
[[102.0,62.0,62.0],4.359118e-05],
[[102.0,72.0,72.0],5.459186e-05],
[[102.0,82.0,82.0],8.119193e-05],
[[103.0,102.0,102.0],0.0003078888],
[[107.0,102.0,102.0],0.0002585028],
[[109.0,102.0,102.0],0.0002498386],
[[112.0,32.0,32.0],2.113479e-05],
[[112.0,42.0,42.0],2.647382e-05],
[[112.0,52.0,52.0],3.475412e-05],
[[112.0,62.0,62.0],3.685749e-05],
[[112.0,72.0,72.0],5.120063e-05],
[[112.0,82.0,82.0],6.567513e-05],
[[112.0,92.0,92.0],9.8864e-05],
[[122.0,42.0,42.0],3.05049e-05],
[[122.0,52.0,52.0],3.61378e-05],
[[122.0,62.0,62.0],4.847947e-05],
[[122.0,72.0,72.0],5.936166e-05],
[[122.0,82.0,82.0],6.88025e-05],
[[122.0,92.0,92.0],7.839753e-05],
[[122.0,102.0,102.0],0.0001297599],
[[123.0,122.0,122.0],0.0003924278],
[[127.0,122.0,122.0],0.00034967],
[[129.0,122.0,122.0],0.0003244799],
[[132.0,52.0,52.0],2.800587e-05],
[[132.0,62.0,62.0],3.638857e-05],
[[132.0,72.0,72.0],4.120142e-05],
[[132.0,82.0,82.0],5.733227e-05],
[[132.0,92.0,92.0],7.338639e-05],
[[132.0,102.0,102.0],8.823923e-05],
[[142.0,62.0,62.0],4.428313e-05],
[[142.0,72.0,72.0],4.797612e-05],
[[142.0,82.0,82.0],4.695791e-05],
[[142.0,92.0,92.0],8.475253e-05],
[[142.0,102.0,102.0],8.549528e-05],
[[142.0,122.0,122.0],0.0001556261],
[[143.0,142.0,142.0],0.0004544198],
[[147.0,142.0,142.0],0.0004171444],
[[149.0,142.0,142.0],0.0003516406],
[[151.0,142.0,142.0],0.0003075799],
[[152.0,72.0,72.0],4.830169e-05],
[[152.0,82.0,82.0],6.170857e-05],
[[152.0,92.0,92.0],7.778943e-05],
[[152.0,102.0,102.0],9.135346e-05],
[[152.0,122.0,122.0],0.0001074741],
[[162.0,82.0,82.0],5.881291e-05],
[[162.0,92.0,92.0],6.430519e-05],
[[162.0,102.0,102.0],8.918738e-05],
[[162.0,122.0,122.0],8.803646e-05],
[[162.0,142.0,142.0],0.0001762973],
[[163.0,162.0,162.0],0.0005323194],
[[167.0,162.0,162.0],0.0004949219],
[[169.0,162.0,162.0],0.0004277098],
[[171.0,162.0,162.0],0.0003746732],
[[172.0,92.0,92.0],5.906371e-05],
[[172.0,102.0,102.0],8.090291e-05],
[[172.0,122.0,122.0],8.261785e-05],
[[172.0,142.0,142.0],0.0001399453],
[[182.0,102.0,102.0],6.43672e-05],
[[182.0,122.0,122.0],8.036879e-05],
[[182.0,142.0,142.0],0.0001068643],
[[182.0,162.0,162.0],0.000221242],
[[183.0,182.0,182.0],0.0006208383],
[[187.0,182.0,182.0],0.0005467871],
[[189.0,182.0,182.0],0.0004724744],
[[191.0,182.0,182.0],0.0004307753],
[[192.0,122.0,122.0],7.981808e-05],
[[192.0,142.0,142.0],0.0001227225],
[[192.0,162.0,162.0],0.0001635138],
[[202.0,122.0,122.0],8.508232e-05],
[[202.0,142.0,142.0],9.971615e-05],
[[202.0,162.0,162.0],0.0001445579],
[[202.0,182.0,182.0],0.0002365776],
[[203.0,202.0,202.0],0.0006547445],
[[207.0,202.0,202.0],0.0006235967],
[[209.0,202.0,202.0],0.0005183228],
[[211.0,202.0,202.0],0.0004939958],
[[212.0,142.0,142.0],0.0001017245],
[[212.0,162.0,162.0],0.0001112205],
[[212.0,182.0,182.0],0.0001957133],
[[222.0,142.0,142.0],9.831708e-05],
[[222.0,162.0,162.0],0.0001030441],
[[222.0,182.0,182.0],0.0001381791],
[[222.0,202.0,202.0],0.0002976112],
[[223.0,222.0,222.0],0.0007016468],
[[227.0,222.0,222.0],0.0006586699],
[[229.0,222.0,222.0],0.0006031027],
[[231.0,222.0,222.0],0.0005329181],
[[232.0,162.0,162.0],0.0001229648],
[[232.0,182.0,182.0],0.0001298968],
[[232.0,202.0,202.0],0.000208058],
[[242.0,162.0,162.0],0.0001022845],
[[242.0,182.0,182.0],0.0001262473],
[[242.0,202.0,202.0],0.0001674994],
[[242.0,222.0,222.0],0.0002846422],
[[243.0,242.0,242.0],0.0007452717],
[[247.0,242.0,242.0],0.00067815],
[[249.0,242.0,242.0],0.0006000691],
[[251.0,242.0,242.0],0.0005813311],
[[252.0,182.0,182.0],0.0001024513],
[[252.0,202.0,202.0],0.0001438823],
[[252.0,222.0,222.0],0.0002252065],
[[262.0,182.0,182.0],0.0001202184],
[[262.0,202.0,202.0],0.0001437177],
[[262.0,222.0,222.0],0.0001664788],
[[262.0,242.0,242.0],0.0003215087],
[[263.0,262.0,262.0],0.000802712],
[[267.0,262.0,262.0],0.0007427091],
[[269.0,262.0,262.0],0.0006520981],
[[272.0,202.0,202.0],0.0001205757],
[[272.0,222.0,222.0],0.0001513646],
[[272.0,242.0,242.0],0.0002339612],
[[282.0,202.0,202.0],0.0001193376],
[[282.0,222.0,222.0],0.0001599663],
[[282.0,242.0,242.0],0.0001722179],
[[282.0,262.0,262.0],0.0003274479],
[[283.0,282.0,282.0],0.0007931789],
[[287.0,282.0,282.0],0.0007974038],
[[289.0,282.0,282.0],0.0007034601],
[[292.0,222.0,222.0],0.0001293804],
[[292.0,242.0,242.0],0.0001505933],
[[292.0,262.0,262.0],0.0002409982],
[[302.0,222.0,222.0],0.0001218615],
[[302.0,242.0,242.0],0.0001450318],
[[302.0,262.0,262.0],0.0002039786],
[[302.0,282.0,282.0],0.0003581227],
[[303.0,302.0,302.0],0.0008569405],
[[307.0,302.0,302.0],0.0008101053],
[[309.0,302.0,302.0],0.0007720905],
[[312.0,242.0,242.0],0.0001453324],
[[312.0,262.0,262.0],0.0001608862],
[[312.0,282.0,282.0],0.0002300832],
[[322.0,242.0,242.0],0.0001321065],
[[322.0,262.0,262.0],0.0001512007],
[[322.0,282.0,282.0],0.0002000013],
[[322.0,302.0,302.0],0.0003835089],
[[323.0,322.0,322.0],0.0008788551],
[[327.0,322.0,322.0],0.0008431507],
[[329.0,322.0,322.0],0.0007900853],
[[332.0,262.0,262.0],0.0001433168],
[[332.0,282.0,282.0],0.0001701396],
[[332.0,302.0,302.0],0.0002658941],
[[342.0,262.0,262.0],0.0001319834],
[[342.0,282.0,282.0],0.0001605659],
[[342.0,302.0,302.0],0.0001899907],
[[342.0,322.0,322.0],0.0003947238],
[[343.0,342.0,342.0],0.0008918579],
[[347.0,342.0,342.0],0.0008817416],
[[349.0,342.0,342.0],0.0008055635],
[[352.0,282.0,282.0],0.0001376423],
[[352.0,302.0,302.0],0.0001728678],
[[352.0,322.0,322.0],0.0002880047],
[[362.0,282.0,282.0],0.0001329164],
[[362.0,302.0,302.0],0.000156755],
[[362.0,322.0,322.0],0.0002218455],
[[362.0,342.0,342.0],0.0004270841],
[[363.0,362.0,362.0],0.0009684124],
[[367.0,362.0,362.0],0.0008866442],
[[369.0,362.0,362.0],0.0008533272],
[[372.0,302.0,302.0],0.000158775],
[[372.0,342.0,342.0],0.0002733833],
[[382.0,302.0,302.0],0.0001446866],
[[382.0,322.0,322.0],0.0001663057],
[[382.0,362.0,362.0],0.0004417754],
[[383.0,382.0,382.0],0.0009852396],
[[387.0,382.0,382.0],0.0009153894],
[[389.0,382.0,382.0],0.0008807941],
[[391.0,382.0,382.0],0.0007858224],
[[392.0,322.0,322.0],0.0001468487],
[[392.0,342.0,342.0],0.0002075352],
[[392.0,362.0,362.0],0.0002826845],
[[402.0,322.0,322.0],0.0001354744],
[[402.0,342.0,342.0],0.0001714286],
[[402.0,362.0,362.0],0.0002146093],
[[402.0,382.0,382.0],0.0004356437],
[[403.0,402.0,402.0],0.0009540769],
[[412.0,342.0,342.0],0.0001542197],
[[412.0,362.0,362.0],0.0002068682],
[[412.0,382.0,382.0],0.000324449],
[[413.0,402.0,402.0],0.0007286372],
[[417.0,402.0,402.0],0.0005951606],
[[422.0,342.0,342.0],0.0001419749],
[[422.0,362.0,362.0],0.0001621053],
[[422.0,382.0,382.0],0.0002288851],
[[422.0,402.0,402.0],0.0004604367],
[[432.0,362.0,362.0],0.000147992],
[[432.0,382.0,382.0],0.0001990039],
[[432.0,402.0,402.0],0.0003068039],
[[442.0,362.0,362.0],0.0001427241],
[[442.0,382.0,382.0],0.0001896565],
[[452.0,382.0,382.0],0.0001368594],
[[452.0,402.0,402.0],0.0001798458],
[[462.0,382.0,382.0],0.0001436696],
[[462.0,402.0,402.0],0.000182165],
[[482.0,402.0,402.0],0.000160572],
[[503.0,502.0,502.0],0.001120535],
[[513.0,502.0,502.0],0.0008002714],
[[517.0,502.0,502.0],0.000660044],
[[522.0,502.0,502.0],0.0005058965],
[[532.0,502.0,502.0],0.0003205145],
[[552.0,502.0,502.0],0.0002052846],
[[582.0,502.0,502.0],0.0001588659],
[[603.0,602.0,602.0],0.001147952],
[[613.0,602.0,602.0],0.0008861397],
[[617.0,602.0,602.0],0.0006803339],
[[622.0,602.0,602.0],0.0005636629],
[[632.0,602.0,602.0],0.0003694356],
[[652.0,602.0,602.0],0.000225192],
[[682.0,602.0,602.0],0.0001694975],
[[703.0,702.0,702.0],0.001210634],
[[713.0,702.0,702.0],0.0009190378],
[[717.0,702.0,702.0],0.0007542147],
[[722.0,702.0,702.0],0.0005663277],
[[732.0,702.0,702.0],0.0003935904],
[[752.0,702.0,702.0],0.0002389686],
[[782.0,702.0,702.0],0.0001691157],
[[803.0,802.0,802.0],0.001151364],
[[813.0,802.0,802.0],0.0009404084],
[[817.0,802.0,802.0],0.0007874975],
[[822.0,802.0,802.0],0.0005908875],
[[832.0,802.0,802.0],0.0003685566],
[[852.0,802.0,802.0],0.0002322141],
[[882.0,802.0,802.0],0.0001753231],
[[903.0,902.0,902.0],0.001250595],
[[913.0,902.0,902.0],0.0009684144],
[[917.0,902.0,902.0],0.0008059947],
[[922.0,902.0,902.0],0.0005723666],
[[932.0,902.0,902.0],0.0003808324],
[[952.0,902.0,902.0],0.0002244488],
[[982.0,902.0,902.0],0.0001812699],
[[1003.0,1002.0,1002.0],0.001293384],
[[1013.0,1002.0,1002.0],0.001005176],
[[1017.0,1002.0,1002.0],0.0008450409],
[[1022.0,1002.0,1002.0],0.0006283761],
[[1032.0,1002.0,1002.0],0.0004024942],
[[1052.0,1002.0,1002.0],0.0002456382],
[[1082.0,1002.0,1002.0],0.0001683028],
[[1103.0,1102.0,1102.0],0.001321456],
[[1113.0,1102.0,1102.0],0.001051504],
[[1117.0,1102.0,1102.0],0.0008288971],
[[1122.0,1102.0,1102.0],0.0006218915],
[[1132.0,1102.0,1102.0],0.0004218208],
[[1152.0,1102.0,1102.0],0.0002704431],
[[1182.0,1102.0,1102.0],0.0001679333],
[[1203.0,1202.0,1202.0],0.001293374],
[[1213.0,1202.0,1202.0],0.001099499],
[[1217.0,1202.0,1202.0],0.0008979409],
[[1222.0,1202.0,1202.0],0.000670088],
[[1232.0,1202.0,1202.0],0.0003977926],
[[1252.0,1202.0,1202.0],0.0002401953],
[[1282.0,1202.0,1202.0],0.0001922872],
[[1303.0,1302.0,1302.0],0.001350432],
[[1313.0,1302.0,1302.0],0.001109627],
[[1317.0,1302.0,1302.0],0.0008668229],
[[1322.0,1302.0,1302.0],0.0006400853],
[[1332.0,1302.0,1302.0],0.0004529498],
[[1352.0,1302.0,1302.0],0.0002306731],
[[1382.0,1302.0,1302.0],0.0001671161],
[[1403.0,1402.0,1402.0],0.001310453],
[[1413.0,1402.0,1402.0],0.00116844],
[[1417.0,1402.0,1402.0],0.0009431839],
[[1422.0,1402.0,1402.0],0.0006461776],
[[1432.0,1402.0,1402.0],0.0004183687],
[[1452.0,1402.0,1402.0],0.0002408153],
[[1482.0,1402.0,1402.0],0.0001690192],
[[1503.0,1502.0,1502.0],0.001318833],
[[1513.0,1502.0,1502.0],0.001165578],
[[1517.0,1502.0,1502.0],0.0009039687],
[[1522.0,1502.0,1502.0],0.0006872688],
[[1532.0,1502.0,1502.0],0.0003741108],
[[1552.0,1502.0,1502.0],0.0002408989],
[[1582.0,1502.0,1502.0],0.0001475283],
[[1603.0,1602.0,1602.0],0.00137183],
[[1613.0,1602.0,1602.0],0.001187456],
[[1617.0,1602.0,1602.0],0.0009074211],
[[1622.0,1602.0,1602.0],0.0006769973],
[[1632.0,1602.0,1602.0],0.0004291303],
[[1652.0,1602.0,1602.0],0.0002462244],
[[1682.0,1602.0,1602.0],0.0001694224],
[[1703.0,1702.0,1702.0],0.001312801],
[[1713.0,1702.0,1702.0],0.001163616],
[[1717.0,1702.0,1702.0],0.0009081352],
[[1722.0,1702.0,1702.0],0.0007042878],
[[1732.0,1702.0,1702.0],0.0004206019],
[[1752.0,1702.0,1702.0],0.00025345],
[[1782.0,1702.0,1702.0],0.0001786078],
[[1803.0,1802.0,1802.0],0.001359363],
[[1813.0,1802.0,1802.0],0.001138353],
[[1817.0,1802.0,1802.0],0.0009426979],
[[1822.0,1802.0,1802.0],0.0006895363],
[[1832.0,1802.0,1802.0],0.0004178515],
[[1852.0,1802.0,1802.0],0.0002571707],
[[1872.0,1802.0,1802.0],0.0001673642],
[[1882.0,1802.0,1802.0],0.0001707109],
[[1903.0,1902.0,1902.0],0.001391125],
[[1913.0,1902.0,1902.0],0.001168078],
[[1917.0,1902.0,1902.0],0.000960017],
[[1922.0,1902.0,1902.0],0.0007035964],
[[1942.0,1902.0,1902.0],0.0003335618],
[[1952.0,1902.0,1902.0],0.0002350741],
[[1982.0,1902.0,1902.0],0.0001446151],
[[2003.0,2002.0,2002.0],0.00136228],
[[2013.0,2002.0,2002.0],0.001116126],
[[2017.0,2002.0,2002.0],0.0009689918],
[[2022.0,2002.0,2002.0],0.0006567796],
[[2032.0,2002.0,2002.0],0.0004311995],
[[2042.0,2002.0,2002.0],0.0002985313],
[[2052.0,2002.0,2002.0],0.0002313388],
[[2072.0,2002.0,2002.0],0.000177255],
[[2082.0,2002.0,2002.0],0.000169679]]
