dataId: SR_2016_14
dataType: efficiencyMap
observedN: 316
expectedBG: 322.8404999
bgError: 13.166008449792216
upperLimit: 0.2868*fb
expectedUpperLimit: 0.311*fb
