txName: TChiISR
constraint: {(PV > MET(1), MET(2))}
condition: None
conditionDescription: None
figureUrl: None
source: Recast by MA5
validated: True
axesMap: [{0: 'x', 1: 'y'}]
dataMap: {0: (1, 'mass', GeV), 1: (2, 'mass', GeV)}
finalState: ['MET', 'MET']
efficiencyMap: [[[1.0,10.0],4.655061e-08],
[[1.0,20.0],5.757416e-08],
[[1.0,30.0],6.563456e-08],
[[1.0,40.0],9.063699e-08],
[[1.0,50.0],8.659421e-08],
[[1.0,60.0],1.648413e-07],
[[5.0,10.0],9.620999e-08],
[[7.0,10.0],6.270501e-08],
[[9.0,10.0],4.482694e-07],
[[10.0,1.0],4.655061e-08],
[[10.0,5.0],9.620999e-08],
[[10.0,7.0],6.270501e-08],
[[10.0,9.0],4.482694e-07],
[[10.0,10.0],8.908184e-08],
[[12.0,62.0],9.887679e-08],
[[12.0,72.0],1.089958e-07],
[[12.0,82.0],3.514133e-07],
[[12.0,92.0],7.573166e-07],
[[12.0,102.0],1.400993e-06],
[[12.0,212.0],7.44084e-06],
[[12.0,312.0],1.563889e-05],
[[15.0,20.0],2.920492e-08],
[[17.0,20.0],2.651623e-07],
[[19.0,20.0],5.865037e-07],
[[20.0,1.0],5.757416e-08],
[[20.0,15.0],2.920492e-08],
[[20.0,17.0],2.651623e-07],
[[20.0,19.0],5.865037e-07],
[[20.0,20.0],6.311107e-08],
[[20.0,30.0],2.538561e-07],
[[20.0,40.0],6.578071e-08],
[[20.0,50.0],1.753049e-07],
[[20.0,60.0],2.242167e-07],
[[25.0,30.0],5.728001e-08],
[[27.0,30.0],1.032029e-07],
[[29.0,30.0],9.837404e-08],
[[30.0,1.0],6.563456e-08],
[[30.0,20.0],2.538561e-07],
[[30.0,25.0],5.728001e-08],
[[30.0,27.0],1.032029e-07],
[[30.0,29.0],9.837404e-08],
[[30.0,30.0],2.131922e-08],
[[30.0,40.0],9.458318e-08],
[[30.0,50.0],8.365001e-08],
[[30.0,60.0],1.836547e-07],
[[32.0,62.0],3.722474e-07],
[[32.0,72.0],8.233647e-07],
[[32.0,82.0],1.428562e-06],
[[32.0,92.0],1.581368e-06],
[[32.0,102.0],1.866749e-06],
[[32.0,112.0],2.719495e-06],
[[32.0,122.0],2.323372e-06],
[[32.0,232.0],8.943215e-06],
[[32.0,332.0],1.545231e-05],
[[35.0,40.0],9.786141e-08],
[[37.0,40.0],5.728526e-08],
[[39.0,40.0],8.735069e-08],
[[40.0,1.0],9.063699e-08],
[[40.0,20.0],6.578071e-08],
[[40.0,30.0],9.458318e-08],
[[40.0,35.0],9.786141e-08],
[[40.0,37.0],5.728526e-08],
[[40.0,39.0],8.735069e-08],
[[40.0,40.0],1.680191e-07],
[[40.0,50.0],1.853078e-07],
[[40.0,60.0],5.279286e-07],
[[45.0,50.0],9.002517e-07],
[[47.0,50.0],5.762639e-07],
[[49.0,50.0],1.202082e-06],
[[50.0,1.0],8.659421e-08],
[[50.0,20.0],1.753049e-07],
[[50.0,30.0],8.365001e-08],
[[50.0,40.0],1.853078e-07],
[[50.0,45.0],9.002517e-07],
[[50.0,47.0],5.762639e-07],
[[50.0,49.0],1.202082e-06],
[[50.0,50.0],1.216252e-06],
[[50.0,60.0],3.005069e-06],
[[52.0,62.0],9.804978e-07],
[[52.0,67.0],1.320278e-06],
[[52.0,72.0],1.218451e-06],
[[52.0,82.0],1.867714e-06],
[[52.0,92.0],2.31047e-06],
[[52.0,102.0],2.824491e-06],
[[52.0,112.0],4.440414e-06],
[[52.0,122.0],2.921726e-06],
[[52.0,132.0],4.922245e-06],
[[52.0,142.0],4.337349e-06],
[[52.0,252.0],1.322875e-05],
[[52.0,352.0],2.033894e-05],
[[55.0,60.0],1.324703e-06],
[[57.0,60.0],1.481389e-06],
[[59.0,60.0],1.74879e-06],
[[60.0,1.0],1.648413e-07],
[[60.0,20.0],2.242167e-07],
[[60.0,30.0],1.836547e-07],
[[60.0,40.0],5.279286e-07],
[[60.0,50.0],3.005069e-06],
[[60.0,55.0],1.324703e-06],
[[60.0,57.0],1.481389e-06],
[[60.0,59.0],1.74879e-06],
[[60.0,60.0],1.357568e-06],
[[62.0,12.0],9.887679e-08],
[[62.0,32.0],3.722474e-07],
[[62.0,52.0],9.804978e-07],
[[67.0,52.0],1.320278e-06],
[[72.0,12.0],1.089958e-07],
[[72.0,32.0],8.233647e-07],
[[72.0,52.0],1.218451e-06],
[[72.0,72.0],2.618937e-06],
[[72.0,75.0],2.333886e-06],
[[72.0,77.0],2.684554e-06],
[[72.0,82.0],4.625144e-06],
[[72.0,87.0],2.843435e-06],
[[72.0,92.0],3.748017e-06],
[[72.0,102.0],4.234367e-06],
[[72.0,112.0],4.704613e-06],
[[72.0,122.0],4.238307e-06],
[[72.0,132.0],5.672129e-06],
[[72.0,142.0],7.21055e-06],
[[72.0,152.0],7.217827e-06],
[[72.0,162.0],7.649998e-06],
[[72.0,272.0],1.402871e-05],
[[72.0,372.0],2.533901e-05],
[[75.0,72.0],2.333886e-06],
[[77.0,72.0],2.684554e-06],
[[82.0,12.0],3.514133e-07],
[[82.0,32.0],1.428562e-06],
[[82.0,52.0],1.867714e-06],
[[82.0,72.0],4.625144e-06],
[[87.0,72.0],2.843435e-06],
[[92.0,12.0],7.573166e-07],
[[92.0,32.0],1.581368e-06],
[[92.0,52.0],2.31047e-06],
[[92.0,72.0],3.748017e-06],
[[92.0,92.0],3.253456e-06],
[[92.0,95.0],4.025509e-06],
[[92.0,97.0],1.819201e-05],
[[92.0,102.0],5.001377e-06],
[[92.0,107.0],8.363561e-06],
[[92.0,112.0],5.242035e-06],
[[92.0,122.0],5.674163e-06],
[[92.0,132.0],6.532436e-06],
[[92.0,142.0],5.987719e-06],
[[92.0,152.0],7.433184e-06],
[[92.0,162.0],7.962806e-06],
[[92.0,172.0],9.288624e-06],
[[92.0,182.0],1.014388e-05],
[[92.0,292.0],1.94893e-05],
[[92.0,392.0],2.449706e-05],
[[95.0,92.0],4.025509e-06],
[[97.0,92.0],1.819201e-05],
[[102.0,12.0],1.400993e-06],
[[102.0,32.0],1.866749e-06],
[[102.0,52.0],2.824491e-06],
[[102.0,72.0],4.234367e-06],
[[102.0,92.0],5.001377e-06],
[[102.0,102.0],5.726178e-06],
[[102.0,105.0],5.289582e-06],
[[102.0,107.0],4.774681e-06],
[[102.0,112.0],9.324804e-06],
[[102.0,117.0],5.725721e-06],
[[102.0,122.0],9.087303e-06],
[[102.0,132.0],9.854167e-06],
[[102.0,142.0],1.200966e-05],
[[102.0,152.0],1.002941e-05],
[[102.0,162.0],8.187612e-06],
[[102.0,172.0],1.172464e-05],
[[102.0,182.0],1.023116e-05],
[[102.0,192.0],1.243559e-05],
[[102.0,302.0],2.397443e-05],
[[102.0,402.0],3.023442e-05],
[[105.0,102.0],5.289582e-06],
[[107.0,92.0],8.363561e-06],
[[107.0,102.0],4.774681e-06],
[[112.0,32.0],2.719495e-06],
[[112.0,52.0],4.440414e-06],
[[112.0,72.0],4.704613e-06],
[[112.0,92.0],5.242035e-06],
[[112.0,102.0],9.324804e-06],
[[117.0,102.0],5.725721e-06],
[[122.0,32.0],2.323372e-06],
[[122.0,52.0],2.921726e-06],
[[122.0,72.0],4.238307e-06],
[[122.0,92.0],5.674163e-06],
[[122.0,102.0],9.087303e-06],
[[132.0,52.0],4.922245e-06],
[[132.0,72.0],5.672129e-06],
[[132.0,92.0],6.532436e-06],
[[132.0,102.0],9.854167e-06],
[[142.0,52.0],4.337349e-06],
[[142.0,72.0],7.21055e-06],
[[142.0,92.0],5.987719e-06],
[[142.0,102.0],1.200966e-05],
[[152.0,72.0],7.217827e-06],
[[152.0,92.0],7.433184e-06],
[[152.0,102.0],1.002941e-05],
[[152.0,152.0],1.07426e-05],
[[152.0,155.0],1.699173e-05],
[[152.0,157.0],1.510346e-05],
[[152.0,162.0],1.645838e-05],
[[152.0,167.0],1.398596e-05],
[[152.0,172.0],1.287076e-05],
[[152.0,182.0],1.182543e-05],
[[152.0,192.0],1.400575e-05],
[[152.0,202.0],1.557342e-05],
[[152.0,212.0],1.563281e-05],
[[152.0,222.0],1.908472e-05],
[[152.0,232.0],2.004496e-05],
[[152.0,242.0],2.424332e-05],
[[152.0,352.0],3.404209e-05],
[[152.0,452.0],3.735725e-05],
[[155.0,152.0],1.699173e-05],
[[157.0,152.0],1.510346e-05],
[[162.0,72.0],7.649998e-06],
[[162.0,92.0],7.962806e-06],
[[162.0,102.0],8.187612e-06],
[[162.0,152.0],1.645838e-05],
[[167.0,152.0],1.398596e-05],
[[172.0,92.0],9.288624e-06],
[[172.0,102.0],1.172464e-05],
[[172.0,152.0],1.287076e-05],
[[182.0,92.0],1.014388e-05],
[[182.0,102.0],1.023116e-05],
[[182.0,152.0],1.182543e-05],
[[192.0,102.0],1.243559e-05],
[[192.0,152.0],1.400575e-05],
[[202.0,152.0],1.557342e-05],
[[202.0,202.0],2.266836e-05],
[[202.0,205.0],2.021715e-05],
[[202.0,207.0],3.04567e-05],
[[202.0,212.0],3.064409e-05],
[[202.0,217.0],1.942122e-05],
[[202.0,222.0],2.273719e-05],
[[202.0,232.0],2.380652e-05],
[[202.0,242.0],2.870641e-05],
[[202.0,252.0],2.924913e-05],
[[202.0,262.0],2.631093e-05],
[[202.0,272.0],2.915079e-05],
[[202.0,282.0],2.897306e-05],
[[202.0,402.0],3.757834e-05],
[[202.0,502.0],4.468794e-05],
[[205.0,202.0],2.021715e-05],
[[207.0,202.0],3.04567e-05],
[[212.0,12.0],7.44084e-06],
[[212.0,152.0],1.563281e-05],
[[212.0,202.0],3.064409e-05],
[[217.0,202.0],1.942122e-05],
[[222.0,152.0],1.908472e-05],
[[222.0,202.0],2.273719e-05],
[[232.0,32.0],8.943215e-06],
[[232.0,152.0],2.004496e-05],
[[232.0,202.0],2.380652e-05],
[[242.0,152.0],2.424332e-05],
[[242.0,202.0],2.870641e-05],
[[252.0,52.0],1.322875e-05],
[[252.0,202.0],2.924913e-05],
[[252.0,252.0],2.753131e-05],
[[252.0,255.0],3.111389e-05],
[[252.0,257.0],3.478353e-05],
[[252.0,262.0],3.281112e-05],
[[252.0,267.0],3.252847e-05],
[[252.0,272.0],3.152422e-05],
[[252.0,282.0],2.829536e-05],
[[252.0,292.0],3.287065e-05],
[[252.0,302.0],3.4969e-05],
[[252.0,312.0],3.575568e-05],
[[252.0,322.0],3.727965e-05],
[[252.0,332.0],3.32848e-05],
[[252.0,342.0],3.373779e-05],
[[252.0,452.0],4.059447e-05],
[[252.0,552.0],5.22414e-05],
[[255.0,252.0],3.111389e-05],
[[257.0,252.0],3.478353e-05],
[[262.0,202.0],2.631093e-05],
[[262.0,252.0],3.281112e-05],
[[267.0,252.0],3.252847e-05],
[[272.0,72.0],1.402871e-05],
[[272.0,202.0],2.915079e-05],
[[272.0,252.0],3.152422e-05],
[[282.0,202.0],2.897306e-05],
[[282.0,252.0],2.829536e-05],
[[292.0,92.0],1.94893e-05],
[[292.0,252.0],3.287065e-05],
[[302.0,102.0],2.397443e-05],
[[302.0,252.0],3.4969e-05],
[[302.0,302.0],4.071681e-05],
[[302.0,305.0],3.952954e-05],
[[302.0,307.0],3.839319e-05],
[[302.0,312.0],3.350355e-05],
[[302.0,317.0],4.538904e-05],
[[302.0,322.0],3.765089e-05],
[[302.0,332.0],4.540991e-05],
[[302.0,342.0],4.490602e-05],
[[302.0,352.0],4.488697e-05],
[[302.0,362.0],4.236305e-05],
[[302.0,372.0],4.629298e-05],
[[302.0,382.0],4.404176e-05],
[[302.0,392.0],4.488487e-05],
[[302.0,502.0],5.438065e-05],
[[302.0,602.0],6.08048e-05],
[[305.0,302.0],3.952954e-05],
[[307.0,302.0],3.839319e-05],
[[312.0,12.0],1.563889e-05],
[[312.0,252.0],3.575568e-05],
[[312.0,302.0],3.350355e-05],
[[317.0,302.0],4.538904e-05],
[[322.0,252.0],3.727965e-05],
[[322.0,302.0],3.765089e-05],
[[332.0,32.0],1.545231e-05],
[[332.0,252.0],3.32848e-05],
[[332.0,302.0],4.540991e-05],
[[342.0,252.0],3.373779e-05],
[[342.0,302.0],4.490602e-05],
[[352.0,52.0],2.033894e-05],
[[352.0,152.0],3.404209e-05],
[[352.0,302.0],4.488697e-05],
[[352.0,352.0],4.99416e-05],
[[352.0,355.0],5.099278e-05],
[[352.0,357.0],4.707886e-05],
[[352.0,362.0],4.249032e-05],
[[352.0,367.0],4.797443e-05],
[[352.0,372.0],5.319661e-05],
[[352.0,382.0],4.902014e-05],
[[352.0,392.0],5.082118e-05],
[[352.0,402.0],4.702654e-05],
[[352.0,412.0],5.369879e-05],
[[352.0,422.0],4.948577e-05],
[[352.0,432.0],5.499867e-05],
[[352.0,442.0],5.120028e-05],
[[352.0,552.0],5.496634e-05],
[[352.0,652.0],6.455273e-05],
[[355.0,352.0],5.099278e-05],
[[357.0,352.0],4.707886e-05],
[[362.0,302.0],4.236305e-05],
[[362.0,352.0],4.249032e-05],
[[367.0,352.0],4.797443e-05],
[[372.0,72.0],2.533901e-05],
[[372.0,302.0],4.629298e-05],
[[372.0,352.0],5.319661e-05],
[[382.0,302.0],4.404176e-05],
[[382.0,352.0],4.902014e-05],
[[392.0,92.0],2.449706e-05],
[[392.0,302.0],4.488487e-05],
[[392.0,352.0],5.082118e-05],
[[402.0,102.0],3.023442e-05],
[[402.0,202.0],3.757834e-05],
[[402.0,352.0],4.702654e-05],
[[402.0,402.0],5.527236e-05],
[[402.0,405.0],5.213809e-05],
[[402.0,407.0],5.083128e-05],
[[402.0,412.0],5.328006e-05],
[[402.0,417.0],5.856266e-05],
[[402.0,422.0],5.473526e-05],
[[402.0,432.0],5.45397e-05],
[[402.0,442.0],5.685755e-05],
[[402.0,452.0],5.759602e-05],
[[402.0,462.0],5.633473e-05],
[[402.0,472.0],6.204631e-05],
[[402.0,482.0],5.733158e-05],
[[402.0,492.0],6.188598e-05],
[[402.0,602.0],6.768895e-05],
[[402.0,702.0],7.049699e-05],
[[405.0,402.0],5.213809e-05],
[[407.0,402.0],5.083128e-05],
[[412.0,352.0],5.369879e-05],
[[412.0,402.0],5.328006e-05],
[[417.0,402.0],5.856266e-05],
[[422.0,352.0],4.948577e-05],
[[422.0,402.0],5.473526e-05],
[[432.0,352.0],5.499867e-05],
[[432.0,402.0],5.45397e-05],
[[442.0,352.0],5.120028e-05],
[[442.0,402.0],5.685755e-05],
[[452.0,152.0],3.735725e-05],
[[452.0,252.0],4.059447e-05],
[[452.0,402.0],5.759602e-05],
[[462.0,402.0],5.633473e-05],
[[472.0,402.0],6.204631e-05],
[[482.0,402.0],5.733158e-05],
[[492.0,402.0],6.188598e-05],
[[502.0,202.0],4.468794e-05],
[[502.0,302.0],5.438065e-05],
[[552.0,252.0],5.22414e-05],
[[552.0,352.0],5.496634e-05],
[[602.0,302.0],6.08048e-05],
[[602.0,402.0],6.768895e-05],
[[602.0,602.0],7.996563e-05],
[[602.0,605.0],7.765284e-05],
[[602.0,607.0],8.209577e-05],
[[602.0,612.0],7.944823e-05],
[[602.0,617.0],7.558216e-05],
[[602.0,622.0],7.736569e-05],
[[602.0,632.0],7.667139e-05],
[[602.0,642.0],7.767264e-05],
[[602.0,652.0],7.757761e-05],
[[602.0,662.0],7.943044e-05],
[[602.0,672.0],8.346202e-05],
[[602.0,682.0],8.749014e-05],
[[602.0,692.0],8.328283e-05],
[[602.0,802.0],8.877707e-05],
[[602.0,902.0],8.781213e-05],
[[605.0,602.0],7.765284e-05],
[[607.0,602.0],8.209577e-05],
[[612.0,602.0],7.944823e-05],
[[617.0,602.0],7.558216e-05],
[[622.0,602.0],7.736569e-05],
[[632.0,602.0],7.667139e-05],
[[642.0,602.0],7.767264e-05],
[[652.0,352.0],6.455273e-05],
[[652.0,602.0],7.757761e-05],
[[662.0,602.0],7.943044e-05],
[[672.0,602.0],8.346202e-05],
[[682.0,602.0],8.749014e-05],
[[692.0,602.0],8.328283e-05],
[[702.0,402.0],7.049699e-05],
[[802.0,602.0],8.877707e-05],
[[802.0,802.0],9.433402e-05],
[[802.0,805.0],0.0001001436],
[[802.0,807.0],9.946673e-05],
[[802.0,812.0],9.841605e-05],
[[802.0,817.0],9.434552e-05],
[[802.0,822.0],9.607615e-05],
[[802.0,832.0],0.0001058971],
[[802.0,842.0],9.526808e-05],
[[802.0,852.0],9.542802e-05],
[[802.0,862.0],9.9631e-05],
[[802.0,872.0],9.9413e-05],
[[802.0,882.0],9.793229e-05],
[[802.0,892.0],0.0001023233],
[[802.0,1002.0],0.0001025326],
[[802.0,1102.0],0.0001060323],
[[805.0,802.0],0.0001001436],
[[807.0,802.0],9.946673e-05],
[[812.0,802.0],9.841605e-05],
[[817.0,802.0],9.434552e-05],
[[822.0,802.0],9.607615e-05],
[[832.0,802.0],0.0001058971],
[[842.0,802.0],9.526808e-05],
[[852.0,802.0],9.542802e-05],
[[862.0,802.0],9.9631e-05],
[[872.0,802.0],9.9413e-05],
[[882.0,802.0],9.793229e-05],
[[892.0,802.0],0.0001023233],
[[902.0,602.0],8.781213e-05],
[[1002.0,802.0],0.0001025326],
[[1002.0,1002.0],0.0001170183],
[[1002.0,1005.0],0.0001041007],
[[1002.0,1007.0],0.0001131378],
[[1002.0,1012.0],0.000107229],
[[1002.0,1017.0],0.0001115039],
[[1002.0,1022.0],0.0001110176],
[[1002.0,1032.0],0.0001075164],
[[1002.0,1042.0],0.0001099444],
[[1002.0,1052.0],0.0001084361],
[[1002.0,1062.0],0.0001086561],
[[1002.0,1072.0],0.0001074715],
[[1002.0,1082.0],0.0001117241],
[[1002.0,1092.0],0.0001123555],
[[1002.0,1202.0],0.0001122744],
[[1002.0,1302.0],0.0001126222],
[[1005.0,1002.0],0.0001041007],
[[1007.0,1002.0],0.0001131378],
[[1012.0,1002.0],0.000107229],
[[1017.0,1002.0],0.0001115039],
[[1022.0,1002.0],0.0001110176],
[[1032.0,1002.0],0.0001075164],
[[1042.0,1002.0],0.0001099444],
[[1052.0,1002.0],0.0001084361],
[[1062.0,1002.0],0.0001086561],
[[1072.0,1002.0],0.0001074715],
[[1082.0,1002.0],0.0001117241],
[[1092.0,1002.0],0.0001123555],
[[1102.0,802.0],0.0001060323],
[[1202.0,1002.0],0.0001122744],
[[1202.0,1202.0],0.0001189014],
[[1202.0,1205.0],0.0001184066],
[[1202.0,1207.0],0.0001171897],
[[1202.0,1212.0],0.0001185343],
[[1202.0,1217.0],0.0001177717],
[[1202.0,1222.0],0.0001208814],
[[1202.0,1232.0],0.0001125269],
[[1202.0,1242.0],0.0001143596],
[[1202.0,1252.0],0.0001226213],
[[1202.0,1262.0],0.0001137378],
[[1202.0,1272.0],0.000121622],
[[1202.0,1282.0],0.000113356],
[[1202.0,1292.0],0.000121876],
[[1202.0,1402.0],0.0001142123],
[[1202.0,1502.0],0.000115147],
[[1205.0,1202.0],0.0001184066],
[[1207.0,1202.0],0.0001171897],
[[1212.0,1202.0],0.0001185343],
[[1217.0,1202.0],0.0001177717],
[[1222.0,1202.0],0.0001208814],
[[1232.0,1202.0],0.0001125269],
[[1242.0,1202.0],0.0001143596],
[[1252.0,1202.0],0.0001226213],
[[1262.0,1202.0],0.0001137378],
[[1272.0,1202.0],0.000121622],
[[1282.0,1202.0],0.000113356],
[[1292.0,1202.0],0.000121876],
[[1302.0,1002.0],0.0001126222],
[[1402.0,1202.0],0.0001142123],
[[1402.0,1402.0],0.0001211795],
[[1402.0,1405.0],0.0001243197],
[[1402.0,1407.0],0.0001288753],
[[1402.0,1412.0],0.0001229668],
[[1402.0,1417.0],0.0001185072],
[[1402.0,1422.0],0.0001217506],
[[1402.0,1432.0],0.0001198997],
[[1402.0,1442.0],0.0001211323],
[[1402.0,1452.0],0.0001248521],
[[1402.0,1462.0],0.0001230373],
[[1402.0,1472.0],0.0001244348],
[[1402.0,1482.0],0.0001211887],
[[1402.0,1492.0],0.0001219553],
[[1402.0,1602.0],0.0001264272],
[[1402.0,1702.0],0.0001253123],
[[1405.0,1402.0],0.0001243197],
[[1407.0,1402.0],0.0001288753],
[[1412.0,1402.0],0.0001229668],
[[1417.0,1402.0],0.0001185072],
[[1422.0,1402.0],0.0001217506],
[[1432.0,1402.0],0.0001198997],
[[1442.0,1402.0],0.0001211323],
[[1452.0,1402.0],0.0001248521],
[[1462.0,1402.0],0.0001230373],
[[1472.0,1402.0],0.0001244348],
[[1482.0,1402.0],0.0001211887],
[[1492.0,1402.0],0.0001219553],
[[1502.0,1202.0],0.000115147],
[[1602.0,1402.0],0.0001264272],
[[1602.0,1602.0],0.0001193501],
[[1602.0,1605.0],0.0001261151],
[[1602.0,1607.0],0.0001193354],
[[1602.0,1612.0],0.0001268449],
[[1602.0,1617.0],0.0001249607],
[[1602.0,1622.0],0.0001306394],
[[1602.0,1632.0],0.0001228687],
[[1602.0,1642.0],0.0001214259],
[[1602.0,1652.0],0.0001246022],
[[1602.0,1662.0],0.0001266248],
[[1602.0,1672.0],0.000125395],
[[1602.0,1682.0],0.0001223311],
[[1602.0,1692.0],0.0001216185],
[[1602.0,1802.0],0.0001224184],
[[1602.0,1902.0],0.0001286136],
[[1605.0,1602.0],0.0001261151],
[[1607.0,1602.0],0.0001193354],
[[1612.0,1602.0],0.0001268449],
[[1617.0,1602.0],0.0001249607],
[[1622.0,1602.0],0.0001306394],
[[1632.0,1602.0],0.0001228687],
[[1642.0,1602.0],0.0001214259],
[[1652.0,1602.0],0.0001246022],
[[1662.0,1602.0],0.0001266248],
[[1672.0,1602.0],0.000125395],
[[1682.0,1602.0],0.0001223311],
[[1692.0,1602.0],0.0001216185],
[[1702.0,1402.0],0.0001253123],
[[1802.0,1602.0],0.0001224184],
[[1802.0,1802.0],0.0001240744],
[[1802.0,1805.0],0.0001270725],
[[1802.0,1807.0],0.0001266162],
[[1802.0,1812.0],0.0001241543],
[[1802.0,1817.0],0.0001166904],
[[1802.0,1822.0],0.0001223527],
[[1802.0,1832.0],0.0001262981],
[[1802.0,1842.0],0.0001213082],
[[1802.0,1852.0],0.0001213821],
[[1802.0,1862.0],0.0001243778],
[[1802.0,1872.0],0.0001222403],
[[1802.0,1882.0],0.0001222633],
[[1802.0,1892.0],0.0001228858],
[[1802.0,2002.0],0.0001275106],
[[1802.0,2102.0],0.0001250348],
[[1805.0,1802.0],0.0001270725],
[[1807.0,1802.0],0.0001266162],
[[1812.0,1802.0],0.0001241543],
[[1817.0,1802.0],0.0001166904],
[[1822.0,1802.0],0.0001223527],
[[1832.0,1802.0],0.0001262981],
[[1842.0,1802.0],0.0001213082],
[[1852.0,1802.0],0.0001213821],
[[1862.0,1802.0],0.0001243778],
[[1872.0,1802.0],0.0001222403],
[[1882.0,1802.0],0.0001222633],
[[1892.0,1802.0],0.0001228858],
[[1902.0,1602.0],0.0001286136],
[[2002.0,1802.0],0.0001275106],
[[2002.0,2002.0],0.000123914],
[[2002.0,2005.0],0.0001199505],
[[2002.0,2007.0],0.0001242921],
[[2002.0,2012.0],0.0001266971],
[[2002.0,2017.0],0.0001219594],
[[2002.0,2022.0],0.0001173209],
[[2002.0,2032.0],0.000122526],
[[2002.0,2042.0],0.0001220177],
[[2002.0,2052.0],0.0001146659],
[[2002.0,2062.0],0.0001240051],
[[2002.0,2072.0],0.000122599],
[[2002.0,2082.0],0.0001262418],
[[2002.0,2092.0],0.0001184349],
[[2002.0,2202.0],0.0001190866],
[[2002.0,2302.0],0.0001227203],
[[2005.0,2002.0],0.0001199505],
[[2007.0,2002.0],0.0001242921],
[[2012.0,2002.0],0.0001266971],
[[2017.0,2002.0],0.0001219594],
[[2022.0,2002.0],0.0001173209],
[[2032.0,2002.0],0.000122526],
[[2042.0,2002.0],0.0001220177],
[[2052.0,2002.0],0.0001146659],
[[2062.0,2002.0],0.0001240051],
[[2072.0,2002.0],0.000122599],
[[2082.0,2002.0],0.0001262418],
[[2092.0,2002.0],0.0001184349],
[[2102.0,1802.0],0.0001250348],
[[2202.0,2002.0],0.0001190866],
[[2302.0,2002.0],0.0001227203]]
