txName: TChiWWISRqq
constraint: {(PV > anyBSM(1), anyBSM(3)), (anyBSM(1) > q, q, MET(2)), (anyBSM(3) > q, q, MET(4))}
condition: None
conditionDescription: None
figureUrl: None
source: Recast by MA5
validated: True
axesMap: [{0: 'x', 1: 'y', 2: 'x', 3: 'y'}]
dataMap: {0: (1, 'mass', GeV), 1: (2, 'mass', GeV), 2: (3, 'mass', GeV), 3: (4, 'mass', GeV)}
finalState: ['MET', 'MET']
efficiencyMap: [[[11.0,10.0,11.0,10.0],9.290576e-09],
[[13.0,10.0,13.0,10.0],0.0],
[[15.0,10.0,15.0,10.0],0.0],
[[20.0,10.0,20.0,10.0],0.0],
[[21.0,20.0,21.0,20.0],4.428743e-08],
[[23.0,20.0,23.0,20.0],0.0],
[[25.0,20.0,25.0,20.0],0.0],
[[30.0,10.0,30.0,10.0],0.0],
[[30.0,20.0,30.0,20.0],0.0],
[[31.0,30.0,31.0,30.0],2.728379e-08],
[[33.0,30.0,33.0,30.0],3.506854e-09],
[[35.0,30.0,35.0,30.0],1.408815e-08],
[[40.0,20.0,40.0,20.0],0.0],
[[40.0,30.0,40.0,30.0],0.0],
[[41.0,40.0,41.0,40.0],8.993383e-08],
[[43.0,40.0,43.0,40.0],1.46332e-08],
[[45.0,40.0,45.0,40.0],9.612074e-10],
[[50.0,10.0,50.0,10.0],0.0],
[[50.0,30.0,50.0,30.0],0.0],
[[50.0,40.0,50.0,40.0],0.0],
[[51.0,50.0,51.0,50.0],1.772368e-07],
[[53.0,50.0,53.0,50.0],1.362073e-07],
[[55.0,50.0,55.0,50.0],1.046345e-07],
[[60.0,20.0,60.0,20.0],0.0],
[[60.0,40.0,60.0,40.0],4.113235e-09],
[[60.0,50.0,60.0,50.0],1.761903e-07],
[[61.0,60.0,61.0,60.0],5.204317e-07],
[[63.0,60.0,63.0,60.0],5.380953e-07],
[[65.0,60.0,65.0,60.0],1.214444e-07],
[[70.0,10.0,70.0,10.0],6.5841e-09],
[[70.0,30.0,70.0,30.0],2.782267e-09],
[[70.0,50.0,70.0,50.0],1.484103e-08],
[[70.0,60.0,70.0,60.0],9.22579e-08],
[[71.0,70.0,71.0,70.0],1.537429e-06],
[[73.0,70.0,73.0,70.0],7.924183e-07],
[[75.0,70.0,75.0,70.0],6.319171e-07],
[[80.0,20.0,80.0,20.0],2.564242e-09],
[[80.0,40.0,80.0,40.0],7.396548e-09],
[[80.0,60.0,80.0,60.0],7.482902e-08],
[[80.0,70.0,80.0,70.0],1.126294e-07],
[[81.0,80.0,81.0,80.0],1.307052e-06],
[[83.0,80.0,83.0,80.0],9.625778e-07],
[[85.0,80.0,85.0,80.0],4.87565e-07],
[[90.0,10.0,90.0,10.0],0.0],
[[90.0,30.0,90.0,30.0],4.254939e-08],
[[90.0,50.0,90.0,50.0],1.195392e-07],
[[90.0,70.0,90.0,70.0],4.819408e-08],
[[90.0,80.0,90.0,80.0],2.755972e-07],
[[91.0,90.0,91.0,90.0],2.05044e-06],
[[93.0,90.0,93.0,90.0],1.308699e-06],
[[95.0,90.0,95.0,90.0],8.69831e-07],
[[100.0,20.0,100.0,20.0],0.0],
[[100.0,40.0,100.0,40.0],1.737904e-07],
[[100.0,60.0,100.0,60.0],3.766984e-08],
[[100.0,80.0,100.0,80.0],1.348771e-07],
[[100.0,90.0,100.0,90.0],6.321686e-07],
[[101.0,100.0,101.0,100.0],2.868592e-06],
[[103.0,100.0,103.0,100.0],2.122613e-06],
[[103.0,102.0,103.0,102.0],2.796923e-06],
[[105.0,100.0,105.0,100.0],1.960899e-06],
[[105.0,102.0,105.0,102.0],1.988425e-06],
[[107.0,102.0,107.0,102.0],1.419035e-06],
[[110.0,30.0,110.0,30.0],1.321357e-08],
[[110.0,50.0,110.0,50.0],9.225068e-09],
[[110.0,70.0,110.0,70.0],5.176861e-08],
[[110.0,90.0,110.0,90.0],1.625489e-07],
[[110.0,100.0,110.0,100.0],4.811425e-07],
[[112.0,102.0,112.0,102.0],2.557932e-06],
[[120.0,40.0,120.0,40.0],2.019764e-08],
[[120.0,60.0,120.0,60.0],1.263457e-07],
[[120.0,80.0,120.0,80.0],9.047239e-08],
[[120.0,100.0,120.0,100.0],3.218106e-07],
[[122.0,102.0,122.0,102.0],2.907927e-07],
[[123.0,122.0,123.0,122.0],3.80148e-06],
[[125.0,122.0,125.0,122.0],3.861239e-06],
[[127.0,122.0,127.0,122.0],2.107926e-06],
[[130.0,50.0,130.0,50.0],5.762697e-08],
[[130.0,70.0,130.0,70.0],8.077589e-08],
[[130.0,90.0,130.0,90.0],1.290354e-07],
[[132.0,122.0,132.0,122.0],1.371143e-06],
[[140.0,60.0,140.0,60.0],4.581577e-08],
[[140.0,80.0,140.0,80.0],1.168858e-07],
[[140.0,100.0,140.0,100.0],1.666158e-07],
[[142.0,102.0,142.0,102.0],7.83722e-07],
[[142.0,122.0,142.0,122.0],6.489899e-07],
[[143.0,142.0,143.0,142.0],7.747427e-06],
[[145.0,142.0,145.0,142.0],5.581422e-06],
[[147.0,142.0,147.0,142.0],5.092942e-06],
[[150.0,70.0,150.0,70.0],9.581081e-08],
[[150.0,90.0,150.0,90.0],1.429044e-07],
[[152.0,142.0,152.0,142.0],2.270722e-06],
[[160.0,80.0,160.0,80.0],7.107156e-08],
[[160.0,100.0,160.0,100.0],2.365264e-07],
[[162.0,102.0,162.0,102.0],2.554057e-07],
[[162.0,122.0,162.0,122.0],5.757976e-07],
[[162.0,142.0,162.0,142.0],1.369702e-06],
[[163.0,162.0,163.0,162.0],7.936555e-06],
[[165.0,162.0,165.0,162.0],7.796726e-06],
[[167.0,162.0,167.0,162.0],5.700854e-06],
[[170.0,90.0,170.0,90.0],2.75506e-07],
[[172.0,162.0,172.0,162.0],3.998667e-06],
[[180.0,100.0,180.0,100.0],2.80582e-07],
[[182.0,102.0,182.0,102.0],2.678762e-07],
[[182.0,122.0,182.0,122.0],5.218537e-07],
[[182.0,142.0,182.0,142.0],9.63807e-07],
[[182.0,162.0,182.0,162.0],1.929668e-06],
[[183.0,182.0,183.0,182.0],9.142308e-06],
[[185.0,182.0,185.0,182.0],1.169645e-05],
[[187.0,182.0,187.0,182.0],8.260441e-06],
[[192.0,182.0,192.0,182.0],5.358147e-06],
[[202.0,122.0,202.0,122.0],3.894297e-07],
[[202.0,142.0,202.0,142.0],9.924951e-07],
[[202.0,162.0,202.0,162.0],1.021436e-06],
[[202.0,182.0,202.0,182.0],2.952185e-06],
[[203.0,202.0,203.0,202.0],1.421415e-05],
[[205.0,202.0,205.0,202.0],1.22548e-05],
[[207.0,202.0,207.0,202.0],1.267963e-05],
[[212.0,202.0,212.0,202.0],7.004859e-06],
[[222.0,142.0,222.0,142.0],7.98947e-07],
[[222.0,162.0,222.0,162.0],1.863504e-06],
[[222.0,182.0,222.0,182.0],2.361354e-06],
[[222.0,202.0,222.0,202.0],3.81632e-06],
[[223.0,222.0,223.0,222.0],1.508365e-05],
[[225.0,222.0,225.0,222.0],1.544924e-05],
[[227.0,222.0,227.0,222.0],1.262286e-05],
[[232.0,222.0,232.0,222.0],8.10714e-06],
[[242.0,162.0,242.0,162.0],1.270443e-06],
[[242.0,182.0,242.0,182.0],1.400323e-06],
[[242.0,202.0,242.0,202.0],3.74214e-06],
[[242.0,222.0,242.0,222.0],6.025615e-06],
[[243.0,242.0,243.0,242.0],1.89906e-05],
[[245.0,242.0,245.0,242.0],1.858933e-05],
[[247.0,242.0,247.0,242.0],1.544464e-05],
[[252.0,242.0,252.0,242.0],1.16691e-05],
[[262.0,182.0,262.0,182.0],1.865378e-06],
[[262.0,202.0,262.0,202.0],3.025522e-06],
[[262.0,222.0,262.0,222.0],4.120809e-06],
[[262.0,242.0,262.0,242.0],8.666774e-06],
[[263.0,262.0,263.0,262.0],2.123988e-05],
[[265.0,262.0,265.0,262.0],2.064067e-05],
[[267.0,262.0,267.0,262.0],1.874294e-05],
[[272.0,262.0,272.0,262.0],2.009547e-05],
[[282.0,202.0,282.0,202.0],2.235441e-06],
[[282.0,222.0,282.0,222.0],3.709577e-06],
[[282.0,242.0,282.0,242.0],4.557862e-06],
[[282.0,262.0,282.0,262.0],8.613519e-06],
[[283.0,282.0,283.0,282.0],2.525977e-05],
[[285.0,282.0,285.0,282.0],2.236384e-05],
[[287.0,282.0,287.0,282.0],2.214383e-05],
[[292.0,282.0,292.0,282.0],1.637777e-05],
[[302.0,222.0,302.0,222.0],2.226329e-06],
[[302.0,242.0,302.0,242.0],4.249045e-06],
[[302.0,262.0,302.0,262.0],6.039652e-06],
[[302.0,282.0,302.0,282.0],1.417242e-05],
[[303.0,302.0,303.0,302.0],3.151837e-05],
[[305.0,302.0,305.0,302.0],2.565275e-05],
[[307.0,302.0,307.0,302.0],2.431346e-05],
[[312.0,302.0,312.0,302.0],2.336614e-05],
[[322.0,242.0,322.0,242.0],4.040803e-06],
[[322.0,262.0,322.0,262.0],4.989774e-06],
[[322.0,282.0,322.0,282.0],7.054628e-06],
[[322.0,302.0,322.0,302.0],1.459959e-05],
[[323.0,322.0,323.0,322.0],2.928123e-05],
[[325.0,322.0,325.0,322.0],2.907175e-05],
[[327.0,322.0,327.0,322.0],3.31421e-05],
[[332.0,322.0,332.0,322.0],2.326475e-05],
[[342.0,262.0,342.0,262.0],6.254108e-06],
[[342.0,282.0,342.0,282.0],6.987017e-06],
[[342.0,302.0,342.0,302.0],8.410454e-06],
[[342.0,322.0,342.0,322.0],1.662353e-05],
[[343.0,342.0,343.0,342.0],3.609736e-05],
[[345.0,342.0,345.0,342.0],2.945235e-05],
[[347.0,342.0,347.0,342.0],3.135525e-05],
[[352.0,342.0,352.0,342.0],2.91387e-05],
[[362.0,282.0,362.0,282.0],7.988639e-06],
[[362.0,302.0,362.0,302.0],8.146874e-06],
[[362.0,322.0,362.0,322.0],1.143421e-05],
[[362.0,342.0,362.0,342.0],1.944288e-05],
[[363.0,362.0,363.0,362.0],3.518373e-05],
[[365.0,362.0,365.0,362.0],3.358152e-05],
[[367.0,362.0,367.0,362.0],3.644674e-05],
[[372.0,362.0,372.0,362.0],3.138252e-05],
[[382.0,302.0,382.0,302.0],8.037358e-06],
[[382.0,322.0,382.0,322.0],8.56786e-06],
[[382.0,342.0,382.0,342.0],1.214093e-05],
[[382.0,362.0,382.0,362.0],2.210673e-05],
[[383.0,382.0,383.0,382.0],4.284951e-05],
[[385.0,382.0,385.0,382.0],3.959345e-05],
[[387.0,382.0,387.0,382.0],3.782697e-05],
[[392.0,382.0,392.0,382.0],3.376785e-05],
[[402.0,322.0,402.0,322.0],7.737801e-06],
[[402.0,342.0,402.0,342.0],1.001029e-05],
[[402.0,362.0,402.0,362.0],1.636851e-05],
[[402.0,382.0,402.0,382.0],2.57689e-05],
[[403.0,402.0,403.0,402.0],4.132265e-05],
[[405.0,402.0,405.0,402.0],3.841039e-05],
[[407.0,402.0,407.0,402.0],4.156279e-05],
[[412.0,402.0,412.0,402.0],3.808667e-05],
[[422.0,342.0,422.0,342.0],9.78728e-06],
[[422.0,362.0,422.0,362.0],1.139964e-05],
[[422.0,382.0,422.0,382.0],1.550384e-05],
[[422.0,402.0,422.0,402.0],2.841906e-05],
[[442.0,362.0,442.0,362.0],9.908944e-06],
[[442.0,382.0,442.0,382.0],1.303002e-05],
[[442.0,402.0,442.0,402.0],1.971506e-05],
[[462.0,382.0,462.0,382.0],1.237553e-05],
[[462.0,402.0,462.0,402.0],1.772464e-05],
[[482.0,402.0,482.0,402.0],1.239641e-05],
[[503.0,502.0,503.0,502.0],5.757598e-05],
[[505.0,502.0,505.0,502.0],5.633311e-05],
[[507.0,502.0,507.0,502.0],5.743511e-05],
[[512.0,502.0,512.0,502.0],4.978947e-05],
[[522.0,502.0,522.0,502.0],4.188958e-05],
[[542.0,502.0,542.0,502.0],3.228931e-05],
[[562.0,502.0,562.0,502.0],2.346696e-05],
[[582.0,502.0,582.0,502.0],2.462625e-05],
[[603.0,602.0,603.0,602.0],6.923983e-05],
[[605.0,602.0,605.0,602.0],6.709318e-05],
[[607.0,602.0,607.0,602.0],6.180748e-05],
[[612.0,602.0,612.0,602.0],6.973046e-05],
[[622.0,602.0,622.0,602.0],5.028429e-05],
[[642.0,602.0,642.0,602.0],3.89941e-05],
[[662.0,602.0,662.0,602.0],3.458045e-05],
[[682.0,602.0,682.0,602.0],2.987538e-05],
[[703.0,702.0,703.0,702.0],7.75435e-05],
[[705.0,702.0,705.0,702.0],7.730058e-05],
[[707.0,702.0,707.0,702.0],7.728876e-05],
[[712.0,702.0,712.0,702.0],7.771748e-05],
[[722.0,702.0,722.0,702.0],6.045117e-05],
[[742.0,702.0,742.0,702.0],4.732048e-05],
[[762.0,702.0,762.0,702.0],4.12835e-05],
[[782.0,702.0,782.0,702.0],3.700329e-05],
[[803.0,802.0,803.0,802.0],9.03044e-05],
[[805.0,802.0,805.0,802.0],9.295402e-05],
[[807.0,802.0,807.0,802.0],8.839174e-05],
[[812.0,802.0,812.0,802.0],8.74757e-05],
[[822.0,802.0,822.0,802.0],7.290337e-05],
[[842.0,802.0,842.0,802.0],6.822147e-05],
[[862.0,802.0,862.0,802.0],5.071882e-05],
[[882.0,802.0,882.0,802.0],5.058911e-05],
[[903.0,902.0,903.0,902.0],9.797376e-05],
[[905.0,902.0,905.0,902.0],9.37951e-05],
[[907.0,902.0,907.0,902.0],9.399335e-05],
[[912.0,902.0,912.0,902.0],8.964442e-05],
[[922.0,902.0,922.0,902.0],8.597744e-05],
[[942.0,902.0,942.0,902.0],6.741159e-05],
[[962.0,902.0,962.0,902.0],5.637864e-05],
[[982.0,902.0,982.0,902.0],4.974001e-05],
[[1003.0,1002.0,1003.0,1002.0],9.911922e-05],
[[1005.0,1002.0,1005.0,1002.0],0.0001000548],
[[1007.0,1002.0,1007.0,1002.0],0.0001056355],
[[1012.0,1002.0,1012.0,1002.0],9.841217e-05],
[[1022.0,1002.0,1022.0,1002.0],9.233004e-05],
[[1042.0,1002.0,1042.0,1002.0],7.310094e-05],
[[1062.0,1002.0,1062.0,1002.0],6.07194e-05],
[[1082.0,1002.0,1082.0,1002.0],5.847634e-05],
[[1103.0,1102.0,1103.0,1102.0],0.0001114941],
[[1105.0,1102.0,1105.0,1102.0],0.0001088948],
[[1107.0,1102.0,1107.0,1102.0],0.0001073418],
[[1112.0,1102.0,1112.0,1102.0],0.0001130147],
[[1122.0,1102.0,1122.0,1102.0],9.622881e-05],
[[1142.0,1102.0,1142.0,1102.0],7.55987e-05],
[[1162.0,1102.0,1162.0,1102.0],7.013277e-05],
[[1182.0,1102.0,1182.0,1102.0],6.504505e-05],
[[1203.0,1202.0,1203.0,1202.0],0.0001088035],
[[1205.0,1202.0,1205.0,1202.0],0.0001156349],
[[1207.0,1202.0,1207.0,1202.0],0.0001112389],
[[1212.0,1202.0,1212.0,1202.0],0.0001044389],
[[1222.0,1202.0,1222.0,1202.0],9.878194e-05],
[[1242.0,1202.0,1242.0,1202.0],8.076202e-05],
[[1262.0,1202.0,1262.0,1202.0],7.299069e-05],
[[1282.0,1202.0,1282.0,1202.0],6.76711e-05],
[[1303.0,1302.0,1303.0,1302.0],0.0001164983],
[[1305.0,1302.0,1305.0,1302.0],0.0001172294],
[[1307.0,1302.0,1307.0,1302.0],0.0001151535],
[[1312.0,1302.0,1312.0,1302.0],0.0001111617],
[[1322.0,1302.0,1322.0,1302.0],0.0001041203],
[[1342.0,1302.0,1342.0,1302.0],8.511024e-05],
[[1362.0,1302.0,1362.0,1302.0],7.512627e-05],
[[1382.0,1302.0,1382.0,1302.0],7.34154e-05],
[[1403.0,1402.0,1403.0,1402.0],0.0001131183],
[[1405.0,1402.0,1405.0,1402.0],0.0001188997],
[[1407.0,1402.0,1407.0,1402.0],0.0001115752],
[[1412.0,1402.0,1412.0,1402.0],0.0001174405],
[[1422.0,1402.0,1422.0,1402.0],0.0001079276],
[[1442.0,1402.0,1442.0,1402.0],9.385094e-05],
[[1462.0,1402.0,1462.0,1402.0],8.125154e-05],
[[1482.0,1402.0,1482.0,1402.0],7.251018e-05],
[[1503.0,1502.0,1503.0,1502.0],0.0001163099],
[[1505.0,1502.0,1505.0,1502.0],0.0001211816],
[[1507.0,1502.0,1507.0,1502.0],0.0001156146],
[[1512.0,1502.0,1512.0,1502.0],0.0001192062],
[[1522.0,1502.0,1522.0,1502.0],0.0001103751],
[[1542.0,1502.0,1542.0,1502.0],9.354909e-05],
[[1562.0,1502.0,1562.0,1502.0],7.733056e-05],
[[1582.0,1502.0,1582.0,1502.0],7.882045e-05],
[[1603.0,1602.0,1603.0,1602.0],0.0001225146],
[[1605.0,1602.0,1605.0,1602.0],0.0001260447],
[[1607.0,1602.0,1607.0,1602.0],0.0001210386],
[[1612.0,1602.0,1612.0,1602.0],0.0001195742],
[[1622.0,1602.0,1622.0,1602.0],0.0001205123],
[[1642.0,1602.0,1642.0,1602.0],9.09397e-05],
[[1662.0,1602.0,1662.0,1602.0],8.15973e-05],
[[1682.0,1602.0,1682.0,1602.0],7.860991e-05],
[[1703.0,1702.0,1703.0,1702.0],0.0001255589],
[[1705.0,1702.0,1705.0,1702.0],0.0001211874],
[[1707.0,1702.0,1707.0,1702.0],0.0001224852],
[[1712.0,1702.0,1712.0,1702.0],0.0001187615],
[[1722.0,1702.0,1722.0,1702.0],0.0001136835],
[[1742.0,1702.0,1742.0,1702.0],9.090677e-05],
[[1762.0,1702.0,1762.0,1702.0],8.148016e-05],
[[1782.0,1702.0,1782.0,1702.0],7.95161e-05],
[[1803.0,1802.0,1803.0,1802.0],0.000118222],
[[1805.0,1802.0,1805.0,1802.0],0.0001239218],
[[1807.0,1802.0,1807.0,1802.0],0.0001206522],
[[1812.0,1802.0,1812.0,1802.0],0.0001178785],
[[1822.0,1802.0,1822.0,1802.0],0.000111393],
[[1842.0,1802.0,1842.0,1802.0],0.0001008348],
[[1862.0,1802.0,1862.0,1802.0],8.308283e-05],
[[1882.0,1802.0,1882.0,1802.0],8.393609e-05],
[[1903.0,1902.0,1903.0,1902.0],0.0001222352],
[[1905.0,1902.0,1905.0,1902.0],0.0001189359],
[[1907.0,1902.0,1907.0,1902.0],0.0001220639],
[[1912.0,1902.0,1912.0,1902.0],0.0001236788],
[[1922.0,1902.0,1922.0,1902.0],0.0001143132],
[[1942.0,1902.0,1942.0,1902.0],9.877788e-05],
[[1962.0,1902.0,1962.0,1902.0],8.981397e-05],
[[1982.0,1902.0,1982.0,1902.0],8.246741e-05],
[[2003.0,2002.0,2003.0,2002.0],0.0001216145],
[[2005.0,2002.0,2005.0,2002.0],0.0001235745],
[[2007.0,2002.0,2007.0,2002.0],0.0001250482],
[[2012.0,2002.0,2012.0,2002.0],0.0001246963],
[[2022.0,2002.0,2022.0,2002.0],0.000115559],
[[2042.0,2002.0,2042.0,2002.0],9.967946e-05],
[[2062.0,2002.0,2062.0,2002.0],8.600445e-05],
[[2082.0,2002.0,2082.0,2002.0],8.926209e-05]]
