txName: TChiWWISRqq
constraint: {(PV > anyBSM(1), anyBSM(3)), (anyBSM(1) > q, q, MET(2)), (anyBSM(3) > q, q, MET(4))}
condition: None
conditionDescription: None
figureUrl: None
source: MA5
validated: True
axesMap: [{0: 'x', 1: 'y', 2: 'x', 3: 'y'}]
dataMap: {0: (1, 'mass', GeV), 1: (2, 'mass', GeV), 2: (3, 'mass', GeV), 3: (4, 'mass', GeV)}
finalState: ['MET', 'MET']
efficiencyMap: [[[10.0,1.0,10.0,1.0],0.0],
[[10.0,3.0,10.0,3.0],0.0],
[[10.0,5.0,10.0,5.0],0.0],
[[10.0,7.0,10.0,7.0],0.0],
[[10.0,9.0,10.0,9.0],0.0],
[[11.0,10.0,11.0,10.0],0.0],
[[13.0,10.0,13.0,10.0],0.0],
[[15.0,10.0,15.0,10.0],0.0],
[[20.0,10.0,20.0,10.0],0.0],
[[21.0,20.0,21.0,20.0],0.0],
[[23.0,20.0,23.0,20.0],0.0],
[[25.0,20.0,25.0,20.0],0.0],
[[30.0,10.0,30.0,10.0],0.0],
[[30.0,20.0,30.0,20.0],0.0],
[[31.0,30.0,31.0,30.0],0.0],
[[33.0,30.0,33.0,30.0],0.0],
[[35.0,30.0,35.0,30.0],0.0],
[[40.0,20.0,40.0,20.0],0.0],
[[40.0,30.0,40.0,30.0],0.0],
[[41.0,40.0,41.0,40.0],1.940092e-08],
[[43.0,40.0,43.0,40.0],0.0],
[[45.0,40.0,45.0,40.0],0.0],
[[50.0,10.0,50.0,10.0],0.0],
[[50.0,30.0,50.0,30.0],0.0],
[[50.0,40.0,50.0,40.0],7.504881e-09],
[[51.0,50.0,51.0,50.0],1.806081e-06],
[[53.0,50.0,53.0,50.0],1.57441e-08],
[[55.0,50.0,55.0,50.0],1.154407e-08],
[[60.0,20.0,60.0,20.0],0.0],
[[60.0,40.0,60.0,40.0],0.0],
[[60.0,50.0,60.0,50.0],7.978539e-09],
[[61.0,60.0,61.0,60.0],1.039307e-06],
[[63.0,60.0,63.0,60.0],1.110534e-07],
[[65.0,60.0,65.0,60.0],6.256483e-08],
[[70.0,10.0,70.0,10.0],0.0],
[[70.0,30.0,70.0,30.0],0.0],
[[70.0,50.0,70.0,50.0],0.0],
[[70.0,60.0,70.0,60.0],9.777006e-09],
[[71.0,70.0,71.0,70.0],3.403624e-06],
[[73.0,70.0,73.0,70.0],2.415566e-07],
[[75.0,70.0,75.0,70.0],9.451407e-08],
[[80.0,20.0,80.0,20.0],4.27225e-09],
[[80.0,40.0,80.0,40.0],5.744008e-09],
[[80.0,60.0,80.0,60.0],2.505875e-08],
[[80.0,70.0,80.0,70.0],2.537446e-08],
[[81.0,80.0,81.0,80.0],4.84871e-06],
[[83.0,80.0,83.0,80.0],8.234201e-07],
[[85.0,80.0,85.0,80.0],3.453058e-07],
[[90.0,10.0,90.0,10.0],0.0],
[[90.0,30.0,90.0,30.0],0.0],
[[90.0,50.0,90.0,50.0],2.177738e-09],
[[90.0,70.0,90.0,70.0],5.185598e-08],
[[90.0,80.0,90.0,80.0],1.210098e-07],
[[91.0,90.0,91.0,90.0],6.834563e-06],
[[93.0,90.0,93.0,90.0],1.740049e-06],
[[95.0,90.0,95.0,90.0],1.125829e-06],
[[100.0,20.0,100.0,20.0],0.0],
[[100.0,40.0,100.0,40.0],2.184547e-08],
[[100.0,60.0,100.0,60.0],1.035628e-08],
[[100.0,80.0,100.0,80.0],4.245302e-08],
[[100.0,90.0,100.0,90.0],4.035044e-07],
[[101.0,100.0,101.0,100.0],1.07506e-05],
[[103.0,100.0,103.0,100.0],2.729525e-06],
[[103.0,102.0,103.0,102.0],9.248565e-06],
[[105.0,100.0,105.0,100.0],9.432824e-07],
[[105.0,102.0,105.0,102.0],2.75445e-06],
[[107.0,102.0,107.0,102.0],2.34298e-06],
[[110.0,30.0,110.0,30.0],0.0],
[[110.0,50.0,110.0,50.0],0.0],
[[110.0,70.0,110.0,70.0],2.141895e-08],
[[110.0,90.0,110.0,90.0],1.096728e-07],
[[110.0,100.0,110.0,100.0],4.102217e-07],
[[112.0,102.0,112.0,102.0],4.613062e-07],
[[120.0,40.0,120.0,40.0],8.673239e-09],
[[120.0,60.0,120.0,60.0],2.402636e-08],
[[120.0,80.0,120.0,80.0],2.165282e-08],
[[120.0,100.0,120.0,100.0],1.642753e-07],
[[122.0,102.0,122.0,102.0],1.275887e-07],
[[123.0,122.0,123.0,122.0],1.699581e-05],
[[125.0,122.0,125.0,122.0],6.271119e-06],
[[127.0,122.0,127.0,122.0],2.30994e-06],
[[130.0,50.0,130.0,50.0],0.0],
[[130.0,70.0,130.0,70.0],2.798924e-08],
[[130.0,90.0,130.0,90.0],2.194626e-07],
[[132.0,122.0,132.0,122.0],9.489059e-07],
[[140.0,60.0,140.0,60.0],2.718049e-08],
[[140.0,80.0,140.0,80.0],2.254081e-08],
[[140.0,100.0,140.0,100.0],9.200177e-08],
[[142.0,102.0,142.0,102.0],1.681969e-07],
[[142.0,122.0,142.0,122.0],4.567375e-07],
[[143.0,142.0,143.0,142.0],2.014747e-05],
[[145.0,142.0,145.0,142.0],1.454005e-05],
[[147.0,142.0,147.0,142.0],5.352734e-06],
[[150.0,70.0,150.0,70.0],3.028234e-08],
[[150.0,90.0,150.0,90.0],1.793911e-08],
[[152.0,142.0,152.0,142.0],1.66903e-06],
[[160.0,80.0,160.0,80.0],6.999435e-08],
[[160.0,100.0,160.0,100.0],7.359938e-08],
[[162.0,102.0,162.0,102.0],7.922724e-08],
[[162.0,122.0,162.0,122.0],2.205084e-07],
[[162.0,142.0,162.0,142.0],1.464709e-06],
[[163.0,162.0,163.0,162.0],2.933518e-05],
[[165.0,162.0,165.0,162.0],1.890038e-05],
[[167.0,162.0,167.0,162.0],9.816838e-06],
[[170.0,90.0,170.0,90.0],4.794067e-08],
[[172.0,162.0,172.0,162.0],3.329485e-06],
[[180.0,100.0,180.0,100.0],6.324372e-08],
[[182.0,102.0,182.0,102.0],1.112023e-07],
[[182.0,122.0,182.0,122.0],1.110032e-07],
[[182.0,142.0,182.0,142.0],6.354525e-07],
[[182.0,162.0,182.0,162.0],1.818259e-06],
[[183.0,182.0,183.0,182.0],3.728822e-05],
[[185.0,182.0,185.0,182.0],3.114163e-05],
[[187.0,182.0,187.0,182.0],1.658561e-05],
[[192.0,182.0,192.0,182.0],5.340856e-06],
[[202.0,122.0,202.0,122.0],2.06816e-07],
[[202.0,142.0,202.0,142.0],3.849031e-07],
[[202.0,162.0,202.0,162.0],6.874488e-07],
[[202.0,182.0,202.0,182.0],2.449356e-06],
[[203.0,202.0,203.0,202.0],5.343234e-05],
[[205.0,202.0,205.0,202.0],4.597331e-05],
[[207.0,202.0,207.0,202.0],2.965037e-05],
[[212.0,202.0,212.0,202.0],8.596499e-06],
[[222.0,142.0,222.0,142.0],3.814431e-07],
[[222.0,162.0,222.0,162.0],5.815286e-07],
[[222.0,182.0,222.0,182.0],1.679117e-06],
[[222.0,202.0,222.0,202.0],4.209309e-06],
[[223.0,222.0,223.0,222.0],5.726592e-05],
[[225.0,222.0,225.0,222.0],5.628134e-05],
[[227.0,222.0,227.0,222.0],6.285277e-05],
[[232.0,222.0,232.0,222.0],1.42541e-05],
[[242.0,162.0,242.0,162.0],5.924941e-07],
[[242.0,182.0,242.0,182.0],1.264418e-06],
[[242.0,202.0,242.0,202.0],1.83796e-06],
[[242.0,222.0,242.0,222.0],1.134937e-05],
[[243.0,242.0,243.0,242.0],7.910353e-05],
[[245.0,242.0,245.0,242.0],6.735527e-05],
[[247.0,242.0,247.0,242.0],5.363344e-05],
[[252.0,242.0,252.0,242.0],1.986794e-05],
[[262.0,182.0,262.0,182.0],9.20672e-07],
[[262.0,202.0,262.0,202.0],1.546417e-06],
[[262.0,222.0,262.0,222.0],2.995972e-06],
[[262.0,242.0,262.0,242.0],7.763389e-06],
[[263.0,262.0,263.0,262.0],8.856754e-05],
[[265.0,262.0,265.0,262.0],8.523667e-05],
[[267.0,262.0,267.0,262.0],6.533905e-05],
[[272.0,262.0,272.0,262.0],3.047501e-05],
[[282.0,202.0,282.0,202.0],1.470659e-06],
[[282.0,222.0,282.0,222.0],2.277319e-06],
[[282.0,242.0,282.0,242.0],5.094578e-06],
[[282.0,262.0,282.0,262.0],1.267693e-05],
[[283.0,282.0,283.0,282.0],0.000127489],
[[285.0,282.0,285.0,282.0],9.313112e-05],
[[287.0,282.0,287.0,282.0],7.810447e-05],
[[292.0,282.0,292.0,282.0],4.247354e-05],
[[302.0,222.0,302.0,222.0],1.65622e-06],
[[302.0,242.0,302.0,242.0],3.618203e-06],
[[302.0,262.0,302.0,262.0],7.631094e-06],
[[302.0,282.0,302.0,282.0],1.787771e-05],
[[303.0,302.0,303.0,302.0],0.0001292833],
[[305.0,302.0,305.0,302.0],0.0001303298],
[[307.0,302.0,307.0,302.0],0.0001086008],
[[312.0,302.0,312.0,302.0],5.755142e-05],
[[322.0,242.0,322.0,242.0],3.083823e-06],
[[322.0,262.0,322.0,262.0],5.116983e-06],
[[322.0,282.0,322.0,282.0],9.028725e-06],
[[322.0,302.0,322.0,302.0],2.675961e-05],
[[323.0,322.0,323.0,322.0],0.0001557482],
[[325.0,322.0,325.0,322.0],0.0001530436],
[[327.0,322.0,327.0,322.0],0.0001172736],
[[332.0,322.0,332.0,322.0],7.958195e-05],
[[342.0,262.0,342.0,262.0],4.285163e-06],
[[342.0,282.0,342.0,282.0],5.527637e-06],
[[342.0,302.0,342.0,302.0],1.266022e-05],
[[342.0,322.0,342.0,322.0],3.007527e-05],
[[343.0,342.0,343.0,342.0],0.0001635748],
[[345.0,342.0,345.0,342.0],0.0001687769],
[[347.0,342.0,347.0,342.0],0.0001415247],
[[352.0,342.0,352.0,342.0],8.547749e-05],
[[362.0,282.0,362.0,282.0],4.413761e-06],
[[362.0,302.0,362.0,302.0],8.128439e-06],
[[362.0,322.0,362.0,322.0],1.850478e-05],
[[362.0,342.0,362.0,342.0],4.022585e-05],
[[363.0,362.0,363.0,362.0],0.0001973709],
[[365.0,362.0,365.0,362.0],0.0001917169],
[[367.0,362.0,367.0,362.0],0.0001769817],
[[372.0,362.0,372.0,362.0],0.000105655],
[[382.0,302.0,382.0,302.0],5.901195e-06],
[[382.0,322.0,382.0,322.0],1.418667e-05],
[[382.0,342.0,382.0,342.0],2.090982e-05],
[[382.0,362.0,382.0,362.0],4.937619e-05],
[[383.0,382.0,383.0,382.0],0.0002193141],
[[385.0,382.0,385.0,382.0],0.0002032725],
[[387.0,382.0,387.0,382.0],0.0001892672],
[[392.0,382.0,392.0,382.0],0.0001366075],
[[402.0,322.0,402.0,322.0],7.407375e-06],
[[402.0,342.0,402.0,342.0],1.36079e-05],
[[402.0,362.0,402.0,362.0],2.447892e-05],
[[402.0,382.0,402.0,382.0],6.516014e-05],
[[403.0,402.0,403.0,402.0],0.0002324896],
[[405.0,402.0,405.0,402.0],0.0002279514],
[[407.0,402.0,407.0,402.0],0.0002221599],
[[412.0,402.0,412.0,402.0],0.0001318503],
[[422.0,342.0,422.0,342.0],1.022135e-05],
[[422.0,362.0,422.0,362.0],2.291622e-05],
[[422.0,382.0,422.0,382.0],2.910081e-05],
[[422.0,402.0,422.0,402.0],7.40146e-05],
[[442.0,362.0,442.0,362.0],2.240044e-05],
[[442.0,382.0,442.0,382.0],2.052502e-05],
[[442.0,402.0,442.0,402.0],3.723777e-05],
[[462.0,382.0,462.0,382.0],1.314179e-05],
[[462.0,402.0,462.0,402.0],2.291492e-05],
[[482.0,402.0,482.0,402.0],1.871047e-05],
[[503.0,502.0,503.0,502.0],0.0003789184],
[[505.0,502.0,505.0,502.0],0.0003717343],
[[507.0,502.0,507.0,502.0],0.000346485],
[[512.0,502.0,512.0,502.0],0.0002632087],
[[522.0,502.0,522.0,502.0],0.0001367671],
[[542.0,502.0,542.0,502.0],7.248553e-05],
[[562.0,502.0,562.0,502.0],4.992224e-05],
[[582.0,502.0,582.0,502.0],4.148355e-05],
[[603.0,602.0,603.0,602.0],0.0004966562],
[[605.0,602.0,605.0,602.0],0.000519148],
[[607.0,602.0,607.0,602.0],0.0004796759],
[[612.0,602.0,612.0,602.0],0.0004048401],
[[622.0,602.0,622.0,602.0],0.0002716259],
[[642.0,602.0,642.0,602.0],0.0001352204],
[[662.0,602.0,662.0,602.0],8.426131e-05],
[[682.0,602.0,682.0,602.0],7.673355e-05],
[[703.0,702.0,703.0,702.0],0.0006129024],
[[705.0,702.0,705.0,702.0],0.0006285612],
[[707.0,702.0,707.0,702.0],0.0006101433],
[[712.0,702.0,712.0,702.0],0.0005428584],
[[722.0,702.0,722.0,702.0],0.0003730134],
[[742.0,702.0,742.0,702.0],0.0002101694],
[[762.0,702.0,762.0,702.0],0.0001293514],
[[782.0,702.0,782.0,702.0],9.589701e-05],
[[803.0,802.0,803.0,802.0],0.0007962368],
[[805.0,802.0,805.0,802.0],0.0007533398],
[[807.0,802.0,807.0,802.0],0.0007434825],
[[812.0,802.0,812.0,802.0],0.000670785],
[[822.0,802.0,822.0,802.0],0.000492998],
[[842.0,802.0,842.0,802.0],0.0002747965],
[[862.0,802.0,862.0,802.0],0.0001847956],
[[882.0,802.0,882.0,802.0],0.0001512142],
[[903.0,902.0,903.0,902.0],0.0008834929],
[[905.0,902.0,905.0,902.0],0.0008527161],
[[907.0,902.0,907.0,902.0],0.000864675],
[[912.0,902.0,912.0,902.0],0.0008143847],
[[922.0,902.0,922.0,902.0],0.0006186921],
[[942.0,902.0,942.0,902.0],0.0003556369],
[[962.0,902.0,962.0,902.0],0.0002427637],
[[982.0,902.0,982.0,902.0],0.0001828763],
[[1003.0,1002.0,1003.0,1002.0],0.0009966852],
[[1005.0,1002.0,1005.0,1002.0],0.0009935049],
[[1007.0,1002.0,1007.0,1002.0],0.0009387686],
[[1012.0,1002.0,1012.0,1002.0],0.0009301947],
[[1022.0,1002.0,1022.0,1002.0],0.000716444],
[[1042.0,1002.0,1042.0,1002.0],0.0004265304],
[[1062.0,1002.0,1062.0,1002.0],0.0003029044],
[[1082.0,1002.0,1082.0,1002.0],0.0002118178],
[[1103.0,1102.0,1103.0,1102.0],0.001067846],
[[1105.0,1102.0,1105.0,1102.0],0.001076422],
[[1107.0,1102.0,1107.0,1102.0],0.001040376],
[[1112.0,1102.0,1112.0,1102.0],0.00102002],
[[1122.0,1102.0,1122.0,1102.0],0.0008054102],
[[1142.0,1102.0,1142.0,1102.0],0.0005183089],
[[1162.0,1102.0,1162.0,1102.0],0.0003502705],
[[1182.0,1102.0,1182.0,1102.0],0.0002640813],
[[1203.0,1202.0,1203.0,1202.0],0.001146568],
[[1205.0,1202.0,1205.0,1202.0],0.00114327],
[[1207.0,1202.0,1207.0,1202.0],0.001144358],
[[1212.0,1202.0,1212.0,1202.0],0.00107829],
[[1222.0,1202.0,1222.0,1202.0],0.0009179733],
[[1242.0,1202.0,1242.0,1202.0],0.0005684833],
[[1262.0,1202.0,1262.0,1202.0],0.0003883261],
[[1282.0,1202.0,1282.0,1202.0],0.0003028665],
[[1303.0,1302.0,1303.0,1302.0],0.001205517],
[[1305.0,1302.0,1305.0,1302.0],0.001226757],
[[1307.0,1302.0,1307.0,1302.0],0.001205314],
[[1312.0,1302.0,1312.0,1302.0],0.001189237],
[[1322.0,1302.0,1322.0,1302.0],0.0009892426],
[[1342.0,1302.0,1342.0,1302.0],0.0006433107],
[[1362.0,1302.0,1362.0,1302.0],0.0004387987],
[[1382.0,1302.0,1382.0,1302.0],0.000318414],
[[1403.0,1402.0,1403.0,1402.0],0.001268823],
[[1405.0,1402.0,1405.0,1402.0],0.001271939],
[[1407.0,1402.0,1407.0,1402.0],0.001271233],
[[1412.0,1402.0,1412.0,1402.0],0.001233703],
[[1422.0,1402.0,1422.0,1402.0],0.001050103],
[[1442.0,1402.0,1442.0,1402.0],0.0006710141],
[[1462.0,1402.0,1462.0,1402.0],0.0004860873],
[[1482.0,1402.0,1482.0,1402.0],0.0003740851],
[[1503.0,1502.0,1503.0,1502.0],0.001341642],
[[1505.0,1502.0,1505.0,1502.0],0.001325666],
[[1507.0,1502.0,1507.0,1502.0],0.001288485],
[[1512.0,1502.0,1512.0,1502.0],0.001253866],
[[1522.0,1502.0,1522.0,1502.0],0.00110553],
[[1542.0,1502.0,1542.0,1502.0],0.0007579159],
[[1562.0,1502.0,1562.0,1502.0],0.0005258973],
[[1582.0,1502.0,1582.0,1502.0],0.0003868358],
[[1603.0,1602.0,1603.0,1602.0],0.001344751],
[[1605.0,1602.0,1605.0,1602.0],0.001341652],
[[1607.0,1602.0,1607.0,1602.0],0.001355972],
[[1612.0,1602.0,1612.0,1602.0],0.001288008],
[[1622.0,1602.0,1622.0,1602.0],0.00112921],
[[1642.0,1602.0,1642.0,1602.0],0.000783464],
[[1662.0,1602.0,1662.0,1602.0],0.0005747403],
[[1682.0,1602.0,1682.0,1602.0],0.0003928964],
[[1703.0,1702.0,1703.0,1702.0],0.001340657],
[[1705.0,1702.0,1705.0,1702.0],0.001346385],
[[1707.0,1702.0,1707.0,1702.0],0.001359434],
[[1712.0,1702.0,1712.0,1702.0],0.001331569],
[[1722.0,1702.0,1722.0,1702.0],0.001189023],
[[1742.0,1702.0,1742.0,1702.0],0.0008043059],
[[1762.0,1702.0,1762.0,1702.0],0.000592608],
[[1782.0,1702.0,1782.0,1702.0],0.000455916],
[[1803.0,1802.0,1803.0,1802.0],0.001390647],
[[1805.0,1802.0,1805.0,1802.0],0.001368045],
[[1807.0,1802.0,1807.0,1802.0],0.001373885],
[[1812.0,1802.0,1812.0,1802.0],0.00135726],
[[1822.0,1802.0,1822.0,1802.0],0.00123263],
[[1842.0,1802.0,1842.0,1802.0],0.0008302206],
[[1862.0,1802.0,1862.0,1802.0],0.0006206595],
[[1882.0,1802.0,1882.0,1802.0],0.000473986],
[[1903.0,1902.0,1903.0,1902.0],0.001404907],
[[1905.0,1902.0,1905.0,1902.0],0.001418937],
[[1907.0,1902.0,1907.0,1902.0],0.001386384],
[[1912.0,1902.0,1912.0,1902.0],0.001352415],
[[1922.0,1902.0,1922.0,1902.0],0.001247502],
[[1942.0,1902.0,1942.0,1902.0],0.0008869368],
[[1962.0,1902.0,1962.0,1902.0],0.0006510708],
[[1982.0,1902.0,1982.0,1902.0],0.0004913164],
[[2003.0,2002.0,2003.0,2002.0],0.001412628],
[[2005.0,2002.0,2005.0,2002.0],0.001375268],
[[2007.0,2002.0,2007.0,2002.0],0.001423592],
[[2012.0,2002.0,2012.0,2002.0],0.001380458],
[[2022.0,2002.0,2022.0,2002.0],0.00123635],
[[2042.0,2002.0,2042.0,2002.0],0.0009156927],
[[2062.0,2002.0,2062.0,2002.0],0.0006630282],
[[2082.0,2002.0,2082.0,2002.0],0.0004899737]]
