txName: TChiZISRll
constraint: {(PV > anyBSM(1), MET(3)), (anyBSM(1) > l+,l-,MET(2))}
condition: None
conditionDescription: None
figureUrl: None
source: Recast by MA5
validated: True
axesMap: [{0: 'x', 1: 'y', 2: 'y'}]
dataMap: {0: (1, 'mass', GeV), 1: (2, 'mass', GeV), 2: (3, 'mass', GeV)}
finalState: ['MET', 'MET']
intermediateState: None
efficiencyMap: [[[10.0,1.0,1.0],7.839343e-09],
[[10.0,5.0,5.0],6.696679e-08],
[[10.0,7.0,7.0],1.493919e-08],
[[10.0,9.0,9.0],2.409497e-07],
[[20.0,1.0,1.0],0.0],
[[20.0,15.0,15.0],4.575677e-08],
[[20.0,17.0,17.0],6.407822e-08],
[[20.0,19.0,19.0],1.499672e-07],
[[30.0,1.0,1.0],0.0],
[[30.0,20.0,20.0],3.463697e-09],
[[30.0,25.0,25.0],1.31281e-07],
[[30.0,27.0,27.0],2.241946e-08],
[[30.0,29.0,29.0],2.004343e-07],
[[40.0,1.0,1.0],0.0],
[[40.0,20.0,20.0],0.0],
[[40.0,30.0,30.0],1.247864e-08],
[[40.0,35.0,35.0],1.541137e-07],
[[40.0,37.0,37.0],5.780355e-08],
[[40.0,39.0,39.0],1.861506e-07],
[[50.0,1.0,1.0],0.0],
[[50.0,20.0,20.0],2.676659e-09],
[[50.0,30.0,30.0],9.88606e-09],
[[50.0,40.0,40.0],7.200268e-08],
[[50.0,45.0,45.0],5.286638e-07],
[[50.0,47.0,47.0],1.104131e-06],
[[50.0,49.0,49.0],1.51353e-06],
[[60.0,1.0,1.0],0.0],
[[60.0,20.0,20.0],0.0],
[[60.0,30.0,30.0],1.380517e-08],
[[60.0,40.0,40.0],1.831964e-07],
[[60.0,50.0,50.0],4.020341e-07],
[[60.0,55.0,55.0],1.374744e-06],
[[60.0,57.0,57.0],2.104347e-06],
[[60.0,59.0,59.0],5.313252e-06],
[[61.0,52.0,52.0],4.049719e-07],
[[62.0,2.0,2.0],0.0],
[[62.0,12.0,12.0],0.0],
[[62.0,22.0,22.0],7.13723e-09],
[[62.0,32.0,32.0],8.361379e-08],
[[62.0,42.0,42.0],1.302684e-07],
[[63.0,62.0,62.0],2.756365e-06],
[[65.0,62.0,62.0],1.697029e-06],
[[67.0,62.0,62.0],1.269909e-06],
[[69.0,62.0,62.0],1.171282e-06],
[[72.0,2.0,2.0],0.0],
[[72.0,12.0,12.0],2.375627e-09],
[[72.0,22.0,22.0],3.472464e-08],
[[72.0,32.0,32.0],5.168178e-08],
[[72.0,42.0,42.0],1.731294e-07],
[[72.0,52.0,52.0],2.603478e-07],
[[73.0,72.0,72.0],4.430923e-06],
[[75.0,72.0,72.0],2.891634e-06],
[[77.0,72.0,72.0],2.184055e-06],
[[79.0,72.0,72.0],2.06918e-06],
[[82.0,2.0,2.0],4.191242e-09],
[[82.0,12.0,12.0],3.04836e-09],
[[82.0,22.0,22.0],1.182949e-07],
[[82.0,32.0,32.0],8.485071e-08],
[[82.0,42.0,42.0],1.469962e-07],
[[82.0,52.0,52.0],5.499906e-07],
[[82.0,62.0,62.0],6.202172e-07],
[[83.0,82.0,82.0],6.659062e-06],
[[85.0,82.0,82.0],4.167655e-06],
[[87.0,82.0,82.0],3.214176e-06],
[[89.0,82.0,82.0],2.687624e-06],
[[91.0,82.0,82.0],2.234561e-06],
[[92.0,12.0,12.0],3.561308e-08],
[[92.0,22.0,22.0],6.184863e-08],
[[92.0,32.0,32.0],8.203904e-08],
[[92.0,42.0,42.0],2.195004e-07],
[[92.0,52.0,52.0],2.769172e-07],
[[92.0,62.0,62.0],6.162821e-07],
[[92.0,72.0,72.0],9.016981e-07],
[[93.0,92.0,92.0],7.453946e-06],
[[97.0,92.0,92.0],4.722013e-06],
[[99.0,92.0,92.0],3.985248e-06],
[[102.0,22.0,22.0],1.904538e-07],
[[102.0,32.0,32.0],2.853224e-07],
[[102.0,42.0,42.0],2.241022e-07],
[[102.0,52.0,52.0],3.199657e-07],
[[102.0,62.0,62.0],4.734149e-07],
[[102.0,72.0,72.0],6.747903e-07],
[[102.0,82.0,82.0],2.231207e-06],
[[103.0,102.0,102.0],1.09871e-05],
[[107.0,102.0,102.0],6.101889e-06],
[[109.0,102.0,102.0],4.819278e-06],
[[112.0,32.0,32.0],2.257818e-07],
[[112.0,42.0,42.0],2.661594e-07],
[[112.0,52.0,52.0],3.029162e-07],
[[112.0,62.0,62.0],1.095421e-06],
[[112.0,72.0,72.0],8.102434e-07],
[[112.0,82.0,82.0],9.250192e-07],
[[112.0,92.0,92.0],1.756571e-06],
[[122.0,42.0,42.0],3.511573e-07],
[[122.0,52.0,52.0],5.806496e-07],
[[122.0,62.0,62.0],6.663688e-07],
[[122.0,72.0,72.0],7.693632e-07],
[[122.0,82.0,82.0],1.087413e-06],
[[122.0,92.0,92.0],1.406468e-06],
[[122.0,102.0,102.0],2.604888e-06],
[[123.0,122.0,122.0],1.641663e-05],
[[127.0,122.0,122.0],1.10014e-05],
[[129.0,122.0,122.0],8.816619e-06],
[[132.0,52.0,52.0],3.797432e-07],
[[132.0,62.0,62.0],4.274464e-07],
[[132.0,72.0,72.0],4.801589e-07],
[[132.0,82.0,82.0],1.863751e-06],
[[132.0,92.0,92.0],1.204323e-06],
[[132.0,102.0,102.0],1.804812e-06],
[[142.0,62.0,62.0],1.447681e-06],
[[142.0,72.0,72.0],8.274957e-07],
[[142.0,82.0,82.0],8.086188e-07],
[[142.0,92.0,92.0],1.417729e-06],
[[142.0,102.0,102.0],1.808065e-06],
[[142.0,122.0,122.0],3.945459e-06],
[[143.0,142.0,142.0],2.159569e-05],
[[147.0,142.0,142.0],1.696488e-05],
[[149.0,142.0,142.0],1.32052e-05],
[[151.0,142.0,142.0],1.056292e-05],
[[152.0,72.0,72.0],8.125735e-07],
[[152.0,82.0,82.0],9.004184e-07],
[[152.0,92.0,92.0],9.456375e-07],
[[152.0,102.0,102.0],1.068246e-06],
[[152.0,122.0,122.0],2.650724e-06],
[[162.0,82.0,82.0],1.064785e-06],
[[162.0,92.0,92.0],1.12037e-06],
[[162.0,102.0,102.0],1.226304e-06],
[[162.0,122.0,122.0],2.586554e-06],
[[162.0,142.0,142.0],6.069293e-06],
[[163.0,162.0,162.0],2.9398e-05],
[[167.0,162.0,162.0],2.840684e-05],
[[169.0,162.0,162.0],1.850125e-05],
[[171.0,162.0,162.0],1.359495e-05],
[[172.0,92.0,92.0],1.164005e-06],
[[172.0,102.0,102.0],1.342341e-06],
[[172.0,122.0,122.0],2.276828e-06],
[[172.0,142.0,142.0],4.002873e-06],
[[182.0,102.0,102.0],1.36091e-06],
[[182.0,122.0,122.0],1.803882e-06],
[[182.0,142.0,142.0],3.565918e-06],
[[182.0,162.0,162.0],7.262329e-06],
[[183.0,182.0,182.0],3.305079e-05],
[[187.0,182.0,182.0],2.520132e-05],
[[189.0,182.0,182.0],2.028784e-05],
[[191.0,182.0,182.0],1.834726e-05],
[[192.0,122.0,122.0],1.856602e-06],
[[192.0,142.0,142.0],3.00538e-06],
[[192.0,162.0,162.0],5.863671e-06],
[[202.0,122.0,122.0],1.696793e-06],
[[202.0,142.0,142.0],2.39973e-06],
[[202.0,162.0,162.0],3.800868e-06],
[[202.0,182.0,182.0],9.242594e-06],
[[203.0,202.0,202.0],4.939242e-05],
[[207.0,202.0,202.0],3.528147e-05],
[[209.0,202.0,202.0],2.87461e-05],
[[211.0,202.0,202.0],2.424777e-05],
[[212.0,142.0,142.0],3.173409e-06],
[[212.0,162.0,162.0],3.604527e-06],
[[212.0,182.0,182.0],8.899104e-06],
[[222.0,142.0,142.0],2.643296e-06],
[[222.0,162.0,162.0],3.272886e-06],
[[222.0,182.0,182.0],5.933185e-06],
[[222.0,202.0,202.0],1.161342e-05],
[[223.0,222.0,222.0],5.536825e-05],
[[227.0,222.0,222.0],4.150845e-05],
[[229.0,222.0,222.0],3.64979e-05],
[[231.0,222.0,222.0],2.758036e-05],
[[232.0,162.0,162.0],3.67232e-06],
[[232.0,182.0,182.0],3.789135e-06],
[[232.0,202.0,202.0],9.097276e-06],
[[242.0,162.0,162.0],3.046838e-06],
[[242.0,182.0,182.0],4.114255e-06],
[[242.0,202.0,202.0],6.321385e-06],
[[242.0,222.0,222.0],1.26307e-05],
[[243.0,242.0,242.0],5.824317e-05],
[[247.0,242.0,242.0],4.939018e-05],
[[249.0,242.0,242.0],3.972268e-05],
[[251.0,242.0,242.0],3.476583e-05],
[[252.0,182.0,182.0],7.961958e-06],
[[252.0,202.0,202.0],8.964375e-06],
[[252.0,222.0,222.0],1.063714e-05],
[[262.0,182.0,182.0],3.040032e-06],
[[262.0,202.0,202.0],4.931631e-06],
[[262.0,222.0,222.0],7.313847e-06],
[[262.0,242.0,242.0],1.693553e-05],
[[263.0,262.0,262.0],6.067395e-05],
[[267.0,262.0,262.0],5.328408e-05],
[[269.0,262.0,262.0],4.656701e-05],
[[272.0,202.0,202.0],8.931158e-06],
[[272.0,222.0,222.0],6.93276e-06],
[[272.0,242.0,242.0],1.003813e-05],
[[282.0,202.0,202.0],4.189501e-06],
[[282.0,222.0,222.0],4.652125e-06],
[[282.0,242.0,242.0],1.014424e-05],
[[282.0,262.0,262.0],1.910921e-05],
[[283.0,282.0,282.0],7.098083e-05],
[[287.0,282.0,282.0],6.03359e-05],
[[289.0,282.0,282.0],6.053196e-05],
[[292.0,222.0,222.0],4.954973e-06],
[[292.0,242.0,242.0],7.138791e-06],
[[292.0,262.0,262.0],1.453674e-05],
[[302.0,222.0,222.0],5.207118e-06],
[[302.0,242.0,242.0],7.615868e-06],
[[302.0,262.0,262.0],1.239927e-05],
[[302.0,282.0,282.0],2.423827e-05],
[[303.0,302.0,302.0],8.97975e-05],
[[307.0,302.0,302.0],6.926758e-05],
[[309.0,302.0,302.0],6.188524e-05],
[[312.0,242.0,242.0],6.219971e-06],
[[312.0,262.0,262.0],9.593856e-06],
[[312.0,282.0,282.0],1.494068e-05],
[[322.0,242.0,242.0],6.23065e-06],
[[322.0,262.0,262.0],7.461637e-06],
[[322.0,282.0,282.0],1.109142e-05],
[[322.0,302.0,302.0],2.356712e-05],
[[323.0,322.0,322.0],8.179611e-05],
[[327.0,322.0,322.0],7.199683e-05],
[[329.0,322.0,322.0],6.445531e-05],
[[332.0,262.0,262.0],6.684387e-06],
[[332.0,282.0,282.0],1.043202e-05],
[[332.0,302.0,302.0],1.609154e-05],
[[342.0,262.0,262.0],1.025172e-05],
[[342.0,282.0,282.0],8.438449e-06],
[[342.0,302.0,302.0],1.420244e-05],
[[342.0,322.0,322.0],2.847777e-05],
[[343.0,342.0,342.0],8.808438e-05],
[[347.0,342.0,342.0],8.288552e-05],
[[349.0,342.0,342.0],6.636414e-05],
[[352.0,282.0,282.0],7.010908e-06],
[[352.0,302.0,302.0],1.110393e-05],
[[352.0,322.0,322.0],1.832037e-05],
[[362.0,282.0,282.0],9.21883e-06],
[[362.0,302.0,302.0],9.257678e-06],
[[362.0,322.0,322.0],1.842455e-05],
[[362.0,342.0,342.0],3.08844e-05],
[[363.0,362.0,362.0],9.684303e-05],
[[367.0,362.0,362.0],8.727536e-05],
[[369.0,362.0,362.0],7.525662e-05],
[[372.0,302.0,302.0],7.630738e-06],
[[372.0,342.0,342.0],2.003661e-05],
[[382.0,302.0,302.0],8.750699e-06],
[[382.0,322.0,322.0],9.640649e-06],
[[382.0,362.0,362.0],3.610466e-05],
[[383.0,382.0,382.0],0.000105893],
[[387.0,382.0,382.0],9.072695e-05],
[[389.0,382.0,382.0],8.130867e-05],
[[391.0,382.0,382.0],7.074893e-05],
[[392.0,322.0,322.0],8.278747e-06],
[[392.0,342.0,342.0],1.386119e-05],
[[392.0,362.0,362.0],2.425118e-05],
[[402.0,322.0,322.0],1.043658e-05],
[[402.0,342.0,342.0],1.235614e-05],
[[402.0,362.0,362.0],1.885598e-05],
[[402.0,382.0,382.0],4.117934e-05],
[[403.0,402.0,402.0],0.0001097399],
[[412.0,342.0,342.0],1.074394e-05],
[[412.0,362.0,362.0],1.777746e-05],
[[412.0,382.0,382.0],2.439141e-05],
[[413.0,402.0,402.0],6.705583e-05],
[[417.0,402.0,402.0],5.517758e-05],
[[422.0,342.0,342.0],7.9996e-06],
[[422.0,362.0,362.0],1.31942e-05],
[[422.0,382.0,382.0],1.919377e-05],
[[422.0,402.0,402.0],3.995374e-05],
[[432.0,362.0,362.0],1.132073e-05],
[[432.0,382.0,382.0],1.544532e-05],
[[432.0,402.0,402.0],2.637946e-05],
[[442.0,362.0,362.0],9.498866e-06],
[[442.0,382.0,382.0],1.280474e-05],
[[452.0,382.0,382.0],1.125009e-05],
[[452.0,402.0,402.0],1.638115e-05],
[[462.0,382.0,382.0],1.201311e-05],
[[462.0,402.0,402.0],1.317218e-05],
[[482.0,402.0,402.0],1.234927e-05],
[[503.0,502.0,502.0],0.0001437038],
[[513.0,502.0,502.0],9.044143e-05],
[[517.0,502.0,502.0],6.860275e-05],
[[522.0,502.0,502.0],5.339835e-05],
[[532.0,502.0,502.0],3.556165e-05],
[[552.0,502.0,502.0],2.011264e-05],
[[582.0,502.0,502.0],1.252051e-05],
[[603.0,602.0,602.0],0.0001630938],
[[613.0,602.0,602.0],0.0001171934],
[[617.0,602.0,602.0],8.669749e-05],
[[622.0,602.0,602.0],7.188742e-05],
[[632.0,602.0,602.0],4.942723e-05],
[[652.0,602.0,602.0],2.546697e-05],
[[682.0,602.0,602.0],2.13288e-05],
[[703.0,702.0,702.0],0.0001922869],
[[713.0,702.0,702.0],0.0001327621],
[[717.0,702.0,702.0],0.0001078992],
[[722.0,702.0,702.0],8.148759e-05],
[[732.0,702.0,702.0],5.023135e-05],
[[752.0,702.0,702.0],2.885894e-05],
[[782.0,702.0,702.0],2.057432e-05],
[[803.0,802.0,802.0],0.0002071407],
[[813.0,802.0,802.0],0.0001504967],
[[817.0,802.0,802.0],0.0001160627],
[[822.0,802.0,802.0],9.107209e-05],
[[832.0,802.0,802.0],6.058912e-05],
[[852.0,802.0,802.0],3.495056e-05],
[[882.0,802.0,802.0],2.472825e-05],
[[903.0,902.0,902.0],0.0002206745],
[[913.0,902.0,902.0],0.0001643636],
[[917.0,902.0,902.0],0.000137808],
[[922.0,902.0,902.0],9.968127e-05],
[[932.0,902.0,902.0],6.26691e-05],
[[952.0,902.0,902.0],3.902807e-05],
[[982.0,902.0,902.0],2.780236e-05],
[[1003.0,1002.0,1002.0],0.0002217349],
[[1013.0,1002.0,1002.0],0.0001692535],
[[1017.0,1002.0,1002.0],0.0001423707],
[[1022.0,1002.0,1002.0],0.0001157725],
[[1032.0,1002.0,1002.0],7.331665e-05],
[[1052.0,1002.0,1002.0],4.144883e-05],
[[1082.0,1002.0,1002.0],2.438032e-05],
[[1103.0,1102.0,1102.0],0.0002430809],
[[1113.0,1102.0,1102.0],0.0001814224],
[[1117.0,1102.0,1102.0],0.0001398691],
[[1122.0,1102.0,1102.0],0.0001189929],
[[1132.0,1102.0,1102.0],7.408059e-05],
[[1152.0,1102.0,1102.0],4.234717e-05],
[[1182.0,1102.0,1102.0],3.055272e-05],
[[1203.0,1202.0,1202.0],0.0002481203],
[[1213.0,1202.0,1202.0],0.000194408],
[[1217.0,1202.0,1202.0],0.0001560191],
[[1222.0,1202.0,1202.0],0.0001194959],
[[1232.0,1202.0,1202.0],6.9835e-05],
[[1252.0,1202.0,1202.0],4.432458e-05],
[[1282.0,1202.0,1202.0],2.823463e-05],
[[1303.0,1302.0,1302.0],0.0002476959],
[[1313.0,1302.0,1302.0],0.0002018988],
[[1317.0,1302.0,1302.0],0.0001687829],
[[1322.0,1302.0,1302.0],0.0001177468],
[[1332.0,1302.0,1302.0],7.653689e-05],
[[1352.0,1302.0,1302.0],4.370744e-05],
[[1382.0,1302.0,1302.0],2.923481e-05],
[[1403.0,1402.0,1402.0],0.0002610112],
[[1413.0,1402.0,1402.0],0.0002042123],
[[1417.0,1402.0,1402.0],0.0001682506],
[[1422.0,1402.0,1402.0],0.0001176782],
[[1432.0,1402.0,1402.0],7.761188e-05],
[[1452.0,1402.0,1402.0],4.344564e-05],
[[1482.0,1402.0,1402.0],3.063762e-05],
[[1503.0,1502.0,1502.0],0.0002561041],
[[1513.0,1502.0,1502.0],0.0002072868],
[[1517.0,1502.0,1502.0],0.0001635284],
[[1522.0,1502.0,1502.0],0.0001293838],
[[1532.0,1502.0,1502.0],7.899787e-05],
[[1552.0,1502.0,1502.0],4.56436e-05],
[[1582.0,1502.0,1502.0],2.588235e-05],
[[1603.0,1602.0,1602.0],0.0002422214],
[[1613.0,1602.0,1602.0],0.000206646],
[[1617.0,1602.0,1602.0],0.0001683749],
[[1622.0,1602.0,1602.0],0.0001224145],
[[1632.0,1602.0,1602.0],8.401871e-05],
[[1652.0,1602.0,1602.0],4.139339e-05],
[[1682.0,1602.0,1602.0],3.205132e-05],
[[1703.0,1702.0,1702.0],0.0002479014],
[[1713.0,1702.0,1702.0],0.0002092477],
[[1717.0,1702.0,1702.0],0.0001715001],
[[1722.0,1702.0,1702.0],0.0001304741],
[[1732.0,1702.0,1702.0],8.838068e-05],
[[1752.0,1702.0,1702.0],4.556014e-05],
[[1782.0,1702.0,1702.0],3.094853e-05],
[[1803.0,1802.0,1802.0],0.0002441163],
[[1813.0,1802.0,1802.0],0.0002142521],
[[1817.0,1802.0,1802.0],0.000168893],
[[1822.0,1802.0,1802.0],0.0001286193],
[[1832.0,1802.0,1802.0],7.69086e-05],
[[1852.0,1802.0,1802.0],4.310789e-05],
[[1872.0,1802.0,1802.0],3.745318e-05],
[[1882.0,1802.0,1802.0],2.799477e-05],
[[1903.0,1902.0,1902.0],0.0002518013],
[[1913.0,1902.0,1902.0],0.0002069835],
[[1917.0,1902.0,1902.0],0.0001698268],
[[1922.0,1902.0,1902.0],0.0001145027],
[[1942.0,1902.0,1902.0],5.828649e-05],
[[1952.0,1902.0,1902.0],4.804222e-05],
[[1982.0,1902.0,1902.0],2.820673e-05],
[[2003.0,2002.0,2002.0],0.0002514516],
[[2013.0,2002.0,2002.0],0.0002093049],
[[2017.0,2002.0,2002.0],0.0001609358],
[[2022.0,2002.0,2002.0],0.0001227354],
[[2032.0,2002.0,2002.0],7.635188e-05],
[[2042.0,2002.0,2002.0],5.942662e-05],
[[2052.0,2002.0,2002.0],4.30385e-05],
[[2072.0,2002.0,2002.0],3.290716e-05],
[[2082.0,2002.0,2002.0],3.194269e-05]]
