txName: TChiWWISRqq
constraint: {(PV > anyBSM(1), anyBSM(3)), (anyBSM(1) > q, q, MET(2)), (anyBSM(3) > q, q, MET(4))}
condition: None
conditionDescription: None
figureUrl: None
source: Recast by MA5
validated: True
axesMap: [{0: 'x', 1: 'y', 2: 'x', 3: 'y'}]
dataMap: {0: (1, 'mass', GeV), 1: (2, 'mass', GeV), 2: (3, 'mass', GeV), 3: (4, 'mass', GeV)}
finalState: ['MET', 'MET']
intermediateState: None
efficiencyMap: [[[11.0,10.0,11.0,10.0],2.424763e-07],
[[13.0,10.0,13.0,10.0],0.0],
[[15.0,10.0,15.0,10.0],0.0],
[[20.0,10.0,20.0,10.0],0.0],
[[21.0,20.0,21.0,20.0],1.111373e-07],
[[23.0,20.0,23.0,20.0],2.567771e-08],
[[25.0,20.0,25.0,20.0],0.0],
[[30.0,10.0,30.0,10.0],0.0],
[[30.0,20.0,30.0,20.0],6.481184e-09],
[[31.0,30.0,31.0,30.0],5.787889e-07],
[[33.0,30.0,33.0,30.0],6.4613e-08],
[[35.0,30.0,35.0,30.0],2.166966e-09],
[[40.0,20.0,40.0,20.0],0.0],
[[40.0,30.0,40.0,30.0],1.041057e-08],
[[41.0,40.0,41.0,40.0],3.262242e-07],
[[43.0,40.0,43.0,40.0],1.252293e-07],
[[45.0,40.0,45.0,40.0],9.619135e-09],
[[50.0,10.0,50.0,10.0],0.0],
[[50.0,30.0,50.0,30.0],3.087489e-09],
[[50.0,40.0,50.0,40.0],6.531101e-08],
[[51.0,50.0,51.0,50.0],8.782061e-07],
[[53.0,50.0,53.0,50.0],3.060313e-07],
[[55.0,50.0,55.0,50.0],2.423479e-07],
[[60.0,20.0,60.0,20.0],7.807235e-09],
[[60.0,40.0,60.0,40.0],2.558302e-08],
[[60.0,50.0,60.0,50.0],8.041283e-08],
[[61.0,60.0,61.0,60.0],2.17467e-06],
[[63.0,60.0,63.0,60.0],1.703017e-06],
[[65.0,60.0,65.0,60.0],6.818688e-07],
[[70.0,10.0,70.0,10.0],7.791828e-09],
[[70.0,30.0,70.0,30.0],2.13091e-08],
[[70.0,50.0,70.0,50.0],6.906611e-08],
[[70.0,60.0,70.0,60.0],2.136505e-07],
[[71.0,70.0,71.0,70.0],3.269716e-06],
[[73.0,70.0,73.0,70.0],1.935706e-06],
[[75.0,70.0,75.0,70.0],2.090905e-06],
[[80.0,20.0,80.0,20.0],2.757366e-08],
[[80.0,40.0,80.0,40.0],1.013574e-08],
[[80.0,60.0,80.0,60.0],2.050771e-07],
[[80.0,70.0,80.0,70.0],6.463176e-07],
[[81.0,80.0,81.0,80.0],3.965072e-06],
[[83.0,80.0,83.0,80.0],3.161738e-06],
[[85.0,80.0,85.0,80.0],3.084503e-06],
[[90.0,10.0,90.0,10.0],5.652893e-08],
[[90.0,30.0,90.0,30.0],6.865347e-08],
[[90.0,50.0,90.0,50.0],3.741117e-08],
[[90.0,70.0,90.0,70.0],4.350504e-07],
[[90.0,80.0,90.0,80.0],1.273145e-06],
[[91.0,90.0,91.0,90.0],6.91881e-06],
[[93.0,90.0,93.0,90.0],4.793721e-06],
[[95.0,90.0,95.0,90.0],3.388775e-06],
[[100.0,20.0,100.0,20.0],3.903589e-08],
[[100.0,40.0,100.0,40.0],2.875218e-08],
[[100.0,60.0,100.0,60.0],9.882807e-08],
[[100.0,80.0,100.0,80.0],3.994258e-07],
[[100.0,90.0,100.0,90.0],1.223066e-06],
[[101.0,100.0,101.0,100.0],7.759258e-06],
[[103.0,100.0,103.0,100.0],6.0795e-06],
[[103.0,102.0,103.0,102.0],7.773005e-06],
[[105.0,100.0,105.0,100.0],4.953092e-06],
[[105.0,102.0,105.0,102.0],7.976008e-06],
[[107.0,102.0,107.0,102.0],4.266556e-06],
[[110.0,30.0,110.0,30.0],2.617742e-08],
[[110.0,50.0,110.0,50.0],8.577119e-08],
[[110.0,70.0,110.0,70.0],2.731376e-07],
[[110.0,90.0,110.0,90.0],6.503649e-07],
[[110.0,100.0,110.0,100.0],2.325686e-06],
[[112.0,102.0,112.0,102.0],2.201001e-06],
[[120.0,40.0,120.0,40.0],9.314159e-08],
[[120.0,60.0,120.0,60.0],2.503778e-07],
[[120.0,80.0,120.0,80.0],6.992103e-07],
[[120.0,100.0,120.0,100.0],1.196671e-06],
[[122.0,102.0,122.0,102.0],1.041547e-06],
[[123.0,122.0,123.0,122.0],1.462331e-05],
[[125.0,122.0,125.0,122.0],1.096343e-05],
[[127.0,122.0,127.0,122.0],8.716585e-06],
[[130.0,50.0,130.0,50.0],1.327071e-07],
[[130.0,70.0,130.0,70.0],6.466371e-07],
[[130.0,90.0,130.0,90.0],3.786469e-07],
[[132.0,122.0,132.0,122.0],4.275936e-06],
[[140.0,60.0,140.0,60.0],2.850509e-07],
[[140.0,80.0,140.0,80.0],3.410527e-07],
[[140.0,100.0,140.0,100.0],7.161797e-07],
[[142.0,102.0,142.0,102.0],8.866131e-07],
[[142.0,122.0,142.0,122.0],5.234865e-06],
[[143.0,142.0,143.0,142.0],1.582908e-05],
[[145.0,142.0,145.0,142.0],1.470551e-05],
[[147.0,142.0,147.0,142.0],1.372069e-05],
[[150.0,70.0,150.0,70.0],6.324264e-07],
[[150.0,90.0,150.0,90.0],1.093612e-06],
[[152.0,142.0,152.0,142.0],9.292499e-06],
[[160.0,80.0,160.0,80.0],6.213424e-07],
[[160.0,100.0,160.0,100.0],6.480468e-07],
[[162.0,102.0,162.0,102.0],7.435877e-07],
[[162.0,122.0,162.0,122.0],1.456079e-06],
[[162.0,142.0,162.0,142.0],4.071992e-06],
[[163.0,162.0,163.0,162.0],2.475484e-05],
[[165.0,162.0,165.0,162.0],2.054151e-05],
[[167.0,162.0,167.0,162.0],2.298648e-05],
[[170.0,90.0,170.0,90.0],8.469507e-07],
[[172.0,162.0,172.0,162.0],1.041865e-05],
[[180.0,100.0,180.0,100.0],1.050605e-06],
[[182.0,102.0,182.0,102.0],1.135615e-06],
[[182.0,122.0,182.0,122.0],1.760153e-06],
[[182.0,142.0,182.0,142.0],2.951385e-06],
[[182.0,162.0,182.0,162.0],5.670404e-06],
[[183.0,182.0,183.0,182.0],2.992403e-05],
[[185.0,182.0,185.0,182.0],3.394105e-05],
[[187.0,182.0,187.0,182.0],2.30641e-05],
[[192.0,182.0,192.0,182.0],1.674317e-05],
[[202.0,122.0,202.0,122.0],1.878576e-06],
[[202.0,142.0,202.0,142.0],2.520521e-06],
[[202.0,162.0,202.0,162.0],4.215033e-06],
[[202.0,182.0,202.0,182.0],1.040052e-05],
[[203.0,202.0,203.0,202.0],3.841483e-05],
[[205.0,202.0,205.0,202.0],3.694655e-05],
[[207.0,202.0,207.0,202.0],3.222491e-05],
[[212.0,202.0,212.0,202.0],2.553974e-05],
[[222.0,142.0,222.0,142.0],2.404212e-06],
[[222.0,162.0,222.0,162.0],3.956244e-06],
[[222.0,182.0,222.0,182.0],5.705513e-06],
[[222.0,202.0,222.0,202.0],1.207748e-05],
[[223.0,222.0,223.0,222.0],4.455993e-05],
[[225.0,222.0,225.0,222.0],3.911301e-05],
[[227.0,222.0,227.0,222.0],3.621549e-05],
[[232.0,222.0,232.0,222.0],2.728202e-05],
[[242.0,162.0,242.0,162.0],4.3867e-06],
[[242.0,182.0,242.0,182.0],5.361683e-06],
[[242.0,202.0,242.0,202.0],9.265779e-06],
[[242.0,222.0,242.0,222.0],1.583658e-05],
[[243.0,242.0,243.0,242.0],4.75411e-05],
[[245.0,242.0,245.0,242.0],4.43098e-05],
[[247.0,242.0,247.0,242.0],3.8696e-05],
[[252.0,242.0,252.0,242.0],3.367839e-05],
[[262.0,182.0,262.0,182.0],5.005897e-06],
[[262.0,202.0,262.0,202.0],8.447742e-06],
[[262.0,222.0,262.0,222.0],1.156214e-05],
[[262.0,242.0,262.0,242.0],2.403863e-05],
[[263.0,262.0,263.0,262.0],5.276191e-05],
[[265.0,262.0,265.0,262.0],5.778705e-05],
[[267.0,262.0,267.0,262.0],4.869663e-05],
[[272.0,262.0,272.0,262.0],4.176678e-05],
[[282.0,202.0,282.0,202.0],7.458989e-06],
[[282.0,222.0,282.0,222.0],1.012224e-05],
[[282.0,242.0,282.0,242.0],2.046132e-05],
[[282.0,262.0,282.0,262.0],2.482289e-05],
[[283.0,282.0,283.0,282.0],6.16201e-05],
[[285.0,282.0,285.0,282.0],5.335434e-05],
[[287.0,282.0,287.0,282.0],6.076869e-05],
[[292.0,282.0,292.0,282.0],4.916679e-05],
[[302.0,222.0,302.0,222.0],1.533061e-05],
[[302.0,242.0,302.0,242.0],1.821809e-05],
[[302.0,262.0,302.0,262.0],2.317335e-05],
[[302.0,282.0,302.0,282.0],3.132768e-05],
[[303.0,302.0,303.0,302.0],6.561469e-05],
[[305.0,302.0,305.0,302.0],6.361668e-05],
[[307.0,302.0,307.0,302.0],5.964971e-05],
[[312.0,302.0,312.0,302.0],5.006842e-05],
[[322.0,242.0,322.0,242.0],1.17381e-05],
[[322.0,262.0,322.0,262.0],1.853071e-05],
[[322.0,282.0,322.0,282.0],2.119275e-05],
[[322.0,302.0,322.0,302.0],4.22137e-05],
[[323.0,322.0,323.0,322.0],7.634671e-05],
[[325.0,322.0,325.0,322.0],7.387562e-05],
[[327.0,322.0,327.0,322.0],7.090568e-05],
[[332.0,322.0,332.0,322.0],5.857269e-05],
[[342.0,262.0,342.0,262.0],1.311912e-05],
[[342.0,282.0,342.0,282.0],1.940675e-05],
[[342.0,302.0,342.0,302.0],2.611218e-05],
[[342.0,322.0,342.0,322.0],4.569262e-05],
[[343.0,342.0,343.0,342.0],7.368753e-05],
[[345.0,342.0,345.0,342.0],7.114062e-05],
[[347.0,342.0,347.0,342.0],7.509255e-05],
[[352.0,342.0,352.0,342.0],6.970075e-05],
[[362.0,282.0,362.0,282.0],2.206852e-05],
[[362.0,302.0,362.0,302.0],2.238714e-05],
[[362.0,322.0,362.0,322.0],2.806101e-05],
[[362.0,342.0,362.0,342.0],4.552288e-05],
[[363.0,362.0,363.0,362.0],9.134842e-05],
[[365.0,362.0,365.0,362.0],9.123592e-05],
[[367.0,362.0,367.0,362.0],8.668034e-05],
[[372.0,362.0,372.0,362.0],7.874944e-05],
[[382.0,302.0,382.0,302.0],2.29192e-05],
[[382.0,322.0,382.0,322.0],2.415698e-05],
[[382.0,342.0,382.0,342.0],3.630508e-05],
[[382.0,362.0,382.0,362.0],5.537819e-05],
[[383.0,382.0,383.0,382.0],9.20041e-05],
[[385.0,382.0,385.0,382.0],8.761235e-05],
[[387.0,382.0,387.0,382.0],8.734457e-05],
[[392.0,382.0,392.0,382.0],8.014098e-05],
[[402.0,322.0,402.0,322.0],2.676994e-05],
[[402.0,342.0,402.0,342.0],2.937597e-05],
[[402.0,362.0,402.0,362.0],4.316259e-05],
[[402.0,382.0,402.0,382.0],6.12319e-05],
[[403.0,402.0,403.0,402.0],9.561834e-05],
[[405.0,402.0,405.0,402.0],0.0001026138],
[[407.0,402.0,407.0,402.0],9.656596e-05],
[[412.0,402.0,412.0,402.0],8.159622e-05],
[[422.0,342.0,422.0,342.0],3.256805e-05],
[[422.0,362.0,422.0,362.0],3.22476e-05],
[[422.0,382.0,422.0,382.0],4.82306e-05],
[[422.0,402.0,422.0,402.0],6.661729e-05],
[[442.0,362.0,442.0,362.0],3.308262e-05],
[[442.0,382.0,442.0,382.0],3.632419e-05],
[[442.0,402.0,442.0,402.0],4.486174e-05],
[[462.0,382.0,462.0,382.0],3.613648e-05],
[[462.0,402.0,462.0,402.0],4.029365e-05],
[[482.0,402.0,482.0,402.0],3.947563e-05],
[[503.0,502.0,503.0,502.0],0.0001297747],
[[505.0,502.0,505.0,502.0],0.0001178851],
[[507.0,502.0,507.0,502.0],0.0001143128],
[[512.0,502.0,512.0,502.0],0.000116908],
[[522.0,502.0,522.0,502.0],9.826656e-05],
[[542.0,502.0,542.0,502.0],6.902912e-05],
[[562.0,502.0,562.0,502.0],5.836876e-05],
[[582.0,502.0,582.0,502.0],5.756317e-05],
[[603.0,602.0,603.0,602.0],0.0001471793],
[[605.0,602.0,605.0,602.0],0.0001424354],
[[607.0,602.0,607.0,602.0],0.0001452171],
[[612.0,602.0,612.0,602.0],0.0001346005],
[[622.0,602.0,622.0,602.0],0.0001100868],
[[642.0,602.0,642.0,602.0],9.136425e-05],
[[662.0,602.0,662.0,602.0],7.788798e-05],
[[682.0,602.0,682.0,602.0],7.469399e-05],
[[703.0,702.0,703.0,702.0],0.0001673054],
[[705.0,702.0,705.0,702.0],0.0001730605],
[[707.0,702.0,707.0,702.0],0.0001654167],
[[712.0,702.0,712.0,702.0],0.0001621065],
[[722.0,702.0,722.0,702.0],0.0001426458],
[[742.0,702.0,742.0,702.0],0.00010756],
[[762.0,702.0,762.0,702.0],9.400737e-05],
[[782.0,702.0,782.0,702.0],8.785592e-05],
[[803.0,802.0,803.0,802.0],0.0001840635],
[[805.0,802.0,805.0,802.0],0.0001757339],
[[807.0,802.0,807.0,802.0],0.0001773824],
[[812.0,802.0,812.0,802.0],0.0001855175],
[[822.0,802.0,822.0,802.0],0.0001576651],
[[842.0,802.0,842.0,802.0],0.0001331131],
[[862.0,802.0,862.0,802.0],0.0001061118],
[[882.0,802.0,882.0,802.0],0.0001092129],
[[903.0,902.0,903.0,902.0],0.0002033485],
[[905.0,902.0,905.0,902.0],0.0002072765],
[[907.0,902.0,907.0,902.0],0.0002019396],
[[912.0,902.0,912.0,902.0],0.0001995579],
[[922.0,902.0,922.0,902.0],0.0001790356],
[[942.0,902.0,942.0,902.0],0.0001393057],
[[962.0,902.0,962.0,902.0],0.0001253157],
[[982.0,902.0,982.0,902.0],0.0001209231],
[[1003.0,1002.0,1003.0,1002.0],0.0002153102],
[[1005.0,1002.0,1005.0,1002.0],0.000207825],
[[1007.0,1002.0,1007.0,1002.0],0.0002131212],
[[1012.0,1002.0,1012.0,1002.0],0.0002183169],
[[1022.0,1002.0,1022.0,1002.0],0.0001952354],
[[1042.0,1002.0,1042.0,1002.0],0.0001586478],
[[1062.0,1002.0,1062.0,1002.0],0.0001370444],
[[1082.0,1002.0,1082.0,1002.0],0.000126183],
[[1103.0,1102.0,1103.0,1102.0],0.0002280057],
[[1105.0,1102.0,1105.0,1102.0],0.0002283596],
[[1107.0,1102.0,1107.0,1102.0],0.0002218108],
[[1112.0,1102.0,1112.0,1102.0],0.0002210951],
[[1122.0,1102.0,1122.0,1102.0],0.0002024912],
[[1142.0,1102.0,1142.0,1102.0],0.000169868],
[[1162.0,1102.0,1162.0,1102.0],0.000150226],
[[1182.0,1102.0,1182.0,1102.0],0.0001351555],
[[1203.0,1202.0,1203.0,1202.0],0.0002339384],
[[1205.0,1202.0,1205.0,1202.0],0.0002251247],
[[1207.0,1202.0,1207.0,1202.0],0.0002355318],
[[1212.0,1202.0,1212.0,1202.0],0.0002299203],
[[1222.0,1202.0,1222.0,1202.0],0.0002062963],
[[1242.0,1202.0,1242.0,1202.0],0.0001768483],
[[1262.0,1202.0,1262.0,1202.0],0.0001524938],
[[1282.0,1202.0,1282.0,1202.0],0.0001509109],
[[1303.0,1302.0,1303.0,1302.0],0.0002394285],
[[1305.0,1302.0,1305.0,1302.0],0.000234396],
[[1307.0,1302.0,1307.0,1302.0],0.0002406948],
[[1312.0,1302.0,1312.0,1302.0],0.0002338341],
[[1322.0,1302.0,1322.0,1302.0],0.0002136626],
[[1342.0,1302.0,1342.0,1302.0],0.0001831005],
[[1362.0,1302.0,1362.0,1302.0],0.0001620477],
[[1382.0,1302.0,1382.0,1302.0],0.0001547435],
[[1403.0,1402.0,1403.0,1402.0],0.0002406709],
[[1405.0,1402.0,1405.0,1402.0],0.0002396179],
[[1407.0,1402.0,1407.0,1402.0],0.0002366171],
[[1412.0,1402.0,1412.0,1402.0],0.0002423198],
[[1422.0,1402.0,1422.0,1402.0],0.0002258254],
[[1442.0,1402.0,1442.0,1402.0],0.0001826968],
[[1462.0,1402.0,1462.0,1402.0],0.000169814],
[[1482.0,1402.0,1482.0,1402.0],0.0001527391],
[[1503.0,1502.0,1503.0,1502.0],0.0002538068],
[[1505.0,1502.0,1505.0,1502.0],0.0002416418],
[[1507.0,1502.0,1507.0,1502.0],0.0002420354],
[[1512.0,1502.0,1512.0,1502.0],0.0002335896],
[[1522.0,1502.0,1522.0,1502.0],0.0002358136],
[[1542.0,1502.0,1542.0,1502.0],0.0001894046],
[[1562.0,1502.0,1562.0,1502.0],0.0001799996],
[[1582.0,1502.0,1582.0,1502.0],0.000167608],
[[1603.0,1602.0,1603.0,1602.0],0.0002386229],
[[1605.0,1602.0,1605.0,1602.0],0.0002533682],
[[1607.0,1602.0,1607.0,1602.0],0.0002485484],
[[1612.0,1602.0,1612.0,1602.0],0.0002454866],
[[1622.0,1602.0,1622.0,1602.0],0.000237194],
[[1642.0,1602.0,1642.0,1602.0],0.0002021837],
[[1662.0,1602.0,1662.0,1602.0],0.0001755341],
[[1682.0,1602.0,1682.0,1602.0],0.0001542655],
[[1703.0,1702.0,1703.0,1702.0],0.0002539114],
[[1705.0,1702.0,1705.0,1702.0],0.0002477602],
[[1707.0,1702.0,1707.0,1702.0],0.0002461471],
[[1712.0,1702.0,1712.0,1702.0],0.0002389511],
[[1722.0,1702.0,1722.0,1702.0],0.0002283843],
[[1742.0,1702.0,1742.0,1702.0],0.0002068926],
[[1762.0,1702.0,1762.0,1702.0],0.0001849301],
[[1782.0,1702.0,1782.0,1702.0],0.000171362],
[[1803.0,1802.0,1803.0,1802.0],0.0002565883],
[[1805.0,1802.0,1805.0,1802.0],0.0002437542],
[[1807.0,1802.0,1807.0,1802.0],0.0002416959],
[[1812.0,1802.0,1812.0,1802.0],0.0002421174],
[[1822.0,1802.0,1822.0,1802.0],0.0002470903],
[[1842.0,1802.0,1842.0,1802.0],0.0001991157],
[[1862.0,1802.0,1862.0,1802.0],0.000174332],
[[1882.0,1802.0,1882.0,1802.0],0.0001722705],
[[1903.0,1902.0,1903.0,1902.0],0.0002483851],
[[1905.0,1902.0,1905.0,1902.0],0.0002446599],
[[1907.0,1902.0,1907.0,1902.0],0.0002477965],
[[1912.0,1902.0,1912.0,1902.0],0.0002530004],
[[1922.0,1902.0,1922.0,1902.0],0.0002262717],
[[1942.0,1902.0,1942.0,1902.0],0.000205172],
[[1962.0,1902.0,1962.0,1902.0],0.0001837569],
[[1982.0,1902.0,1982.0,1902.0],0.0001723406],
[[2003.0,2002.0,2003.0,2002.0],0.0002599082],
[[2005.0,2002.0,2005.0,2002.0],0.0002461597],
[[2007.0,2002.0,2007.0,2002.0],0.0002489448],
[[2012.0,2002.0,2012.0,2002.0],0.0002436719],
[[2022.0,2002.0,2022.0,2002.0],0.0002513215],
[[2042.0,2002.0,2042.0,2002.0],0.0002064129],
[[2062.0,2002.0,2062.0,2002.0],0.0001859327],
[[2082.0,2002.0,2082.0,2002.0],0.000174296]]
