txName: TChiISR
constraint: {(PV > MET(1), MET(2))}
condition: None
conditionDescription: None
figureUrl: None
source: Recast by MA5
validated: True
axesMap: [{0: 'x', 1: 'y'}]
dataMap: {0: (1, 'mass', GeV), 1: (2, 'mass', GeV)}
finalState: ['MET', 'MET']
efficiencyMap: [[[1.0,10.0],7.983826e-07],
[[1.0,20.0],3.472769e-07],
[[1.0,30.0],3.478601e-07],
[[1.0,40.0],6.394047e-07],
[[1.0,50.0],3.397016e-07],
[[1.0,60.0],2.15392e-07],
[[5.0,10.0],4.931631e-07],
[[7.0,10.0],3.453236e-07],
[[9.0,10.0],5.031521e-07],
[[10.0,1.0],7.983826e-07],
[[10.0,5.0],4.931631e-07],
[[10.0,7.0],3.453236e-07],
[[10.0,9.0],5.031521e-07],
[[10.0,10.0],2.401009e-07],
[[12.0,62.0],3.409246e-07],
[[12.0,72.0],2.100251e-07],
[[12.0,82.0],1.29331e-06],
[[12.0,92.0],2.686972e-06],
[[12.0,102.0],4.415625e-06],
[[12.0,212.0],2.474707e-05],
[[12.0,312.0],3.497395e-05],
[[15.0,20.0],2.970338e-07],
[[17.0,20.0],4.888218e-07],
[[19.0,20.0],7.713257e-07],
[[20.0,1.0],3.472769e-07],
[[20.0,15.0],2.970338e-07],
[[20.0,17.0],4.888218e-07],
[[20.0,19.0],7.713257e-07],
[[20.0,20.0],3.603157e-07],
[[20.0,30.0],2.762774e-07],
[[20.0,40.0],2.576498e-07],
[[20.0,50.0],3.246815e-07],
[[20.0,60.0],6.650788e-07],
[[25.0,30.0],2.667153e-06],
[[27.0,30.0],2.411354e-07],
[[29.0,30.0],3.194921e-07],
[[30.0,1.0],3.478601e-07],
[[30.0,20.0],2.762774e-07],
[[30.0,25.0],2.667153e-06],
[[30.0,27.0],2.411354e-07],
[[30.0,29.0],3.194921e-07],
[[30.0,30.0],3.137114e-07],
[[30.0,40.0],1.780967e-07],
[[30.0,50.0],2.265884e-07],
[[30.0,60.0],9.105771e-07],
[[32.0,62.0],1.277035e-06],
[[32.0,72.0],1.848813e-06],
[[32.0,82.0],3.216684e-06],
[[32.0,92.0],3.961359e-06],
[[32.0,102.0],6.238413e-06],
[[32.0,112.0],8.143412e-06],
[[32.0,122.0],9.121703e-06],
[[32.0,232.0],2.354543e-05],
[[32.0,332.0],5.129061e-05],
[[35.0,40.0],4.351231e-07],
[[37.0,40.0],4.776293e-07],
[[39.0,40.0],4.157523e-07],
[[40.0,1.0],6.394047e-07],
[[40.0,20.0],2.576498e-07],
[[40.0,30.0],1.780967e-07],
[[40.0,35.0],4.351231e-07],
[[40.0,37.0],4.776293e-07],
[[40.0,39.0],4.157523e-07],
[[40.0,40.0],4.773669e-07],
[[40.0,50.0],1.784636e-06],
[[40.0,60.0],2.541007e-06],
[[45.0,50.0],1.259887e-06],
[[47.0,50.0],1.780399e-06],
[[49.0,50.0],1.556483e-06],
[[50.0,1.0],3.397016e-07],
[[50.0,20.0],3.246815e-07],
[[50.0,30.0],2.265884e-07],
[[50.0,40.0],1.784636e-06],
[[50.0,45.0],1.259887e-06],
[[50.0,47.0],1.780399e-06],
[[50.0,49.0],1.556483e-06],
[[50.0,50.0],1.555143e-06],
[[50.0,60.0],2.932411e-06],
[[52.0,62.0],3.161985e-06],
[[52.0,67.0],3.384013e-06],
[[52.0,72.0],4.212078e-06],
[[52.0,82.0],5.584318e-06],
[[52.0,92.0],5.908146e-06],
[[52.0,102.0],6.56535e-06],
[[52.0,112.0],1.112898e-05],
[[52.0,122.0],1.723348e-05],
[[52.0,132.0],1.201858e-05],
[[52.0,142.0],1.237329e-05],
[[52.0,252.0],3.392373e-05],
[[52.0,352.0],5.993996e-05],
[[55.0,60.0],4.12002e-06],
[[57.0,60.0],3.560133e-06],
[[59.0,60.0],6.113634e-06],
[[60.0,1.0],2.15392e-07],
[[60.0,20.0],6.650788e-07],
[[60.0,30.0],9.105771e-07],
[[60.0,40.0],2.541007e-06],
[[60.0,50.0],2.932411e-06],
[[60.0,55.0],4.12002e-06],
[[60.0,57.0],3.560133e-06],
[[60.0,59.0],6.113634e-06],
[[60.0,60.0],3.473194e-06],
[[62.0,12.0],3.409246e-07],
[[62.0,32.0],1.277035e-06],
[[62.0,52.0],3.161985e-06],
[[67.0,52.0],3.384013e-06],
[[72.0,12.0],2.100251e-07],
[[72.0,32.0],1.848813e-06],
[[72.0,52.0],4.212078e-06],
[[72.0,72.0],7.066172e-06],
[[72.0,75.0],7.366026e-06],
[[72.0,77.0],7.114155e-06],
[[72.0,82.0],8.500982e-06],
[[72.0,87.0],8.310176e-06],
[[72.0,92.0],7.915224e-06],
[[72.0,102.0],1.093674e-05],
[[72.0,112.0],2.224912e-05],
[[72.0,122.0],1.369155e-05],
[[72.0,132.0],2.368897e-05],
[[72.0,142.0],1.957872e-05],
[[72.0,152.0],1.684483e-05],
[[72.0,162.0],1.914185e-05],
[[72.0,272.0],3.874628e-05],
[[72.0,372.0],5.571083e-05],
[[75.0,72.0],7.366026e-06],
[[77.0,72.0],7.114155e-06],
[[82.0,12.0],1.29331e-06],
[[82.0,32.0],3.216684e-06],
[[82.0,52.0],5.584318e-06],
[[82.0,72.0],8.500982e-06],
[[87.0,72.0],8.310176e-06],
[[92.0,12.0],2.686972e-06],
[[92.0,32.0],3.961359e-06],
[[92.0,52.0],5.908146e-06],
[[92.0,72.0],7.915224e-06],
[[92.0,92.0],1.026533e-05],
[[92.0,95.0],1.182005e-05],
[[92.0,97.0],1.34831e-05],
[[92.0,102.0],1.155402e-05],
[[92.0,107.0],1.56631e-05],
[[92.0,112.0],1.503878e-05],
[[92.0,122.0],1.862016e-05],
[[92.0,132.0],1.645546e-05],
[[92.0,142.0],2.008217e-05],
[[92.0,152.0],2.118208e-05],
[[92.0,162.0],2.115436e-05],
[[92.0,172.0],2.848589e-05],
[[92.0,182.0],2.952275e-05],
[[92.0,292.0],4.542578e-05],
[[92.0,392.0],6.758638e-05],
[[95.0,92.0],1.182005e-05],
[[97.0,92.0],1.34831e-05],
[[102.0,12.0],4.415625e-06],
[[102.0,32.0],6.238413e-06],
[[102.0,52.0],6.56535e-06],
[[102.0,72.0],1.093674e-05],
[[102.0,92.0],1.155402e-05],
[[102.0,102.0],1.285664e-05],
[[102.0,105.0],1.682481e-05],
[[102.0,107.0],1.777539e-05],
[[102.0,112.0],1.69892e-05],
[[102.0,117.0],1.49551e-05],
[[102.0,122.0],1.706446e-05],
[[102.0,132.0],2.144775e-05],
[[102.0,142.0],2.357153e-05],
[[102.0,152.0],3.343513e-05],
[[102.0,162.0],2.842075e-05],
[[102.0,172.0],2.60731e-05],
[[102.0,182.0],2.53736e-05],
[[102.0,192.0],3.023292e-05],
[[102.0,302.0],4.909053e-05],
[[102.0,402.0],6.614622e-05],
[[105.0,102.0],1.682481e-05],
[[107.0,92.0],1.56631e-05],
[[107.0,102.0],1.777539e-05],
[[112.0,32.0],8.143412e-06],
[[112.0,52.0],1.112898e-05],
[[112.0,72.0],2.224912e-05],
[[112.0,92.0],1.503878e-05],
[[112.0,102.0],1.69892e-05],
[[117.0,102.0],1.49551e-05],
[[122.0,32.0],9.121703e-06],
[[122.0,52.0],1.723348e-05],
[[122.0,72.0],1.369155e-05],
[[122.0,92.0],1.862016e-05],
[[122.0,102.0],1.706446e-05],
[[132.0,52.0],1.201858e-05],
[[132.0,72.0],2.368897e-05],
[[132.0,92.0],1.645546e-05],
[[132.0,102.0],2.144775e-05],
[[142.0,52.0],1.237329e-05],
[[142.0,72.0],1.957872e-05],
[[142.0,92.0],2.008217e-05],
[[142.0,102.0],2.357153e-05],
[[152.0,72.0],1.684483e-05],
[[152.0,92.0],2.118208e-05],
[[152.0,102.0],3.343513e-05],
[[152.0,152.0],3.145583e-05],
[[152.0,155.0],3.215516e-05],
[[152.0,157.0],4.434423e-05],
[[152.0,162.0],3.162949e-05],
[[152.0,167.0],3.547579e-05],
[[152.0,172.0],3.292572e-05],
[[152.0,182.0],4.223868e-05],
[[152.0,192.0],3.741069e-05],
[[152.0,202.0],5.239201e-05],
[[152.0,212.0],4.263859e-05],
[[152.0,222.0],5.178524e-05],
[[152.0,232.0],4.601606e-05],
[[152.0,242.0],5.049937e-05],
[[152.0,352.0],7.05812e-05],
[[152.0,452.0],8.496349e-05],
[[155.0,152.0],3.215516e-05],
[[157.0,152.0],4.434423e-05],
[[162.0,72.0],1.914185e-05],
[[162.0,92.0],2.115436e-05],
[[162.0,102.0],2.842075e-05],
[[162.0,152.0],3.162949e-05],
[[167.0,152.0],3.547579e-05],
[[172.0,92.0],2.848589e-05],
[[172.0,102.0],2.60731e-05],
[[172.0,152.0],3.292572e-05],
[[182.0,92.0],2.952275e-05],
[[182.0,102.0],2.53736e-05],
[[182.0,152.0],4.223868e-05],
[[192.0,102.0],3.023292e-05],
[[192.0,152.0],3.741069e-05],
[[202.0,152.0],5.239201e-05],
[[202.0,202.0],5.350906e-05],
[[202.0,205.0],5.540719e-05],
[[202.0,207.0],5.020572e-05],
[[202.0,212.0],6.029139e-05],
[[202.0,217.0],5.123647e-05],
[[202.0,222.0],4.894349e-05],
[[202.0,232.0],5.87796e-05],
[[202.0,242.0],5.574052e-05],
[[202.0,252.0],5.75766e-05],
[[202.0,262.0],6.714502e-05],
[[202.0,272.0],5.980749e-05],
[[202.0,282.0],6.563771e-05],
[[202.0,402.0],9.129329e-05],
[[202.0,502.0],9.72005e-05],
[[205.0,202.0],5.540719e-05],
[[207.0,202.0],5.020572e-05],
[[212.0,12.0],2.474707e-05],
[[212.0,152.0],4.263859e-05],
[[212.0,202.0],6.029139e-05],
[[217.0,202.0],5.123647e-05],
[[222.0,152.0],5.178524e-05],
[[222.0,202.0],4.894349e-05],
[[232.0,32.0],2.354543e-05],
[[232.0,152.0],4.601606e-05],
[[232.0,202.0],5.87796e-05],
[[242.0,152.0],5.049937e-05],
[[242.0,202.0],5.574052e-05],
[[252.0,52.0],3.392373e-05],
[[252.0,202.0],5.75766e-05],
[[252.0,252.0],7.365047e-05],
[[252.0,255.0],6.518878e-05],
[[252.0,257.0],7.003236e-05],
[[252.0,262.0],7.709624e-05],
[[252.0,267.0],7.736265e-05],
[[252.0,272.0],7.478953e-05],
[[252.0,282.0],7.037184e-05],
[[252.0,292.0],8.593614e-05],
[[252.0,302.0],7.992375e-05],
[[252.0,312.0],8.091894e-05],
[[252.0,322.0],7.835396e-05],
[[252.0,332.0],7.995156e-05],
[[252.0,342.0],8.474032e-05],
[[252.0,452.0],0.0001022642],
[[252.0,552.0],0.0001192334],
[[255.0,252.0],6.518878e-05],
[[257.0,252.0],7.003236e-05],
[[262.0,202.0],6.714502e-05],
[[262.0,252.0],7.709624e-05],
[[267.0,252.0],7.736265e-05],
[[272.0,72.0],3.874628e-05],
[[272.0,202.0],5.980749e-05],
[[272.0,252.0],7.478953e-05],
[[282.0,202.0],6.563771e-05],
[[282.0,252.0],7.037184e-05],
[[292.0,92.0],4.542578e-05],
[[292.0,252.0],8.593614e-05],
[[302.0,102.0],4.909053e-05],
[[302.0,252.0],7.992375e-05],
[[302.0,302.0],8.242818e-05],
[[302.0,305.0],8.341239e-05],
[[302.0,307.0],8.728721e-05],
[[302.0,312.0],8.485806e-05],
[[302.0,317.0],9.588371e-05],
[[302.0,322.0],9.568663e-05],
[[302.0,332.0],9.48295e-05],
[[302.0,342.0],8.552824e-05],
[[302.0,352.0],9.165062e-05],
[[302.0,362.0],9.767136e-05],
[[302.0,372.0],0.0001084043],
[[302.0,382.0],0.0001066361],
[[302.0,392.0],0.0001082586],
[[302.0,502.0],0.0001185733],
[[302.0,602.0],0.0001246845],
[[305.0,302.0],8.341239e-05],
[[307.0,302.0],8.728721e-05],
[[312.0,12.0],3.497395e-05],
[[312.0,252.0],8.091894e-05],
[[312.0,302.0],8.485806e-05],
[[317.0,302.0],9.588371e-05],
[[322.0,252.0],7.835396e-05],
[[322.0,302.0],9.568663e-05],
[[332.0,32.0],5.129061e-05],
[[332.0,252.0],7.995156e-05],
[[332.0,302.0],9.48295e-05],
[[342.0,252.0],8.474032e-05],
[[342.0,302.0],8.552824e-05],
[[352.0,52.0],5.993996e-05],
[[352.0,152.0],7.05812e-05],
[[352.0,302.0],9.165062e-05],
[[352.0,352.0],9.589004e-05],
[[352.0,355.0],0.0001074382],
[[352.0,357.0],0.0001008194],
[[352.0,362.0],0.0001060141],
[[352.0,367.0],9.663924e-05],
[[352.0,372.0],0.0001053009],
[[352.0,382.0],0.0001176996],
[[352.0,392.0],0.0001021724],
[[352.0,402.0],0.0001112388],
[[352.0,412.0],0.0001036912],
[[352.0,422.0],0.000109973],
[[352.0,432.0],0.0001211958],
[[352.0,442.0],0.0001150922],
[[352.0,552.0],0.0001312856],
[[352.0,652.0],0.0001413708],
[[355.0,352.0],0.0001074382],
[[357.0,352.0],0.0001008194],
[[362.0,302.0],9.767136e-05],
[[362.0,352.0],0.0001060141],
[[367.0,352.0],9.663924e-05],
[[372.0,72.0],5.571083e-05],
[[372.0,302.0],0.0001084043],
[[372.0,352.0],0.0001053009],
[[382.0,302.0],0.0001066361],
[[382.0,352.0],0.0001176996],
[[392.0,92.0],6.758638e-05],
[[392.0,302.0],0.0001082586],
[[392.0,352.0],0.0001021724],
[[402.0,102.0],6.614622e-05],
[[402.0,202.0],9.129329e-05],
[[402.0,352.0],0.0001112388],
[[402.0,402.0],0.0001173195],
[[402.0,405.0],0.000119624],
[[402.0,407.0],0.0001127479],
[[402.0,412.0],0.0001170048],
[[402.0,417.0],0.0001184735],
[[402.0,422.0],0.0001153909],
[[402.0,432.0],0.0001239342],
[[402.0,442.0],0.0001233125],
[[402.0,452.0],0.0001261438],
[[402.0,462.0],0.0001310116],
[[402.0,472.0],0.0001254637],
[[402.0,482.0],0.0001408369],
[[402.0,492.0],0.0001225974],
[[402.0,602.0],0.0001440589],
[[402.0,702.0],0.0001553343],
[[405.0,402.0],0.000119624],
[[407.0,402.0],0.0001127479],
[[412.0,352.0],0.0001036912],
[[412.0,402.0],0.0001170048],
[[417.0,402.0],0.0001184735],
[[422.0,352.0],0.000109973],
[[422.0,402.0],0.0001153909],
[[432.0,352.0],0.0001211958],
[[432.0,402.0],0.0001239342],
[[442.0,352.0],0.0001150922],
[[442.0,402.0],0.0001233125],
[[452.0,152.0],8.496349e-05],
[[452.0,252.0],0.0001022642],
[[452.0,402.0],0.0001261438],
[[462.0,402.0],0.0001310116],
[[472.0,402.0],0.0001254637],
[[482.0,402.0],0.0001408369],
[[492.0,402.0],0.0001225974],
[[502.0,202.0],9.72005e-05],
[[502.0,302.0],0.0001185733],
[[552.0,252.0],0.0001192334],
[[552.0,352.0],0.0001312856],
[[602.0,302.0],0.0001246845],
[[602.0,402.0],0.0001440589],
[[602.0,602.0],0.0001741185],
[[602.0,605.0],0.0001603979],
[[602.0,607.0],0.0001735798],
[[602.0,612.0],0.0001688108],
[[602.0,617.0],0.0001684526],
[[602.0,622.0],0.0001743154],
[[602.0,632.0],0.0001705223],
[[602.0,642.0],0.000174797],
[[602.0,652.0],0.0001707549],
[[602.0,662.0],0.0001650105],
[[602.0,672.0],0.0001758107],
[[602.0,682.0],0.0001747843],
[[602.0,692.0],0.0001793484],
[[602.0,802.0],0.0001927511],
[[602.0,902.0],0.0002081336],
[[605.0,602.0],0.0001603979],
[[607.0,602.0],0.0001735798],
[[612.0,602.0],0.0001688108],
[[617.0,602.0],0.0001684526],
[[622.0,602.0],0.0001743154],
[[632.0,602.0],0.0001705223],
[[642.0,602.0],0.000174797],
[[652.0,352.0],0.0001413708],
[[652.0,602.0],0.0001707549],
[[662.0,602.0],0.0001650105],
[[672.0,602.0],0.0001758107],
[[682.0,602.0],0.0001747843],
[[692.0,602.0],0.0001793484],
[[702.0,402.0],0.0001553343],
[[802.0,602.0],0.0001927511],
[[802.0,802.0],0.0002044708],
[[802.0,805.0],0.000204372],
[[802.0,807.0],0.0002099308],
[[802.0,812.0],0.0002149072],
[[802.0,817.0],0.0002086552],
[[802.0,822.0],0.000199259],
[[802.0,832.0],0.0002042695],
[[802.0,842.0],0.0002049473],
[[802.0,852.0],0.0002073354],
[[802.0,862.0],0.0002028632],
[[802.0,872.0],0.0002139402],
[[802.0,882.0],0.0001986827],
[[802.0,892.0],0.000209932],
[[802.0,1002.0],0.0002224807],
[[802.0,1102.0],0.0002148299],
[[805.0,802.0],0.000204372],
[[807.0,802.0],0.0002099308],
[[812.0,802.0],0.0002149072],
[[817.0,802.0],0.0002086552],
[[822.0,802.0],0.000199259],
[[832.0,802.0],0.0002042695],
[[842.0,802.0],0.0002049473],
[[852.0,802.0],0.0002073354],
[[862.0,802.0],0.0002028632],
[[872.0,802.0],0.0002139402],
[[882.0,802.0],0.0001986827],
[[892.0,802.0],0.000209932],
[[902.0,602.0],0.0002081336],
[[1002.0,802.0],0.0002224807],
[[1002.0,1002.0],0.0002292381],
[[1002.0,1005.0],0.0002326148],
[[1002.0,1007.0],0.0002322494],
[[1002.0,1012.0],0.0002349719],
[[1002.0,1017.0],0.0002305306],
[[1002.0,1022.0],0.0002294606],
[[1002.0,1032.0],0.0002282406],
[[1002.0,1042.0],0.0002252622],
[[1002.0,1052.0],0.0002257118],
[[1002.0,1062.0],0.0002335783],
[[1002.0,1072.0],0.0002379796],
[[1002.0,1082.0],0.0002333376],
[[1002.0,1092.0],0.00023398],
[[1002.0,1202.0],0.0002344457],
[[1002.0,1302.0],0.000232301],
[[1005.0,1002.0],0.0002326148],
[[1007.0,1002.0],0.0002322494],
[[1012.0,1002.0],0.0002349719],
[[1017.0,1002.0],0.0002305306],
[[1022.0,1002.0],0.0002294606],
[[1032.0,1002.0],0.0002282406],
[[1042.0,1002.0],0.0002252622],
[[1052.0,1002.0],0.0002257118],
[[1062.0,1002.0],0.0002335783],
[[1072.0,1002.0],0.0002379796],
[[1082.0,1002.0],0.0002333376],
[[1092.0,1002.0],0.00023398],
[[1102.0,802.0],0.0002148299],
[[1202.0,1002.0],0.0002344457],
[[1202.0,1202.0],0.0002398374],
[[1202.0,1205.0],0.0002440302],
[[1202.0,1207.0],0.0002421531],
[[1202.0,1212.0],0.0002406299],
[[1202.0,1217.0],0.0002449703],
[[1202.0,1222.0],0.0002555783],
[[1202.0,1232.0],0.0002397798],
[[1202.0,1242.0],0.0002435919],
[[1202.0,1252.0],0.0002358279],
[[1202.0,1262.0],0.0002420263],
[[1202.0,1272.0],0.0002472675],
[[1202.0,1282.0],0.0002548188],
[[1202.0,1292.0],0.0002525367],
[[1202.0,1402.0],0.0002433888],
[[1202.0,1502.0],0.0002406244],
[[1205.0,1202.0],0.0002440302],
[[1207.0,1202.0],0.0002421531],
[[1212.0,1202.0],0.0002406299],
[[1217.0,1202.0],0.0002449703],
[[1222.0,1202.0],0.0002555783],
[[1232.0,1202.0],0.0002397798],
[[1242.0,1202.0],0.0002435919],
[[1252.0,1202.0],0.0002358279],
[[1262.0,1202.0],0.0002420263],
[[1272.0,1202.0],0.0002472675],
[[1282.0,1202.0],0.0002548188],
[[1292.0,1202.0],0.0002525367],
[[1302.0,1002.0],0.000232301],
[[1402.0,1202.0],0.0002433888],
[[1402.0,1402.0],0.000249329],
[[1402.0,1405.0],0.0002463075],
[[1402.0,1407.0],0.0002437635],
[[1402.0,1412.0],0.0002546034],
[[1402.0,1417.0],0.0002453856],
[[1402.0,1422.0],0.0002522015],
[[1402.0,1432.0],0.0002466555],
[[1402.0,1442.0],0.0002468949],
[[1402.0,1452.0],0.0002549545],
[[1402.0,1462.0],0.000245698],
[[1402.0,1472.0],0.0002498547],
[[1402.0,1482.0],0.0002492084],
[[1402.0,1492.0],0.0002386894],
[[1402.0,1602.0],0.0002414378],
[[1402.0,1702.0],0.0002480242],
[[1405.0,1402.0],0.0002463075],
[[1407.0,1402.0],0.0002437635],
[[1412.0,1402.0],0.0002546034],
[[1417.0,1402.0],0.0002453856],
[[1422.0,1402.0],0.0002522015],
[[1432.0,1402.0],0.0002466555],
[[1442.0,1402.0],0.0002468949],
[[1452.0,1402.0],0.0002549545],
[[1462.0,1402.0],0.000245698],
[[1472.0,1402.0],0.0002498547],
[[1482.0,1402.0],0.0002492084],
[[1492.0,1402.0],0.0002386894],
[[1502.0,1202.0],0.0002406244],
[[1602.0,1402.0],0.0002414378],
[[1602.0,1602.0],0.0002460664],
[[1602.0,1605.0],0.0002562089],
[[1602.0,1607.0],0.000254199],
[[1602.0,1612.0],0.0002501688],
[[1602.0,1617.0],0.0002536939],
[[1602.0,1622.0],0.0002555268],
[[1602.0,1632.0],0.0002588399],
[[1602.0,1642.0],0.0002676111],
[[1602.0,1652.0],0.0002435378],
[[1602.0,1662.0],0.0002667197],
[[1602.0,1672.0],0.0002528875],
[[1602.0,1682.0],0.00025088],
[[1602.0,1692.0],0.0002515921],
[[1602.0,1802.0],0.00024157],
[[1602.0,1902.0],0.0002556152],
[[1605.0,1602.0],0.0002562089],
[[1607.0,1602.0],0.000254199],
[[1612.0,1602.0],0.0002501688],
[[1617.0,1602.0],0.0002536939],
[[1622.0,1602.0],0.0002555268],
[[1632.0,1602.0],0.0002588399],
[[1642.0,1602.0],0.0002676111],
[[1652.0,1602.0],0.0002435378],
[[1662.0,1602.0],0.0002667197],
[[1672.0,1602.0],0.0002528875],
[[1682.0,1602.0],0.00025088],
[[1692.0,1602.0],0.0002515921],
[[1702.0,1402.0],0.0002480242],
[[1802.0,1602.0],0.00024157],
[[1802.0,1802.0],0.0002428313],
[[1802.0,1805.0],0.0002586073],
[[1802.0,1807.0],0.0002398159],
[[1802.0,1812.0],0.0002554868],
[[1802.0,1817.0],0.0002482975],
[[1802.0,1822.0],0.0002448703],
[[1802.0,1832.0],0.0002516959],
[[1802.0,1842.0],0.0002618947],
[[1802.0,1852.0],0.0002435723],
[[1802.0,1862.0],0.0002433763],
[[1802.0,1872.0],0.0002360935],
[[1802.0,1882.0],0.000250443],
[[1802.0,1892.0],0.0002503497],
[[1802.0,2002.0],0.0002411824],
[[1802.0,2102.0],0.0002477548],
[[1805.0,1802.0],0.0002586073],
[[1807.0,1802.0],0.0002398159],
[[1812.0,1802.0],0.0002554868],
[[1817.0,1802.0],0.0002482975],
[[1822.0,1802.0],0.0002448703],
[[1832.0,1802.0],0.0002516959],
[[1842.0,1802.0],0.0002618947],
[[1852.0,1802.0],0.0002435723],
[[1862.0,1802.0],0.0002433763],
[[1872.0,1802.0],0.0002360935],
[[1882.0,1802.0],0.000250443],
[[1892.0,1802.0],0.0002503497],
[[1902.0,1602.0],0.0002556152],
[[2002.0,1802.0],0.0002411824],
[[2002.0,2002.0],0.0002435875],
[[2002.0,2005.0],0.0002519948],
[[2002.0,2007.0],0.0002521575],
[[2002.0,2012.0],0.0002429882],
[[2002.0,2017.0],0.0002430847],
[[2002.0,2022.0],0.0002537805],
[[2002.0,2032.0],0.000249657],
[[2002.0,2042.0],0.000238236],
[[2002.0,2052.0],0.0002514965],
[[2002.0,2062.0],0.0002454116],
[[2002.0,2072.0],0.0002441684],
[[2002.0,2082.0],0.0002410065],
[[2002.0,2092.0],0.0002652199],
[[2002.0,2202.0],0.0002247051],
[[2002.0,2302.0],0.0002356442],
[[2005.0,2002.0],0.0002519948],
[[2007.0,2002.0],0.0002521575],
[[2012.0,2002.0],0.0002429882],
[[2017.0,2002.0],0.0002430847],
[[2022.0,2002.0],0.0002537805],
[[2032.0,2002.0],0.000249657],
[[2042.0,2002.0],0.000238236],
[[2052.0,2002.0],0.0002514965],
[[2062.0,2002.0],0.0002454116],
[[2072.0,2002.0],0.0002441684],
[[2082.0,2002.0],0.0002410065],
[[2092.0,2002.0],0.0002652199],
[[2102.0,1802.0],0.0002477548],
[[2202.0,2002.0],0.0002247051],
[[2302.0,2002.0],0.0002356442]]
