dataId: SR_2018_8
dataType: efficiencyMap
observedN: 8639
expectedBG: 7836.975708
bgError: 152.02958557465058
upperLimit: 8.07*fb
expectedUpperLimit: 6.555*fb
