txName: TChiISR
constraint: {(PV > MET(1), MET(2))}
condition: None
conditionDescription: None
figureUrl: None
source: Recast by MA5
validated: True
axesMap: [{0: 'x', 1: 'y'}]
dataMap: {0: (1, 'mass', GeV), 1: (2, 'mass', GeV)}
finalState: ['MET', 'MET']
intermediateState: None
efficiencyMap: [[[1.0,10.0],3.121683e-06],
[[1.0,20.0],3.755691e-06],
[[1.0,30.0],5.703134e-06],
[[1.0,40.0],3.211879e-06],
[[1.0,50.0],3.491483e-06],
[[1.0,60.0],4.581899e-06],
[[5.0,10.0],2.504696e-06],
[[7.0,10.0],2.564411e-06],
[[9.0,10.0],3.999418e-06],
[[10.0,1.0],3.121683e-06],
[[10.0,5.0],2.504696e-06],
[[10.0,7.0],2.564411e-06],
[[10.0,9.0],3.999418e-06],
[[10.0,10.0],2.808505e-06],
[[12.0,62.0],3.162522e-06],
[[12.0,72.0],8.009026e-06],
[[12.0,82.0],2.233255e-05],
[[12.0,92.0],2.435678e-05],
[[12.0,102.0],2.74772e-05],
[[12.0,212.0],0.0001219161],
[[12.0,312.0],0.0002161094],
[[15.0,20.0],2.614483e-06],
[[17.0,20.0],2.522041e-06],
[[19.0,20.0],2.894042e-06],
[[20.0,1.0],3.755691e-06],
[[20.0,15.0],2.614483e-06],
[[20.0,17.0],2.522041e-06],
[[20.0,19.0],2.894042e-06],
[[20.0,20.0],3.332281e-06],
[[20.0,30.0],3.320958e-06],
[[20.0,40.0],5.893825e-06],
[[20.0,50.0],2.608065e-06],
[[20.0,60.0],2.729791e-06],
[[25.0,30.0],2.890238e-06],
[[27.0,30.0],3.483675e-06],
[[29.0,30.0],3.337886e-06],
[[30.0,1.0],5.703134e-06],
[[30.0,20.0],3.320958e-06],
[[30.0,25.0],2.890238e-06],
[[30.0,27.0],3.483675e-06],
[[30.0,29.0],3.337886e-06],
[[30.0,30.0],3.526782e-06],
[[30.0,40.0],5.024587e-06],
[[30.0,50.0],2.718525e-06],
[[30.0,60.0],8.079238e-06],
[[32.0,62.0],1.217023e-05],
[[32.0,72.0],1.765192e-05],
[[32.0,82.0],2.95369e-05],
[[32.0,92.0],3.564963e-05],
[[32.0,102.0],4.290711e-05],
[[32.0,112.0],5.817639e-05],
[[32.0,122.0],5.113024e-05],
[[32.0,232.0],0.0001613779],
[[32.0,332.0],0.0002430327],
[[35.0,40.0],2.636438e-06],
[[37.0,40.0],3.458271e-06],
[[39.0,40.0],2.63431e-06],
[[40.0,1.0],3.211879e-06],
[[40.0,20.0],5.893825e-06],
[[40.0,30.0],5.024587e-06],
[[40.0,35.0],2.636438e-06],
[[40.0,37.0],3.458271e-06],
[[40.0,39.0],2.63431e-06],
[[40.0,40.0],5.016226e-06],
[[40.0,50.0],7.793575e-06],
[[40.0,60.0],1.535735e-05],
[[45.0,50.0],1.448345e-05],
[[47.0,50.0],1.577114e-05],
[[49.0,50.0],1.711645e-05],
[[50.0,1.0],3.491483e-06],
[[50.0,20.0],2.608065e-06],
[[50.0,30.0],2.718525e-06],
[[50.0,40.0],7.793575e-06],
[[50.0,45.0],1.448345e-05],
[[50.0,47.0],1.577114e-05],
[[50.0,49.0],1.711645e-05],
[[50.0,50.0],1.767842e-05],
[[50.0,60.0],2.43893e-05],
[[52.0,62.0],2.34546e-05],
[[52.0,67.0],2.81217e-05],
[[52.0,72.0],3.612337e-05],
[[52.0,82.0],7.179564e-05],
[[52.0,92.0],5.250712e-05],
[[52.0,102.0],5.457242e-05],
[[52.0,112.0],6.329213e-05],
[[52.0,122.0],6.705434e-05],
[[52.0,132.0],8.411635e-05],
[[52.0,142.0],8.272593e-05],
[[52.0,252.0],0.0001871899],
[[52.0,352.0],0.0002720635],
[[55.0,60.0],2.936325e-05],
[[57.0,60.0],2.43005e-05],
[[59.0,60.0],2.899952e-05],
[[60.0,1.0],4.581899e-06],
[[60.0,20.0],2.729791e-06],
[[60.0,30.0],8.079238e-06],
[[60.0,40.0],1.535735e-05],
[[60.0,50.0],2.43893e-05],
[[60.0,55.0],2.936325e-05],
[[60.0,57.0],2.43005e-05],
[[60.0,59.0],2.899952e-05],
[[60.0,60.0],3.362794e-05],
[[62.0,12.0],3.162522e-06],
[[62.0,32.0],1.217023e-05],
[[62.0,52.0],2.34546e-05],
[[67.0,52.0],2.81217e-05],
[[72.0,12.0],8.009026e-06],
[[72.0,32.0],1.765192e-05],
[[72.0,52.0],3.612337e-05],
[[72.0,72.0],5.413078e-05],
[[72.0,75.0],5.546074e-05],
[[72.0,77.0],5.390361e-05],
[[72.0,82.0],7.010403e-05],
[[72.0,87.0],5.554433e-05],
[[72.0,92.0],6.393164e-05],
[[72.0,102.0],7.349341e-05],
[[72.0,112.0],7.251484e-05],
[[72.0,122.0],8.627782e-05],
[[72.0,132.0],0.0001035137],
[[72.0,142.0],0.0001041392],
[[72.0,152.0],0.0001054329],
[[72.0,162.0],0.0001257281],
[[72.0,272.0],0.0002177653],
[[72.0,372.0],0.0002979527],
[[75.0,72.0],5.546074e-05],
[[77.0,72.0],5.390361e-05],
[[82.0,12.0],2.233255e-05],
[[82.0,32.0],2.95369e-05],
[[82.0,52.0],7.179564e-05],
[[82.0,72.0],7.010403e-05],
[[87.0,72.0],5.554433e-05],
[[92.0,12.0],2.435678e-05],
[[92.0,32.0],3.564963e-05],
[[92.0,52.0],5.250712e-05],
[[92.0,72.0],6.393164e-05],
[[92.0,92.0],9.401117e-05],
[[92.0,95.0],8.43905e-05],
[[92.0,97.0],8.863869e-05],
[[92.0,102.0],8.78446e-05],
[[92.0,107.0],9.384809e-05],
[[92.0,112.0],8.863465e-05],
[[92.0,122.0],9.892797e-05],
[[92.0,132.0],0.0001317599],
[[92.0,142.0],0.0001202964],
[[92.0,152.0],0.0001477352],
[[92.0,162.0],0.0001366644],
[[92.0,172.0],0.0001675108],
[[92.0,182.0],0.0001703192],
[[92.0,292.0],0.0002869253],
[[92.0,392.0],0.0003384559],
[[95.0,92.0],8.43905e-05],
[[97.0,92.0],8.863869e-05],
[[102.0,12.0],2.74772e-05],
[[102.0,32.0],4.290711e-05],
[[102.0,52.0],5.457242e-05],
[[102.0,72.0],7.349341e-05],
[[102.0,92.0],8.78446e-05],
[[102.0,102.0],0.0001015358],
[[102.0,105.0],0.0001066893],
[[102.0,107.0],9.533071e-05],
[[102.0,112.0],0.0001015098],
[[102.0,117.0],0.0001364021],
[[102.0,122.0],0.0001073232],
[[102.0,132.0],0.0001218645],
[[102.0,142.0],0.0001423412],
[[102.0,152.0],0.0001531675],
[[102.0,162.0],0.0001532613],
[[102.0,172.0],0.0001647663],
[[102.0,182.0],0.0001748081],
[[102.0,192.0],0.0001978138],
[[102.0,302.0],0.0002633221],
[[102.0,402.0],0.0003383287],
[[105.0,102.0],0.0001066893],
[[107.0,92.0],9.384809e-05],
[[107.0,102.0],9.533071e-05],
[[112.0,32.0],5.817639e-05],
[[112.0,52.0],6.329213e-05],
[[112.0,72.0],7.251484e-05],
[[112.0,92.0],8.863465e-05],
[[112.0,102.0],0.0001015098],
[[117.0,102.0],0.0001364021],
[[122.0,32.0],5.113024e-05],
[[122.0,52.0],6.705434e-05],
[[122.0,72.0],8.627782e-05],
[[122.0,92.0],9.892797e-05],
[[122.0,102.0],0.0001073232],
[[132.0,52.0],8.411635e-05],
[[132.0,72.0],0.0001035137],
[[132.0,92.0],0.0001317599],
[[132.0,102.0],0.0001218645],
[[142.0,52.0],8.272593e-05],
[[142.0,72.0],0.0001041392],
[[142.0,92.0],0.0001202964],
[[142.0,102.0],0.0001423412],
[[152.0,72.0],0.0001054329],
[[152.0,92.0],0.0001477352],
[[152.0,102.0],0.0001531675],
[[152.0,152.0],0.0001935429],
[[152.0,155.0],0.0001788164],
[[152.0,157.0],0.000211565],
[[152.0,162.0],0.000188222],
[[152.0,167.0],0.0001869918],
[[152.0,172.0],0.0002378459],
[[152.0,182.0],0.0002065301],
[[152.0,192.0],0.0002425916],
[[152.0,202.0],0.000238426],
[[152.0,212.0],0.0002302307],
[[152.0,222.0],0.0002349457],
[[152.0,232.0],0.0002458181],
[[152.0,242.0],0.0002783872],
[[152.0,352.0],0.0003572729],
[[152.0,452.0],0.0004171493],
[[155.0,152.0],0.0001788164],
[[157.0,152.0],0.000211565],
[[162.0,72.0],0.0001257281],
[[162.0,92.0],0.0001366644],
[[162.0,102.0],0.0001532613],
[[162.0,152.0],0.000188222],
[[167.0,152.0],0.0001869918],
[[172.0,92.0],0.0001675108],
[[172.0,102.0],0.0001647663],
[[172.0,152.0],0.0002378459],
[[182.0,92.0],0.0001703192],
[[182.0,102.0],0.0001748081],
[[182.0,152.0],0.0002065301],
[[192.0,102.0],0.0001978138],
[[192.0,152.0],0.0002425916],
[[202.0,152.0],0.000238426],
[[202.0,202.0],0.0002681927],
[[202.0,205.0],0.0002677562],
[[202.0,207.0],0.0002669317],
[[202.0,212.0],0.0002702809],
[[202.0,217.0],0.0002882627],
[[202.0,222.0],0.0002941713],
[[202.0,232.0],0.0003143289],
[[202.0,242.0],0.0003240133],
[[202.0,252.0],0.0003046099],
[[202.0,262.0],0.0003107483],
[[202.0,272.0],0.0003147844],
[[202.0,282.0],0.0003640216],
[[202.0,402.0],0.0004141066],
[[202.0,502.0],0.0004647307],
[[205.0,202.0],0.0002677562],
[[207.0,202.0],0.0002669317],
[[212.0,12.0],0.0001219161],
[[212.0,152.0],0.0002302307],
[[212.0,202.0],0.0002702809],
[[217.0,202.0],0.0002882627],
[[222.0,152.0],0.0002349457],
[[222.0,202.0],0.0002941713],
[[232.0,32.0],0.0001613779],
[[232.0,152.0],0.0002458181],
[[232.0,202.0],0.0003143289],
[[242.0,152.0],0.0002783872],
[[242.0,202.0],0.0003240133],
[[252.0,52.0],0.0001871899],
[[252.0,202.0],0.0003046099],
[[252.0,252.0],0.0003378855],
[[252.0,255.0],0.000345638],
[[252.0,257.0],0.0003639321],
[[252.0,262.0],0.0004224512],
[[252.0,267.0],0.0003473987],
[[252.0,272.0],0.0003968733],
[[252.0,282.0],0.0003973942],
[[252.0,292.0],0.0003738093],
[[252.0,302.0],0.0003607108],
[[252.0,312.0],0.0003831271],
[[252.0,322.0],0.0004112147],
[[252.0,332.0],0.0004226399],
[[252.0,342.0],0.0004160521],
[[252.0,452.0],0.0004751986],
[[252.0,552.0],0.0005472781],
[[255.0,252.0],0.000345638],
[[257.0,252.0],0.0003639321],
[[262.0,202.0],0.0003107483],
[[262.0,252.0],0.0004224512],
[[267.0,252.0],0.0003473987],
[[272.0,72.0],0.0002177653],
[[272.0,202.0],0.0003147844],
[[272.0,252.0],0.0003968733],
[[282.0,202.0],0.0003640216],
[[282.0,252.0],0.0003973942],
[[292.0,92.0],0.0002869253],
[[292.0,252.0],0.0003738093],
[[302.0,102.0],0.0002633221],
[[302.0,252.0],0.0003607108],
[[302.0,302.0],0.0004538339],
[[302.0,305.0],0.0004218179],
[[302.0,307.0],0.0004476987],
[[302.0,312.0],0.0004120347],
[[302.0,317.0],0.0004273202],
[[302.0,322.0],0.0004549383],
[[302.0,332.0],0.000423286],
[[302.0,342.0],0.0004631102],
[[302.0,352.0],0.000457202],
[[302.0,362.0],0.0004599697],
[[302.0,372.0],0.0004448469],
[[302.0,382.0],0.0004543878],
[[302.0,392.0],0.0004579127],
[[302.0,502.0],0.0005177241],
[[302.0,602.0],0.0005940574],
[[305.0,302.0],0.0004218179],
[[307.0,302.0],0.0004476987],
[[312.0,12.0],0.0002161094],
[[312.0,252.0],0.0003831271],
[[312.0,302.0],0.0004120347],
[[317.0,302.0],0.0004273202],
[[322.0,252.0],0.0004112147],
[[322.0,302.0],0.0004549383],
[[332.0,32.0],0.0002430327],
[[332.0,252.0],0.0004226399],
[[332.0,302.0],0.000423286],
[[342.0,252.0],0.0004160521],
[[342.0,302.0],0.0004631102],
[[352.0,52.0],0.0002720635],
[[352.0,152.0],0.0003572729],
[[352.0,302.0],0.000457202],
[[352.0,352.0],0.0004650353],
[[352.0,355.0],0.0004527379],
[[352.0,357.0],0.0004914282],
[[352.0,362.0],0.0004942482],
[[352.0,367.0],0.0004920442],
[[352.0,372.0],0.0005370258],
[[352.0,382.0],0.0005055151],
[[352.0,392.0],0.0005239687],
[[352.0,402.0],0.0005200143],
[[352.0,412.0],0.0005343514],
[[352.0,422.0],0.0005448435],
[[352.0,432.0],0.0005348329],
[[352.0,442.0],0.0005562369],
[[352.0,552.0],0.0005684095],
[[352.0,652.0],0.0006258712],
[[355.0,352.0],0.0004527379],
[[357.0,352.0],0.0004914282],
[[362.0,302.0],0.0004599697],
[[362.0,352.0],0.0004942482],
[[367.0,352.0],0.0004920442],
[[372.0,72.0],0.0002979527],
[[372.0,302.0],0.0004448469],
[[372.0,352.0],0.0005370258],
[[382.0,302.0],0.0004543878],
[[382.0,352.0],0.0005055151],
[[392.0,92.0],0.0003384559],
[[392.0,302.0],0.0004579127],
[[392.0,352.0],0.0005239687],
[[402.0,102.0],0.0003383287],
[[402.0,202.0],0.0004141066],
[[402.0,352.0],0.0005200143],
[[402.0,402.0],0.0005354437],
[[402.0,405.0],0.0005316188],
[[402.0,407.0],0.0005892235],
[[402.0,412.0],0.0005565026],
[[402.0,417.0],0.0005469696],
[[402.0,422.0],0.000555282],
[[402.0,432.0],0.0005529907],
[[402.0,442.0],0.0005635191],
[[402.0,452.0],0.0005600635],
[[402.0,462.0],0.00058403],
[[402.0,472.0],0.0005750122],
[[402.0,482.0],0.0005755888],
[[402.0,492.0],0.0005591044],
[[402.0,602.0],0.0006035706],
[[402.0,702.0],0.0006405053],
[[405.0,402.0],0.0005316188],
[[407.0,402.0],0.0005892235],
[[412.0,352.0],0.0005343514],
[[412.0,402.0],0.0005565026],
[[417.0,402.0],0.0005469696],
[[422.0,352.0],0.0005448435],
[[422.0,402.0],0.000555282],
[[432.0,352.0],0.0005348329],
[[432.0,402.0],0.0005529907],
[[442.0,352.0],0.0005562369],
[[442.0,402.0],0.0005635191],
[[452.0,152.0],0.0004171493],
[[452.0,252.0],0.0004751986],
[[452.0,402.0],0.0005600635],
[[462.0,402.0],0.00058403],
[[472.0,402.0],0.0005750122],
[[482.0,402.0],0.0005755888],
[[492.0,402.0],0.0005591044],
[[502.0,202.0],0.0004647307],
[[502.0,302.0],0.0005177241],
[[552.0,252.0],0.0005472781],
[[552.0,352.0],0.0005684095],
[[602.0,302.0],0.0005940574],
[[602.0,402.0],0.0006035706],
[[602.0,602.0],0.0007398636],
[[602.0,605.0],0.000725337],
[[602.0,607.0],0.0007171197],
[[602.0,612.0],0.0006970259],
[[602.0,617.0],0.0007240078],
[[602.0,622.0],0.0007226056],
[[602.0,632.0],0.0007215494],
[[602.0,642.0],0.0007575002],
[[602.0,652.0],0.0007257697],
[[602.0,662.0],0.0007448994],
[[602.0,672.0],0.000702929],
[[602.0,682.0],0.0007040761],
[[602.0,692.0],0.0007547751],
[[602.0,802.0],0.0007547469],
[[602.0,902.0],0.0007574261],
[[605.0,602.0],0.000725337],
[[607.0,602.0],0.0007171197],
[[612.0,602.0],0.0006970259],
[[617.0,602.0],0.0007240078],
[[622.0,602.0],0.0007226056],
[[632.0,602.0],0.0007215494],
[[642.0,602.0],0.0007575002],
[[652.0,352.0],0.0006258712],
[[652.0,602.0],0.0007257697],
[[662.0,602.0],0.0007448994],
[[672.0,602.0],0.000702929],
[[682.0,602.0],0.0007040761],
[[692.0,602.0],0.0007547751],
[[702.0,402.0],0.0006405053],
[[802.0,602.0],0.0007547469],
[[802.0,802.0],0.0008284892],
[[802.0,805.0],0.0008180033],
[[802.0,807.0],0.0008437371],
[[802.0,812.0],0.0008339693],
[[802.0,817.0],0.0008356492],
[[802.0,822.0],0.0008070742],
[[802.0,832.0],0.0008374348],
[[802.0,842.0],0.0008362347],
[[802.0,852.0],0.000827567],
[[802.0,862.0],0.000804296],
[[802.0,872.0],0.0008368295],
[[802.0,882.0],0.0008218847],
[[802.0,892.0],0.0008359098],
[[802.0,1002.0],0.0008331662],
[[802.0,1102.0],0.0008513175],
[[805.0,802.0],0.0008180033],
[[807.0,802.0],0.0008437371],
[[812.0,802.0],0.0008339693],
[[817.0,802.0],0.0008356492],
[[822.0,802.0],0.0008070742],
[[832.0,802.0],0.0008374348],
[[842.0,802.0],0.0008362347],
[[852.0,802.0],0.000827567],
[[862.0,802.0],0.000804296],
[[872.0,802.0],0.0008368295],
[[882.0,802.0],0.0008218847],
[[892.0,802.0],0.0008359098],
[[902.0,602.0],0.0007574261],
[[1002.0,802.0],0.0008331662],
[[1002.0,1002.0],0.0008856359],
[[1002.0,1005.0],0.0008923767],
[[1002.0,1007.0],0.0008798386],
[[1002.0,1012.0],0.0008982562],
[[1002.0,1017.0],0.0008710101],
[[1002.0,1022.0],0.0008806607],
[[1002.0,1032.0],0.0008740819],
[[1002.0,1042.0],0.000891357],
[[1002.0,1052.0],0.0009136799],
[[1002.0,1062.0],0.0009225163],
[[1002.0,1072.0],0.0009040235],
[[1002.0,1082.0],0.0008767326],
[[1002.0,1092.0],0.0008826215],
[[1002.0,1202.0],0.0008731168],
[[1002.0,1302.0],0.0009098584],
[[1005.0,1002.0],0.0008923767],
[[1007.0,1002.0],0.0008798386],
[[1012.0,1002.0],0.0008982562],
[[1017.0,1002.0],0.0008710101],
[[1022.0,1002.0],0.0008806607],
[[1032.0,1002.0],0.0008740819],
[[1042.0,1002.0],0.000891357],
[[1052.0,1002.0],0.0009136799],
[[1062.0,1002.0],0.0009225163],
[[1072.0,1002.0],0.0009040235],
[[1082.0,1002.0],0.0008767326],
[[1092.0,1002.0],0.0008826215],
[[1102.0,802.0],0.0008513175],
[[1202.0,1002.0],0.0008731168],
[[1202.0,1202.0],0.0009147768],
[[1202.0,1205.0],0.0009066608],
[[1202.0,1207.0],0.0009081172],
[[1202.0,1212.0],0.0009680792],
[[1202.0,1217.0],0.0009314103],
[[1202.0,1222.0],0.0009030803],
[[1202.0,1232.0],0.0009264838],
[[1202.0,1242.0],0.0009375214],
[[1202.0,1252.0],0.0009627811],
[[1202.0,1262.0],0.0009491733],
[[1202.0,1272.0],0.0009431736],
[[1202.0,1282.0],0.000936207],
[[1202.0,1292.0],0.0009536795],
[[1202.0,1402.0],0.000925932],
[[1202.0,1502.0],0.0009459756],
[[1205.0,1202.0],0.0009066608],
[[1207.0,1202.0],0.0009081172],
[[1212.0,1202.0],0.0009680792],
[[1217.0,1202.0],0.0009314103],
[[1222.0,1202.0],0.0009030803],
[[1232.0,1202.0],0.0009264838],
[[1242.0,1202.0],0.0009375214],
[[1252.0,1202.0],0.0009627811],
[[1262.0,1202.0],0.0009491733],
[[1272.0,1202.0],0.0009431736],
[[1282.0,1202.0],0.000936207],
[[1292.0,1202.0],0.0009536795],
[[1302.0,1002.0],0.0009098584],
[[1402.0,1202.0],0.000925932],
[[1402.0,1402.0],0.0009703113],
[[1402.0,1405.0],0.0009494685],
[[1402.0,1407.0],0.0009293177],
[[1402.0,1412.0],0.0009376715],
[[1402.0,1417.0],0.0009372375],
[[1402.0,1422.0],0.0009352689],
[[1402.0,1432.0],0.0009624257],
[[1402.0,1442.0],0.0009734151],
[[1402.0,1452.0],0.0009381277],
[[1402.0,1462.0],0.0009508002],
[[1402.0,1472.0],0.0009530888],
[[1402.0,1482.0],0.0009772218],
[[1402.0,1492.0],0.0009383278],
[[1402.0,1602.0],0.000944936],
[[1402.0,1702.0],0.000920027],
[[1405.0,1402.0],0.0009494685],
[[1407.0,1402.0],0.0009293177],
[[1412.0,1402.0],0.0009376715],
[[1417.0,1402.0],0.0009372375],
[[1422.0,1402.0],0.0009352689],
[[1432.0,1402.0],0.0009624257],
[[1442.0,1402.0],0.0009734151],
[[1452.0,1402.0],0.0009381277],
[[1462.0,1402.0],0.0009508002],
[[1472.0,1402.0],0.0009530888],
[[1482.0,1402.0],0.0009772218],
[[1492.0,1402.0],0.0009383278],
[[1502.0,1202.0],0.0009459756],
[[1602.0,1402.0],0.000944936],
[[1602.0,1602.0],0.0009068584],
[[1602.0,1605.0],0.0009502792],
[[1602.0,1607.0],0.0009829833],
[[1602.0,1612.0],0.0009803665],
[[1602.0,1617.0],0.0009365032],
[[1602.0,1622.0],0.0009390814],
[[1602.0,1632.0],0.0009486723],
[[1602.0,1642.0],0.0009645362],
[[1602.0,1652.0],0.0009577315],
[[1602.0,1662.0],0.0009336698],
[[1602.0,1672.0],0.00094433],
[[1602.0,1682.0],0.0009490491],
[[1602.0,1692.0],0.0009950623],
[[1602.0,1802.0],0.0009281456],
[[1602.0,1902.0],0.0009454748],
[[1605.0,1602.0],0.0009502792],
[[1607.0,1602.0],0.0009829833],
[[1612.0,1602.0],0.0009803665],
[[1617.0,1602.0],0.0009365032],
[[1622.0,1602.0],0.0009390814],
[[1632.0,1602.0],0.0009486723],
[[1642.0,1602.0],0.0009645362],
[[1652.0,1602.0],0.0009577315],
[[1662.0,1602.0],0.0009336698],
[[1672.0,1602.0],0.00094433],
[[1682.0,1602.0],0.0009490491],
[[1692.0,1602.0],0.0009950623],
[[1702.0,1402.0],0.000920027],
[[1802.0,1602.0],0.0009281456],
[[1802.0,1802.0],0.0009290189],
[[1802.0,1805.0],0.0009349608],
[[1802.0,1807.0],0.0009570364],
[[1802.0,1812.0],0.0009540782],
[[1802.0,1817.0],0.000951788],
[[1802.0,1822.0],0.0009494871],
[[1802.0,1832.0],0.0009769827],
[[1802.0,1842.0],0.0009652995],
[[1802.0,1852.0],0.0009916859],
[[1802.0,1862.0],0.0009519758],
[[1802.0,1872.0],0.0009801173],
[[1802.0,1882.0],0.0009716336],
[[1802.0,1892.0],0.0009271402],
[[1802.0,2002.0],0.0009366252],
[[1802.0,2102.0],0.0009803134],
[[1805.0,1802.0],0.0009349608],
[[1807.0,1802.0],0.0009570364],
[[1812.0,1802.0],0.0009540782],
[[1817.0,1802.0],0.000951788],
[[1822.0,1802.0],0.0009494871],
[[1832.0,1802.0],0.0009769827],
[[1842.0,1802.0],0.0009652995],
[[1852.0,1802.0],0.0009916859],
[[1862.0,1802.0],0.0009519758],
[[1872.0,1802.0],0.0009801173],
[[1882.0,1802.0],0.0009716336],
[[1892.0,1802.0],0.0009271402],
[[1902.0,1602.0],0.0009454748],
[[2002.0,1802.0],0.0009366252],
[[2002.0,2002.0],0.0009163524],
[[2002.0,2005.0],0.0009578167],
[[2002.0,2007.0],0.0009540946],
[[2002.0,2012.0],0.001019864],
[[2002.0,2017.0],0.0009743937],
[[2002.0,2022.0],0.001016266],
[[2002.0,2032.0],0.0009351404],
[[2002.0,2042.0],0.0009487887],
[[2002.0,2052.0],0.0009801966],
[[2002.0,2062.0],0.0009549234],
[[2002.0,2072.0],0.000946766],
[[2002.0,2082.0],0.0009503792],
[[2002.0,2092.0],0.001028124],
[[2002.0,2202.0],0.0009351039],
[[2002.0,2302.0],0.0009402435],
[[2005.0,2002.0],0.0009578167],
[[2007.0,2002.0],0.0009540946],
[[2012.0,2002.0],0.001019864],
[[2017.0,2002.0],0.0009743937],
[[2022.0,2002.0],0.001016266],
[[2032.0,2002.0],0.0009351404],
[[2042.0,2002.0],0.0009487887],
[[2052.0,2002.0],0.0009801966],
[[2062.0,2002.0],0.0009549234],
[[2072.0,2002.0],0.000946766],
[[2082.0,2002.0],0.0009503792],
[[2092.0,2002.0],0.001028124],
[[2102.0,1802.0],0.0009803134],
[[2202.0,2002.0],0.0009351039],
[[2302.0,2002.0],0.0009402435]]
