txName: TChiWWISRqq
constraint: {(PV > anyBSM(1), anyBSM(3)), (anyBSM(1) > q, q, MET(2)), (anyBSM(3) > q, q, MET(4))}
condition: None
conditionDescription: None
figureUrl: None
source: Recast by MA5
validated: True
axesMap: [{0: 'x', 1: 'y', 2: 'x', 3: 'y'}]
dataMap: {0: (1, 'mass', GeV), 1: (2, 'mass', GeV), 2: (3, 'mass', GeV), 3: (4, 'mass', GeV)}
finalState: ['MET', 'MET']
efficiencyMap: [[[11.0,10.0,11.0,10.0],5.305415e-07],
[[13.0,10.0,13.0,10.0],1.827016e-07],
[[15.0,10.0,15.0,10.0],1.085736e-08],
[[20.0,10.0,20.0,10.0],1.96646e-08],
[[21.0,20.0,21.0,20.0],1.37357e-06],
[[23.0,20.0,23.0,20.0],1.768914e-07],
[[25.0,20.0,25.0,20.0],1.66705e-07],
[[30.0,10.0,30.0,10.0],0.0],
[[30.0,20.0,30.0,20.0],3.681839e-08],
[[31.0,30.0,31.0,30.0],2.650141e-06],
[[33.0,30.0,33.0,30.0],3.710797e-07],
[[35.0,30.0,35.0,30.0],2.878834e-07],
[[40.0,20.0,40.0,20.0],1.268597e-08],
[[40.0,30.0,40.0,30.0],1.307767e-08],
[[41.0,40.0,41.0,40.0],2.385975e-06],
[[43.0,40.0,43.0,40.0],8.825196e-07],
[[45.0,40.0,45.0,40.0],7.412888e-07],
[[50.0,10.0,50.0,10.0],4.5269e-08],
[[50.0,30.0,50.0,30.0],1.071931e-07],
[[50.0,40.0,50.0,40.0],1.020036e-06],
[[51.0,50.0,51.0,50.0],8.38946e-06],
[[53.0,50.0,53.0,50.0],5.028049e-06],
[[55.0,50.0,55.0,50.0],2.926147e-06],
[[60.0,20.0,60.0,20.0],8.314521e-08],
[[60.0,40.0,60.0,40.0],3.988906e-07],
[[60.0,50.0,60.0,50.0],1.211321e-06],
[[61.0,60.0,61.0,60.0],1.704155e-05],
[[63.0,60.0,63.0,60.0],1.360088e-05],
[[65.0,60.0,65.0,60.0],7.972085e-06],
[[70.0,10.0,70.0,10.0],1.742836e-07],
[[70.0,30.0,70.0,30.0],4.280872e-07],
[[70.0,50.0,70.0,50.0],1.056524e-06],
[[70.0,60.0,70.0,60.0],3.752362e-06],
[[71.0,70.0,71.0,70.0],2.469289e-05],
[[73.0,70.0,73.0,70.0],2.361006e-05],
[[75.0,70.0,75.0,70.0],1.599566e-05],
[[80.0,20.0,80.0,20.0],2.491819e-07],
[[80.0,40.0,80.0,40.0],8.629793e-07],
[[80.0,60.0,80.0,60.0],1.58424e-06],
[[80.0,70.0,80.0,70.0],7.77514e-06],
[[81.0,80.0,81.0,80.0],3.462773e-05],
[[83.0,80.0,83.0,80.0],5.357273e-05],
[[85.0,80.0,85.0,80.0],2.006058e-05],
[[90.0,10.0,90.0,10.0],3.063971e-07],
[[90.0,30.0,90.0,30.0],9.368397e-07],
[[90.0,50.0,90.0,50.0],1.141654e-06],
[[90.0,70.0,90.0,70.0],4.60867e-06],
[[90.0,80.0,90.0,80.0],1.161891e-05],
[[91.0,90.0,91.0,90.0],4.759052e-05],
[[93.0,90.0,93.0,90.0],4.190225e-05],
[[95.0,90.0,95.0,90.0],3.183007e-05],
[[100.0,20.0,100.0,20.0],8.620179e-07],
[[100.0,40.0,100.0,40.0],8.775314e-07],
[[100.0,60.0,100.0,60.0],2.087218e-06],
[[100.0,80.0,100.0,80.0],6.702152e-06],
[[100.0,90.0,100.0,90.0],1.837959e-05],
[[101.0,100.0,101.0,100.0],6.443188e-05],
[[103.0,100.0,103.0,100.0],5.837e-05],
[[103.0,102.0,103.0,102.0],5.295401e-05],
[[105.0,100.0,105.0,100.0],4.579078e-05],
[[105.0,102.0,105.0,102.0],5.734093e-05],
[[107.0,102.0,107.0,102.0],4.82705e-05],
[[110.0,30.0,110.0,30.0],1.449689e-06],
[[110.0,50.0,110.0,50.0],1.981625e-06],
[[110.0,70.0,110.0,70.0],4.44344e-06],
[[110.0,90.0,110.0,90.0],1.550575e-05],
[[110.0,100.0,110.0,100.0],2.3423e-05],
[[112.0,102.0,112.0,102.0],2.86004e-05],
[[120.0,40.0,120.0,40.0],5.077571e-06],
[[120.0,60.0,120.0,60.0],6.018649e-06],
[[120.0,80.0,120.0,80.0],5.819014e-06],
[[120.0,100.0,120.0,100.0],1.172297e-05],
[[122.0,102.0,122.0,102.0],2.142837e-05],
[[123.0,122.0,123.0,122.0],8.683044e-05],
[[125.0,122.0,125.0,122.0],0.0001151679],
[[127.0,122.0,127.0,122.0],7.27297e-05],
[[130.0,50.0,130.0,50.0],2.155124e-06],
[[130.0,70.0,130.0,70.0],5.165636e-06],
[[130.0,90.0,130.0,90.0],6.73122e-06],
[[132.0,122.0,132.0,122.0],4.463557e-05],
[[140.0,60.0,140.0,60.0],4.732245e-06],
[[140.0,80.0,140.0,80.0],5.165308e-06],
[[140.0,100.0,140.0,100.0],1.191712e-05],
[[142.0,102.0,142.0,102.0],1.126775e-05],
[[142.0,122.0,142.0,122.0],4.019568e-05],
[[143.0,142.0,143.0,142.0],0.0001061681],
[[145.0,142.0,145.0,142.0],0.0001080084],
[[147.0,142.0,147.0,142.0],0.0001009404],
[[150.0,70.0,150.0,70.0],4.482456e-06],
[[150.0,90.0,150.0,90.0],1.0102e-05],
[[152.0,142.0,152.0,142.0],6.713546e-05],
[[160.0,80.0,160.0,80.0],6.944931e-06],
[[160.0,100.0,160.0,100.0],1.158603e-05],
[[162.0,102.0,162.0,102.0],1.071576e-05],
[[162.0,122.0,162.0,122.0],1.73105e-05],
[[162.0,142.0,162.0,142.0],4.734257e-05],
[[163.0,162.0,163.0,162.0],0.0001605201],
[[165.0,162.0,165.0,162.0],0.0001374116],
[[167.0,162.0,167.0,162.0],0.0001307502],
[[170.0,90.0,170.0,90.0],9.104732e-06],
[[172.0,162.0,172.0,162.0],0.000101386],
[[180.0,100.0,180.0,100.0],2.15403e-05],
[[182.0,102.0,182.0,102.0],2.465375e-05],
[[182.0,122.0,182.0,122.0],2.0264e-05],
[[182.0,142.0,182.0,142.0],2.927993e-05],
[[182.0,162.0,182.0,162.0],5.992431e-05],
[[183.0,182.0,183.0,182.0],0.0001667215],
[[185.0,182.0,185.0,182.0],0.0001971143],
[[187.0,182.0,187.0,182.0],0.0001649481],
[[192.0,182.0,192.0,182.0],0.000118087],
[[202.0,122.0,202.0,122.0],2.117573e-05],
[[202.0,142.0,202.0,142.0],2.846184e-05],
[[202.0,162.0,202.0,162.0],4.569028e-05],
[[202.0,182.0,202.0,182.0],7.844863e-05],
[[203.0,202.0,203.0,202.0],0.0001932679],
[[205.0,202.0,205.0,202.0],0.0002070218],
[[207.0,202.0,207.0,202.0],0.000193402],
[[212.0,202.0,212.0,202.0],0.0001587012],
[[222.0,142.0,222.0,142.0],2.946061e-05],
[[222.0,162.0,222.0,162.0],4.834562e-05],
[[222.0,182.0,222.0,182.0],5.409044e-05],
[[222.0,202.0,222.0,202.0],9.977796e-05],
[[223.0,222.0,223.0,222.0],0.0002568756],
[[225.0,222.0,225.0,222.0],0.0002316892],
[[227.0,222.0,227.0,222.0],0.0002238763],
[[232.0,222.0,232.0,222.0],0.0002002756],
[[242.0,162.0,242.0,162.0],5.266753e-05],
[[242.0,182.0,242.0,182.0],5.152376e-05],
[[242.0,202.0,242.0,202.0],7.40623e-05],
[[242.0,222.0,242.0,222.0],0.0001445134],
[[243.0,242.0,243.0,242.0],0.0002712451],
[[245.0,242.0,245.0,242.0],0.0002630701],
[[247.0,242.0,247.0,242.0],0.0002677591],
[[252.0,242.0,252.0,242.0],0.0002185166],
[[262.0,182.0,262.0,182.0],5.723755e-05],
[[262.0,202.0,262.0,202.0],7.99966e-05],
[[262.0,222.0,262.0,222.0],0.0001009682],
[[262.0,242.0,262.0,242.0],0.0001608271],
[[263.0,262.0,263.0,262.0],0.0002863649],
[[265.0,262.0,265.0,262.0],0.0002884676],
[[267.0,262.0,267.0,262.0],0.0002778547],
[[272.0,262.0,272.0,262.0],0.0002420922],
[[282.0,202.0,282.0,202.0],6.263083e-05],
[[282.0,222.0,282.0,222.0],7.985296e-05],
[[282.0,242.0,282.0,242.0],0.0001202696],
[[282.0,262.0,282.0,262.0],0.0001787726],
[[283.0,282.0,283.0,282.0],0.0003005101],
[[285.0,282.0,285.0,282.0],0.0003333231],
[[287.0,282.0,287.0,282.0],0.0003063505],
[[292.0,282.0,292.0,282.0],0.0002716464],
[[302.0,222.0,302.0,222.0],9.036463e-05],
[[302.0,242.0,302.0,242.0],0.0001046855],
[[302.0,262.0,302.0,262.0],0.0001363911],
[[302.0,282.0,302.0,282.0],0.0002044889],
[[303.0,302.0,303.0,302.0],0.0003485282],
[[305.0,302.0,305.0,302.0],0.0003545145],
[[307.0,302.0,307.0,302.0],0.0003537814],
[[312.0,302.0,312.0,302.0],0.0002912747],
[[322.0,242.0,322.0,242.0],9.050905e-05],
[[322.0,262.0,322.0,262.0],0.0001069338],
[[322.0,282.0,322.0,282.0],0.0001486029],
[[322.0,302.0,322.0,302.0],0.0002374802],
[[323.0,322.0,323.0,322.0],0.0003645954],
[[325.0,322.0,325.0,322.0],0.0003693481],
[[327.0,322.0,327.0,322.0],0.0003519582],
[[332.0,322.0,332.0,322.0],0.0003558293],
[[342.0,262.0,342.0,262.0],0.0001162184],
[[342.0,282.0,342.0,282.0],0.000119997],
[[342.0,302.0,342.0,302.0],0.000188229],
[[342.0,322.0,342.0,322.0],0.0002870685],
[[343.0,342.0,343.0,342.0],0.0004092063],
[[345.0,342.0,345.0,342.0],0.0003749551],
[[347.0,342.0,347.0,342.0],0.0003778343],
[[352.0,342.0,352.0,342.0],0.0003596668],
[[362.0,282.0,362.0,282.0],0.0001292066],
[[362.0,302.0,362.0,302.0],0.0001568053],
[[362.0,322.0,362.0,322.0],0.0001855187],
[[362.0,342.0,362.0,342.0],0.0002779074],
[[363.0,362.0,363.0,362.0],0.0004113467],
[[365.0,362.0,365.0,362.0],0.0004129549],
[[367.0,362.0,367.0,362.0],0.000416555],
[[372.0,362.0,372.0,362.0],0.0003823063],
[[382.0,302.0,382.0,302.0],0.0001601565],
[[382.0,322.0,382.0,322.0],0.00017732],
[[382.0,342.0,382.0,342.0],0.0002103344],
[[382.0,362.0,382.0,362.0],0.0003078382],
[[383.0,382.0,383.0,382.0],0.0004133981],
[[385.0,382.0,385.0,382.0],0.0004145805],
[[387.0,382.0,387.0,382.0],0.0004426198],
[[392.0,382.0,392.0,382.0],0.0004031013],
[[402.0,322.0,402.0,322.0],0.0001612735],
[[402.0,342.0,402.0,342.0],0.0001714342],
[[402.0,362.0,402.0,362.0],0.0002126359],
[[402.0,382.0,402.0,382.0],0.0003359736],
[[403.0,402.0,403.0,402.0],0.0004642664],
[[405.0,402.0,405.0,402.0],0.0004460702],
[[407.0,402.0,407.0,402.0],0.0004531275],
[[412.0,402.0,412.0,402.0],0.0004148074],
[[422.0,342.0,422.0,342.0],0.0001852531],
[[422.0,362.0,422.0,362.0],0.0002161896],
[[422.0,382.0,422.0,382.0],0.0002533945],
[[422.0,402.0,422.0,402.0],0.0003450632],
[[442.0,362.0,442.0,362.0],0.0002097092],
[[442.0,382.0,442.0,382.0],0.0002326316],
[[442.0,402.0,442.0,402.0],0.0002677979],
[[462.0,382.0,462.0,382.0],0.0002245806],
[[462.0,402.0,462.0,402.0],0.0002502107],
[[482.0,402.0,482.0,402.0],0.0002600304],
[[503.0,502.0,503.0,502.0],0.0005604627],
[[505.0,502.0,505.0,502.0],0.0005617743],
[[507.0,502.0,507.0,502.0],0.0005675705],
[[512.0,502.0,512.0,502.0],0.0005187992],
[[522.0,502.0,522.0,502.0],0.0004571887],
[[542.0,502.0,542.0,502.0],0.0003709534],
[[562.0,502.0,562.0,502.0],0.0003224406],
[[582.0,502.0,582.0,502.0],0.000297496],
[[603.0,602.0,603.0,602.0],0.0006324705],
[[605.0,602.0,605.0,602.0],0.0006298594],
[[607.0,602.0,607.0,602.0],0.0006423213],
[[612.0,602.0,612.0,602.0],0.0006461553],
[[622.0,602.0,622.0,602.0],0.0005458826],
[[642.0,602.0,642.0,602.0],0.00045233],
[[662.0,602.0,662.0,602.0],0.0004148889],
[[682.0,602.0,682.0,602.0],0.0003848879],
[[703.0,702.0,703.0,702.0],0.0007085938],
[[705.0,702.0,705.0,702.0],0.0007087441],
[[707.0,702.0,707.0,702.0],0.0006948385],
[[712.0,702.0,712.0,702.0],0.0006672828],
[[722.0,702.0,722.0,702.0],0.0006146988],
[[742.0,702.0,742.0,702.0],0.0005066644],
[[762.0,702.0,762.0,702.0],0.0004447335],
[[782.0,702.0,782.0,702.0],0.0004297495],
[[803.0,802.0,803.0,802.0],0.0007561522],
[[805.0,802.0,805.0,802.0],0.0007484177],
[[807.0,802.0,807.0,802.0],0.0007669652],
[[812.0,802.0,812.0,802.0],0.0007422707],
[[822.0,802.0,822.0,802.0],0.0006957506],
[[842.0,802.0,842.0,802.0],0.0005621065],
[[862.0,802.0,862.0,802.0],0.0005235105],
[[882.0,802.0,882.0,802.0],0.0004915822],
[[903.0,902.0,903.0,902.0],0.000804979],
[[905.0,902.0,905.0,902.0],0.0008095872],
[[907.0,902.0,907.0,902.0],0.0007852228],
[[912.0,902.0,912.0,902.0],0.0007741883],
[[922.0,902.0,922.0,902.0],0.0007471657],
[[942.0,902.0,942.0,902.0],0.0006097231],
[[962.0,902.0,962.0,902.0],0.000533288],
[[982.0,902.0,982.0,902.0],0.000531194],
[[1003.0,1002.0,1003.0,1002.0],0.0008442572],
[[1005.0,1002.0,1005.0,1002.0],0.0008676682],
[[1007.0,1002.0,1007.0,1002.0],0.0008265291],
[[1012.0,1002.0,1012.0,1002.0],0.0008398907],
[[1022.0,1002.0,1022.0,1002.0],0.0007857125],
[[1042.0,1002.0,1042.0,1002.0],0.0006547419],
[[1062.0,1002.0,1062.0,1002.0],0.0005940796],
[[1082.0,1002.0,1082.0,1002.0],0.0005594452],
[[1103.0,1102.0,1103.0,1102.0],0.0008641348],
[[1105.0,1102.0,1105.0,1102.0],0.0008879822],
[[1107.0,1102.0,1107.0,1102.0],0.0008925671],
[[1112.0,1102.0,1112.0,1102.0],0.0008536235],
[[1122.0,1102.0,1122.0,1102.0],0.0008024007],
[[1142.0,1102.0,1142.0,1102.0],0.0006947376],
[[1162.0,1102.0,1162.0,1102.0],0.000604279],
[[1182.0,1102.0,1182.0,1102.0],0.000592541],
[[1203.0,1202.0,1203.0,1202.0],0.0009064444],
[[1205.0,1202.0,1205.0,1202.0],0.000911099],
[[1207.0,1202.0,1207.0,1202.0],0.0008743259],
[[1212.0,1202.0,1212.0,1202.0],0.0008873704],
[[1222.0,1202.0,1222.0,1202.0],0.0008348927],
[[1242.0,1202.0,1242.0,1202.0],0.0007312146],
[[1262.0,1202.0,1262.0,1202.0],0.0006510706],
[[1282.0,1202.0,1282.0,1202.0],0.000629951],
[[1303.0,1302.0,1303.0,1302.0],0.000904063],
[[1305.0,1302.0,1305.0,1302.0],0.0009327736],
[[1307.0,1302.0,1307.0,1302.0],0.0009092136],
[[1312.0,1302.0,1312.0,1302.0],0.0008756581],
[[1322.0,1302.0,1322.0,1302.0],0.000849417],
[[1342.0,1302.0,1342.0,1302.0],0.0007511844],
[[1362.0,1302.0,1362.0,1302.0],0.0006701762],
[[1382.0,1302.0,1382.0,1302.0],0.0006235159],
[[1403.0,1402.0,1403.0,1402.0],0.0009402161],
[[1405.0,1402.0,1405.0,1402.0],0.0009444826],
[[1407.0,1402.0,1407.0,1402.0],0.0009312282],
[[1412.0,1402.0,1412.0,1402.0],0.0008942864],
[[1422.0,1402.0,1422.0,1402.0],0.0008982232],
[[1442.0,1402.0,1442.0,1402.0],0.000744154],
[[1462.0,1402.0,1462.0,1402.0],0.0006827132],
[[1482.0,1402.0,1482.0,1402.0],0.0006526041],
[[1503.0,1502.0,1503.0,1502.0],0.000943964],
[[1505.0,1502.0,1505.0,1502.0],0.0009271841],
[[1507.0,1502.0,1507.0,1502.0],0.000936496],
[[1512.0,1502.0,1512.0,1502.0],0.0009406194],
[[1522.0,1502.0,1522.0,1502.0],0.0008576436],
[[1542.0,1502.0,1542.0,1502.0],0.0007487477],
[[1562.0,1502.0,1562.0,1502.0],0.0007021005],
[[1582.0,1502.0,1582.0,1502.0],0.0006742806],
[[1603.0,1602.0,1603.0,1602.0],0.0009300046],
[[1605.0,1602.0,1605.0,1602.0],0.0009699937],
[[1607.0,1602.0,1607.0,1602.0],0.0009419195],
[[1612.0,1602.0,1612.0,1602.0],0.000909855],
[[1622.0,1602.0,1622.0,1602.0],0.0008899738],
[[1642.0,1602.0,1642.0,1602.0],0.0007843928],
[[1662.0,1602.0,1662.0,1602.0],0.0007312234],
[[1682.0,1602.0,1682.0,1602.0],0.0007010026],
[[1703.0,1702.0,1703.0,1702.0],0.0009717078],
[[1705.0,1702.0,1705.0,1702.0],0.0009608936],
[[1707.0,1702.0,1707.0,1702.0],0.0009286621],
[[1712.0,1702.0,1712.0,1702.0],0.0009442418],
[[1722.0,1702.0,1722.0,1702.0],0.0009201532],
[[1742.0,1702.0,1742.0,1702.0],0.0008156231],
[[1762.0,1702.0,1762.0,1702.0],0.0007069728],
[[1782.0,1702.0,1782.0,1702.0],0.0007013563],
[[1803.0,1802.0,1803.0,1802.0],0.0009436257],
[[1805.0,1802.0,1805.0,1802.0],0.0009402475],
[[1807.0,1802.0,1807.0,1802.0],0.0009396527],
[[1812.0,1802.0,1812.0,1802.0],0.000917176],
[[1822.0,1802.0,1822.0,1802.0],0.0009559485],
[[1842.0,1802.0,1842.0,1802.0],0.0008205045],
[[1862.0,1802.0,1862.0,1802.0],0.0007293508],
[[1882.0,1802.0,1882.0,1802.0],0.000750229],
[[1903.0,1902.0,1903.0,1902.0],0.001012987],
[[1905.0,1902.0,1905.0,1902.0],0.000901701],
[[1907.0,1902.0,1907.0,1902.0],0.0009857802],
[[1912.0,1902.0,1912.0,1902.0],0.0009323486],
[[1922.0,1902.0,1922.0,1902.0],0.0008566379],
[[1942.0,1902.0,1942.0,1902.0],0.0008227921],
[[1962.0,1902.0,1962.0,1902.0],0.0007202276],
[[1982.0,1902.0,1982.0,1902.0],0.0007877238],
[[2003.0,2002.0,2003.0,2002.0],0.0009707195],
[[2005.0,2002.0,2005.0,2002.0],0.0009151886],
[[2007.0,2002.0,2007.0,2002.0],0.0009351966],
[[2012.0,2002.0,2012.0,2002.0],0.001011973],
[[2022.0,2002.0,2022.0,2002.0],0.0009769403],
[[2042.0,2002.0,2042.0,2002.0],0.0008168382],
[[2062.0,2002.0,2062.0,2002.0],0.0007947655],
[[2082.0,2002.0,2082.0,2002.0],0.0007174541]]
