txName: TRV1nunu
constraint: {(PV > Zprime(1)), (Zprime(1) > nu,nu)}
condition: None
conditionDescription: None
figureUrl: None
source: CMS
validated: N/A
axesMap: [{0: 'x'}]
dataMap: {0: (1, 'mass', GeV)}
finalState: ['MET', 'MET']
efficiencyMap: [[[50.0],7.393823e-07],
[[100.0],4.648233e-06],
[[150.0],1.195591e-05],
[[200.0],3.096839e-05],
[[250.0],5.545041e-05],
[[300.0],8.548168e-05],
[[350.0],0.000131415],
[[400.0],0.0001694961],
[[450.0],0.0002248956],
[[500.0],0.0002918289],
[[550.0],0.0003363546],
[[600.0],0.0003736466],
[[650.0],0.0004419325],
[[700.0],0.0005218564],
[[750.0],0.0005617726],
[[800.0],0.0005813996],
[[850.0],0.0006502812],
[[900.0],0.0006925766],
[[950.0],0.0007983067],
[[1000.0],0.0008810674],
[[1050.0],0.0007654368],
[[1100.0],0.0009319431],
[[1150.0],0.0009324181],
[[1200.0],0.0009625688],
[[1250.0],0.000959135],
[[1300.0],0.001060411],
[[1350.0],0.001059008],
[[1400.0],0.001099935],
[[1450.0],0.001155117],
[[1500.0],0.001100559],
[[1550.0],0.001113658],
[[1600.0],0.001192954],
[[1650.0],0.0012979],
[[1700.0],0.001165396],
[[1750.0],0.001326063],
[[1800.0],0.001266281],
[[1850.0],0.001272394],
[[1900.0],0.001292601],
[[1950.0],0.001243625],
[[2000.0],0.001423187],
[[2250.0],0.001570764],
[[2500.0],0.001538216],
[[2750.0],0.001616497],
[[3000.0],0.001426804]]
