id: CMS-SUS-16-048
sqrts: 13*TeV
lumi: 35.9/fb
url: http://cms-results.web.cern.ch/cms-results/public-results/publications/SUS-16-048/index.html
arxiv: https://arxiv.org/abs/1801.01846
publication: Phys. Lett. B 782 (2018) 440
publicationDOI: https://doi.org/10.1016/j.physletb.2018.05.062
contact: cms-phys-conveners-sus@cern.ch
implementedBy: Wolfgang Waltenberger
lastUpdate: 2021/8/12
datasetOrder: "Ewkino_lowMET_M_4to9", "Ewkino_lowMET_M_10to20", "Ewkino_lowMET_M_20to30", "Ewkino_lowMET_M_30to50", "Ewkino_medMET_M_4to9", "Ewkino_medMET_M_10to20", "Ewkino_medMET_M_20to30", "Ewkino_medMET_M_30to50", "Ewkino_highMET_M_4to9", "Ewkino_highMET_M_10to20", "Ewkino_highMET_M_20to30", "Ewkino_highMET_M_30to50", "stop_lowMET_PT_5to12", "stop_lowMET_PT_12to20", "stop_lowMET_PT_20to30", "stop_medMET_PT_5to12", "stop_medMET_PT_12to20", "stop_medMET_PT_20to30", "stop_highMET_PT_5to12", "stop_highMET_PT_12to20", "stop_highMET_PT_20to30"
covariance: [[1.29, 0.33, 0.45, 0.49, 0.06, 0.09, 0.12, 0.08, 0.12, 0.09, 0.07, 0.12, 0.0, 0.0, 0.0, 0.0, 0.0, 0.0, 0.0, 0.0, 0.0], [0.33, 5.09, 1.01, 0.62, 0.12, 0.13, 0.2, 0.12, 0.12, 0.11, 0.15, 0.13, 0.0, 0.0, 0.0, 0.0, 0.0, 0.0, 0.0, 0.0, 0.0], [0.45, 1.01, 6.44, 0.78, 0.21, 0.19, 0.18, 0.1, 0.18, 0.18, 0.15, 0.19, 0.0, 0.0, 0.0, 0.0, 0.0, 0.0, 0.0, 0.0, 0.0], [0.49, 0.62, 0.78, 3.6, 0.09, 0.07, 0.12, 0.19, 0.19, 0.13, 0.17, 0.32, 0.0, 0.0, 0.0, 0.0, 0.0, 0.0, 0.0, 0.0, 0.0], [0.06, 0.12, 0.21, 0.09, 0.59, 0.03, 0.06, 0.03, 0.02, 0.03, 0.03, 0.03, 0.0, 0.0, 0.0, 0.0, 0.0, 0.0, 0.0, 0.0, 0.0], [0.09, 0.13, 0.19, 0.07, 0.03, 0.72, 0.03, 0.03, 0.03, 0.04, 0.03, 0.01, 0.0, 0.0, 0.0, 0.0, 0.0, 0.0, 0.0, 0.0, 0.0], [0.12, 0.2, 0.18, 0.12, 0.06, 0.03, 0.6, 0.05, 0.04, 0.05, 0.04, 0.05, 0.0, 0.0, 0.0, 0.0, 0.0, 0.0, 0.0, 0.0, 0.0], [0.08, 0.12, 0.1, 0.19, 0.03, 0.03, 0.05, 0.17, 0.05, 0.03, 0.04, 0.06, 0.0, 0.0, 0.0, 0.0, 0.0, 0.0, 0.0, 0.0, 0.0], [0.12, 0.12, 0.18, 0.19, 0.02, 0.03, 0.04, 0.05, 0.26, 0.05, 0.07, 0.07, 0.0, 0.0, 0.0, 0.0, 0.0, 0.0, 0.0, 0.0, 0.0], [0.09, 0.11, 0.18, 0.13, 0.03, 0.04, 0.05, 0.03, 0.05, 0.32, 0.05, 0.04, 0.0, 0.0, 0.0, 0.0, 0.0, 0.0, 0.0, 0.0, 0.0], [0.07, 0.15, 0.15, 0.17, 0.03, 0.03, 0.04, 0.04, 0.07, 0.05, 0.2, 0.06, 0.0, 0.0, 0.0, 0.0, 0.0, 0.0, 0.0, 0.0, 0.0], [0.12, 0.13, 0.19, 0.32, 0.03, 0.01, 0.05, 0.06, 0.07, 0.04, 0.06, 0.28, 0.0, 0.0, 0.0, 0.0, 0.0, 0.0, 0.0, 0.0, 0.0], [0.0, 0.0, 0.0, 0.0, 0.0, 0.0, 0.0, 0.0, 0.0, 0.0, 0.0, 0.0, 6.09, 4.71, 3.2, 2.5, 1.91, 2.77, 0.54, 0.89, 0.73], [0.0, 0.0, 0.0, 0.0, 0.0, 0.0, 0.0, 0.0, 0.0, 0.0, 0.0, 0.0, 4.71, 42.34, 27.35, 7.02, 8.98, 26.59, 2.1, 5.75, 8.78], [0.0, 0.0, 0.0, 0.0, 0.0, 0.0, 0.0, 0.0, 0.0, 0.0, 0.0, 0.0, 3.2, 27.35, 43.2, 6.86, 13.8, 32.28, 2.33, 6.71, 9.86], [0.0, 0.0, 0.0, 0.0, 0.0, 0.0, 0.0, 0.0, 0.0, 0.0, 0.0, 0.0, 2.5, 7.02, 6.86, 12.11, 6.86, 8.32, 1.13, 2.35, 2.85], [0.0, 0.0, 0.0, 0.0, 0.0, 0.0, 0.0, 0.0, 0.0, 0.0, 0.0, 0.0, 1.91, 8.98, 13.8, 6.86, 22.57, 16.73, 1.46, 3.93, 5.61], [0.0, 0.0, 0.0, 0.0, 0.0, 0.0, 0.0, 0.0, 0.0, 0.0, 0.0, 0.0, 2.77, 26.59, 32.28, 8.32, 16.73, 44.78, 2.58, 7.69, 12.14], [0.0, 0.0, 0.0, 0.0, 0.0, 0.0, 0.0, 0.0, 0.0, 0.0, 0.0, 0.0, 0.54, 2.1, 2.33, 1.13, 1.46, 2.58, 1.56, 0.66, 0.79], [0.0, 0.0, 0.0, 0.0, 0.0, 0.0, 0.0, 0.0, 0.0, 0.0, 0.0, 0.0, 0.89, 5.75, 6.71, 2.35, 3.93, 7.69, 0.66, 3.88, 2.55], [0.0, 0.0, 0.0, 0.0, 0.0, 0.0, 0.0, 0.0, 0.0, 0.0, 0.0, 0.0, 0.73, 8.78, 9.86, 2.85, 5.61, 12.14, 0.79, 2.55, 6.54]]
