txName: TChiZISRll
constraint: {(PV > anyBSM(1), MET(3)), (anyBSM(1) > l+,l-,MET(2))}
condition: None
conditionDescription: None
figureUrl: None
source: Recast by MA5
validated: True
axesMap: [{0: 'x', 1: 'y', 2: 'y'}]
dataMap: {0: (1, 'mass', GeV), 1: (2, 'mass', GeV), 2: (3, 'mass', GeV)}
finalState: ['MET', 'MET']
intermediateState: None
efficiencyMap: [[[10.0,1.0,1.0],7.831179e-09],
[[10.0,5.0,5.0],1.940118e-09],
[[10.0,7.0,7.0],1.02216e-08],
[[10.0,9.0,9.0],4.053279e-07],
[[20.0,1.0,1.0],0.0],
[[20.0,15.0,15.0],7.146694e-09],
[[20.0,17.0,17.0],8.474097e-08],
[[20.0,19.0,19.0],2.766812e-08],
[[30.0,1.0,1.0],3.550025e-09],
[[30.0,20.0,20.0],0.0],
[[30.0,25.0,25.0],3.870956e-08],
[[30.0,27.0,27.0],1.458714e-08],
[[30.0,29.0,29.0],8.49815e-08],
[[40.0,1.0,1.0],0.0],
[[40.0,20.0,20.0],0.0],
[[40.0,30.0,30.0],3.552561e-09],
[[40.0,35.0,35.0],1.823449e-08],
[[40.0,37.0,37.0],1.445062e-08],
[[40.0,39.0,39.0],3.019511e-07],
[[50.0,1.0,1.0],0.0],
[[50.0,20.0,20.0],5.184693e-09],
[[50.0,30.0,30.0],1.054823e-08],
[[50.0,40.0,40.0],1.768252e-08],
[[50.0,45.0,45.0],1.668524e-07],
[[50.0,47.0,47.0],2.283399e-07],
[[50.0,49.0,49.0],5.55003e-07],
[[60.0,1.0,1.0],0.0],
[[60.0,20.0,20.0],0.0],
[[60.0,30.0,30.0],1.010453e-08],
[[60.0,40.0,40.0],4.285167e-08],
[[60.0,50.0,50.0],5.143866e-07],
[[60.0,55.0,55.0],3.644608e-07],
[[60.0,57.0,57.0],7.337254e-07],
[[60.0,59.0,59.0],1.085124e-06],
[[61.0,52.0,52.0],1.696134e-07],
[[62.0,2.0,2.0],0.0],
[[62.0,12.0,12.0],0.0],
[[62.0,22.0,22.0],4.949934e-09],
[[62.0,32.0,32.0],1.895328e-08],
[[62.0,42.0,42.0],5.862624e-08],
[[63.0,62.0,62.0],1.024401e-06],
[[65.0,62.0,62.0],6.330725e-07],
[[67.0,62.0,62.0],5.487309e-07],
[[69.0,62.0,62.0],5.152159e-07],
[[72.0,2.0,2.0],0.0],
[[72.0,12.0,12.0],0.0],
[[72.0,22.0,22.0],6.837723e-09],
[[72.0,32.0,32.0],1.139321e-08],
[[72.0,42.0,42.0],6.805517e-08],
[[72.0,52.0,52.0],1.266636e-07],
[[73.0,72.0,72.0],2.255618e-06],
[[75.0,72.0,72.0],1.394844e-06],
[[77.0,72.0,72.0],1.013681e-06],
[[79.0,72.0,72.0],6.008508e-07],
[[82.0,2.0,2.0],0.0],
[[82.0,12.0,12.0],1.200133e-08],
[[82.0,22.0,22.0],2.478882e-08],
[[82.0,32.0,32.0],3.668527e-08],
[[82.0,42.0,42.0],4.840722e-08],
[[82.0,52.0,52.0],1.912855e-07],
[[82.0,62.0,62.0],2.899239e-07],
[[83.0,82.0,82.0],3.32002e-06],
[[85.0,82.0,82.0],1.878383e-06],
[[87.0,82.0,82.0],1.194672e-06],
[[89.0,82.0,82.0],1.785254e-06],
[[91.0,82.0,82.0],7.182901e-07],
[[92.0,12.0,12.0],7.21132e-09],
[[92.0,22.0,22.0],6.566575e-08],
[[92.0,32.0,32.0],2.515876e-08],
[[92.0,42.0,42.0],7.333337e-08],
[[92.0,52.0,52.0],1.492159e-07],
[[92.0,62.0,62.0],2.550291e-07],
[[92.0,72.0,72.0],3.473963e-07],
[[93.0,92.0,92.0],4.203796e-06],
[[97.0,92.0,92.0],1.817993e-06],
[[99.0,92.0,92.0],1.49773e-06],
[[102.0,22.0,22.0],2.946907e-07],
[[102.0,32.0,32.0],6.477538e-08],
[[102.0,42.0,42.0],9.518144e-08],
[[102.0,52.0,52.0],9.492403e-08],
[[102.0,62.0,62.0],1.837168e-07],
[[102.0,72.0,72.0],3.46763e-07],
[[102.0,82.0,82.0],6.240204e-07],
[[103.0,102.0,102.0],6.353068e-06],
[[107.0,102.0,102.0],2.576618e-06],
[[109.0,102.0,102.0],2.835101e-06],
[[112.0,32.0,32.0],8.802544e-08],
[[112.0,42.0,42.0],6.798891e-08],
[[112.0,52.0,52.0],1.454149e-07],
[[112.0,62.0,62.0],1.869929e-07],
[[112.0,72.0,72.0],4.23611e-07],
[[112.0,82.0,82.0],4.518811e-07],
[[112.0,92.0,92.0],1.112187e-06],
[[122.0,42.0,42.0],1.191981e-07],
[[122.0,52.0,52.0],2.652313e-07],
[[122.0,62.0,62.0],2.578191e-07],
[[122.0,72.0,72.0],3.436184e-07],
[[122.0,82.0,82.0],3.050422e-07],
[[122.0,92.0,92.0],7.086209e-07],
[[122.0,102.0,102.0],8.772488e-07],
[[123.0,122.0,122.0],8.093595e-06],
[[127.0,122.0,122.0],4.632852e-06],
[[129.0,122.0,122.0],3.559143e-06],
[[132.0,52.0,52.0],2.026836e-07],
[[132.0,62.0,62.0],3.27217e-07],
[[132.0,72.0,72.0],4.815924e-07],
[[132.0,82.0,82.0],3.558195e-07],
[[132.0,92.0,92.0],5.252593e-07],
[[132.0,102.0,102.0],8.775845e-07],
[[142.0,62.0,62.0],1.122691e-07],
[[142.0,72.0,72.0],2.857095e-07],
[[142.0,82.0,82.0],3.656278e-07],
[[142.0,92.0,92.0],4.149211e-07],
[[142.0,102.0,102.0],6.369987e-07],
[[142.0,122.0,122.0],1.794442e-06],
[[143.0,142.0,142.0],1.115128e-05],
[[147.0,142.0,142.0],7.198761e-06],
[[149.0,142.0,142.0],5.610571e-06],
[[151.0,142.0,142.0],4.628378e-06],
[[152.0,72.0,72.0],3.91835e-07],
[[152.0,82.0,82.0],2.640808e-07],
[[152.0,92.0,92.0],5.121558e-07],
[[152.0,102.0,102.0],5.292415e-07],
[[152.0,122.0,122.0],1.102492e-06],
[[162.0,82.0,82.0],3.006193e-07],
[[162.0,92.0,92.0],4.491135e-07],
[[162.0,102.0,102.0],6.521748e-07],
[[162.0,122.0,122.0],7.2176e-07],
[[162.0,142.0,142.0],2.327982e-06],
[[163.0,162.0,162.0],1.602595e-05],
[[167.0,162.0,162.0],1.048994e-05],
[[169.0,162.0,162.0],7.148903e-06],
[[171.0,162.0,162.0],6.191648e-06],
[[172.0,92.0,92.0],9.752083e-07],
[[172.0,102.0,102.0],6.102374e-07],
[[172.0,122.0,122.0],9.978724e-07],
[[172.0,142.0,142.0],1.758006e-06],
[[182.0,102.0,102.0],5.181204e-07],
[[182.0,122.0,122.0],7.764481e-07],
[[182.0,142.0,142.0],1.669329e-06],
[[182.0,162.0,162.0],3.346417e-06],
[[183.0,182.0,182.0],1.781722e-05],
[[187.0,182.0,182.0],1.220318e-05],
[[189.0,182.0,182.0],1.048144e-05],
[[191.0,182.0,182.0],8.536183e-06],
[[192.0,122.0,122.0],9.615735e-07],
[[192.0,142.0,142.0],1.298951e-06],
[[192.0,162.0,162.0],1.919167e-06],
[[202.0,122.0,122.0],5.395238e-07],
[[202.0,142.0,142.0],9.329927e-07],
[[202.0,162.0,162.0],2.103503e-06],
[[202.0,182.0,182.0],4.34165e-06],
[[203.0,202.0,202.0],2.252861e-05],
[[207.0,202.0,202.0],1.716122e-05],
[[209.0,202.0,202.0],1.351798e-05],
[[211.0,202.0,202.0],1.155407e-05],
[[212.0,142.0,142.0],1.280717e-06],
[[212.0,162.0,162.0],1.119556e-06],
[[212.0,182.0,182.0],3.167547e-06],
[[222.0,142.0,142.0],1.448479e-06],
[[222.0,162.0,162.0],1.788965e-06],
[[222.0,182.0,182.0],2.278964e-06],
[[222.0,202.0,202.0],4.883708e-06],
[[223.0,222.0,222.0],2.805902e-05],
[[227.0,222.0,222.0],1.902336e-05],
[[229.0,222.0,222.0],1.667223e-05],
[[231.0,222.0,222.0],1.297297e-05],
[[232.0,162.0,162.0],1.638492e-06],
[[232.0,182.0,182.0],2.048797e-06],
[[232.0,202.0,202.0],2.880139e-06],
[[242.0,162.0,162.0],1.363868e-06],
[[242.0,182.0,182.0],2.104967e-06],
[[242.0,202.0,202.0],2.538614e-06],
[[242.0,222.0,222.0],7.157915e-06],
[[243.0,242.0,242.0],2.908006e-05],
[[247.0,242.0,242.0],2.526091e-05],
[[249.0,242.0,242.0],2.03178e-05],
[[251.0,242.0,242.0],1.595614e-05],
[[252.0,182.0,182.0],1.889391e-06],
[[252.0,202.0,202.0],1.807022e-06],
[[252.0,222.0,222.0],4.396404e-06],
[[262.0,182.0,182.0],1.571271e-06],
[[262.0,202.0,202.0],2.594159e-06],
[[262.0,222.0,222.0],3.737067e-06],
[[262.0,242.0,242.0],8.038281e-06],
[[263.0,262.0,262.0],3.463172e-05],
[[267.0,262.0,262.0],3.00235e-05],
[[269.0,262.0,262.0],2.219704e-05],
[[272.0,202.0,202.0],1.919208e-06],
[[272.0,222.0,222.0],3.205475e-06],
[[272.0,242.0,242.0],5.44992e-06],
[[282.0,202.0,202.0],2.020814e-06],
[[282.0,222.0,222.0],3.455687e-06],
[[282.0,242.0,242.0],4.173635e-06],
[[282.0,262.0,262.0],1.057529e-05],
[[283.0,282.0,282.0],4.129124e-05],
[[287.0,282.0,282.0],3.380664e-05],
[[289.0,282.0,282.0],2.468964e-05],
[[292.0,222.0,222.0],2.496262e-06],
[[292.0,242.0,242.0],4.31514e-06],
[[292.0,262.0,262.0],6.150351e-06],
[[302.0,222.0,222.0],2.10466e-06],
[[302.0,242.0,242.0],3.339816e-06],
[[302.0,262.0,262.0],6.552927e-06],
[[302.0,282.0,282.0],1.061638e-05],
[[303.0,302.0,302.0],4.026813e-05],
[[307.0,302.0,302.0],3.418788e-05],
[[309.0,302.0,302.0],3.017259e-05],
[[312.0,242.0,242.0],2.998295e-06],
[[312.0,262.0,262.0],4.010026e-06],
[[312.0,282.0,282.0],8.194422e-06],
[[322.0,242.0,242.0],2.329007e-06],
[[322.0,262.0,262.0],3.702307e-06],
[[322.0,282.0,282.0],5.378514e-06],
[[322.0,302.0,302.0],1.241551e-05],
[[323.0,322.0,322.0],4.576911e-05],
[[327.0,322.0,322.0],3.979909e-05],
[[329.0,322.0,322.0],3.427503e-05],
[[332.0,262.0,262.0],3.164724e-06],
[[332.0,282.0,282.0],5.13202e-06],
[[332.0,302.0,302.0],8.655111e-06],
[[342.0,262.0,262.0],3.168101e-06],
[[342.0,282.0,282.0],3.898302e-06],
[[342.0,302.0,302.0],6.388548e-06],
[[342.0,322.0,322.0],1.453387e-05],
[[343.0,342.0,342.0],5.050547e-05],
[[347.0,342.0,342.0],4.912631e-05],
[[349.0,342.0,342.0],3.754743e-05],
[[352.0,282.0,282.0],3.569308e-06],
[[352.0,302.0,302.0],6.056943e-06],
[[352.0,322.0,322.0],9.847725e-06],
[[362.0,282.0,282.0],4.007189e-06],
[[362.0,302.0,302.0],4.834116e-06],
[[362.0,322.0,322.0],6.576551e-06],
[[362.0,342.0,342.0],1.994039e-05],
[[363.0,362.0,362.0],5.254832e-05],
[[367.0,362.0,362.0],5.441945e-05],
[[369.0,362.0,362.0],4.443777e-05],
[[372.0,302.0,302.0],4.598252e-06],
[[372.0,342.0,342.0],1.22665e-05],
[[382.0,302.0,302.0],3.88132e-06],
[[382.0,322.0,322.0],6.027542e-06],
[[382.0,362.0,362.0],1.890277e-05],
[[383.0,382.0,382.0],6.024161e-05],
[[387.0,382.0,382.0],5.216537e-05],
[[389.0,382.0,382.0],4.289421e-05],
[[391.0,382.0,382.0],4.16458e-05],
[[392.0,322.0,322.0],4.822341e-06],
[[392.0,342.0,342.0],7.555346e-06],
[[392.0,362.0,362.0],1.098497e-05],
[[402.0,322.0,322.0],4.481544e-06],
[[402.0,342.0,342.0],5.728691e-06],
[[402.0,362.0,362.0],9.155993e-06],
[[402.0,382.0,382.0],2.187916e-05],
[[403.0,402.0,402.0],6.665079e-05],
[[412.0,342.0,342.0],5.963484e-06],
[[412.0,362.0,362.0],9.115788e-06],
[[412.0,382.0,382.0],1.174997e-05],
[[413.0,402.0,402.0],3.753322e-05],
[[417.0,402.0,402.0],2.900034e-05],
[[422.0,342.0,342.0],4.754039e-06],
[[422.0,362.0,362.0],7.31155e-06],
[[422.0,382.0,382.0],1.05898e-05],
[[422.0,402.0,402.0],2.107779e-05],
[[432.0,362.0,362.0],5.330671e-06],
[[432.0,382.0,382.0],1.193279e-05],
[[432.0,402.0,402.0],1.503049e-05],
[[442.0,362.0,362.0],5.516202e-06],
[[442.0,382.0,382.0],6.810446e-06],
[[452.0,382.0,382.0],7.276032e-06],
[[452.0,402.0,402.0],8.83019e-06],
[[462.0,382.0,382.0],6.158993e-06],
[[462.0,402.0,402.0],8.025873e-06],
[[482.0,402.0,402.0],6.350392e-06],
[[503.0,502.0,502.0],7.436475e-05],
[[513.0,502.0,502.0],5.51569e-05],
[[517.0,502.0,502.0],4.252497e-05],
[[522.0,502.0,502.0],3.098746e-05],
[[532.0,502.0,502.0],1.919233e-05],
[[552.0,502.0,502.0],1.464106e-05],
[[582.0,502.0,502.0],8.143358e-06],
[[603.0,602.0,602.0],0.0001027784],
[[613.0,602.0,602.0],6.313102e-05],
[[617.0,602.0,602.0],5.245501e-05],
[[622.0,602.0,602.0],3.884609e-05],
[[632.0,602.0,602.0],2.680751e-05],
[[652.0,602.0,602.0],1.335887e-05],
[[682.0,602.0,602.0],1.222439e-05],
[[703.0,702.0,702.0],0.0001148677],
[[713.0,702.0,702.0],7.462947e-05],
[[717.0,702.0,702.0],6.197911e-05],
[[722.0,702.0,702.0],4.65024e-05],
[[732.0,702.0,702.0],2.815258e-05],
[[752.0,702.0,702.0],1.794107e-05],
[[782.0,702.0,702.0],1.097171e-05],
[[803.0,802.0,802.0],0.0001248693],
[[813.0,802.0,802.0],9.334009e-05],
[[817.0,802.0,802.0],7.681482e-05],
[[822.0,802.0,802.0],5.585403e-05],
[[832.0,802.0,802.0],3.490889e-05],
[[852.0,802.0,802.0],2.113316e-05],
[[882.0,802.0,802.0],1.429727e-05],
[[903.0,902.0,902.0],0.0001354385],
[[913.0,902.0,902.0],9.78712e-05],
[[917.0,902.0,902.0],7.620933e-05],
[[922.0,902.0,902.0],6.827669e-05],
[[932.0,902.0,902.0],4.008816e-05],
[[952.0,902.0,902.0],2.24943e-05],
[[982.0,902.0,902.0],1.464863e-05],
[[1003.0,1002.0,1002.0],0.0001465371],
[[1013.0,1002.0,1002.0],0.0001090411],
[[1017.0,1002.0,1002.0],8.14301e-05],
[[1022.0,1002.0,1002.0],6.142826e-05],
[[1032.0,1002.0,1002.0],4.14141e-05],
[[1052.0,1002.0,1002.0],2.376733e-05],
[[1082.0,1002.0,1002.0],1.589754e-05],
[[1103.0,1102.0,1102.0],0.0001508306],
[[1113.0,1102.0,1102.0],0.000113087],
[[1117.0,1102.0,1102.0],9.537017e-05],
[[1122.0,1102.0,1102.0],7.075809e-05],
[[1132.0,1102.0,1102.0],4.477085e-05],
[[1152.0,1102.0,1102.0],2.550245e-05],
[[1182.0,1102.0,1102.0],1.743005e-05],
[[1203.0,1202.0,1202.0],0.0001568735],
[[1213.0,1202.0,1202.0],0.0001202741],
[[1217.0,1202.0,1202.0],9.672024e-05],
[[1222.0,1202.0,1202.0],6.92222e-05],
[[1232.0,1202.0,1202.0],4.693545e-05],
[[1252.0,1202.0,1202.0],2.518522e-05],
[[1282.0,1202.0,1202.0],1.930395e-05],
[[1303.0,1302.0,1302.0],0.0001565124],
[[1313.0,1302.0,1302.0],0.000135465],
[[1317.0,1302.0,1302.0],9.525025e-05],
[[1322.0,1302.0,1302.0],8.00902e-05],
[[1332.0,1302.0,1302.0],4.557619e-05],
[[1352.0,1302.0,1302.0],2.42552e-05],
[[1382.0,1302.0,1302.0],1.920092e-05],
[[1403.0,1402.0,1402.0],0.0001635508],
[[1413.0,1402.0,1402.0],0.000123761],
[[1417.0,1402.0,1402.0],0.0001045036],
[[1422.0,1402.0,1402.0],7.578413e-05],
[[1432.0,1402.0,1402.0],4.864287e-05],
[[1452.0,1402.0,1402.0],2.995445e-05],
[[1482.0,1402.0,1402.0],1.765435e-05],
[[1503.0,1502.0,1502.0],0.0001624374],
[[1513.0,1502.0,1502.0],0.0001369859],
[[1517.0,1502.0,1502.0],0.0001070131],
[[1522.0,1502.0,1502.0],7.876558e-05],
[[1532.0,1502.0,1502.0],4.903738e-05],
[[1552.0,1502.0,1502.0],2.823462e-05],
[[1582.0,1502.0,1502.0],1.980143e-05],
[[1603.0,1602.0,1602.0],0.0001643235],
[[1613.0,1602.0,1602.0],0.0001401908],
[[1617.0,1602.0,1602.0],0.0001070835],
[[1622.0,1602.0,1602.0],8.149209e-05],
[[1632.0,1602.0,1602.0],5.024189e-05],
[[1652.0,1602.0,1602.0],2.824801e-05],
[[1682.0,1602.0,1602.0],1.800407e-05],
[[1703.0,1702.0,1702.0],0.0001613138],
[[1713.0,1702.0,1702.0],0.0001328265],
[[1717.0,1702.0,1702.0],9.980357e-05],
[[1722.0,1702.0,1702.0],8.130878e-05],
[[1732.0,1702.0,1702.0],5.115539e-05],
[[1752.0,1702.0,1702.0],3.103529e-05],
[[1782.0,1702.0,1702.0],1.631076e-05],
[[1803.0,1802.0,1802.0],0.0001602604],
[[1813.0,1802.0,1802.0],0.0001372043],
[[1817.0,1802.0,1802.0],0.0001044087],
[[1822.0,1802.0,1802.0],7.888297e-05],
[[1832.0,1802.0,1802.0],4.903826e-05],
[[1852.0,1802.0,1802.0],2.503298e-05],
[[1872.0,1802.0,1802.0],1.978181e-05],
[[1882.0,1802.0,1802.0],2.056124e-05],
[[1903.0,1902.0,1902.0],0.0001622504],
[[1913.0,1902.0,1902.0],0.0001339706],
[[1917.0,1902.0,1902.0],0.0001077331],
[[1922.0,1902.0,1902.0],8.084657e-05],
[[1942.0,1902.0,1902.0],3.718786e-05],
[[1952.0,1902.0,1902.0],2.918931e-05],
[[1982.0,1902.0,1902.0],1.835145e-05],
[[2003.0,2002.0,2002.0],0.0001659356],
[[2013.0,2002.0,2002.0],0.0001424842],
[[2017.0,2002.0,2002.0],0.0001105096],
[[2022.0,2002.0,2002.0],7.835613e-05],
[[2032.0,2002.0,2002.0],4.81272e-05],
[[2042.0,2002.0,2002.0],3.68037e-05],
[[2052.0,2002.0,2002.0],2.746706e-05],
[[2072.0,2002.0,2002.0],1.998856e-05],
[[2082.0,2002.0,2002.0],1.983588e-05]]
