dataId: SR_2017_21
dataType: efficiencyMap
observedN: 35
expectedBG: 30.64801991
bgError: 3.124141202154602
upperLimit: 0.1272*fb
expectedUpperLimit: 0.1051*fb
