txName: TChiWWISRqq
constraint: {(PV > anyBSM(1), anyBSM(3)), (anyBSM(1) > q, q, MET(2)), (anyBSM(3) > q, q, MET(4))}
condition: None
conditionDescription: None
figureUrl: None
source: Recast by MA5
validated: True
axesMap: [{0: 'x', 1: 'y', 2: 'x', 3: 'y'}]
dataMap: {0: (1, 'mass', GeV), 1: (2, 'mass', GeV), 2: (3, 'mass', GeV), 3: (4, 'mass', GeV)}
finalState: ['MET', 'MET']
efficiencyMap: [[[11.0,10.0,11.0,10.0],0.0],
[[13.0,10.0,13.0,10.0],0.0],
[[15.0,10.0,15.0,10.0],0.0],
[[20.0,10.0,20.0,10.0],0.0],
[[21.0,20.0,21.0,20.0],0.0],
[[23.0,20.0,23.0,20.0],0.0],
[[25.0,20.0,25.0,20.0],0.0],
[[30.0,10.0,30.0,10.0],0.0],
[[30.0,20.0,30.0,20.0],0.0],
[[31.0,30.0,31.0,30.0],0.0],
[[33.0,30.0,33.0,30.0],0.0],
[[35.0,30.0,35.0,30.0],0.0],
[[40.0,20.0,40.0,20.0],0.0],
[[40.0,30.0,40.0,30.0],0.0],
[[41.0,40.0,41.0,40.0],2.171328e-09],
[[43.0,40.0,43.0,40.0],0.0],
[[45.0,40.0,45.0,40.0],0.0],
[[50.0,10.0,50.0,10.0],0.0],
[[50.0,30.0,50.0,30.0],0.0],
[[50.0,40.0,50.0,40.0],0.0],
[[51.0,50.0,51.0,50.0],4.725312e-08],
[[53.0,50.0,53.0,50.0],4.188099e-09],
[[55.0,50.0,55.0,50.0],2.293895e-08],
[[60.0,20.0,60.0,20.0],1.404621e-09],
[[60.0,40.0,60.0,40.0],0.0],
[[60.0,50.0,60.0,50.0],0.0],
[[61.0,60.0,61.0,60.0],6.957193e-08],
[[63.0,60.0,63.0,60.0],2.472693e-09],
[[65.0,60.0,65.0,60.0],1.268994e-08],
[[70.0,10.0,70.0,10.0],0.0],
[[70.0,30.0,70.0,30.0],0.0],
[[70.0,50.0,70.0,50.0],0.0],
[[70.0,60.0,70.0,60.0],0.0],
[[71.0,70.0,71.0,70.0],1.299861e-07],
[[73.0,70.0,73.0,70.0],5.128835e-08],
[[75.0,70.0,75.0,70.0],3.295419e-08],
[[80.0,20.0,80.0,20.0],1.35516e-09],
[[80.0,40.0,80.0,40.0],0.0],
[[80.0,60.0,80.0,60.0],2.439427e-09],
[[80.0,70.0,80.0,70.0],2.289596e-09],
[[81.0,80.0,81.0,80.0],2.194171e-07],
[[83.0,80.0,83.0,80.0],5.242892e-08],
[[85.0,80.0,85.0,80.0],1.246903e-07],
[[90.0,10.0,90.0,10.0],0.0],
[[90.0,30.0,90.0,30.0],0.0],
[[90.0,50.0,90.0,50.0],0.0],
[[90.0,70.0,90.0,70.0],0.0],
[[90.0,80.0,90.0,80.0],1.449305e-08],
[[91.0,90.0,91.0,90.0],1.059198e-06],
[[93.0,90.0,93.0,90.0],7.08418e-08],
[[95.0,90.0,95.0,90.0],5.470954e-08],
[[100.0,20.0,100.0,20.0],0.0],
[[100.0,40.0,100.0,40.0],0.0],
[[100.0,60.0,100.0,60.0],3.137121e-09],
[[100.0,80.0,100.0,80.0],1.087142e-08],
[[100.0,90.0,100.0,90.0],2.318455e-08],
[[101.0,100.0,101.0,100.0],4.031791e-07],
[[103.0,100.0,103.0,100.0],3.673695e-07],
[[103.0,102.0,103.0,102.0],6.677268e-07],
[[105.0,100.0,105.0,100.0],6.892753e-08],
[[105.0,102.0,105.0,102.0],1.377825e-07],
[[107.0,102.0,107.0,102.0],7.026999e-08],
[[110.0,30.0,110.0,30.0],1.952272e-09],
[[110.0,50.0,110.0,50.0],0.0],
[[110.0,70.0,110.0,70.0],0.0],
[[110.0,90.0,110.0,90.0],1.994395e-09],
[[110.0,100.0,110.0,100.0],3.580976e-08],
[[112.0,102.0,112.0,102.0],1.633708e-07],
[[120.0,40.0,120.0,40.0],0.0],
[[120.0,60.0,120.0,60.0],3.646427e-09],
[[120.0,80.0,120.0,80.0],4.274817e-09],
[[120.0,100.0,120.0,100.0],3.187935e-09],
[[122.0,102.0,122.0,102.0],4.032276e-08],
[[123.0,122.0,123.0,122.0],5.440722e-07],
[[125.0,122.0,125.0,122.0],5.430927e-07],
[[127.0,122.0,127.0,122.0],4.498387e-07],
[[130.0,50.0,130.0,50.0],0.0],
[[130.0,70.0,130.0,70.0],3.806234e-09],
[[130.0,90.0,130.0,90.0],8.524316e-09],
[[132.0,122.0,132.0,122.0],9.338119e-08],
[[140.0,60.0,140.0,60.0],3.31235e-09],
[[140.0,80.0,140.0,80.0],0.0],
[[140.0,100.0,140.0,100.0],1.413721e-08],
[[142.0,102.0,142.0,102.0],2.787454e-08],
[[142.0,122.0,142.0,122.0],3.384103e-08],
[[143.0,142.0,143.0,142.0],8.753895e-07],
[[145.0,142.0,145.0,142.0],6.223053e-07],
[[147.0,142.0,147.0,142.0],3.56827e-07],
[[150.0,70.0,150.0,70.0],5.87546e-09],
[[150.0,90.0,150.0,90.0],9.171581e-09],
[[152.0,142.0,152.0,142.0],1.329439e-07],
[[160.0,80.0,160.0,80.0],1.503972e-08],
[[160.0,100.0,160.0,100.0],1.928311e-08],
[[162.0,102.0,162.0,102.0],1.20764e-08],
[[162.0,122.0,162.0,122.0],2.040777e-08],
[[162.0,142.0,162.0,142.0],6.22213e-08],
[[163.0,162.0,163.0,162.0],1.494773e-06],
[[165.0,162.0,165.0,162.0],1.688395e-06],
[[167.0,162.0,167.0,162.0],7.382803e-07],
[[170.0,90.0,170.0,90.0],1.76363e-08],
[[172.0,162.0,172.0,162.0],2.809568e-07],
[[180.0,100.0,180.0,100.0],1.391968e-08],
[[182.0,102.0,182.0,102.0],4.267585e-09],
[[182.0,122.0,182.0,122.0],2.343303e-08],
[[182.0,142.0,182.0,142.0],5.820759e-08],
[[182.0,162.0,182.0,162.0],1.097421e-07],
[[183.0,182.0,183.0,182.0],1.79271e-06],
[[185.0,182.0,185.0,182.0],1.552398e-06],
[[187.0,182.0,187.0,182.0],9.193605e-07],
[[192.0,182.0,192.0,182.0],5.031945e-07],
[[202.0,122.0,202.0,122.0],2.999591e-08],
[[202.0,142.0,202.0,142.0],4.684909e-08],
[[202.0,162.0,202.0,162.0],5.447319e-08],
[[202.0,182.0,202.0,182.0],1.708247e-07],
[[203.0,202.0,203.0,202.0],9.752364e-06],
[[205.0,202.0,205.0,202.0],1.877154e-06],
[[207.0,202.0,207.0,202.0],1.194147e-06],
[[212.0,202.0,212.0,202.0],8.791042e-07],
[[222.0,142.0,222.0,142.0],3.412141e-08],
[[222.0,162.0,222.0,162.0],4.214041e-08],
[[222.0,182.0,222.0,182.0],1.475583e-07],
[[222.0,202.0,222.0,202.0],4.569845e-07],
[[223.0,222.0,223.0,222.0],2.919193e-06],
[[225.0,222.0,225.0,222.0],2.635378e-06],
[[227.0,222.0,227.0,222.0],2.226587e-06],
[[232.0,222.0,232.0,222.0],7.783789e-07],
[[242.0,162.0,242.0,162.0],7.683161e-08],
[[242.0,182.0,242.0,182.0],1.302122e-07],
[[242.0,202.0,242.0,202.0],2.057324e-07],
[[242.0,222.0,242.0,222.0],8.791295e-07],
[[243.0,242.0,243.0,242.0],5.09968e-06],
[[245.0,242.0,245.0,242.0],3.146988e-06],
[[247.0,242.0,247.0,242.0],2.456365e-06],
[[252.0,242.0,252.0,242.0],1.698807e-06],
[[262.0,182.0,262.0,182.0],1.096208e-07],
[[262.0,202.0,262.0,202.0],1.159811e-07],
[[262.0,222.0,262.0,222.0],2.397728e-07],
[[262.0,242.0,262.0,242.0],7.423128e-07],
[[263.0,262.0,263.0,262.0],4.106815e-06],
[[265.0,262.0,265.0,262.0],4.189887e-06],
[[267.0,262.0,267.0,262.0],3.281587e-06],
[[272.0,262.0,272.0,262.0],2.143893e-06],
[[282.0,202.0,282.0,202.0],1.197582e-07],
[[282.0,222.0,282.0,222.0],3.890295e-07],
[[282.0,242.0,282.0,242.0],5.82572e-07],
[[282.0,262.0,282.0,262.0],1.039509e-06],
[[283.0,282.0,283.0,282.0],4.453952e-06],
[[285.0,282.0,285.0,282.0],6.029148e-06],
[[287.0,282.0,287.0,282.0],3.834321e-06],
[[292.0,282.0,292.0,282.0],2.261369e-06],
[[302.0,222.0,302.0,222.0],2.10219e-07],
[[302.0,242.0,302.0,242.0],6.431609e-07],
[[302.0,262.0,302.0,262.0],4.888101e-07],
[[302.0,282.0,302.0,282.0],1.069211e-06],
[[303.0,302.0,303.0,302.0],7.016529e-06],
[[305.0,302.0,305.0,302.0],5.923004e-06],
[[307.0,302.0,307.0,302.0],5.039254e-06],
[[312.0,302.0,312.0,302.0],2.98473e-06],
[[322.0,242.0,322.0,242.0],3.943089e-07],
[[322.0,262.0,322.0,262.0],5.915555e-07],
[[322.0,282.0,322.0,282.0],6.807883e-07],
[[322.0,302.0,322.0,302.0],1.50477e-06],
[[323.0,322.0,323.0,322.0],6.130512e-06],
[[325.0,322.0,325.0,322.0],6.197447e-06],
[[327.0,322.0,327.0,322.0],7.004739e-06],
[[332.0,322.0,332.0,322.0],8.547848e-06],
[[342.0,262.0,342.0,262.0],3.94103e-07],
[[342.0,282.0,342.0,282.0],5.775886e-07],
[[342.0,302.0,342.0,302.0],1.135326e-06],
[[342.0,322.0,342.0,322.0],1.803628e-06],
[[343.0,342.0,343.0,342.0],7.320887e-06],
[[345.0,342.0,345.0,342.0],7.038482e-06],
[[347.0,342.0,347.0,342.0],5.907596e-06],
[[352.0,342.0,352.0,342.0],4.07179e-06],
[[362.0,282.0,362.0,282.0],1.26706e-06],
[[362.0,302.0,362.0,302.0],8.414235e-07],
[[362.0,322.0,362.0,322.0],1.099405e-06],
[[362.0,342.0,362.0,342.0],2.618605e-06],
[[363.0,362.0,363.0,362.0],7.267952e-06],
[[365.0,362.0,365.0,362.0],7.077295e-06],
[[367.0,362.0,367.0,362.0],7.285438e-06],
[[372.0,362.0,372.0,362.0],5.724872e-06],
[[382.0,302.0,382.0,302.0],6.858613e-07],
[[382.0,322.0,382.0,322.0],1.661447e-06],
[[382.0,342.0,382.0,342.0],2.460078e-06],
[[382.0,362.0,382.0,362.0],3.148245e-06],
[[383.0,382.0,383.0,382.0],9.62625e-06],
[[385.0,382.0,385.0,382.0],9.198683e-06],
[[387.0,382.0,387.0,382.0],7.662573e-06],
[[392.0,382.0,392.0,382.0],6.200385e-06],
[[402.0,322.0,402.0,322.0],9.255783e-07],
[[402.0,342.0,402.0,342.0],1.225108e-06],
[[402.0,362.0,402.0,362.0],2.946254e-06],
[[402.0,382.0,402.0,382.0],3.597741e-06],
[[403.0,402.0,403.0,402.0],9.710834e-06],
[[405.0,402.0,405.0,402.0],9.27304e-06],
[[407.0,402.0,407.0,402.0],9.874343e-06],
[[412.0,402.0,412.0,402.0],6.741639e-06],
[[422.0,342.0,422.0,342.0],7.005996e-07],
[[422.0,362.0,422.0,362.0],1.451144e-06],
[[422.0,382.0,422.0,382.0],2.583686e-06],
[[422.0,402.0,422.0,402.0],4.254494e-06],
[[442.0,362.0,442.0,362.0],1.079914e-06],
[[442.0,382.0,442.0,382.0],1.609798e-06],
[[442.0,402.0,442.0,402.0],2.725576e-06],
[[462.0,382.0,462.0,382.0],1.850282e-06],
[[462.0,402.0,462.0,402.0],1.74712e-06],
[[482.0,402.0,482.0,402.0],1.938129e-06],
[[503.0,502.0,503.0,502.0],1.526646e-05],
[[505.0,502.0,505.0,502.0],1.318398e-05],
[[507.0,502.0,507.0,502.0],1.445835e-05],
[[512.0,502.0,512.0,502.0],1.124507e-05],
[[522.0,502.0,522.0,502.0],7.474491e-06],
[[542.0,502.0,542.0,502.0],4.767073e-06],
[[562.0,502.0,562.0,502.0],4.127723e-06],
[[582.0,502.0,582.0,502.0],3.758395e-06],
[[603.0,602.0,603.0,602.0],2.085694e-05],
[[605.0,602.0,605.0,602.0],2.074733e-05],
[[607.0,602.0,607.0,602.0],2.360431e-05],
[[612.0,602.0,612.0,602.0],1.670576e-05],
[[622.0,602.0,622.0,602.0],1.150485e-05],
[[642.0,602.0,642.0,602.0],7.809163e-06],
[[662.0,602.0,662.0,602.0],7.173139e-06],
[[682.0,602.0,682.0,602.0],5.486085e-06],
[[703.0,702.0,703.0,702.0],2.355631e-05],
[[705.0,702.0,705.0,702.0],2.460153e-05],
[[707.0,702.0,707.0,702.0],2.371256e-05],
[[712.0,702.0,712.0,702.0],2.079075e-05],
[[722.0,702.0,722.0,702.0],1.618516e-05],
[[742.0,702.0,742.0,702.0],8.987361e-06],
[[762.0,702.0,762.0,702.0],8.361337e-06],
[[782.0,702.0,782.0,702.0],8.505779e-06],
[[803.0,802.0,803.0,802.0],2.967568e-05],
[[805.0,802.0,805.0,802.0],2.920786e-05],
[[807.0,802.0,807.0,802.0],2.865517e-05],
[[812.0,802.0,812.0,802.0],2.449687e-05],
[[822.0,802.0,822.0,802.0],2.138537e-05],
[[842.0,802.0,842.0,802.0],1.498021e-05],
[[862.0,802.0,862.0,802.0],1.09087e-05],
[[882.0,802.0,882.0,802.0],1.170644e-05],
[[903.0,902.0,903.0,902.0],3.056018e-05],
[[905.0,902.0,905.0,902.0],3.302247e-05],
[[907.0,902.0,907.0,902.0],3.079073e-05],
[[912.0,902.0,912.0,902.0],3.109833e-05],
[[922.0,902.0,922.0,902.0],2.699616e-05],
[[942.0,902.0,942.0,902.0],1.741279e-05],
[[962.0,902.0,962.0,902.0],1.610043e-05],
[[982.0,902.0,982.0,902.0],1.481144e-05],
[[1003.0,1002.0,1003.0,1002.0],3.568316e-05],
[[1005.0,1002.0,1005.0,1002.0],3.841831e-05],
[[1007.0,1002.0,1007.0,1002.0],3.67197e-05],
[[1012.0,1002.0,1012.0,1002.0],3.746734e-05],
[[1022.0,1002.0,1022.0,1002.0],2.762535e-05],
[[1042.0,1002.0,1042.0,1002.0],1.966193e-05],
[[1062.0,1002.0,1062.0,1002.0],1.927664e-05],
[[1082.0,1002.0,1082.0,1002.0],1.486474e-05],
[[1103.0,1102.0,1103.0,1102.0],3.779798e-05],
[[1105.0,1102.0,1105.0,1102.0],3.922032e-05],
[[1107.0,1102.0,1107.0,1102.0],3.893069e-05],
[[1112.0,1102.0,1112.0,1102.0],3.920697e-05],
[[1122.0,1102.0,1122.0,1102.0],3.182681e-05],
[[1142.0,1102.0,1142.0,1102.0],2.217784e-05],
[[1162.0,1102.0,1162.0,1102.0],1.844653e-05],
[[1182.0,1102.0,1182.0,1102.0],1.712021e-05],
[[1203.0,1202.0,1203.0,1202.0],4.040067e-05],
[[1205.0,1202.0,1205.0,1202.0],4.041644e-05],
[[1207.0,1202.0,1207.0,1202.0],4.020264e-05],
[[1212.0,1202.0,1212.0,1202.0],3.953676e-05],
[[1222.0,1202.0,1222.0,1202.0],3.45017e-05],
[[1242.0,1202.0,1242.0,1202.0],2.836153e-05],
[[1262.0,1202.0,1262.0,1202.0],2.14551e-05],
[[1282.0,1202.0,1282.0,1202.0],2.143784e-05],
[[1303.0,1302.0,1303.0,1302.0],4.362212e-05],
[[1305.0,1302.0,1305.0,1302.0],4.358653e-05],
[[1307.0,1302.0,1307.0,1302.0],4.214506e-05],
[[1312.0,1302.0,1312.0,1302.0],4.262513e-05],
[[1322.0,1302.0,1322.0,1302.0],3.787114e-05],
[[1342.0,1302.0,1342.0,1302.0],3.003515e-05],
[[1362.0,1302.0,1362.0,1302.0],2.441725e-05],
[[1382.0,1302.0,1382.0,1302.0],2.212789e-05],
[[1403.0,1402.0,1403.0,1402.0],4.509148e-05],
[[1405.0,1402.0,1405.0,1402.0],4.534463e-05],
[[1407.0,1402.0,1407.0,1402.0],4.489397e-05],
[[1412.0,1402.0,1412.0,1402.0],4.092303e-05],
[[1422.0,1402.0,1422.0,1402.0],4.159167e-05],
[[1442.0,1402.0,1442.0,1402.0],2.818298e-05],
[[1462.0,1402.0,1462.0,1402.0],2.576946e-05],
[[1482.0,1402.0,1482.0,1402.0],2.348532e-05],
[[1503.0,1502.0,1503.0,1502.0],4.726094e-05],
[[1505.0,1502.0,1505.0,1502.0],4.499224e-05],
[[1507.0,1502.0,1507.0,1502.0],4.500028e-05],
[[1512.0,1502.0,1512.0,1502.0],4.821616e-05],
[[1522.0,1502.0,1522.0,1502.0],4.06388e-05],
[[1542.0,1502.0,1542.0,1502.0],3.281585e-05],
[[1562.0,1502.0,1562.0,1502.0],2.499365e-05],
[[1582.0,1502.0,1582.0,1502.0],2.522902e-05],
[[1603.0,1602.0,1603.0,1602.0],4.759572e-05],
[[1605.0,1602.0,1605.0,1602.0],4.735471e-05],
[[1607.0,1602.0,1607.0,1602.0],4.467524e-05],
[[1612.0,1602.0,1612.0,1602.0],4.513409e-05],
[[1622.0,1602.0,1622.0,1602.0],4.157159e-05],
[[1642.0,1602.0,1642.0,1602.0],3.32141e-05],
[[1662.0,1602.0,1662.0,1602.0],2.75402e-05],
[[1682.0,1602.0,1682.0,1602.0],2.581864e-05],
[[1703.0,1702.0,1703.0,1702.0],4.811411e-05],
[[1705.0,1702.0,1705.0,1702.0],5.004784e-05],
[[1707.0,1702.0,1707.0,1702.0],4.664081e-05],
[[1712.0,1702.0,1712.0,1702.0],4.64658e-05],
[[1722.0,1702.0,1722.0,1702.0],4.318498e-05],
[[1742.0,1702.0,1742.0,1702.0],3.558095e-05],
[[1762.0,1702.0,1762.0,1702.0],2.919403e-05],
[[1782.0,1702.0,1782.0,1702.0],2.739298e-05],
[[1803.0,1802.0,1803.0,1802.0],4.624627e-05],
[[1805.0,1802.0,1805.0,1802.0],4.859654e-05],
[[1807.0,1802.0,1807.0,1802.0],4.891766e-05],
[[1812.0,1802.0,1812.0,1802.0],4.765168e-05],
[[1822.0,1802.0,1822.0,1802.0],4.478409e-05],
[[1842.0,1802.0,1842.0,1802.0],3.490928e-05],
[[1862.0,1802.0,1862.0,1802.0],3.007635e-05],
[[1882.0,1802.0,1882.0,1802.0],2.809325e-05],
[[1903.0,1902.0,1903.0,1902.0],4.936801e-05],
[[1905.0,1902.0,1905.0,1902.0],4.81551e-05],
[[1907.0,1902.0,1907.0,1902.0],4.942592e-05],
[[1912.0,1902.0,1912.0,1902.0],4.855897e-05],
[[1922.0,1902.0,1922.0,1902.0],4.256879e-05],
[[1942.0,1902.0,1942.0,1902.0],3.395969e-05],
[[1962.0,1902.0,1962.0,1902.0],2.784838e-05],
[[1982.0,1902.0,1982.0,1902.0],2.829765e-05],
[[2003.0,2002.0,2003.0,2002.0],4.907537e-05],
[[2005.0,2002.0,2005.0,2002.0],4.985856e-05],
[[2007.0,2002.0,2007.0,2002.0],4.674073e-05],
[[2012.0,2002.0,2012.0,2002.0],4.677446e-05],
[[2022.0,2002.0,2022.0,2002.0],4.689449e-05],
[[2042.0,2002.0,2042.0,2002.0],3.549364e-05],
[[2062.0,2002.0,2062.0,2002.0],3.097665e-05],
[[2082.0,2002.0,2082.0,2002.0],2.628913e-05]]
