txName: TRV1nunu
constraint: {(PV > Zprime(1)), (Zprime(1) > nu,nu)}
condition: None
conditionDescription: None
figureUrl: None
source: CMS
validated: N/A
axesMap: [{0: 'x'}]
dataMap: {0: (1, 'mass', GeV)}
finalState: ['MET', 'MET']
efficiencyMap: [[[50.0],0.0],
[[100.0],1.083174e-08],
[[150.0],2.55786e-08],
[[200.0],5.597138e-08],
[[250.0],3.88231e-07],
[[300.0],4.501659e-07],
[[350.0],5.844836e-07],
[[400.0],9.229055e-07],
[[450.0],1.943154e-06],
[[500.0],1.582177e-06],
[[550.0],3.350141e-06],
[[600.0],3.658301e-06],
[[650.0],5.44995e-06],
[[700.0],6.311635e-06],
[[750.0],6.786038e-06],
[[800.0],9.727449e-06],
[[850.0],1.051989e-05],
[[900.0],1.199111e-05],
[[950.0],1.320106e-05],
[[1000.0],1.48162e-05],
[[1050.0],1.5775e-05],
[[1100.0],1.985863e-05],
[[1150.0],1.900764e-05],
[[1200.0],2.292466e-05],
[[1250.0],2.515884e-05],
[[1300.0],2.864466e-05],
[[1350.0],2.892084e-05],
[[1400.0],3.003773e-05],
[[1450.0],3.232668e-05],
[[1500.0],3.528439e-05],
[[1550.0],3.574968e-05],
[[1600.0],4.371374e-05],
[[1650.0],3.65721e-05],
[[1700.0],4.423173e-05],
[[1750.0],4.395153e-05],
[[1800.0],4.483969e-05],
[[1850.0],4.813606e-05],
[[1900.0],4.796764e-05],
[[1950.0],5.999809e-05],
[[2000.0],5.005324e-05],
[[2250.0],6.810029e-05],
[[2500.0],6.507473e-05],
[[2750.0],7.284825e-05],
[[3000.0],7.716395e-05]]
