dataId: SR2600_High_long
dataType: efficiencyMap
observedN: 3
expectedBG: 0.25
bgError: 0.31
upperLimit: 0.04964028776978417*fb
expectedUpperLimit: 0.022302158273381296*fb
