txName: TChiWWISRqq
constraint: {(PV > anyBSM(1), anyBSM(3)), (anyBSM(1) > q, q, MET(2)), (anyBSM(3) > q, q, MET(4))}
condition: None
conditionDescription: None
figureUrl: None
source: Recast by MA5
validated: True
axesMap: [{0: 'x', 1: 'y', 2: 'x', 3: 'y'}]
dataMap: {0: (1, 'mass', GeV), 1: (2, 'mass', GeV), 2: (3, 'mass', GeV), 3: (4, 'mass', GeV)}
finalState: ['MET', 'MET']
efficiencyMap: [[[10.0,1.0,10.0,1.0],0.0],
[[10.0,3.0,10.0,3.0],0.0],
[[10.0,5.0,10.0,5.0],0.0],
[[10.0,7.0,10.0,7.0],1.950679e-08],
[[10.0,9.0,10.0,9.0],3.715911e-08],
[[11.0,10.0,11.0,10.0],1.062905e-07],
[[13.0,10.0,13.0,10.0],0.0],
[[15.0,10.0,15.0,10.0],7.759547e-09],
[[20.0,10.0,20.0,10.0],0.0],
[[21.0,20.0,21.0,20.0],2.360158e-06],
[[23.0,20.0,23.0,20.0],8.019171e-07],
[[25.0,20.0,25.0,20.0],0.0],
[[30.0,10.0,30.0,10.0],7.695685e-09],
[[30.0,20.0,30.0,20.0],3.911611e-08],
[[31.0,30.0,31.0,30.0],5.758022e-06],
[[33.0,30.0,33.0,30.0],4.91074e-07],
[[35.0,30.0,35.0,30.0],4.294215e-08],
[[40.0,20.0,40.0,20.0],0.0],
[[40.0,30.0,40.0,30.0],1.126414e-08],
[[41.0,40.0,41.0,40.0],1.004612e-05],
[[43.0,40.0,43.0,40.0],6.275341e-07],
[[45.0,40.0,45.0,40.0],5.401526e-07],
[[50.0,10.0,50.0,10.0],0.0],
[[50.0,30.0,50.0,30.0],6.468802e-08],
[[50.0,40.0,50.0,40.0],4.868163e-07],
[[51.0,50.0,51.0,50.0],3.02355e-05],
[[53.0,50.0,53.0,50.0],1.069356e-05],
[[55.0,50.0,55.0,50.0],4.492921e-06],
[[60.0,20.0,60.0,20.0],1.180307e-07],
[[60.0,40.0,60.0,40.0],5.811845e-07],
[[60.0,50.0,60.0,50.0],2.734645e-06],
[[61.0,60.0,61.0,60.0],4.472742e-05],
[[63.0,60.0,63.0,60.0],2.811204e-05],
[[65.0,60.0,65.0,60.0],1.581668e-05],
[[70.0,10.0,70.0,10.0],3.424757e-07],
[[70.0,30.0,70.0,30.0],1.826112e-06],
[[70.0,50.0,70.0,50.0],1.441018e-06],
[[70.0,60.0,70.0,60.0],7.899325e-06],
[[71.0,70.0,71.0,70.0],8.975584e-05],
[[73.0,70.0,73.0,70.0],6.106933e-05],
[[75.0,70.0,75.0,70.0],3.358408e-05],
[[80.0,20.0,80.0,20.0],5.043637e-07],
[[80.0,40.0,80.0,40.0],9.287273e-07],
[[80.0,60.0,80.0,60.0],3.383797e-06],
[[80.0,70.0,80.0,70.0],1.065486e-05],
[[81.0,80.0,81.0,80.0],0.0001095152],
[[83.0,80.0,83.0,80.0],9.281178e-05],
[[85.0,80.0,85.0,80.0],4.808833e-05],
[[90.0,10.0,90.0,10.0],1.554546e-07],
[[90.0,30.0,90.0,30.0],8.818063e-07],
[[90.0,50.0,90.0,50.0],1.576823e-06],
[[90.0,70.0,90.0,70.0],6.334919e-06],
[[90.0,80.0,90.0,80.0],1.858253e-05],
[[91.0,90.0,91.0,90.0],0.0001600421],
[[93.0,90.0,93.0,90.0],0.0001332998],
[[95.0,90.0,95.0,90.0],7.700603e-05],
[[100.0,20.0,100.0,20.0],5.180414e-07],
[[100.0,40.0,100.0,40.0],1.502953e-06],
[[100.0,60.0,100.0,60.0],2.41068e-06],
[[100.0,80.0,100.0,80.0],3.054288e-05],
[[100.0,90.0,100.0,90.0],3.33338e-05],
[[101.0,100.0,101.0,100.0],0.0002082224],
[[103.0,100.0,103.0,100.0],0.0001742437],
[[103.0,102.0,103.0,102.0],0.0002028522],
[[105.0,100.0,105.0,100.0],0.0001120807],
[[105.0,102.0,105.0,102.0],0.0001763977],
[[107.0,102.0,107.0,102.0],0.0001184153],
[[110.0,30.0,110.0,30.0],1.189576e-06],
[[110.0,50.0,110.0,50.0],2.037853e-06],
[[110.0,70.0,110.0,70.0],1.108408e-05],
[[110.0,90.0,110.0,90.0],1.603212e-05],
[[110.0,100.0,110.0,100.0],4.740549e-05],
[[112.0,102.0,112.0,102.0],5.231271e-05],
[[120.0,40.0,120.0,40.0],1.73088e-06],
[[120.0,60.0,120.0,60.0],4.855829e-06],
[[120.0,80.0,120.0,80.0],8.958118e-06],
[[120.0,100.0,120.0,100.0],2.581451e-05],
[[122.0,102.0,122.0,102.0],2.969639e-05],
[[123.0,122.0,123.0,122.0],0.0003369108],
[[125.0,122.0,125.0,122.0],0.0002841382],
[[127.0,122.0,127.0,122.0],0.0002082174],
[[130.0,50.0,130.0,50.0],2.729092e-06],
[[130.0,70.0,130.0,70.0],5.62579e-06],
[[130.0,90.0,130.0,90.0],1.153888e-05],
[[132.0,122.0,132.0,122.0],0.0001099014],
[[140.0,60.0,140.0,60.0],4.186264e-06],
[[140.0,80.0,140.0,80.0],1.496318e-05],
[[140.0,100.0,140.0,100.0],1.747816e-05],
[[142.0,102.0,142.0,102.0],2.06731e-05],
[[142.0,122.0,142.0,122.0],6.014798e-05],
[[143.0,142.0,143.0,142.0],0.0004650871],
[[145.0,142.0,145.0,142.0],0.0003872723],
[[147.0,142.0,147.0,142.0],0.000356906],
[[150.0,70.0,150.0,70.0],7.275158e-06],
[[150.0,90.0,150.0,90.0],1.150041e-05],
[[152.0,142.0,152.0,142.0],0.0001826643],
[[160.0,80.0,160.0,80.0],7.282188e-06],
[[160.0,100.0,160.0,100.0],1.646601e-05],
[[162.0,102.0,162.0,102.0],1.790826e-05],
[[162.0,122.0,162.0,122.0],7.683168e-05],
[[162.0,142.0,162.0,142.0],0.0001029686],
[[163.0,162.0,163.0,162.0],0.0005603072],
[[165.0,162.0,165.0,162.0],0.0005413177],
[[167.0,162.0,167.0,162.0],0.0004978596],
[[170.0,90.0,170.0,90.0],1.209799e-05],
[[172.0,162.0,172.0,162.0],0.0002830256],
[[180.0,100.0,180.0,100.0],1.532232e-05],
[[182.0,102.0,182.0,102.0],1.724292e-05],
[[182.0,122.0,182.0,122.0],3.339041e-05],
[[182.0,142.0,182.0,142.0],6.013042e-05],
[[182.0,162.0,182.0,162.0],0.0001782384],
[[183.0,182.0,183.0,182.0],0.0006854468],
[[185.0,182.0,185.0,182.0],0.0007052274],
[[187.0,182.0,187.0,182.0],0.0006373764],
[[192.0,182.0,192.0,182.0],0.0004078871],
[[202.0,122.0,202.0,122.0],3.19421e-05],
[[202.0,142.0,202.0,142.0],6.902603e-05],
[[202.0,162.0,202.0,162.0],9.624415e-05],
[[202.0,182.0,202.0,182.0],0.0002327278],
[[203.0,202.0,203.0,202.0],0.0008360545],
[[205.0,202.0,205.0,202.0],0.0008313374],
[[207.0,202.0,207.0,202.0],0.0008006647],
[[212.0,202.0,212.0,202.0],0.0005744297],
[[222.0,142.0,222.0,142.0],4.891948e-05],
[[222.0,162.0,222.0,162.0],6.933218e-05],
[[222.0,182.0,222.0,182.0],0.000130694],
[[222.0,202.0,222.0,202.0],0.0003173867],
[[223.0,222.0,223.0,222.0],0.0009663849],
[[225.0,222.0,225.0,222.0],0.001000462],
[[227.0,222.0,227.0,222.0],0.0008981307],
[[232.0,222.0,232.0,222.0],0.000674956],
[[242.0,162.0,242.0,162.0],5.829423e-05],
[[242.0,182.0,242.0,182.0],0.0001045697],
[[242.0,202.0,242.0,202.0],0.0001676334],
[[242.0,222.0,242.0,222.0],0.0004219467],
[[243.0,242.0,243.0,242.0],0.001123809],
[[245.0,242.0,245.0,242.0],0.001209229],
[[247.0,242.0,247.0,242.0],0.001048103],
[[252.0,242.0,252.0,242.0],0.0008263087],
[[262.0,182.0,262.0,182.0],0.0001111957],
[[262.0,202.0,262.0,202.0],0.0001564639],
[[262.0,222.0,262.0,222.0],0.0002396607],
[[262.0,242.0,262.0,242.0],0.0005208145],
[[263.0,262.0,263.0,262.0],0.001268661],
[[265.0,262.0,265.0,262.0],0.001267946],
[[267.0,262.0,267.0,262.0],0.001250966],
[[272.0,262.0,272.0,262.0],0.001015389],
[[282.0,202.0,282.0,202.0],0.0001178871],
[[282.0,222.0,282.0,222.0],0.0001839369],
[[282.0,242.0,282.0,242.0],0.0003015232],
[[282.0,262.0,282.0,262.0],0.0006444346],
[[283.0,282.0,283.0,282.0],0.001470531],
[[285.0,282.0,285.0,282.0],0.001445398],
[[287.0,282.0,287.0,282.0],0.00140615],
[[292.0,282.0,292.0,282.0],0.001135843],
[[302.0,222.0,302.0,222.0],0.0001600611],
[[302.0,242.0,302.0,242.0],0.0002655079],
[[302.0,262.0,302.0,262.0],0.0003798425],
[[302.0,282.0,302.0,282.0],0.0007992529],
[[303.0,302.0,303.0,302.0],0.001591552],
[[305.0,302.0,305.0,302.0],0.001643102],
[[307.0,302.0,307.0,302.0],0.001538989],
[[312.0,302.0,312.0,302.0],0.001278018],
[[322.0,242.0,322.0,242.0],0.0001946],
[[322.0,262.0,322.0,262.0],0.0002701684],
[[322.0,282.0,322.0,282.0],0.0004699977],
[[322.0,302.0,322.0,302.0],0.0009597028],
[[323.0,322.0,323.0,322.0],0.001784122],
[[325.0,322.0,325.0,322.0],0.001764785],
[[327.0,322.0,327.0,322.0],0.001701404],
[[332.0,322.0,332.0,322.0],0.001534726],
[[342.0,262.0,342.0,262.0],0.0002393018],
[[342.0,282.0,342.0,282.0],0.0003292269],
[[342.0,302.0,342.0,302.0],0.0005394324],
[[342.0,322.0,342.0,322.0],0.001115159],
[[343.0,342.0,343.0,342.0],0.001897218],
[[345.0,342.0,345.0,342.0],0.001936552],
[[347.0,342.0,347.0,342.0],0.001839154],
[[352.0,342.0,352.0,342.0],0.001582837],
[[362.0,282.0,362.0,282.0],0.0002715907],
[[362.0,302.0,362.0,302.0],0.000374298],
[[362.0,322.0,362.0,322.0],0.0006403971],
[[362.0,342.0,362.0,342.0],0.00120382],
[[363.0,362.0,363.0,362.0],0.002063441],
[[365.0,362.0,365.0,362.0],0.002064179],
[[367.0,362.0,367.0,362.0],0.002025684],
[[372.0,362.0,372.0,362.0],0.001818155],
[[382.0,302.0,382.0,302.0],0.0003057358],
[[382.0,322.0,382.0,322.0],0.0005246775],
[[382.0,342.0,382.0,342.0],0.0007483204],
[[382.0,362.0,382.0,362.0],0.001286208],
[[383.0,382.0,383.0,382.0],0.002198681],
[[385.0,382.0,385.0,382.0],0.002165131],
[[387.0,382.0,387.0,382.0],0.00217689],
[[392.0,382.0,392.0,382.0],0.002012374],
[[402.0,322.0,402.0,322.0],0.000370951],
[[402.0,342.0,402.0,342.0],0.0005276162],
[[402.0,362.0,402.0,362.0],0.0008072628],
[[402.0,382.0,402.0,382.0],0.001450882],
[[403.0,402.0,403.0,402.0],0.002338892],
[[405.0,402.0,405.0,402.0],0.002355366],
[[407.0,402.0,407.0,402.0],0.002255936],
[[412.0,402.0,412.0,402.0],0.002061896],
[[422.0,342.0,422.0,342.0],0.0004057666],
[[422.0,362.0,422.0,362.0],0.0006045514],
[[422.0,382.0,422.0,382.0],0.0009362145],
[[422.0,402.0,422.0,402.0],0.001584135],
[[442.0,362.0,442.0,362.0],0.0004844354],
[[442.0,382.0,442.0,382.0],0.000661152],
[[442.0,402.0,442.0,402.0],0.0009985704],
[[462.0,382.0,462.0,382.0],0.000534825],
[[462.0,402.0,462.0,402.0],0.000733806],
[[482.0,402.0,482.0,402.0],0.000606404],
[[503.0,502.0,503.0,502.0],0.003000665],
[[505.0,502.0,505.0,502.0],0.003078687],
[[507.0,502.0,507.0,502.0],0.002881535],
[[512.0,502.0,512.0,502.0],0.002762852],
[[522.0,502.0,522.0,502.0],0.002337812],
[[542.0,502.0,542.0,502.0],0.001485653],
[[562.0,502.0,562.0,502.0],0.001082732],
[[582.0,502.0,582.0,502.0],0.0008477765],
[[603.0,602.0,603.0,602.0],0.003583528],
[[605.0,602.0,605.0,602.0],0.003570564],
[[607.0,602.0,607.0,602.0],0.003467886],
[[612.0,602.0,612.0,602.0],0.003408758],
[[622.0,602.0,622.0,602.0],0.002843523],
[[642.0,602.0,642.0,602.0],0.001922911],
[[662.0,602.0,662.0,602.0],0.001440823],
[[682.0,602.0,682.0,602.0],0.001123013],
[[703.0,702.0,703.0,702.0],0.004097324],
[[705.0,702.0,705.0,702.0],0.004042576],
[[707.0,702.0,707.0,702.0],0.004012774],
[[712.0,702.0,712.0,702.0],0.00392552],
[[722.0,702.0,722.0,702.0],0.003367605],
[[742.0,702.0,742.0,702.0],0.002449737],
[[762.0,702.0,762.0,702.0],0.001810886],
[[782.0,702.0,782.0,702.0],0.001421301],
[[803.0,802.0,803.0,802.0],0.004471587],
[[805.0,802.0,805.0,802.0],0.004377442],
[[807.0,802.0,807.0,802.0],0.00437734],
[[812.0,802.0,812.0,802.0],0.004240423],
[[822.0,802.0,822.0,802.0],0.003877893],
[[842.0,802.0,842.0,802.0],0.002770455],
[[862.0,802.0,862.0,802.0],0.002039224],
[[882.0,802.0,882.0,802.0],0.001673822],
[[903.0,902.0,903.0,902.0],0.004898391],
[[905.0,902.0,905.0,902.0],0.004798176],
[[907.0,902.0,907.0,902.0],0.004875001],
[[912.0,902.0,912.0,902.0],0.004724609],
[[922.0,902.0,922.0,902.0],0.004268099],
[[942.0,902.0,942.0,902.0],0.003138967],
[[962.0,902.0,962.0,902.0],0.002330134],
[[982.0,902.0,982.0,902.0],0.001806429],
[[1003.0,1002.0,1003.0,1002.0],0.005192478],
[[1005.0,1002.0,1005.0,1002.0],0.005157958],
[[1007.0,1002.0,1007.0,1002.0],0.00511963],
[[1012.0,1002.0,1012.0,1002.0],0.005059488],
[[1022.0,1002.0,1022.0,1002.0],0.004613862],
[[1042.0,1002.0,1042.0,1002.0],0.003386859],
[[1062.0,1002.0,1062.0,1002.0],0.002588347],
[[1082.0,1002.0,1082.0,1002.0],0.002025815],
[[1103.0,1102.0,1103.0,1102.0],0.005325291],
[[1105.0,1102.0,1105.0,1102.0],0.005409721],
[[1107.0,1102.0,1107.0,1102.0],0.005349121],
[[1112.0,1102.0,1112.0,1102.0],0.005295089],
[[1122.0,1102.0,1122.0,1102.0],0.004854545],
[[1142.0,1102.0,1142.0,1102.0],0.003688499],
[[1162.0,1102.0,1162.0,1102.0],0.002712448],
[[1182.0,1102.0,1182.0,1102.0],0.002154677],
[[1203.0,1202.0,1203.0,1202.0],0.005508485],
[[1205.0,1202.0,1205.0,1202.0],0.005478229],
[[1207.0,1202.0,1207.0,1202.0],0.005487252],
[[1212.0,1202.0,1212.0,1202.0],0.005443243],
[[1222.0,1202.0,1222.0,1202.0],0.005010821],
[[1242.0,1202.0,1242.0,1202.0],0.003896427],
[[1262.0,1202.0,1262.0,1202.0],0.002979796],
[[1282.0,1202.0,1282.0,1202.0],0.002400217],
[[1303.0,1302.0,1303.0,1302.0],0.005681533],
[[1305.0,1302.0,1305.0,1302.0],0.005692428],
[[1307.0,1302.0,1307.0,1302.0],0.005759926],
[[1312.0,1302.0,1312.0,1302.0],0.005633641],
[[1322.0,1302.0,1322.0,1302.0],0.005280249],
[[1342.0,1302.0,1342.0,1302.0],0.004091643],
[[1362.0,1302.0,1362.0,1302.0],0.003129614],
[[1382.0,1302.0,1382.0,1302.0],0.00245217],
[[1403.0,1402.0,1403.0,1402.0],0.005800899],
[[1405.0,1402.0,1405.0,1402.0],0.00585639],
[[1407.0,1402.0,1407.0,1402.0],0.005763642],
[[1412.0,1402.0,1412.0,1402.0],0.00573624],
[[1422.0,1402.0,1422.0,1402.0],0.005408255],
[[1442.0,1402.0,1442.0,1402.0],0.004227705],
[[1462.0,1402.0,1462.0,1402.0],0.003221052],
[[1482.0,1402.0,1482.0,1402.0],0.002594374],
[[1503.0,1502.0,1503.0,1502.0],0.005978478],
[[1505.0,1502.0,1505.0,1502.0],0.005897866],
[[1507.0,1502.0,1507.0,1502.0],0.0058863],
[[1512.0,1502.0,1512.0,1502.0],0.005762965],
[[1522.0,1502.0,1522.0,1502.0],0.005595927],
[[1542.0,1502.0,1542.0,1502.0],0.00427659],
[[1562.0,1502.0,1562.0,1502.0],0.003334096],
[[1582.0,1502.0,1582.0,1502.0],0.002781479],
[[1603.0,1602.0,1603.0,1602.0],0.006159796],
[[1605.0,1602.0,1605.0,1602.0],0.00604138],
[[1607.0,1602.0,1607.0,1602.0],0.005965783],
[[1612.0,1602.0,1612.0,1602.0],0.005872636],
[[1622.0,1602.0,1622.0,1602.0],0.005632834],
[[1642.0,1602.0,1642.0,1602.0],0.00453026],
[[1662.0,1602.0,1662.0,1602.0],0.003477936],
[[1682.0,1602.0,1682.0,1602.0],0.00281048],
[[1703.0,1702.0,1703.0,1702.0],0.006095564],
[[1705.0,1702.0,1705.0,1702.0],0.005978509],
[[1707.0,1702.0,1707.0,1702.0],0.005886055],
[[1712.0,1702.0,1712.0,1702.0],0.005972768],
[[1722.0,1702.0,1722.0,1702.0],0.005625551],
[[1742.0,1702.0,1742.0,1702.0],0.004481021],
[[1762.0,1702.0,1762.0,1702.0],0.003555962],
[[1782.0,1702.0,1782.0,1702.0],0.002804798],
[[1803.0,1802.0,1803.0,1802.0],0.006113559],
[[1805.0,1802.0,1805.0,1802.0],0.006078238],
[[1807.0,1802.0,1807.0,1802.0],0.006088935],
[[1812.0,1802.0,1812.0,1802.0],0.005977906],
[[1822.0,1802.0,1822.0,1802.0],0.005840367],
[[1842.0,1802.0,1842.0,1802.0],0.00449241],
[[1862.0,1802.0,1862.0,1802.0],0.00356988],
[[1882.0,1802.0,1882.0,1802.0],0.002824909],
[[1903.0,1902.0,1903.0,1902.0],0.006171151],
[[1905.0,1902.0,1905.0,1902.0],0.006023642],
[[1907.0,1902.0,1907.0,1902.0],0.005968648],
[[1912.0,1902.0,1912.0,1902.0],0.006048207],
[[1922.0,1902.0,1922.0,1902.0],0.005761714],
[[1942.0,1902.0,1942.0,1902.0],0.004654364],
[[1962.0,1902.0,1962.0,1902.0],0.003637536],
[[1982.0,1902.0,1982.0,1902.0],0.002897413],
[[2003.0,2002.0,2003.0,2002.0],0.006135246],
[[2005.0,2002.0,2005.0,2002.0],0.00606609],
[[2007.0,2002.0,2007.0,2002.0],0.006061459],
[[2012.0,2002.0,2012.0,2002.0],0.006069555],
[[2022.0,2002.0,2022.0,2002.0],0.005811322],
[[2042.0,2002.0,2042.0,2002.0],0.004642452],
[[2062.0,2002.0,2062.0,2002.0],0.003735613],
[[2082.0,2002.0,2082.0,2002.0],0.00298267]]
