txName: TChiISR
constraint: {(PV > MET(1), MET(2))}
condition: None
conditionDescription: None
figureUrl: None
source: MA5
validated: True
axesMap: [{0: 'x', 1: 'y'}]
dataMap: {0: (1, 'mass', GeV), 1: (2, 'mass', GeV)}
finalState: ['MET', 'MET']
efficiencyMap: [[[1.0,10.0],1.423889e-05],
[[1.0,20.0],1.388583e-05],
[[1.0,30.0],1.930641e-05],
[[1.0,40.0],8.002533e-06],
[[1.0,50.0],9.415239e-06],
[[1.0,60.0],9.325422e-06],
[[5.0,10.0],6.054705e-06],
[[7.0,10.0],2.566841e-05],
[[9.0,10.0],9.084424e-06],
[[10.0,1.0],1.423889e-05],
[[10.0,5.0],6.054705e-06],
[[10.0,7.0],2.566841e-05],
[[10.0,9.0],9.084424e-06],
[[10.0,10.0],6.366659e-06],
[[12.0,62.0],9.083137e-06],
[[12.0,72.0],1.805183e-05],
[[12.0,82.0],3.338886e-05],
[[12.0,92.0],7.004559e-05],
[[12.0,102.0],9.051131e-05],
[[12.0,212.0],0.0004941984],
[[12.0,312.0],0.0009152107],
[[15.0,20.0],2.858757e-05],
[[17.0,20.0],8.697903e-06],
[[19.0,20.0],1.023985e-05],
[[20.0,1.0],1.388583e-05],
[[20.0,15.0],2.858757e-05],
[[20.0,17.0],8.697903e-06],
[[20.0,19.0],1.023985e-05],
[[20.0,20.0],1.267727e-05],
[[20.0,30.0],1.159769e-05],
[[20.0,40.0],7.119664e-06],
[[20.0,50.0],1.570432e-05],
[[20.0,60.0],1.275643e-05],
[[25.0,30.0],2.403896e-05],
[[27.0,30.0],1.009639e-05],
[[29.0,30.0],2.049636e-05],
[[30.0,1.0],1.930641e-05],
[[30.0,20.0],1.159769e-05],
[[30.0,25.0],2.403896e-05],
[[30.0,27.0],1.009639e-05],
[[30.0,29.0],2.049636e-05],
[[30.0,30.0],8.388785e-06],
[[30.0,40.0],1.147389e-05],
[[30.0,50.0],1.281255e-05],
[[30.0,60.0],2.215749e-05],
[[32.0,62.0],4.370402e-05],
[[32.0,72.0],6.609948e-05],
[[32.0,82.0],7.741364e-05],
[[32.0,92.0],0.0001430413],
[[32.0,102.0],0.000145135],
[[32.0,112.0],0.0001759036],
[[32.0,122.0],0.000215438],
[[32.0,232.0],0.0006043221],
[[32.0,332.0],0.00104921],
[[35.0,40.0],1.200234e-05],
[[37.0,40.0],9.466881e-06],
[[39.0,40.0],1.025581e-05],
[[40.0,1.0],8.002533e-06],
[[40.0,20.0],7.119664e-06],
[[40.0,30.0],1.147389e-05],
[[40.0,35.0],1.200234e-05],
[[40.0,37.0],9.466881e-06],
[[40.0,39.0],1.025581e-05],
[[40.0,40.0],1.867289e-05],
[[40.0,50.0],2.249026e-05],
[[40.0,60.0],5.928839e-05],
[[45.0,50.0],4.185672e-05],
[[47.0,50.0],4.006143e-05],
[[49.0,50.0],5.972517e-05],
[[50.0,1.0],9.415239e-06],
[[50.0,20.0],1.570432e-05],
[[50.0,30.0],1.281255e-05],
[[50.0,40.0],2.249026e-05],
[[50.0,45.0],4.185672e-05],
[[50.0,47.0],4.006143e-05],
[[50.0,49.0],5.972517e-05],
[[50.0,50.0],5.36264e-05],
[[50.0,60.0],8.571344e-05],
[[52.0,62.0],0.0001004433],
[[52.0,67.0],9.401289e-05],
[[52.0,72.0],0.0001316285],
[[52.0,82.0],0.0001416486],
[[52.0,92.0],0.0001811199],
[[52.0,102.0],0.000207236],
[[52.0,112.0],0.0002393388],
[[52.0,122.0],0.000274739],
[[52.0,132.0],0.0003239297],
[[52.0,142.0],0.0003479578],
[[52.0,252.0],0.0007692904],
[[52.0,352.0],0.001253664],
[[55.0,60.0],9.921306e-05],
[[57.0,60.0],9.438056e-05],
[[59.0,60.0],0.0001028409],
[[60.0,1.0],9.325422e-06],
[[60.0,20.0],1.275643e-05],
[[60.0,30.0],2.215749e-05],
[[60.0,40.0],5.928839e-05],
[[60.0,50.0],8.571344e-05],
[[60.0,55.0],9.921306e-05],
[[60.0,57.0],9.438056e-05],
[[60.0,59.0],0.0001028409],
[[60.0,60.0],0.0001076361],
[[62.0,12.0],9.083137e-06],
[[62.0,32.0],4.370402e-05],
[[62.0,52.0],0.0001004433],
[[67.0,52.0],9.401289e-05],
[[72.0,12.0],1.805183e-05],
[[72.0,32.0],6.609948e-05],
[[72.0,52.0],0.0001316285],
[[72.0,72.0],0.0001676941],
[[72.0,75.0],0.0002062501],
[[72.0,77.0],0.0002056847],
[[72.0,82.0],0.000238877],
[[72.0,87.0],0.0002269626],
[[72.0,92.0],0.0002203686],
[[72.0,102.0],0.0002663598],
[[72.0,112.0],0.0003253885],
[[72.0,122.0],0.000350721],
[[72.0,132.0],0.0004682999],
[[72.0,142.0],0.0003876448],
[[72.0,152.0],0.0004129054],
[[72.0,162.0],0.0004893533],
[[72.0,272.0],0.0009574783],
[[72.0,372.0],0.001415214],
[[75.0,72.0],0.0002062501],
[[77.0,72.0],0.0002056847],
[[82.0,12.0],3.338886e-05],
[[82.0,32.0],7.741364e-05],
[[82.0,52.0],0.0001416486],
[[82.0,72.0],0.000238877],
[[87.0,72.0],0.0002269626],
[[92.0,12.0],7.004559e-05],
[[92.0,32.0],0.0001430413],
[[92.0,52.0],0.0001811199],
[[92.0,72.0],0.0002203686],
[[92.0,92.0],0.0003108324],
[[92.0,95.0],0.0003260751],
[[92.0,97.0],0.0003206649],
[[92.0,102.0],0.0003958198],
[[92.0,107.0],0.0003734635],
[[92.0,112.0],0.0004128082],
[[92.0,122.0],0.0004340243],
[[92.0,132.0],0.0004497139],
[[92.0,142.0],0.00051448],
[[92.0,152.0],0.0005373766],
[[92.0,162.0],0.0005635017],
[[92.0,172.0],0.0006276053],
[[92.0,182.0],0.0006656912],
[[92.0,292.0],0.001111023],
[[92.0,392.0],0.0015638],
[[95.0,92.0],0.0003260751],
[[97.0,92.0],0.0003206649],
[[102.0,12.0],9.051131e-05],
[[102.0,32.0],0.000145135],
[[102.0,52.0],0.000207236],
[[102.0,72.0],0.0002663598],
[[102.0,92.0],0.0003958198],
[[102.0,102.0],0.0003959678],
[[102.0,105.0],0.0004061742],
[[102.0,107.0],0.000406089],
[[102.0,112.0],0.0004864956],
[[102.0,117.0],0.0004207485],
[[102.0,122.0],0.0004343727],
[[102.0,132.0],0.0005233265],
[[102.0,142.0],0.0005384332],
[[102.0,152.0],0.0006266895],
[[102.0,162.0],0.0006464678],
[[102.0,172.0],0.0006498639],
[[102.0,182.0],0.0007087895],
[[102.0,192.0],0.0007456503],
[[102.0,302.0],0.001215519],
[[102.0,402.0],0.001659286],
[[105.0,102.0],0.0004061742],
[[107.0,92.0],0.0003734635],
[[107.0,102.0],0.000406089],
[[112.0,32.0],0.0001759036],
[[112.0,52.0],0.0002393388],
[[112.0,72.0],0.0003253885],
[[112.0,92.0],0.0004128082],
[[112.0,102.0],0.0004864956],
[[117.0,102.0],0.0004207485],
[[122.0,32.0],0.000215438],
[[122.0,52.0],0.000274739],
[[122.0,72.0],0.000350721],
[[122.0,92.0],0.0004340243],
[[122.0,102.0],0.0004343727],
[[132.0,52.0],0.0003239297],
[[132.0,72.0],0.0004682999],
[[132.0,92.0],0.0004497139],
[[132.0,102.0],0.0005233265],
[[142.0,52.0],0.0003479578],
[[142.0,72.0],0.0003876448],
[[142.0,92.0],0.00051448],
[[142.0,102.0],0.0005384332],
[[152.0,72.0],0.0004129054],
[[152.0,92.0],0.0005373766],
[[152.0,102.0],0.0006266895],
[[152.0,152.0],0.0007524792],
[[152.0,155.0],0.00078055],
[[152.0,157.0],0.0009091036],
[[152.0,162.0],0.0008561874],
[[152.0,167.0],0.0008113143],
[[152.0,172.0],0.0009011797],
[[152.0,182.0],0.001078754],
[[152.0,192.0],0.0009792611],
[[152.0,202.0],0.001046156],
[[152.0,212.0],0.001021851],
[[152.0,222.0],0.0011761],
[[152.0,232.0],0.001178447],
[[152.0,242.0],0.001096954],
[[152.0,352.0],0.001677434],
[[152.0,452.0],0.002040093],
[[155.0,152.0],0.00078055],
[[157.0,152.0],0.0009091036],
[[162.0,72.0],0.0004893533],
[[162.0,92.0],0.0005635017],
[[162.0,102.0],0.0006464678],
[[162.0,152.0],0.0008561874],
[[167.0,152.0],0.0008113143],
[[172.0,92.0],0.0006276053],
[[172.0,102.0],0.0006498639],
[[172.0,152.0],0.0009011797],
[[182.0,92.0],0.0006656912],
[[182.0,102.0],0.0007087895],
[[182.0,152.0],0.001078754],
[[192.0,102.0],0.0007456503],
[[192.0,152.0],0.0009792611],
[[202.0,152.0],0.001046156],
[[202.0,202.0],0.00124176],
[[202.0,205.0],0.001288045],
[[202.0,207.0],0.001273945],
[[202.0,212.0],0.001335728],
[[202.0,217.0],0.001377519],
[[202.0,222.0],0.001314564],
[[202.0,232.0],0.001385795],
[[202.0,242.0],0.001468417],
[[202.0,252.0],0.001462474],
[[202.0,262.0],0.001479808],
[[202.0,272.0],0.001605022],
[[202.0,282.0],0.001614329],
[[202.0,292.0],0.001617457],
[[202.0,402.0],0.002157599],
[[202.0,502.0],0.002430806],
[[205.0,202.0],0.001288045],
[[207.0,202.0],0.001273945],
[[212.0,12.0],0.0004941984],
[[212.0,152.0],0.001021851],
[[212.0,202.0],0.001335728],
[[217.0,202.0],0.001377519],
[[222.0,152.0],0.0011761],
[[222.0,202.0],0.001314564],
[[232.0,32.0],0.0006043221],
[[232.0,152.0],0.001178447],
[[232.0,202.0],0.001385795],
[[242.0,152.0],0.001096954],
[[242.0,202.0],0.001468417],
[[252.0,52.0],0.0007692904],
[[252.0,202.0],0.001462474],
[[252.0,252.0],0.001685063],
[[252.0,255.0],0.001735395],
[[252.0,257.0],0.001733618],
[[252.0,262.0],0.001762331],
[[252.0,267.0],0.001765661],
[[252.0,272.0],0.001680691],
[[252.0,282.0],0.001800461],
[[252.0,292.0],0.001821482],
[[252.0,302.0],0.001901185],
[[252.0,312.0],0.002019378],
[[252.0,322.0],0.001951373],
[[252.0,332.0],0.001993437],
[[252.0,342.0],0.002065741],
[[252.0,452.0],0.002512257],
[[252.0,552.0],0.002740973],
[[255.0,252.0],0.001735395],
[[257.0,252.0],0.001733618],
[[262.0,202.0],0.001479808],
[[262.0,252.0],0.001762331],
[[267.0,252.0],0.001765661],
[[272.0,72.0],0.0009574783],
[[272.0,202.0],0.001605022],
[[272.0,252.0],0.001680691],
[[282.0,202.0],0.001614329],
[[282.0,252.0],0.001800461],
[[292.0,92.0],0.001111023],
[[292.0,202.0],0.001617457],
[[292.0,252.0],0.001821482],
[[302.0,102.0],0.001215519],
[[302.0,252.0],0.001901185],
[[302.0,302.0],0.002132428],
[[302.0,305.0],0.002164176],
[[302.0,307.0],0.002111216],
[[302.0,312.0],0.002138372],
[[302.0,317.0],0.002179841],
[[302.0,322.0],0.002159813],
[[302.0,332.0],0.00225301],
[[302.0,342.0],0.002287657],
[[302.0,352.0],0.002317504],
[[302.0,362.0],0.002334327],
[[302.0,372.0],0.002394405],
[[302.0,382.0],0.00245487],
[[302.0,392.0],0.002509137],
[[302.0,502.0],0.002783379],
[[302.0,602.0],0.003182986],
[[305.0,302.0],0.002164176],
[[307.0,302.0],0.002111216],
[[312.0,12.0],0.0009152107],
[[312.0,252.0],0.002019378],
[[312.0,302.0],0.002138372],
[[317.0,302.0],0.002179841],
[[322.0,252.0],0.001951373],
[[322.0,302.0],0.002159813],
[[332.0,32.0],0.00104921],
[[332.0,252.0],0.001993437],
[[332.0,302.0],0.00225301],
[[342.0,252.0],0.002065741],
[[342.0,302.0],0.002287657],
[[352.0,52.0],0.001253664],
[[352.0,152.0],0.001677434],
[[352.0,302.0],0.002317504],
[[352.0,352.0],0.002446421],
[[352.0,355.0],0.002507713],
[[352.0,357.0],0.002502387],
[[352.0,362.0],0.002635623],
[[352.0,367.0],0.002526093],
[[352.0,372.0],0.002567952],
[[352.0,382.0],0.002520096],
[[352.0,392.0],0.002559758],
[[352.0,402.0],0.002653061],
[[352.0,412.0],0.002773472],
[[352.0,422.0],0.002712783],
[[352.0,432.0],0.002802556],
[[352.0,442.0],0.002759947],
[[352.0,552.0],0.003057212],
[[352.0,652.0],0.003359048],
[[355.0,352.0],0.002507713],
[[357.0,352.0],0.002502387],
[[362.0,302.0],0.002334327],
[[362.0,352.0],0.002635623],
[[367.0,352.0],0.002526093],
[[372.0,72.0],0.001415214],
[[372.0,302.0],0.002394405],
[[372.0,352.0],0.002567952],
[[382.0,302.0],0.00245487],
[[382.0,352.0],0.002520096],
[[392.0,92.0],0.0015638],
[[392.0,302.0],0.002509137],
[[392.0,352.0],0.002559758],
[[402.0,102.0],0.001659286],
[[402.0,202.0],0.002157599],
[[402.0,352.0],0.002653061],
[[402.0,402.0],0.002930819],
[[402.0,405.0],0.002901037],
[[402.0,407.0],0.002969503],
[[402.0,412.0],0.002817611],
[[402.0,417.0],0.002872828],
[[402.0,422.0],0.002881524],
[[402.0,432.0],0.002963536],
[[402.0,442.0],0.002989227],
[[402.0,452.0],0.002945194],
[[402.0,462.0],0.00301726],
[[402.0,472.0],0.003055275],
[[402.0,482.0],0.003043091],
[[402.0,492.0],0.003077754],
[[402.0,602.0],0.003399773],
[[402.0,702.0],0.003804477],
[[405.0,402.0],0.002901037],
[[407.0,402.0],0.002969503],
[[412.0,352.0],0.002773472],
[[412.0,402.0],0.002817611],
[[417.0,402.0],0.002872828],
[[422.0,352.0],0.002712783],
[[422.0,402.0],0.002881524],
[[432.0,352.0],0.002802556],
[[432.0,402.0],0.002963536],
[[442.0,352.0],0.002759947],
[[442.0,402.0],0.002989227],
[[452.0,152.0],0.002040093],
[[452.0,252.0],0.002512257],
[[452.0,402.0],0.002945194],
[[462.0,402.0],0.00301726],
[[472.0,402.0],0.003055275],
[[482.0,402.0],0.003043091],
[[492.0,402.0],0.003077754],
[[502.0,202.0],0.002430806],
[[502.0,302.0],0.002783379],
[[552.0,252.0],0.002740973],
[[552.0,352.0],0.003057212],
[[602.0,302.0],0.003182986],
[[602.0,402.0],0.003399773],
[[602.0,602.0],0.003995403],
[[602.0,605.0],0.003993071],
[[602.0,607.0],0.004034754],
[[602.0,612.0],0.00405762],
[[602.0,617.0],0.004026172],
[[602.0,622.0],0.004079459],
[[602.0,632.0],0.004076785],
[[602.0,642.0],0.004023365],
[[602.0,652.0],0.004122743],
[[602.0,662.0],0.004096652],
[[602.0,672.0],0.004171045],
[[602.0,682.0],0.004115308],
[[602.0,692.0],0.004149293],
[[602.0,802.0],0.004458329],
[[602.0,902.0],0.004582116],
[[605.0,602.0],0.003993071],
[[607.0,602.0],0.004034754],
[[612.0,602.0],0.00405762],
[[617.0,602.0],0.004026172],
[[622.0,602.0],0.004079459],
[[632.0,602.0],0.004076785],
[[642.0,602.0],0.004023365],
[[652.0,352.0],0.003359048],
[[652.0,602.0],0.004122743],
[[662.0,602.0],0.004096652],
[[672.0,602.0],0.004171045],
[[682.0,602.0],0.004115308],
[[692.0,602.0],0.004149293],
[[702.0,402.0],0.003804477],
[[802.0,602.0],0.004458329],
[[802.0,802.0],0.004775528],
[[802.0,805.0],0.004818518],
[[802.0,807.0],0.004784605],
[[802.0,812.0],0.004939845],
[[802.0,817.0],0.004879814],
[[802.0,822.0],0.004777339],
[[802.0,832.0],0.004899682],
[[802.0,842.0],0.004873909],
[[802.0,852.0],0.004968094],
[[802.0,862.0],0.004933955],
[[802.0,872.0],0.004923979],
[[802.0,882.0],0.004964172],
[[802.0,892.0],0.00492956],
[[802.0,1002.0],0.004980282],
[[802.0,1102.0],0.005143765],
[[805.0,802.0],0.004818518],
[[807.0,802.0],0.004784605],
[[812.0,802.0],0.004939845],
[[817.0,802.0],0.004879814],
[[822.0,802.0],0.004777339],
[[832.0,802.0],0.004899682],
[[842.0,802.0],0.004873909],
[[852.0,802.0],0.004968094],
[[862.0,802.0],0.004933955],
[[872.0,802.0],0.004923979],
[[882.0,802.0],0.004964172],
[[892.0,802.0],0.00492956],
[[902.0,602.0],0.004582116],
[[1002.0,802.0],0.004980282],
[[1002.0,1002.0],0.005357912],
[[1002.0,1005.0],0.005429547],
[[1002.0,1007.0],0.005401417],
[[1002.0,1012.0],0.005430325],
[[1002.0,1017.0],0.005423076],
[[1002.0,1022.0],0.005373586],
[[1002.0,1032.0],0.005436357],
[[1002.0,1042.0],0.005399812],
[[1002.0,1052.0],0.005370001],
[[1002.0,1062.0],0.005471193],
[[1002.0,1072.0],0.00538176],
[[1002.0,1082.0],0.005459531],
[[1002.0,1092.0],0.005397847],
[[1002.0,1202.0],0.005524975],
[[1002.0,1302.0],0.00556808],
[[1005.0,1002.0],0.005429547],
[[1007.0,1002.0],0.005401417],
[[1012.0,1002.0],0.005430325],
[[1017.0,1002.0],0.005423076],
[[1022.0,1002.0],0.005373586],
[[1032.0,1002.0],0.005436357],
[[1042.0,1002.0],0.005399812],
[[1052.0,1002.0],0.005370001],
[[1062.0,1002.0],0.005471193],
[[1072.0,1002.0],0.00538176],
[[1082.0,1002.0],0.005459531],
[[1092.0,1002.0],0.005397847],
[[1102.0,802.0],0.005143765],
[[1202.0,1002.0],0.005524975],
[[1202.0,1202.0],0.005754737],
[[1202.0,1205.0],0.005820933],
[[1202.0,1207.0],0.005730444],
[[1202.0,1212.0],0.005781938],
[[1202.0,1217.0],0.005738579],
[[1202.0,1222.0],0.005688634],
[[1202.0,1232.0],0.005756228],
[[1202.0,1242.0],0.005721212],
[[1202.0,1252.0],0.005796658],
[[1202.0,1262.0],0.005721738],
[[1202.0,1272.0],0.005711642],
[[1202.0,1282.0],0.005670576],
[[1202.0,1292.0],0.005825566],
[[1202.0,1402.0],0.005762853],
[[1202.0,1502.0],0.005762143],
[[1205.0,1202.0],0.005820933],
[[1207.0,1202.0],0.005730444],
[[1212.0,1202.0],0.005781938],
[[1217.0,1202.0],0.005738579],
[[1222.0,1202.0],0.005688634],
[[1232.0,1202.0],0.005756228],
[[1242.0,1202.0],0.005721212],
[[1252.0,1202.0],0.005796658],
[[1262.0,1202.0],0.005721738],
[[1272.0,1202.0],0.005711642],
[[1282.0,1202.0],0.005670576],
[[1292.0,1202.0],0.005825566],
[[1302.0,1002.0],0.00556808],
[[1402.0,1202.0],0.005762853],
[[1402.0,1402.0],0.005898398],
[[1402.0,1405.0],0.005889064],
[[1402.0,1407.0],0.005858839],
[[1402.0,1412.0],0.005967666],
[[1402.0,1417.0],0.005908537],
[[1402.0,1422.0],0.005981483],
[[1402.0,1432.0],0.005903136],
[[1402.0,1442.0],0.005830151],
[[1402.0,1452.0],0.005927987],
[[1402.0,1462.0],0.005883819],
[[1402.0,1472.0],0.005868251],
[[1402.0,1482.0],0.005871817],
[[1402.0,1492.0],0.00603401],
[[1402.0,1602.0],0.006011544],
[[1402.0,1702.0],0.005897048],
[[1405.0,1402.0],0.005889064],
[[1407.0,1402.0],0.005858839],
[[1412.0,1402.0],0.005967666],
[[1417.0,1402.0],0.005908537],
[[1422.0,1402.0],0.005981483],
[[1432.0,1402.0],0.005903136],
[[1442.0,1402.0],0.005830151],
[[1452.0,1402.0],0.005927987],
[[1462.0,1402.0],0.005883819],
[[1472.0,1402.0],0.005868251],
[[1482.0,1402.0],0.005871817],
[[1492.0,1402.0],0.00603401],
[[1502.0,1202.0],0.005762143],
[[1602.0,1402.0],0.006011544],
[[1602.0,1602.0],0.00605934],
[[1602.0,1605.0],0.005986868],
[[1602.0,1607.0],0.006100954],
[[1602.0,1612.0],0.006120946],
[[1602.0,1617.0],0.00599394],
[[1602.0,1622.0],0.00605914],
[[1602.0,1632.0],0.005929732],
[[1602.0,1642.0],0.006091348],
[[1602.0,1652.0],0.005988765],
[[1602.0,1662.0],0.006052597],
[[1602.0,1672.0],0.005998015],
[[1602.0,1682.0],0.006046577],
[[1602.0,1692.0],0.006082099],
[[1602.0,1802.0],0.006035367],
[[1602.0,1902.0],0.006017681],
[[1605.0,1602.0],0.005986868],
[[1607.0,1602.0],0.006100954],
[[1612.0,1602.0],0.006120946],
[[1617.0,1602.0],0.00599394],
[[1622.0,1602.0],0.00605914],
[[1632.0,1602.0],0.005929732],
[[1642.0,1602.0],0.006091348],
[[1652.0,1602.0],0.005988765],
[[1662.0,1602.0],0.006052597],
[[1672.0,1602.0],0.005998015],
[[1682.0,1602.0],0.006046577],
[[1692.0,1602.0],0.006082099],
[[1702.0,1402.0],0.005897048],
[[1802.0,1602.0],0.006035367],
[[1802.0,1802.0],0.00609391],
[[1802.0,1805.0],0.00607125],
[[1802.0,1807.0],0.00616273],
[[1802.0,1812.0],0.006071854],
[[1802.0,1817.0],0.006034671],
[[1802.0,1822.0],0.006099944],
[[1802.0,1832.0],0.006087216],
[[1802.0,1842.0],0.005975174],
[[1802.0,1852.0],0.006006735],
[[1802.0,1862.0],0.006075333],
[[1802.0,1872.0],0.005926172],
[[1802.0,1882.0],0.006110741],
[[1802.0,1892.0],0.006003183],
[[1802.0,2002.0],0.005952079],
[[1802.0,2102.0],0.005940663],
[[1805.0,1802.0],0.00607125],
[[1807.0,1802.0],0.00616273],
[[1812.0,1802.0],0.006071854],
[[1817.0,1802.0],0.006034671],
[[1822.0,1802.0],0.006099944],
[[1832.0,1802.0],0.006087216],
[[1842.0,1802.0],0.005975174],
[[1852.0,1802.0],0.006006735],
[[1862.0,1802.0],0.006075333],
[[1872.0,1802.0],0.005926172],
[[1882.0,1802.0],0.006110741],
[[1892.0,1802.0],0.006003183],
[[1902.0,1602.0],0.006017681],
[[2002.0,1802.0],0.005952079],
[[2002.0,2002.0],0.006002344],
[[2002.0,2005.0],0.006066288],
[[2002.0,2007.0],0.006001604],
[[2002.0,2012.0],0.006110927],
[[2002.0,2017.0],0.006044913],
[[2002.0,2022.0],0.006036067],
[[2002.0,2032.0],0.006025774],
[[2002.0,2042.0],0.00618891],
[[2002.0,2052.0],0.005885102],
[[2002.0,2062.0],0.005900054],
[[2002.0,2072.0],0.006017448],
[[2002.0,2082.0],0.005843804],
[[2002.0,2092.0],0.005992909],
[[2002.0,2202.0],0.005805775],
[[2002.0,2302.0],0.005949447],
[[2005.0,2002.0],0.006066288],
[[2007.0,2002.0],0.006001604],
[[2012.0,2002.0],0.006110927],
[[2017.0,2002.0],0.006044913],
[[2022.0,2002.0],0.006036067],
[[2032.0,2002.0],0.006025774],
[[2042.0,2002.0],0.00618891],
[[2052.0,2002.0],0.005885102],
[[2062.0,2002.0],0.005900054],
[[2072.0,2002.0],0.006017448],
[[2082.0,2002.0],0.005843804],
[[2092.0,2002.0],0.005992909],
[[2102.0,1802.0],0.005940663],
[[2202.0,2002.0],0.005805775],
[[2302.0,2002.0],0.005949447]]
