txName: TChiWWISRqq
constraint: {(PV > anyBSM(1), anyBSM(3)), (anyBSM(1) > q, q, MET(2)), (anyBSM(3) > q, q, MET(4))}
condition: None
conditionDescription: None
figureUrl: None
source: Recast by MA5
validated: True
axesMap: [{0: 'x', 1: 'y', 2: 'x', 3: 'y'}]
dataMap: {0: (1, 'mass', GeV), 1: (2, 'mass', GeV), 2: (3, 'mass', GeV), 3: (4, 'mass', GeV)}
finalState: ['MET', 'MET']
intermediateState: None
efficiencyMap: [[[11.0,10.0,11.0,10.0],7.089609e-07],
[[13.0,10.0,13.0,10.0],2.99462e-07],
[[15.0,10.0,15.0,10.0],2.540473e-08],
[[20.0,10.0,20.0,10.0],1.558671e-08],
[[21.0,20.0,21.0,20.0],2.389163e-06],
[[23.0,20.0,23.0,20.0],2.120723e-07],
[[25.0,20.0,25.0,20.0],3.425213e-07],
[[30.0,10.0,30.0,10.0],0.0],
[[30.0,20.0,30.0,20.0],3.575815e-08],
[[31.0,30.0,31.0,30.0],3.97604e-06],
[[33.0,30.0,33.0,30.0],7.184907e-07],
[[35.0,30.0,35.0,30.0],1.314687e-07],
[[40.0,20.0,40.0,20.0],0.0],
[[40.0,30.0,40.0,30.0],1.277828e-07],
[[41.0,40.0,41.0,40.0],3.749865e-06],
[[43.0,40.0,43.0,40.0],1.287013e-06],
[[45.0,40.0,45.0,40.0],5.831443e-07],
[[50.0,10.0,50.0,10.0],2.072098e-08],
[[50.0,30.0,50.0,30.0],8.053072e-08],
[[50.0,40.0,50.0,40.0],1.154466e-06],
[[51.0,50.0,51.0,50.0],1.172976e-05],
[[53.0,50.0,53.0,50.0],7.803829e-06],
[[55.0,50.0,55.0,50.0],4.802854e-06],
[[60.0,20.0,60.0,20.0],8.063514e-08],
[[60.0,40.0,60.0,40.0],1.071233e-06],
[[60.0,50.0,60.0,50.0],2.329187e-06],
[[61.0,60.0,61.0,60.0],2.288632e-05],
[[63.0,60.0,63.0,60.0],1.934804e-05],
[[65.0,60.0,65.0,60.0],1.017029e-05],
[[70.0,10.0,70.0,10.0],2.958161e-07],
[[70.0,30.0,70.0,30.0],3.823961e-07],
[[70.0,50.0,70.0,50.0],1.884457e-06],
[[70.0,60.0,70.0,60.0],6.147481e-06],
[[71.0,70.0,71.0,70.0],2.964576e-05],
[[73.0,70.0,73.0,70.0],2.508102e-05],
[[75.0,70.0,75.0,70.0],1.791059e-05],
[[80.0,20.0,80.0,20.0],6.732469e-07],
[[80.0,40.0,80.0,40.0],8.4076e-07],
[[80.0,60.0,80.0,60.0],3.560437e-06],
[[80.0,70.0,80.0,70.0],9.762988e-06],
[[81.0,80.0,81.0,80.0],5.945322e-05],
[[83.0,80.0,83.0,80.0],4.389492e-05],
[[85.0,80.0,85.0,80.0],3.071185e-05],
[[90.0,10.0,90.0,10.0],4.808024e-07],
[[90.0,30.0,90.0,30.0],9.447532e-07],
[[90.0,50.0,90.0,50.0],1.430214e-06],
[[90.0,70.0,90.0,70.0],6.952929e-06],
[[90.0,80.0,90.0,80.0],1.727546e-05],
[[91.0,90.0,91.0,90.0],5.44792e-05],
[[93.0,90.0,93.0,90.0],5.098892e-05],
[[95.0,90.0,95.0,90.0],3.990174e-05],
[[100.0,20.0,100.0,20.0],6.238797e-07],
[[100.0,40.0,100.0,40.0],1.581172e-06],
[[100.0,60.0,100.0,60.0],3.238484e-06],
[[100.0,80.0,100.0,80.0],9.721682e-06],
[[100.0,90.0,100.0,90.0],2.799581e-05],
[[101.0,100.0,101.0,100.0],7.445187e-05],
[[103.0,100.0,103.0,100.0],6.837588e-05],
[[103.0,102.0,103.0,102.0],7.633544e-05],
[[105.0,100.0,105.0,100.0],5.749645e-05],
[[105.0,102.0,105.0,102.0],6.726694e-05],
[[107.0,102.0,107.0,102.0],5.24335e-05],
[[110.0,30.0,110.0,30.0],3.312542e-06],
[[110.0,50.0,110.0,50.0],6.694213e-06],
[[110.0,70.0,110.0,70.0],5.513102e-06],
[[110.0,90.0,110.0,90.0],2.298358e-05],
[[110.0,100.0,110.0,100.0],3.350554e-05],
[[112.0,102.0,112.0,102.0],3.153292e-05],
[[120.0,40.0,120.0,40.0],2.710615e-06],
[[120.0,60.0,120.0,60.0],4.661601e-06],
[[120.0,80.0,120.0,80.0],1.008844e-05],
[[120.0,100.0,120.0,100.0],2.147001e-05],
[[122.0,102.0,122.0,102.0],2.093845e-05],
[[123.0,122.0,123.0,122.0],0.0001045488],
[[125.0,122.0,125.0,122.0],9.848896e-05],
[[127.0,122.0,127.0,122.0],9.816434e-05],
[[130.0,50.0,130.0,50.0],4.001093e-06],
[[130.0,70.0,130.0,70.0],6.153644e-06],
[[130.0,90.0,130.0,90.0],1.396294e-05],
[[132.0,122.0,132.0,122.0],6.157696e-05],
[[140.0,60.0,140.0,60.0],4.455626e-06],
[[140.0,80.0,140.0,80.0],8.804938e-06],
[[140.0,100.0,140.0,100.0],2.750961e-05],
[[142.0,102.0,142.0,102.0],1.556815e-05],
[[142.0,122.0,142.0,122.0],4.226782e-05],
[[143.0,142.0,143.0,142.0],0.0001422409],
[[145.0,142.0,145.0,142.0],0.0001382641],
[[147.0,142.0,147.0,142.0],0.0001303938],
[[150.0,70.0,150.0,70.0],7.49251e-06],
[[150.0,90.0,150.0,90.0],1.101309e-05],
[[152.0,142.0,152.0,142.0],9.272226e-05],
[[160.0,80.0,160.0,80.0],1.172897e-05],
[[160.0,100.0,160.0,100.0],1.440553e-05],
[[162.0,102.0,162.0,102.0],1.696764e-05],
[[162.0,122.0,162.0,122.0],2.646677e-05],
[[162.0,142.0,162.0,142.0],5.534772e-05],
[[163.0,162.0,163.0,162.0],0.0001486304],
[[165.0,162.0,165.0,162.0],0.0001529892],
[[167.0,162.0,167.0,162.0],0.0001797826],
[[170.0,90.0,170.0,90.0],1.882287e-05],
[[172.0,162.0,172.0,162.0],0.0001190192],
[[180.0,100.0,180.0,100.0],1.90384e-05],
[[182.0,102.0,182.0,102.0],2.425695e-05],
[[182.0,122.0,182.0,122.0],2.436641e-05],
[[182.0,142.0,182.0,142.0],3.78662e-05],
[[182.0,162.0,182.0,162.0],7.418018e-05],
[[183.0,182.0,183.0,182.0],0.0002166194],
[[185.0,182.0,185.0,182.0],0.0001999192],
[[187.0,182.0,187.0,182.0],0.000179501],
[[192.0,182.0,192.0,182.0],0.0001613795],
[[202.0,122.0,202.0,122.0],2.646231e-05],
[[202.0,142.0,202.0,142.0],3.112793e-05],
[[202.0,162.0,202.0,162.0],5.782719e-05],
[[202.0,182.0,202.0,182.0],0.0001088298],
[[203.0,202.0,203.0,202.0],0.0002165869],
[[205.0,202.0,205.0,202.0],0.0002379851],
[[207.0,202.0,207.0,202.0],0.0002244825],
[[212.0,202.0,212.0,202.0],0.0001735067],
[[222.0,142.0,222.0,142.0],3.876657e-05],
[[222.0,162.0,222.0,162.0],5.720266e-05],
[[222.0,182.0,222.0,182.0],8.692747e-05],
[[222.0,202.0,222.0,202.0],0.0001372233],
[[223.0,222.0,223.0,222.0],0.0002596133],
[[225.0,222.0,225.0,222.0],0.0002716143],
[[227.0,222.0,227.0,222.0],0.0002627642],
[[232.0,222.0,232.0,222.0],0.0002500699],
[[242.0,162.0,242.0,162.0],6.15688e-05],
[[242.0,182.0,242.0,182.0],7.643355e-05],
[[242.0,202.0,242.0,202.0],9.671075e-05],
[[242.0,222.0,242.0,222.0],0.0001617113],
[[243.0,242.0,243.0,242.0],0.000294501],
[[245.0,242.0,245.0,242.0],0.0002992386],
[[247.0,242.0,247.0,242.0],0.0002920781],
[[252.0,242.0,252.0,242.0],0.0002559593],
[[262.0,182.0,262.0,182.0],6.590084e-05],
[[262.0,202.0,262.0,202.0],8.164353e-05],
[[262.0,222.0,262.0,222.0],0.0001178357],
[[262.0,242.0,262.0,242.0],0.0001783201],
[[263.0,262.0,263.0,262.0],0.0003332147],
[[265.0,262.0,265.0,262.0],0.0003344882],
[[267.0,262.0,267.0,262.0],0.0003052497],
[[272.0,262.0,272.0,262.0],0.000308245],
[[282.0,202.0,282.0,202.0],8.833354e-05],
[[282.0,222.0,282.0,222.0],0.0001042045],
[[282.0,242.0,282.0,242.0],0.000129896],
[[282.0,262.0,282.0,262.0],0.0002159622],
[[283.0,282.0,283.0,282.0],0.0003676493],
[[285.0,282.0,285.0,282.0],0.0003576205],
[[287.0,282.0,287.0,282.0],0.0003556162],
[[292.0,282.0,292.0,282.0],0.0003265313],
[[302.0,222.0,302.0,222.0],0.0001061893],
[[302.0,242.0,302.0,242.0],0.000132976],
[[302.0,262.0,302.0,262.0],0.00016209],
[[302.0,282.0,302.0,282.0],0.0002391369],
[[303.0,302.0,303.0,302.0],0.0003913947],
[[305.0,302.0,305.0,302.0],0.0003655881],
[[307.0,302.0,307.0,302.0],0.0003820095],
[[312.0,302.0,312.0,302.0],0.0003420969],
[[322.0,242.0,322.0,242.0],0.0001441887],
[[322.0,262.0,322.0,262.0],0.0001472692],
[[322.0,282.0,322.0,282.0],0.0001738793],
[[322.0,302.0,322.0,302.0],0.0002518416],
[[323.0,322.0,323.0,322.0],0.0004279206],
[[325.0,322.0,325.0,322.0],0.0004079779],
[[327.0,322.0,327.0,322.0],0.0003893072],
[[332.0,322.0,332.0,322.0],0.0003563361],
[[342.0,262.0,342.0,262.0],0.0001604354],
[[342.0,282.0,342.0,282.0],0.0001658948],
[[342.0,302.0,342.0,302.0],0.000202671],
[[342.0,322.0,342.0,322.0],0.0003041713],
[[343.0,342.0,343.0,342.0],0.0004407775],
[[345.0,342.0,345.0,342.0],0.0004403321],
[[347.0,342.0,347.0,342.0],0.0004243443],
[[352.0,342.0,352.0,342.0],0.0003922373],
[[362.0,282.0,362.0,282.0],0.0001653855],
[[362.0,302.0,362.0,302.0],0.0001875386],
[[362.0,322.0,362.0,322.0],0.0002293031],
[[362.0,342.0,362.0,342.0],0.0003376273],
[[363.0,362.0,363.0,362.0],0.000482299],
[[365.0,362.0,365.0,362.0],0.0004460511],
[[367.0,362.0,367.0,362.0],0.0004613253],
[[372.0,362.0,372.0,362.0],0.0004258124],
[[382.0,302.0,382.0,302.0],0.0001829658],
[[382.0,322.0,382.0,322.0],0.000214358],
[[382.0,342.0,382.0,342.0],0.0002485379],
[[382.0,362.0,382.0,362.0],0.0003532014],
[[383.0,382.0,383.0,382.0],0.0004621282],
[[385.0,382.0,385.0,382.0],0.0004794671],
[[387.0,382.0,387.0,382.0],0.0004781142],
[[392.0,382.0,392.0,382.0],0.0004314783],
[[402.0,322.0,402.0,322.0],0.0001882411],
[[402.0,342.0,402.0,342.0],0.0002006446],
[[402.0,362.0,402.0,362.0],0.0002632064],
[[402.0,382.0,402.0,382.0],0.0004026808],
[[403.0,402.0,403.0,402.0],0.00054298],
[[405.0,402.0,405.0,402.0],0.0005151929],
[[407.0,402.0,407.0,402.0],0.0004613197],
[[412.0,402.0,412.0,402.0],0.0005059495],
[[422.0,342.0,422.0,342.0],0.0002195726],
[[422.0,362.0,422.0,362.0],0.0002378106],
[[422.0,382.0,422.0,382.0],0.0002956128],
[[422.0,402.0,422.0,402.0],0.0004157107],
[[442.0,362.0,442.0,362.0],0.0002405777],
[[442.0,382.0,442.0,382.0],0.0002644176],
[[442.0,402.0,442.0,402.0],0.0003079304],
[[462.0,382.0,462.0,382.0],0.0002416339],
[[462.0,402.0,462.0,402.0],0.0002849944],
[[482.0,402.0,482.0,402.0],0.0002816338],
[[503.0,502.0,503.0,502.0],0.0005932072],
[[505.0,502.0,505.0,502.0],0.0006449962],
[[507.0,502.0,507.0,502.0],0.0006089284],
[[512.0,502.0,512.0,502.0],0.0005904727],
[[522.0,502.0,522.0,502.0],0.0005015104],
[[542.0,502.0,542.0,502.0],0.0004003426],
[[562.0,502.0,562.0,502.0],0.0003781075],
[[582.0,502.0,582.0,502.0],0.0003583972],
[[603.0,602.0,603.0,602.0],0.0006926952],
[[605.0,602.0,605.0,602.0],0.000662906],
[[607.0,602.0,607.0,602.0],0.0006846752],
[[612.0,602.0,612.0,602.0],0.0006490194],
[[622.0,602.0,622.0,602.0],0.0005682394],
[[642.0,602.0,642.0,602.0],0.0004851337],
[[662.0,602.0,662.0,602.0],0.000410227],
[[682.0,602.0,682.0,602.0],0.000399853],
[[703.0,702.0,703.0,702.0],0.0007462749],
[[705.0,702.0,705.0,702.0],0.0007631159],
[[707.0,702.0,707.0,702.0],0.000758808],
[[712.0,702.0,712.0,702.0],0.0007417814],
[[722.0,702.0,722.0,702.0],0.000679819],
[[742.0,702.0,742.0,702.0],0.0005256077],
[[762.0,702.0,762.0,702.0],0.0004821131],
[[782.0,702.0,782.0,702.0],0.0004656322],
[[803.0,802.0,803.0,802.0],0.0008105261],
[[805.0,802.0,805.0,802.0],0.0007991173],
[[807.0,802.0,807.0,802.0],0.0008073661],
[[812.0,802.0,812.0,802.0],0.0007966685],
[[822.0,802.0,822.0,802.0],0.0007236557],
[[842.0,802.0,842.0,802.0],0.0006120998],
[[862.0,802.0,862.0,802.0],0.0005287962],
[[882.0,802.0,882.0,802.0],0.000514221],
[[903.0,902.0,903.0,902.0],0.0008399404],
[[905.0,902.0,905.0,902.0],0.0008119718],
[[907.0,902.0,907.0,902.0],0.0008310453],
[[912.0,902.0,912.0,902.0],0.0008177742],
[[922.0,902.0,922.0,902.0],0.0007729804],
[[942.0,902.0,942.0,902.0],0.0006353039],
[[962.0,902.0,962.0,902.0],0.0005795901],
[[982.0,902.0,982.0,902.0],0.0005756716],
[[1003.0,1002.0,1003.0,1002.0],0.0009217858],
[[1005.0,1002.0,1005.0,1002.0],0.0008830332],
[[1007.0,1002.0,1007.0,1002.0],0.0008691436],
[[1012.0,1002.0,1012.0,1002.0],0.0008515527],
[[1022.0,1002.0,1022.0,1002.0],0.0008079322],
[[1042.0,1002.0,1042.0,1002.0],0.0007272219],
[[1062.0,1002.0,1062.0,1002.0],0.0006174815],
[[1082.0,1002.0,1082.0,1002.0],0.0006303542],
[[1103.0,1102.0,1103.0,1102.0],0.000913226],
[[1105.0,1102.0,1105.0,1102.0],0.0008889066],
[[1107.0,1102.0,1107.0,1102.0],0.0008735911],
[[1112.0,1102.0,1112.0,1102.0],0.000893132],
[[1122.0,1102.0,1122.0,1102.0],0.0008626254],
[[1142.0,1102.0,1142.0,1102.0],0.0007070653],
[[1162.0,1102.0,1162.0,1102.0],0.0006414532],
[[1182.0,1102.0,1182.0,1102.0],0.000630738],
[[1203.0,1202.0,1203.0,1202.0],0.0009057679],
[[1205.0,1202.0,1205.0,1202.0],0.0009145364],
[[1207.0,1202.0,1207.0,1202.0],0.0009430471],
[[1212.0,1202.0,1212.0,1202.0],0.0009322434],
[[1222.0,1202.0,1222.0,1202.0],0.0008842777],
[[1242.0,1202.0,1242.0,1202.0],0.0007260996],
[[1262.0,1202.0,1262.0,1202.0],0.000681939],
[[1282.0,1202.0,1282.0,1202.0],0.0006587783],
[[1303.0,1302.0,1303.0,1302.0],0.0009468793],
[[1305.0,1302.0,1305.0,1302.0],0.000959933],
[[1307.0,1302.0,1307.0,1302.0],0.0009327583],
[[1312.0,1302.0,1312.0,1302.0],0.0009439017],
[[1322.0,1302.0,1322.0,1302.0],0.0008954552],
[[1342.0,1302.0,1342.0,1302.0],0.0007889647],
[[1362.0,1302.0,1362.0,1302.0],0.000675431],
[[1382.0,1302.0,1382.0,1302.0],0.0006658187],
[[1403.0,1402.0,1403.0,1402.0],0.0009531123],
[[1405.0,1402.0,1405.0,1402.0],0.000986841],
[[1407.0,1402.0,1407.0,1402.0],0.0009380328],
[[1412.0,1402.0,1412.0,1402.0],0.000939804],
[[1422.0,1402.0,1422.0,1402.0],0.000888209],
[[1442.0,1402.0,1442.0,1402.0],0.0007558493],
[[1462.0,1402.0,1462.0,1402.0],0.00073131],
[[1482.0,1402.0,1482.0,1402.0],0.000733785],
[[1503.0,1502.0,1503.0,1502.0],0.0009522979],
[[1505.0,1502.0,1505.0,1502.0],0.000949734],
[[1507.0,1502.0,1507.0,1502.0],0.0009887921],
[[1512.0,1502.0,1512.0,1502.0],0.0009354541],
[[1522.0,1502.0,1522.0,1502.0],0.0009233913],
[[1542.0,1502.0,1542.0,1502.0],0.0007881189],
[[1562.0,1502.0,1562.0,1502.0],0.0007246661],
[[1582.0,1502.0,1582.0,1502.0],0.000695446],
[[1603.0,1602.0,1603.0,1602.0],0.001024681],
[[1605.0,1602.0,1605.0,1602.0],0.0009625168],
[[1607.0,1602.0,1607.0,1602.0],0.0009380648],
[[1612.0,1602.0,1612.0,1602.0],0.0009558909],
[[1622.0,1602.0,1622.0,1602.0],0.0009332832],
[[1642.0,1602.0,1642.0,1602.0],0.000825216],
[[1662.0,1602.0,1662.0,1602.0],0.0007462607],
[[1682.0,1602.0,1682.0,1602.0],0.0006747752],
[[1703.0,1702.0,1703.0,1702.0],0.0009832542],
[[1705.0,1702.0,1705.0,1702.0],0.0009970793],
[[1707.0,1702.0,1707.0,1702.0],0.001002136],
[[1712.0,1702.0,1712.0,1702.0],0.000988731],
[[1722.0,1702.0,1722.0,1702.0],0.0009891966],
[[1742.0,1702.0,1742.0,1702.0],0.0008187161],
[[1762.0,1702.0,1762.0,1702.0],0.0007702504],
[[1782.0,1702.0,1782.0,1702.0],0.000720591],
[[1803.0,1802.0,1803.0,1802.0],0.0009559561],
[[1805.0,1802.0,1805.0,1802.0],0.0009540222],
[[1807.0,1802.0,1807.0,1802.0],0.001051592],
[[1812.0,1802.0,1812.0,1802.0],0.001010001],
[[1822.0,1802.0,1822.0,1802.0],0.001035278],
[[1842.0,1802.0,1842.0,1802.0],0.0007977553],
[[1862.0,1802.0,1862.0,1802.0],0.0007963799],
[[1882.0,1802.0,1882.0,1802.0],0.0007039271],
[[1903.0,1902.0,1903.0,1902.0],0.000954162],
[[1905.0,1902.0,1905.0,1902.0],0.001024673],
[[1907.0,1902.0,1907.0,1902.0],0.001001748],
[[1912.0,1902.0,1912.0,1902.0],0.0009556394],
[[1922.0,1902.0,1922.0,1902.0],0.0009491964],
[[1942.0,1902.0,1942.0,1902.0],0.0009447467],
[[1962.0,1902.0,1962.0,1902.0],0.0007338445],
[[1982.0,1902.0,1982.0,1902.0],0.0006789185],
[[2003.0,2002.0,2003.0,2002.0],0.0009843116],
[[2005.0,2002.0,2005.0,2002.0],0.001011841],
[[2007.0,2002.0,2007.0,2002.0],0.00104702],
[[2012.0,2002.0,2012.0,2002.0],0.001042228],
[[2022.0,2002.0,2022.0,2002.0],0.001049315],
[[2042.0,2002.0,2042.0,2002.0],0.0009168032],
[[2062.0,2002.0,2062.0,2002.0],0.000783031],
[[2082.0,2002.0,2082.0,2002.0],0.0007934086]]
