txName: TChiISR
constraint: {(PV > MET(1), MET(2))}
condition: None
conditionDescription: None
figureUrl: None
source: Recast by MA5
validated: True
axesMap: [{0: 'x', 1: 'y'}]
dataMap: {0: (1, 'mass', GeV), 1: (2, 'mass', GeV)}
finalState: ['MET', 'MET']
efficiencyMap: [[[1.0,10.0],3.718626e-06],
[[1.0,20.0],4.823919e-06],
[[1.0,30.0],8.308885e-06],
[[1.0,40.0],2.946236e-06],
[[1.0,50.0],4.180418e-06],
[[1.0,60.0],3.42676e-06],
[[5.0,10.0],4.23649e-06],
[[7.0,10.0],3.449835e-06],
[[9.0,10.0],4.895278e-06],
[[10.0,1.0],3.718626e-06],
[[10.0,5.0],4.23649e-06],
[[10.0,7.0],3.449835e-06],
[[10.0,9.0],4.895278e-06],
[[10.0,10.0],6.427139e-06],
[[12.0,62.0],4.172308e-06],
[[12.0,72.0],6.26816e-06],
[[12.0,82.0],1.457148e-05],
[[12.0,92.0],2.8087e-05],
[[12.0,102.0],3.460394e-05],
[[12.0,212.0],0.0001448338],
[[12.0,312.0],0.0002330956],
[[15.0,20.0],3.682104e-06],
[[17.0,20.0],4.975263e-06],
[[19.0,20.0],5.39521e-06],
[[20.0,1.0],4.823919e-06],
[[20.0,15.0],3.682104e-06],
[[20.0,17.0],4.975263e-06],
[[20.0,19.0],5.39521e-06],
[[20.0,20.0],4.005577e-06],
[[20.0,30.0],3.746813e-06],
[[20.0,40.0],5.784869e-06],
[[20.0,50.0],3.395078e-06],
[[20.0,60.0],3.813726e-06],
[[25.0,30.0],4.671754e-06],
[[27.0,30.0],6.046252e-06],
[[29.0,30.0],3.102455e-06],
[[30.0,1.0],8.308885e-06],
[[30.0,20.0],3.746813e-06],
[[30.0,25.0],4.671754e-06],
[[30.0,27.0],6.046252e-06],
[[30.0,29.0],3.102455e-06],
[[30.0,30.0],3.374969e-06],
[[30.0,40.0],4.363894e-06],
[[30.0,50.0],3.397016e-06],
[[30.0,60.0],7.345097e-06],
[[32.0,62.0],1.548007e-05],
[[32.0,72.0],2.423327e-05],
[[32.0,82.0],3.559866e-05],
[[32.0,92.0],3.659356e-05],
[[32.0,102.0],4.979295e-05],
[[32.0,112.0],6.286416e-05],
[[32.0,122.0],6.885009e-05],
[[32.0,232.0],0.0001772636],
[[32.0,332.0],0.0002696571],
[[35.0,40.0],4.698248e-06],
[[37.0,40.0],8.454959e-06],
[[39.0,40.0],5.331805e-06],
[[40.0,1.0],2.946236e-06],
[[40.0,20.0],5.784869e-06],
[[40.0,30.0],4.363894e-06],
[[40.0,35.0],4.698248e-06],
[[40.0,37.0],8.454959e-06],
[[40.0,39.0],5.331805e-06],
[[40.0,40.0],4.135114e-06],
[[40.0,50.0],8.232272e-06],
[[40.0,60.0],2.383379e-05],
[[45.0,50.0],1.361771e-05],
[[47.0,50.0],1.779258e-05],
[[49.0,50.0],1.827508e-05],
[[50.0,1.0],4.180418e-06],
[[50.0,20.0],3.395078e-06],
[[50.0,30.0],3.397016e-06],
[[50.0,40.0],8.232272e-06],
[[50.0,45.0],1.361771e-05],
[[50.0,47.0],1.779258e-05],
[[50.0,49.0],1.827508e-05],
[[50.0,50.0],2.26555e-05],
[[50.0,60.0],2.498943e-05],
[[52.0,62.0],3.683715e-05],
[[52.0,67.0],3.054517e-05],
[[52.0,72.0],3.920666e-05],
[[52.0,82.0],6.361731e-05],
[[52.0,92.0],5.787264e-05],
[[52.0,102.0],6.831599e-05],
[[52.0,112.0],8.300584e-05],
[[52.0,122.0],9.110548e-05],
[[52.0,132.0],0.0001105676],
[[52.0,142.0],0.0001280875],
[[52.0,252.0],0.0002105476],
[[52.0,352.0],0.0003087598],
[[55.0,60.0],3.156832e-05],
[[57.0,60.0],3.57229e-05],
[[59.0,60.0],4.295273e-05],
[[60.0,1.0],3.42676e-06],
[[60.0,20.0],3.813726e-06],
[[60.0,30.0],7.345097e-06],
[[60.0,40.0],2.383379e-05],
[[60.0,50.0],2.498943e-05],
[[60.0,55.0],3.156832e-05],
[[60.0,57.0],3.57229e-05],
[[60.0,59.0],4.295273e-05],
[[60.0,60.0],3.992184e-05],
[[62.0,12.0],4.172308e-06],
[[62.0,32.0],1.548007e-05],
[[62.0,52.0],3.683715e-05],
[[67.0,52.0],3.054517e-05],
[[72.0,12.0],6.26816e-06],
[[72.0,32.0],2.423327e-05],
[[72.0,52.0],3.920666e-05],
[[72.0,72.0],6.537472e-05],
[[72.0,75.0],7.681022e-05],
[[72.0,77.0],5.790247e-05],
[[72.0,82.0],6.66735e-05],
[[72.0,87.0],7.019984e-05],
[[72.0,92.0],0.0001096921],
[[72.0,102.0],9.240668e-05],
[[72.0,112.0],0.0001076974],
[[72.0,122.0],0.0001335454],
[[72.0,132.0],0.0001248461],
[[72.0,142.0],0.0001440137],
[[72.0,152.0],0.000146077],
[[72.0,162.0],0.0001567035],
[[72.0,272.0],0.000246482],
[[72.0,372.0],0.0003402339],
[[75.0,72.0],7.681022e-05],
[[77.0,72.0],5.790247e-05],
[[82.0,12.0],1.457148e-05],
[[82.0,32.0],3.559866e-05],
[[82.0,52.0],6.361731e-05],
[[82.0,72.0],6.66735e-05],
[[87.0,72.0],7.019984e-05],
[[92.0,12.0],2.8087e-05],
[[92.0,32.0],3.659356e-05],
[[92.0,52.0],5.787264e-05],
[[92.0,72.0],0.0001096921],
[[92.0,92.0],9.653251e-05],
[[92.0,95.0],0.0001105835],
[[92.0,97.0],0.0001072379],
[[92.0,102.0],0.0001065223],
[[92.0,107.0],0.00012268],
[[92.0,112.0],0.0001157916],
[[92.0,122.0],0.0001208388],
[[92.0,132.0],0.0001330076],
[[92.0,142.0],0.000151645],
[[92.0,152.0],0.0001727087],
[[92.0,162.0],0.0001667057],
[[92.0,172.0],0.0001833071],
[[92.0,182.0],0.0001874969],
[[92.0,292.0],0.0002994665],
[[92.0,392.0],0.0003646538],
[[95.0,92.0],0.0001105835],
[[97.0,92.0],0.0001072379],
[[102.0,12.0],3.460394e-05],
[[102.0,32.0],4.979295e-05],
[[102.0,52.0],6.831599e-05],
[[102.0,72.0],9.240668e-05],
[[102.0,92.0],0.0001065223],
[[102.0,102.0],0.0001128062],
[[102.0,105.0],0.0001213726],
[[102.0,107.0],0.0001143685],
[[102.0,112.0],0.000127132],
[[102.0,117.0],0.000130178],
[[102.0,122.0],0.0001467981],
[[102.0,132.0],0.0001346455],
[[102.0,142.0],0.0001648117],
[[102.0,152.0],0.0001603688],
[[102.0,162.0],0.000192026],
[[102.0,172.0],0.0001703051],
[[102.0,182.0],0.000203167],
[[102.0,192.0],0.0002153692],
[[102.0,302.0],0.000299564],
[[102.0,402.0],0.0004022396],
[[105.0,102.0],0.0001213726],
[[107.0,92.0],0.00012268],
[[107.0,102.0],0.0001143685],
[[112.0,32.0],6.286416e-05],
[[112.0,52.0],8.300584e-05],
[[112.0,72.0],0.0001076974],
[[112.0,92.0],0.0001157916],
[[112.0,102.0],0.000127132],
[[117.0,102.0],0.000130178],
[[122.0,32.0],6.885009e-05],
[[122.0,52.0],9.110548e-05],
[[122.0,72.0],0.0001335454],
[[122.0,92.0],0.0001208388],
[[122.0,102.0],0.0001467981],
[[132.0,52.0],0.0001105676],
[[132.0,72.0],0.0001248461],
[[132.0,92.0],0.0001330076],
[[132.0,102.0],0.0001346455],
[[142.0,52.0],0.0001280875],
[[142.0,72.0],0.0001440137],
[[142.0,92.0],0.000151645],
[[142.0,102.0],0.0001648117],
[[152.0,72.0],0.000146077],
[[152.0,92.0],0.0001727087],
[[152.0,102.0],0.0001603688],
[[152.0,152.0],0.0002389113],
[[152.0,155.0],0.0002204221],
[[152.0,157.0],0.0002186371],
[[152.0,162.0],0.0002285145],
[[152.0,167.0],0.0002283704],
[[152.0,172.0],0.0002687225],
[[152.0,182.0],0.0002482141],
[[152.0,192.0],0.0002569016],
[[152.0,202.0],0.0002535081],
[[152.0,212.0],0.000286546],
[[152.0,222.0],0.0002807124],
[[152.0,232.0],0.0003163264],
[[152.0,242.0],0.0003026876],
[[152.0,352.0],0.0003958722],
[[152.0,452.0],0.0004486714],
[[155.0,152.0],0.0002204221],
[[157.0,152.0],0.0002186371],
[[162.0,72.0],0.0001567035],
[[162.0,92.0],0.0001667057],
[[162.0,102.0],0.000192026],
[[162.0,152.0],0.0002285145],
[[167.0,152.0],0.0002283704],
[[172.0,92.0],0.0001833071],
[[172.0,102.0],0.0001703051],
[[172.0,152.0],0.0002687225],
[[182.0,92.0],0.0001874969],
[[182.0,102.0],0.000203167],
[[182.0,152.0],0.0002482141],
[[192.0,102.0],0.0002153692],
[[192.0,152.0],0.0002569016],
[[202.0,152.0],0.0002535081],
[[202.0,202.0],0.0002969431],
[[202.0,205.0],0.0003278351],
[[202.0,207.0],0.0002924436],
[[202.0,212.0],0.0003309523],
[[202.0,217.0],0.00032212],
[[202.0,222.0],0.0003442843],
[[202.0,232.0],0.0003197144],
[[202.0,242.0],0.0003203475],
[[202.0,252.0],0.0003578347],
[[202.0,262.0],0.0003537595],
[[202.0,272.0],0.0003829304],
[[202.0,282.0],0.0003901377],
[[202.0,402.0],0.0004631371],
[[202.0,502.0],0.0005002515],
[[205.0,202.0],0.0003278351],
[[207.0,202.0],0.0002924436],
[[212.0,12.0],0.0001448338],
[[212.0,152.0],0.000286546],
[[212.0,202.0],0.0003309523],
[[217.0,202.0],0.00032212],
[[222.0,152.0],0.0002807124],
[[222.0,202.0],0.0003442843],
[[232.0,32.0],0.0001772636],
[[232.0,152.0],0.0003163264],
[[232.0,202.0],0.0003197144],
[[242.0,152.0],0.0003026876],
[[242.0,202.0],0.0003203475],
[[252.0,52.0],0.0002105476],
[[252.0,202.0],0.0003578347],
[[252.0,252.0],0.0003934701],
[[252.0,255.0],0.0003825417],
[[252.0,257.0],0.0004020627],
[[252.0,262.0],0.0003845678],
[[252.0,267.0],0.0003998245],
[[252.0,272.0],0.0004201208],
[[252.0,282.0],0.0004252962],
[[252.0,292.0],0.0004193055],
[[252.0,302.0],0.0004393442],
[[252.0,312.0],0.0004474833],
[[252.0,322.0],0.0004376394],
[[252.0,332.0],0.0004540278],
[[252.0,342.0],0.0004564094],
[[252.0,452.0],0.0005243453],
[[252.0,552.0],0.0005694677],
[[255.0,252.0],0.0003825417],
[[257.0,252.0],0.0004020627],
[[262.0,202.0],0.0003537595],
[[262.0,252.0],0.0003845678],
[[267.0,252.0],0.0003998245],
[[272.0,72.0],0.000246482],
[[272.0,202.0],0.0003829304],
[[272.0,252.0],0.0004201208],
[[282.0,202.0],0.0003901377],
[[282.0,252.0],0.0004252962],
[[292.0,92.0],0.0002994665],
[[292.0,252.0],0.0004193055],
[[302.0,102.0],0.000299564],
[[302.0,252.0],0.0004393442],
[[302.0,302.0],0.0004421176],
[[302.0,305.0],0.0004645604],
[[302.0,307.0],0.0004819104],
[[302.0,312.0],0.000486806],
[[302.0,317.0],0.0004522407],
[[302.0,322.0],0.0004926607],
[[302.0,332.0],0.000490712],
[[302.0,342.0],0.0004836611],
[[302.0,352.0],0.0005080253],
[[302.0,362.0],0.0005085464],
[[302.0,372.0],0.000490265],
[[302.0,382.0],0.0005033081],
[[302.0,392.0],0.0005060631],
[[302.0,502.0],0.0005640542],
[[302.0,602.0],0.0006369353],
[[305.0,302.0],0.0004645604],
[[307.0,302.0],0.0004819104],
[[312.0,12.0],0.0002330956],
[[312.0,252.0],0.0004474833],
[[312.0,302.0],0.000486806],
[[317.0,302.0],0.0004522407],
[[322.0,252.0],0.0004376394],
[[322.0,302.0],0.0004926607],
[[332.0,32.0],0.0002696571],
[[332.0,252.0],0.0004540278],
[[332.0,302.0],0.000490712],
[[342.0,252.0],0.0004564094],
[[342.0,302.0],0.0004836611],
[[352.0,52.0],0.0003087598],
[[352.0,152.0],0.0003958722],
[[352.0,302.0],0.0005080253],
[[352.0,352.0],0.0005393168],
[[352.0,355.0],0.0005371444],
[[352.0,357.0],0.0005099099],
[[352.0,362.0],0.0005279591],
[[352.0,367.0],0.0005501796],
[[352.0,372.0],0.0005652045],
[[352.0,382.0],0.0005525597],
[[352.0,392.0],0.0005596096],
[[352.0,402.0],0.0005560474],
[[352.0,412.0],0.0005461639],
[[352.0,422.0],0.0005644238],
[[352.0,432.0],0.0005786805],
[[352.0,442.0],0.0005646848],
[[352.0,552.0],0.0006235807],
[[352.0,652.0],0.0006526505],
[[355.0,352.0],0.0005371444],
[[357.0,352.0],0.0005099099],
[[362.0,302.0],0.0005085464],
[[362.0,352.0],0.0005279591],
[[367.0,352.0],0.0005501796],
[[372.0,72.0],0.0003402339],
[[372.0,302.0],0.000490265],
[[372.0,352.0],0.0005652045],
[[382.0,302.0],0.0005033081],
[[382.0,352.0],0.0005525597],
[[392.0,92.0],0.0003646538],
[[392.0,302.0],0.0005060631],
[[392.0,352.0],0.0005596096],
[[402.0,102.0],0.0004022396],
[[402.0,202.0],0.0004631371],
[[402.0,352.0],0.0005560474],
[[402.0,402.0],0.0005401231],
[[402.0,405.0],0.0005758481],
[[402.0,407.0],0.0005656758],
[[402.0,412.0],0.000633736],
[[402.0,417.0],0.0005919259],
[[402.0,422.0],0.000602465],
[[402.0,432.0],0.000601194],
[[402.0,442.0],0.0006126555],
[[402.0,452.0],0.0005892738],
[[402.0,462.0],0.0006055178],
[[402.0,472.0],0.0006243678],
[[402.0,482.0],0.0006299529],
[[402.0,492.0],0.0006419111],
[[402.0,602.0],0.0006578543],
[[402.0,702.0],0.0007123442],
[[405.0,402.0],0.0005758481],
[[407.0,402.0],0.0005656758],
[[412.0,352.0],0.0005461639],
[[412.0,402.0],0.000633736],
[[417.0,402.0],0.0005919259],
[[422.0,352.0],0.0005644238],
[[422.0,402.0],0.000602465],
[[432.0,352.0],0.0005786805],
[[432.0,402.0],0.000601194],
[[442.0,352.0],0.0005646848],
[[442.0,402.0],0.0006126555],
[[452.0,152.0],0.0004486714],
[[452.0,252.0],0.0005243453],
[[452.0,402.0],0.0005892738],
[[462.0,402.0],0.0006055178],
[[472.0,402.0],0.0006243678],
[[482.0,402.0],0.0006299529],
[[492.0,402.0],0.0006419111],
[[502.0,202.0],0.0005002515],
[[502.0,302.0],0.0005640542],
[[552.0,252.0],0.0005694677],
[[552.0,352.0],0.0006235807],
[[602.0,302.0],0.0006369353],
[[602.0,402.0],0.0006578543],
[[602.0,602.0],0.0007524253],
[[602.0,605.0],0.0007265654],
[[602.0,607.0],0.0007547379],
[[602.0,612.0],0.0007842472],
[[602.0,617.0],0.000791217],
[[602.0,622.0],0.0007484034],
[[602.0,632.0],0.0007728834],
[[602.0,642.0],0.000760512],
[[602.0,652.0],0.0007827326],
[[602.0,662.0],0.0007531401],
[[602.0,672.0],0.0007663561],
[[602.0,682.0],0.0007935723],
[[602.0,692.0],0.0007678644],
[[602.0,802.0],0.0007672536],
[[602.0,902.0],0.0007759989],
[[605.0,602.0],0.0007265654],
[[607.0,602.0],0.0007547379],
[[612.0,602.0],0.0007842472],
[[617.0,602.0],0.000791217],
[[622.0,602.0],0.0007484034],
[[632.0,602.0],0.0007728834],
[[642.0,602.0],0.000760512],
[[652.0,352.0],0.0006526505],
[[652.0,602.0],0.0007827326],
[[662.0,602.0],0.0007531401],
[[672.0,602.0],0.0007663561],
[[682.0,602.0],0.0007935723],
[[692.0,602.0],0.0007678644],
[[702.0,402.0],0.0007123442],
[[802.0,602.0],0.0007672536],
[[802.0,802.0],0.0008601597],
[[802.0,805.0],0.00085219],
[[802.0,807.0],0.00085828],
[[802.0,812.0],0.0008511373],
[[802.0,817.0],0.0008713138],
[[802.0,822.0],0.0009008111],
[[802.0,832.0],0.0008333693],
[[802.0,842.0],0.0008756408],
[[802.0,852.0],0.000846182],
[[802.0,862.0],0.0008698873],
[[802.0,872.0],0.0008561343],
[[802.0,882.0],0.0008504201],
[[802.0,892.0],0.0008536993],
[[802.0,1002.0],0.0009080141],
[[802.0,1102.0],0.0008981293],
[[805.0,802.0],0.00085219],
[[807.0,802.0],0.00085828],
[[812.0,802.0],0.0008511373],
[[817.0,802.0],0.0008713138],
[[822.0,802.0],0.0009008111],
[[832.0,802.0],0.0008333693],
[[842.0,802.0],0.0008756408],
[[852.0,802.0],0.000846182],
[[862.0,802.0],0.0008698873],
[[872.0,802.0],0.0008561343],
[[882.0,802.0],0.0008504201],
[[892.0,802.0],0.0008536993],
[[902.0,602.0],0.0007759989],
[[1002.0,802.0],0.0009080141],
[[1002.0,1002.0],0.0009470295],
[[1002.0,1005.0],0.0009224709],
[[1002.0,1007.0],0.0009442822],
[[1002.0,1012.0],0.0009478794],
[[1002.0,1017.0],0.0009215932],
[[1002.0,1022.0],0.0009234251],
[[1002.0,1032.0],0.0009194988],
[[1002.0,1042.0],0.000896314],
[[1002.0,1052.0],0.0009399964],
[[1002.0,1062.0],0.0009404601],
[[1002.0,1072.0],0.0008850367],
[[1002.0,1082.0],0.0009251102],
[[1002.0,1092.0],0.0009213826],
[[1002.0,1202.0],0.000946915],
[[1002.0,1302.0],0.0009522778],
[[1005.0,1002.0],0.0009224709],
[[1007.0,1002.0],0.0009442822],
[[1012.0,1002.0],0.0009478794],
[[1017.0,1002.0],0.0009215932],
[[1022.0,1002.0],0.0009234251],
[[1032.0,1002.0],0.0009194988],
[[1042.0,1002.0],0.000896314],
[[1052.0,1002.0],0.0009399964],
[[1062.0,1002.0],0.0009404601],
[[1072.0,1002.0],0.0008850367],
[[1082.0,1002.0],0.0009251102],
[[1092.0,1002.0],0.0009213826],
[[1102.0,802.0],0.0008981293],
[[1202.0,1002.0],0.000946915],
[[1202.0,1202.0],0.0009413887],
[[1202.0,1205.0],0.000980839],
[[1202.0,1207.0],0.0009679728],
[[1202.0,1212.0],0.0009517139],
[[1202.0,1217.0],0.0009596214],
[[1202.0,1222.0],0.0009492334],
[[1202.0,1232.0],0.0009647228],
[[1202.0,1242.0],0.0009781547],
[[1202.0,1252.0],0.0009937711],
[[1202.0,1262.0],0.0009741382],
[[1202.0,1272.0],0.000971255],
[[1202.0,1282.0],0.0009485326],
[[1202.0,1292.0],0.0009719901],
[[1202.0,1402.0],0.0009395363],
[[1202.0,1502.0],0.0009585069],
[[1205.0,1202.0],0.000980839],
[[1207.0,1202.0],0.0009679728],
[[1212.0,1202.0],0.0009517139],
[[1217.0,1202.0],0.0009596214],
[[1222.0,1202.0],0.0009492334],
[[1232.0,1202.0],0.0009647228],
[[1242.0,1202.0],0.0009781547],
[[1252.0,1202.0],0.0009937711],
[[1262.0,1202.0],0.0009741382],
[[1272.0,1202.0],0.000971255],
[[1282.0,1202.0],0.0009485326],
[[1292.0,1202.0],0.0009719901],
[[1302.0,1002.0],0.0009522778],
[[1402.0,1202.0],0.0009395363],
[[1402.0,1402.0],0.0009774451],
[[1402.0,1405.0],0.00101504],
[[1402.0,1407.0],0.0009783814],
[[1402.0,1412.0],0.0009919147],
[[1402.0,1417.0],0.0009872964],
[[1402.0,1422.0],0.0009340931],
[[1402.0,1432.0],0.001006839],
[[1402.0,1442.0],0.0009320763],
[[1402.0,1452.0],0.00100305],
[[1402.0,1462.0],0.0009876118],
[[1402.0,1472.0],0.0009966229],
[[1402.0,1482.0],0.0009821515],
[[1402.0,1492.0],0.0009911056],
[[1402.0,1602.0],0.000991484],
[[1402.0,1702.0],0.0009501529],
[[1405.0,1402.0],0.00101504],
[[1407.0,1402.0],0.0009783814],
[[1412.0,1402.0],0.0009919147],
[[1417.0,1402.0],0.0009872964],
[[1422.0,1402.0],0.0009340931],
[[1432.0,1402.0],0.001006839],
[[1442.0,1402.0],0.0009320763],
[[1452.0,1402.0],0.00100305],
[[1462.0,1402.0],0.0009876118],
[[1472.0,1402.0],0.0009966229],
[[1482.0,1402.0],0.0009821515],
[[1492.0,1402.0],0.0009911056],
[[1502.0,1202.0],0.0009585069],
[[1602.0,1402.0],0.000991484],
[[1602.0,1602.0],0.001009282],
[[1602.0,1605.0],0.0009544823],
[[1602.0,1607.0],0.001008174],
[[1602.0,1612.0],0.0009963402],
[[1602.0,1617.0],0.001034981],
[[1602.0,1622.0],0.001028942],
[[1602.0,1632.0],0.0009282894],
[[1602.0,1642.0],0.001016061],
[[1602.0,1652.0],0.0009573155],
[[1602.0,1662.0],0.0009754951],
[[1602.0,1672.0],0.001024635],
[[1602.0,1682.0],0.0009926854],
[[1602.0,1692.0],0.0009765817],
[[1602.0,1802.0],0.0009761591],
[[1602.0,1902.0],0.001012621],
[[1605.0,1602.0],0.0009544823],
[[1607.0,1602.0],0.001008174],
[[1612.0,1602.0],0.0009963402],
[[1617.0,1602.0],0.001034981],
[[1622.0,1602.0],0.001028942],
[[1632.0,1602.0],0.0009282894],
[[1642.0,1602.0],0.001016061],
[[1652.0,1602.0],0.0009573155],
[[1662.0,1602.0],0.0009754951],
[[1672.0,1602.0],0.001024635],
[[1682.0,1602.0],0.0009926854],
[[1692.0,1602.0],0.0009765817],
[[1702.0,1402.0],0.0009501529],
[[1802.0,1602.0],0.0009761591],
[[1802.0,1802.0],0.0010143],
[[1802.0,1805.0],0.001009988],
[[1802.0,1807.0],0.001049991],
[[1802.0,1812.0],0.0009686069],
[[1802.0,1817.0],0.001059444],
[[1802.0,1822.0],0.001002638],
[[1802.0,1832.0],0.001040787],
[[1802.0,1842.0],0.0009926904],
[[1802.0,1852.0],0.001036044],
[[1802.0,1862.0],0.0009981122],
[[1802.0,1872.0],0.001011726],
[[1802.0,1882.0],0.0009770257],
[[1802.0,1892.0],0.001080606],
[[1802.0,2002.0],0.001034476],
[[1802.0,2102.0],0.0009871731],
[[1805.0,1802.0],0.001009988],
[[1807.0,1802.0],0.001049991],
[[1812.0,1802.0],0.0009686069],
[[1817.0,1802.0],0.001059444],
[[1822.0,1802.0],0.001002638],
[[1832.0,1802.0],0.001040787],
[[1842.0,1802.0],0.0009926904],
[[1852.0,1802.0],0.001036044],
[[1862.0,1802.0],0.0009981122],
[[1872.0,1802.0],0.001011726],
[[1882.0,1802.0],0.0009770257],
[[1892.0,1802.0],0.001080606],
[[1902.0,1602.0],0.001012621],
[[2002.0,1802.0],0.001034476],
[[2002.0,2002.0],0.001000454],
[[2002.0,2005.0],0.0009754028],
[[2002.0,2007.0],0.001042768],
[[2002.0,2012.0],0.0009951076],
[[2002.0,2017.0],0.001033094],
[[2002.0,2022.0],0.001061812],
[[2002.0,2032.0],0.001079677],
[[2002.0,2042.0],0.001008893],
[[2002.0,2052.0],0.001045506],
[[2002.0,2062.0],0.001031367],
[[2002.0,2072.0],0.001042661],
[[2002.0,2082.0],0.0009982346],
[[2002.0,2092.0],0.0009778288],
[[2002.0,2202.0],0.001013235],
[[2002.0,2302.0],0.001034525],
[[2005.0,2002.0],0.0009754028],
[[2007.0,2002.0],0.001042768],
[[2012.0,2002.0],0.0009951076],
[[2017.0,2002.0],0.001033094],
[[2022.0,2002.0],0.001061812],
[[2032.0,2002.0],0.001079677],
[[2042.0,2002.0],0.001008893],
[[2052.0,2002.0],0.001045506],
[[2062.0,2002.0],0.001031367],
[[2072.0,2002.0],0.001042661],
[[2082.0,2002.0],0.0009982346],
[[2092.0,2002.0],0.0009778288],
[[2102.0,1802.0],0.0009871731],
[[2202.0,2002.0],0.001013235],
[[2302.0,2002.0],0.001034525]]
