txName: TChiISR
constraint: {(PV > MET(1), MET(2))}
condition: None
conditionDescription: None
figureUrl: None
source: Recast by MA5
validated: True
axesMap: [{0: 'x', 1: 'y'}]
dataMap: {0: (1, 'mass', GeV), 1: (2, 'mass', GeV)}
finalState: ['MET', 'MET']
efficiencyMap: [[[1.0,10.0],2.099158e-06],
[[1.0,20.0],1.854158e-06],
[[1.0,30.0],2.71785e-06],
[[1.0,40.0],1.316064e-06],
[[1.0,50.0],3.521488e-06],
[[1.0,60.0],2.447328e-06],
[[5.0,10.0],1.69688e-06],
[[7.0,10.0],3.06954e-06],
[[9.0,10.0],1.331263e-06],
[[10.0,1.0],2.099158e-06],
[[10.0,5.0],1.69688e-06],
[[10.0,7.0],3.06954e-06],
[[10.0,9.0],1.331263e-06],
[[10.0,10.0],1.719729e-06],
[[12.0,62.0],1.886235e-06],
[[12.0,72.0],8.188835e-06],
[[12.0,82.0],8.702051e-06],
[[12.0,92.0],1.524254e-05],
[[12.0,102.0],2.383741e-05],
[[12.0,212.0],0.0001331011],
[[12.0,312.0],0.0003168733],
[[15.0,20.0],1.248858e-06],
[[17.0,20.0],7.103964e-06],
[[19.0,20.0],1.682502e-06],
[[20.0,1.0],1.854158e-06],
[[20.0,15.0],1.248858e-06],
[[20.0,17.0],7.103964e-06],
[[20.0,19.0],1.682502e-06],
[[20.0,20.0],1.264033e-06],
[[20.0,30.0],1.495783e-06],
[[20.0,40.0],1.24169e-06],
[[20.0,50.0],2.250109e-06],
[[20.0,60.0],3.110563e-06],
[[25.0,30.0],1.34014e-06],
[[27.0,30.0],2.380197e-06],
[[29.0,30.0],5.030817e-06],
[[30.0,1.0],2.71785e-06],
[[30.0,20.0],1.495783e-06],
[[30.0,25.0],1.34014e-06],
[[30.0,27.0],2.380197e-06],
[[30.0,29.0],5.030817e-06],
[[30.0,30.0],2.240732e-06],
[[30.0,40.0],3.211484e-06],
[[30.0,50.0],4.20794e-06],
[[30.0,60.0],8.300679e-06],
[[32.0,62.0],7.649015e-06],
[[32.0,72.0],1.622696e-05],
[[32.0,82.0],1.883766e-05],
[[32.0,92.0],3.312093e-05],
[[32.0,102.0],3.578025e-05],
[[32.0,112.0],5.200938e-05],
[[32.0,122.0],5.112255e-05],
[[32.0,232.0],0.0002182723],
[[32.0,332.0],0.0004121997],
[[35.0,40.0],2.796088e-06],
[[37.0,40.0],1.283664e-06],
[[39.0,40.0],2.616313e-06],
[[40.0,1.0],1.316064e-06],
[[40.0,20.0],1.24169e-06],
[[40.0,30.0],3.211484e-06],
[[40.0,35.0],2.796088e-06],
[[40.0,37.0],1.283664e-06],
[[40.0,39.0],2.616313e-06],
[[40.0,40.0],1.87267e-06],
[[40.0,50.0],4.765451e-06],
[[40.0,60.0],9.004769e-06],
[[45.0,50.0],1.337414e-05],
[[47.0,50.0],1.20012e-05],
[[49.0,50.0],1.958261e-05],
[[50.0,1.0],3.521488e-06],
[[50.0,20.0],2.250109e-06],
[[50.0,30.0],4.20794e-06],
[[50.0,40.0],4.765451e-06],
[[50.0,45.0],1.337414e-05],
[[50.0,47.0],1.20012e-05],
[[50.0,49.0],1.958261e-05],
[[50.0,50.0],1.041701e-05],
[[50.0,60.0],2.228146e-05],
[[52.0,62.0],2.31715e-05],
[[52.0,67.0],2.913663e-05],
[[52.0,72.0],5.414151e-05],
[[52.0,82.0],4.583318e-05],
[[52.0,92.0],5.299699e-05],
[[52.0,102.0],5.003055e-05],
[[52.0,112.0],7.227594e-05],
[[52.0,122.0],7.458819e-05],
[[52.0,132.0],8.549305e-05],
[[52.0,142.0],0.0001125194],
[[52.0,252.0],0.0002869425],
[[52.0,352.0],0.0004682561],
[[55.0,60.0],2.939404e-05],
[[57.0,60.0],2.697069e-05],
[[59.0,60.0],3.109879e-05],
[[60.0,1.0],2.447328e-06],
[[60.0,20.0],3.110563e-06],
[[60.0,30.0],8.300679e-06],
[[60.0,40.0],9.004769e-06],
[[60.0,50.0],2.228146e-05],
[[60.0,55.0],2.939404e-05],
[[60.0,57.0],2.697069e-05],
[[60.0,59.0],3.109879e-05],
[[60.0,60.0],2.541433e-05],
[[62.0,12.0],1.886235e-06],
[[62.0,32.0],7.649015e-06],
[[62.0,52.0],2.31715e-05],
[[67.0,52.0],2.913663e-05],
[[72.0,12.0],8.188835e-06],
[[72.0,32.0],1.622696e-05],
[[72.0,52.0],5.414151e-05],
[[72.0,72.0],3.789523e-05],
[[72.0,75.0],5.124304e-05],
[[72.0,77.0],4.702457e-05],
[[72.0,82.0],5.204053e-05],
[[72.0,87.0],5.589168e-05],
[[72.0,92.0],0.0001113266],
[[72.0,102.0],8.911575e-05],
[[72.0,112.0],8.609722e-05],
[[72.0,122.0],0.0001036204],
[[72.0,132.0],0.0001074972],
[[72.0,142.0],0.0001196506],
[[72.0,152.0],0.0001485057],
[[72.0,162.0],0.0001407518],
[[72.0,272.0],0.000348807],
[[72.0,372.0],0.0005838302],
[[75.0,72.0],5.124304e-05],
[[77.0,72.0],4.702457e-05],
[[82.0,12.0],8.702051e-06],
[[82.0,32.0],1.883766e-05],
[[82.0,52.0],4.583318e-05],
[[82.0,72.0],5.204053e-05],
[[87.0,72.0],5.589168e-05],
[[92.0,12.0],1.524254e-05],
[[92.0,32.0],3.312093e-05],
[[92.0,52.0],5.299699e-05],
[[92.0,72.0],0.0001113266],
[[92.0,92.0],8.646681e-05],
[[92.0,95.0],8.808482e-05],
[[92.0,97.0],9.646027e-05],
[[92.0,102.0],9.897607e-05],
[[92.0,107.0],0.0001231583],
[[92.0,112.0],0.0001040403],
[[92.0,122.0],0.0001236427],
[[92.0,132.0],0.0001319983],
[[92.0,142.0],0.00017006],
[[92.0,152.0],0.0001928924],
[[92.0,162.0],0.0001828972],
[[92.0,172.0],0.0002367128],
[[92.0,182.0],0.0002140761],
[[92.0,292.0],0.0004172989],
[[92.0,392.0],0.0006484909],
[[95.0,92.0],8.808482e-05],
[[97.0,92.0],9.646027e-05],
[[102.0,12.0],2.383741e-05],
[[102.0,32.0],3.578025e-05],
[[102.0,52.0],5.003055e-05],
[[102.0,72.0],8.911575e-05],
[[102.0,92.0],9.897607e-05],
[[102.0,102.0],0.0001446571],
[[102.0,105.0],0.0001268525],
[[102.0,107.0],0.000110826],
[[102.0,112.0],0.000140898],
[[102.0,117.0],0.0001159511],
[[102.0,122.0],0.0001188642],
[[102.0,132.0],0.0001953477],
[[102.0,142.0],0.0001574656],
[[102.0,152.0],0.0001752106],
[[102.0,162.0],0.0002397378],
[[102.0,172.0],0.0002028816],
[[102.0,182.0],0.0002318191],
[[102.0,192.0],0.0002464887],
[[102.0,302.0],0.0004971501],
[[102.0,402.0],0.0007062621],
[[105.0,102.0],0.0001268525],
[[107.0,92.0],0.0001231583],
[[107.0,102.0],0.000110826],
[[112.0,32.0],5.200938e-05],
[[112.0,52.0],7.227594e-05],
[[112.0,72.0],8.609722e-05],
[[112.0,92.0],0.0001040403],
[[112.0,102.0],0.000140898],
[[117.0,102.0],0.0001159511],
[[122.0,32.0],5.112255e-05],
[[122.0,52.0],7.458819e-05],
[[122.0,72.0],0.0001036204],
[[122.0,92.0],0.0001236427],
[[122.0,102.0],0.0001188642],
[[132.0,52.0],8.549305e-05],
[[132.0,72.0],0.0001074972],
[[132.0,92.0],0.0001319983],
[[132.0,102.0],0.0001953477],
[[142.0,52.0],0.0001125194],
[[142.0,72.0],0.0001196506],
[[142.0,92.0],0.00017006],
[[142.0,102.0],0.0001574656],
[[152.0,72.0],0.0001485057],
[[152.0,92.0],0.0001928924],
[[152.0,102.0],0.0001752106],
[[152.0,152.0],0.0002709354],
[[152.0,155.0],0.0002662872],
[[152.0,157.0],0.0002491594],
[[152.0,162.0],0.0002748442],
[[152.0,167.0],0.0002639685],
[[152.0,172.0],0.0003043054],
[[152.0,182.0],0.0003121115],
[[152.0,192.0],0.0003614179],
[[152.0,202.0],0.0003870171],
[[152.0,212.0],0.0003709394],
[[152.0,222.0],0.0003822617],
[[152.0,232.0],0.0004314065],
[[152.0,242.0],0.0004540621],
[[152.0,352.0],0.000650121],
[[152.0,452.0],0.000924274],
[[155.0,152.0],0.0002662872],
[[157.0,152.0],0.0002491594],
[[162.0,72.0],0.0001407518],
[[162.0,92.0],0.0001828972],
[[162.0,102.0],0.0002397378],
[[162.0,152.0],0.0002748442],
[[167.0,152.0],0.0002639685],
[[172.0,92.0],0.0002367128],
[[172.0,102.0],0.0002028816],
[[172.0,152.0],0.0003043054],
[[182.0,92.0],0.0002140761],
[[182.0,102.0],0.0002318191],
[[182.0,152.0],0.0003121115],
[[192.0,102.0],0.0002464887],
[[192.0,152.0],0.0003614179],
[[202.0,152.0],0.0003870171],
[[202.0,202.0],0.0004582008],
[[202.0,205.0],0.0004975156],
[[202.0,207.0],0.0004865228],
[[202.0,212.0],0.0005001577],
[[202.0,217.0],0.0005124372],
[[202.0,222.0],0.0005215166],
[[202.0,232.0],0.0005824873],
[[202.0,242.0],0.0005488161],
[[202.0,252.0],0.0005572409],
[[202.0,262.0],0.000567516],
[[202.0,272.0],0.0006491464],
[[202.0,282.0],0.0006171855],
[[202.0,292.0],0.000678901],
[[202.0,402.0],0.0009413575],
[[202.0,502.0],0.001232015],
[[205.0,202.0],0.0004975156],
[[207.0,202.0],0.0004865228],
[[212.0,12.0],0.0001331011],
[[212.0,152.0],0.0003709394],
[[212.0,202.0],0.0005001577],
[[217.0,202.0],0.0005124372],
[[222.0,152.0],0.0003822617],
[[222.0,202.0],0.0005215166],
[[232.0,32.0],0.0002182723],
[[232.0,152.0],0.0004314065],
[[232.0,202.0],0.0005824873],
[[242.0,152.0],0.0004540621],
[[242.0,202.0],0.0005488161],
[[252.0,52.0],0.0002869425],
[[252.0,202.0],0.0005572409],
[[252.0,252.0],0.0007743343],
[[252.0,255.0],0.0007211008],
[[252.0,257.0],0.0007441882],
[[252.0,262.0],0.0007481807],
[[252.0,267.0],0.0007173545],
[[252.0,272.0],0.000735197],
[[252.0,282.0],0.000767019],
[[252.0,292.0],0.0008166566],
[[252.0,302.0],0.0008311887],
[[252.0,312.0],0.000907318],
[[252.0,322.0],0.0008313351],
[[252.0,332.0],0.0009076548],
[[252.0,342.0],0.0009490556],
[[252.0,452.0],0.00123028],
[[252.0,552.0],0.001501651],
[[255.0,252.0],0.0007211008],
[[257.0,252.0],0.0007441882],
[[262.0,202.0],0.000567516],
[[262.0,252.0],0.0007481807],
[[267.0,252.0],0.0007173545],
[[272.0,72.0],0.000348807],
[[272.0,202.0],0.0006491464],
[[272.0,252.0],0.000735197],
[[282.0,202.0],0.0006171855],
[[282.0,252.0],0.000767019],
[[292.0,92.0],0.0004172989],
[[292.0,202.0],0.000678901],
[[292.0,252.0],0.0008166566],
[[302.0,102.0],0.0004971501],
[[302.0,252.0],0.0008311887],
[[302.0,302.0],0.0009229571],
[[302.0,305.0],0.0009851388],
[[302.0,307.0],0.0009498655],
[[302.0,312.0],0.0009693555],
[[302.0,317.0],0.001012489],
[[302.0,322.0],0.0009790412],
[[302.0,332.0],0.001020287],
[[302.0,342.0],0.00104648],
[[302.0,352.0],0.001065664],
[[302.0,362.0],0.001126116],
[[302.0,372.0],0.001140114],
[[302.0,382.0],0.001175989],
[[302.0,392.0],0.001184136],
[[302.0,502.0],0.001479638],
[[302.0,602.0],0.001731879],
[[305.0,302.0],0.0009851388],
[[307.0,302.0],0.0009498655],
[[312.0,12.0],0.0003168733],
[[312.0,252.0],0.000907318],
[[312.0,302.0],0.0009693555],
[[317.0,302.0],0.001012489],
[[322.0,252.0],0.0008313351],
[[322.0,302.0],0.0009790412],
[[332.0,32.0],0.0004121997],
[[332.0,252.0],0.0009076548],
[[332.0,302.0],0.001020287],
[[342.0,252.0],0.0009490556],
[[342.0,302.0],0.00104648],
[[352.0,52.0],0.0004682561],
[[352.0,152.0],0.000650121],
[[352.0,302.0],0.001065664],
[[352.0,352.0],0.001214854],
[[352.0,355.0],0.00124093],
[[352.0,357.0],0.001268137],
[[352.0,362.0],0.001282096],
[[352.0,367.0],0.001273789],
[[352.0,372.0],0.001288002],
[[352.0,382.0],0.00134969],
[[352.0,392.0],0.001334865],
[[352.0,402.0],0.001376704],
[[352.0,412.0],0.001418995],
[[352.0,422.0],0.001396811],
[[352.0,432.0],0.001430264],
[[352.0,442.0],0.001496592],
[[352.0,552.0],0.001759361],
[[352.0,652.0],0.001996064],
[[355.0,352.0],0.00124093],
[[357.0,352.0],0.001268137],
[[362.0,302.0],0.001126116],
[[362.0,352.0],0.001282096],
[[367.0,352.0],0.001273789],
[[372.0,72.0],0.0005838302],
[[372.0,302.0],0.001140114],
[[372.0,352.0],0.001288002],
[[382.0,302.0],0.001175989],
[[382.0,352.0],0.00134969],
[[392.0,92.0],0.0006484909],
[[392.0,302.0],0.001184136],
[[392.0,352.0],0.001334865],
[[402.0,102.0],0.0007062621],
[[402.0,202.0],0.0009413575],
[[402.0,352.0],0.001376704],
[[402.0,402.0],0.001476041],
[[402.0,405.0],0.001501882],
[[402.0,407.0],0.001509251],
[[402.0,412.0],0.001461766],
[[402.0,417.0],0.001523594],
[[402.0,422.0],0.001579317],
[[402.0,432.0],0.001580321],
[[402.0,442.0],0.001573424],
[[402.0,452.0],0.001670288],
[[402.0,462.0],0.001639561],
[[402.0,472.0],0.00168979],
[[402.0,482.0],0.001627456],
[[402.0,492.0],0.001744061],
[[402.0,602.0],0.001992636],
[[402.0,702.0],0.002191972],
[[405.0,402.0],0.001501882],
[[407.0,402.0],0.001509251],
[[412.0,352.0],0.001418995],
[[412.0,402.0],0.001461766],
[[417.0,402.0],0.001523594],
[[422.0,352.0],0.001396811],
[[422.0,402.0],0.001579317],
[[432.0,352.0],0.001430264],
[[432.0,402.0],0.001580321],
[[442.0,352.0],0.001496592],
[[442.0,402.0],0.001573424],
[[452.0,152.0],0.000924274],
[[452.0,252.0],0.00123028],
[[452.0,402.0],0.001670288],
[[462.0,402.0],0.001639561],
[[472.0,402.0],0.00168979],
[[482.0,402.0],0.001627456],
[[492.0,402.0],0.001744061],
[[502.0,202.0],0.001232015],
[[502.0,302.0],0.001479638],
[[552.0,252.0],0.001501651],
[[552.0,352.0],0.001759361],
[[602.0,302.0],0.001731879],
[[602.0,402.0],0.001992636],
[[602.0,602.0],0.00248298],
[[602.0,605.0],0.002452784],
[[602.0,607.0],0.002493619],
[[602.0,612.0],0.002419449],
[[602.0,617.0],0.002467343],
[[602.0,622.0],0.002426457],
[[602.0,632.0],0.00251481],
[[602.0,642.0],0.002514399],
[[602.0,652.0],0.00264563],
[[602.0,662.0],0.002590062],
[[602.0,672.0],0.002629573],
[[602.0,682.0],0.002656454],
[[602.0,692.0],0.002675553],
[[602.0,802.0],0.002860212],
[[602.0,902.0],0.00306261],
[[605.0,602.0],0.002452784],
[[607.0,602.0],0.002493619],
[[612.0,602.0],0.002419449],
[[617.0,602.0],0.002467343],
[[622.0,602.0],0.002426457],
[[632.0,602.0],0.00251481],
[[642.0,602.0],0.002514399],
[[652.0,352.0],0.001996064],
[[652.0,602.0],0.00264563],
[[662.0,602.0],0.002590062],
[[672.0,602.0],0.002629573],
[[682.0,602.0],0.002656454],
[[692.0,602.0],0.002675553],
[[702.0,402.0],0.002191972],
[[802.0,602.0],0.002860212],
[[802.0,802.0],0.003162126],
[[802.0,805.0],0.003257596],
[[802.0,807.0],0.003184699],
[[802.0,812.0],0.003230451],
[[802.0,817.0],0.00326628],
[[802.0,822.0],0.003238177],
[[802.0,832.0],0.003264338],
[[802.0,842.0],0.003210072],
[[802.0,852.0],0.00337165],
[[802.0,862.0],0.003334747],
[[802.0,872.0],0.0033718],
[[802.0,882.0],0.003393925],
[[802.0,892.0],0.003379736],
[[802.0,1002.0],0.003535499],
[[802.0,1102.0],0.003611495],
[[805.0,802.0],0.003257596],
[[807.0,802.0],0.003184699],
[[812.0,802.0],0.003230451],
[[817.0,802.0],0.00326628],
[[822.0,802.0],0.003238177],
[[832.0,802.0],0.003264338],
[[842.0,802.0],0.003210072],
[[852.0,802.0],0.00337165],
[[862.0,802.0],0.003334747],
[[872.0,802.0],0.0033718],
[[882.0,802.0],0.003393925],
[[892.0,802.0],0.003379736],
[[902.0,602.0],0.00306261],
[[1002.0,802.0],0.003535499],
[[1002.0,1002.0],0.003872147],
[[1002.0,1005.0],0.003857472],
[[1002.0,1007.0],0.003809516],
[[1002.0,1012.0],0.003750666],
[[1002.0,1017.0],0.003803791],
[[1002.0,1022.0],0.003863295],
[[1002.0,1032.0],0.003926424],
[[1002.0,1042.0],0.003882754],
[[1002.0,1052.0],0.003883983],
[[1002.0,1062.0],0.003913756],
[[1002.0,1072.0],0.003883811],
[[1002.0,1082.0],0.003874071],
[[1002.0,1092.0],0.003845641],
[[1002.0,1202.0],0.003999021],
[[1002.0,1302.0],0.004100803],
[[1005.0,1002.0],0.003857472],
[[1007.0,1002.0],0.003809516],
[[1012.0,1002.0],0.003750666],
[[1017.0,1002.0],0.003803791],
[[1022.0,1002.0],0.003863295],
[[1032.0,1002.0],0.003926424],
[[1042.0,1002.0],0.003882754],
[[1052.0,1002.0],0.003883983],
[[1062.0,1002.0],0.003913756],
[[1072.0,1002.0],0.003883811],
[[1082.0,1002.0],0.003874071],
[[1092.0,1002.0],0.003845641],
[[1102.0,802.0],0.003611495],
[[1202.0,1002.0],0.003999021],
[[1202.0,1202.0],0.004164849],
[[1202.0,1205.0],0.004136794],
[[1202.0,1207.0],0.004159697],
[[1202.0,1212.0],0.004150461],
[[1202.0,1217.0],0.004204361],
[[1202.0,1222.0],0.004222713],
[[1202.0,1232.0],0.004209326],
[[1202.0,1242.0],0.004218952],
[[1202.0,1252.0],0.004243273],
[[1202.0,1262.0],0.004219858],
[[1202.0,1272.0],0.00427918],
[[1202.0,1282.0],0.004217941],
[[1202.0,1292.0],0.004256634],
[[1202.0,1402.0],0.00438979],
[[1202.0,1502.0],0.004343428],
[[1205.0,1202.0],0.004136794],
[[1207.0,1202.0],0.004159697],
[[1212.0,1202.0],0.004150461],
[[1217.0,1202.0],0.004204361],
[[1222.0,1202.0],0.004222713],
[[1232.0,1202.0],0.004209326],
[[1242.0,1202.0],0.004218952],
[[1252.0,1202.0],0.004243273],
[[1262.0,1202.0],0.004219858],
[[1272.0,1202.0],0.00427918],
[[1282.0,1202.0],0.004217941],
[[1292.0,1202.0],0.004256634],
[[1302.0,1002.0],0.004100803],
[[1402.0,1202.0],0.00438979],
[[1402.0,1402.0],0.00443175],
[[1402.0,1405.0],0.004452795],
[[1402.0,1407.0],0.004446112],
[[1402.0,1412.0],0.004438152],
[[1402.0,1417.0],0.004483882],
[[1402.0,1422.0],0.004497931],
[[1402.0,1432.0],0.004468408],
[[1402.0,1442.0],0.004461257],
[[1402.0,1452.0],0.004530129],
[[1402.0,1462.0],0.004475688],
[[1402.0,1472.0],0.004478096],
[[1402.0,1482.0],0.004480759],
[[1402.0,1492.0],0.004461573],
[[1402.0,1602.0],0.004430269],
[[1402.0,1702.0],0.004502826],
[[1405.0,1402.0],0.004452795],
[[1407.0,1402.0],0.004446112],
[[1412.0,1402.0],0.004438152],
[[1417.0,1402.0],0.004483882],
[[1422.0,1402.0],0.004497931],
[[1432.0,1402.0],0.004468408],
[[1442.0,1402.0],0.004461257],
[[1452.0,1402.0],0.004530129],
[[1462.0,1402.0],0.004475688],
[[1472.0,1402.0],0.004478096],
[[1482.0,1402.0],0.004480759],
[[1492.0,1402.0],0.004461573],
[[1502.0,1202.0],0.004343428],
[[1602.0,1402.0],0.004430269],
[[1602.0,1602.0],0.004591195],
[[1602.0,1605.0],0.004559095],
[[1602.0,1607.0],0.004597247],
[[1602.0,1612.0],0.00455332],
[[1602.0,1617.0],0.004552186],
[[1602.0,1622.0],0.004608179],
[[1602.0,1632.0],0.004627709],
[[1602.0,1642.0],0.004579408],
[[1602.0,1652.0],0.004602409],
[[1602.0,1662.0],0.004570681],
[[1602.0,1672.0],0.004631933],
[[1602.0,1682.0],0.00457428],
[[1602.0,1692.0],0.004632604],
[[1602.0,1802.0],0.004585118],
[[1602.0,1902.0],0.004585937],
[[1605.0,1602.0],0.004559095],
[[1607.0,1602.0],0.004597247],
[[1612.0,1602.0],0.00455332],
[[1617.0,1602.0],0.004552186],
[[1622.0,1602.0],0.004608179],
[[1632.0,1602.0],0.004627709],
[[1642.0,1602.0],0.004579408],
[[1652.0,1602.0],0.004602409],
[[1662.0,1602.0],0.004570681],
[[1672.0,1602.0],0.004631933],
[[1682.0,1602.0],0.00457428],
[[1692.0,1602.0],0.004632604],
[[1702.0,1402.0],0.004502826],
[[1802.0,1602.0],0.004585118],
[[1802.0,1802.0],0.004679948],
[[1802.0,1805.0],0.004689643],
[[1802.0,1807.0],0.004642756],
[[1802.0,1812.0],0.004645846],
[[1802.0,1817.0],0.004627456],
[[1802.0,1822.0],0.004674551],
[[1802.0,1832.0],0.004638917],
[[1802.0,1842.0],0.004656556],
[[1802.0,1852.0],0.00462029],
[[1802.0,1862.0],0.004644621],
[[1802.0,1872.0],0.004633405],
[[1802.0,1882.0],0.004599117],
[[1802.0,1892.0],0.004635616],
[[1802.0,2002.0],0.004634139],
[[1802.0,2102.0],0.004636091],
[[1805.0,1802.0],0.004689643],
[[1807.0,1802.0],0.004642756],
[[1812.0,1802.0],0.004645846],
[[1817.0,1802.0],0.004627456],
[[1822.0,1802.0],0.004674551],
[[1832.0,1802.0],0.004638917],
[[1842.0,1802.0],0.004656556],
[[1852.0,1802.0],0.00462029],
[[1862.0,1802.0],0.004644621],
[[1872.0,1802.0],0.004633405],
[[1882.0,1802.0],0.004599117],
[[1892.0,1802.0],0.004635616],
[[1902.0,1602.0],0.004585937],
[[2002.0,1802.0],0.004634139],
[[2002.0,2002.0],0.004635389],
[[2002.0,2005.0],0.004672276],
[[2002.0,2007.0],0.00468005],
[[2002.0,2012.0],0.004662648],
[[2002.0,2017.0],0.004676344],
[[2002.0,2022.0],0.0046781],
[[2002.0,2032.0],0.004637192],
[[2002.0,2042.0],0.004661725],
[[2002.0,2052.0],0.004636024],
[[2002.0,2062.0],0.004734472],
[[2002.0,2072.0],0.00463246],
[[2002.0,2082.0],0.004681678],
[[2002.0,2092.0],0.004659606],
[[2002.0,2202.0],0.004690567],
[[2002.0,2302.0],0.004686404],
[[2005.0,2002.0],0.004672276],
[[2007.0,2002.0],0.00468005],
[[2012.0,2002.0],0.004662648],
[[2017.0,2002.0],0.004676344],
[[2022.0,2002.0],0.0046781],
[[2032.0,2002.0],0.004637192],
[[2042.0,2002.0],0.004661725],
[[2052.0,2002.0],0.004636024],
[[2062.0,2002.0],0.004734472],
[[2072.0,2002.0],0.00463246],
[[2082.0,2002.0],0.004681678],
[[2092.0,2002.0],0.004659606],
[[2102.0,1802.0],0.004636091],
[[2202.0,2002.0],0.004690567],
[[2302.0,2002.0],0.004686404]]
