txName: TChiISR
constraint: {(PV > MET(1), MET(2))}
condition: None
conditionDescription: None
figureUrl: None
source: Recast by MA5
validated: True
axesMap: [{0: 'x', 1: 'y'}]
dataMap: {0: (1, 'mass', GeV), 1: (2, 'mass', GeV)}
finalState: ['MET', 'MET']
efficiencyMap: [[[1.0,10.0],0.00148106],
[[1.0,20.0],0.001577962],
[[1.0,30.0],0.001557165],
[[1.0,40.0],0.001528338],
[[1.0,50.0],0.001503353],
[[1.0,60.0],0.001465802],
[[5.0,10.0],0.001495291],
[[7.0,10.0],0.001558012],
[[9.0,10.0],0.001536576],
[[10.0,1.0],0.00148106],
[[10.0,5.0],0.001495291],
[[10.0,7.0],0.001558012],
[[10.0,9.0],0.001536576],
[[10.0,10.0],0.001567789],
[[12.0,62.0],0.001618014],
[[12.0,72.0],0.001904737],
[[12.0,82.0],0.004199539],
[[12.0,92.0],0.006507648],
[[12.0,102.0],0.008586152],
[[12.0,212.0],0.0261471],
[[12.0,312.0],0.03853079],
[[15.0,20.0],0.00155234],
[[17.0,20.0],0.001573312],
[[19.0,20.0],0.001578563],
[[20.0,1.0],0.001577962],
[[20.0,15.0],0.00155234],
[[20.0,17.0],0.001573312],
[[20.0,19.0],0.001578563],
[[20.0,20.0],0.001554843],
[[20.0,30.0],0.001542965],
[[20.0,40.0],0.001519488],
[[20.0,50.0],0.001569997],
[[20.0,60.0],0.001592392],
[[25.0,30.0],0.001567231],
[[27.0,30.0],0.001577015],
[[29.0,30.0],0.001567856],
[[30.0,1.0],0.001557165],
[[30.0,20.0],0.001542965],
[[30.0,25.0],0.001567231],
[[30.0,27.0],0.001577015],
[[30.0,29.0],0.001567856],
[[30.0,30.0],0.001574879],
[[30.0,40.0],0.001584685],
[[30.0,50.0],0.00162988],
[[30.0,60.0],0.002666661],
[[32.0,62.0],0.004219928],
[[32.0,72.0],0.006531832],
[[32.0,82.0],0.008423806],
[[32.0,92.0],0.01036909],
[[32.0,102.0],0.01208783],
[[32.0,112.0],0.01352199],
[[32.0,122.0],0.01544847],
[[32.0,232.0],0.03082926],
[[32.0,332.0],0.04176741],
[[35.0,40.0],0.001652956],
[[37.0,40.0],0.001686355],
[[39.0,40.0],0.001621334],
[[40.0,1.0],0.001528338],
[[40.0,20.0],0.001519488],
[[40.0,30.0],0.001584685],
[[40.0,35.0],0.001652956],
[[40.0,37.0],0.001686355],
[[40.0,39.0],0.001621334],
[[40.0,40.0],0.001644182],
[[40.0,50.0],0.002637995],
[[40.0,60.0],0.00533776],
[[45.0,50.0],0.004309384],
[[47.0,50.0],0.004632032],
[[49.0,50.0],0.005239038],
[[50.0,1.0],0.001503353],
[[50.0,20.0],0.001569997],
[[50.0,30.0],0.00162988],
[[50.0,40.0],0.002637995],
[[50.0,45.0],0.004309384],
[[50.0,47.0],0.004632032],
[[50.0,49.0],0.005239038],
[[50.0,50.0],0.00538858],
[[50.0,60.0],0.007335629],
[[52.0,62.0],0.008608329],
[[52.0,67.0],0.009257523],
[[52.0,72.0],0.01037838],
[[52.0,82.0],0.01215313],
[[52.0,92.0],0.01367506],
[[52.0,102.0],0.01528483],
[[52.0,112.0],0.01681272],
[[52.0,122.0],0.01874489],
[[52.0,132.0],0.01937474],
[[52.0,142.0],0.02114405],
[[52.0,252.0],0.03537208],
[[52.0,352.0],0.04539552],
[[55.0,60.0],0.008239478],
[[57.0,60.0],0.008666209],
[[59.0,60.0],0.008979978],
[[60.0,1.0],0.001465802],
[[60.0,20.0],0.001592392],
[[60.0,30.0],0.002666661],
[[60.0,40.0],0.00533776],
[[60.0,50.0],0.007335629],
[[60.0,55.0],0.008239478],
[[60.0,57.0],0.008666209],
[[60.0,59.0],0.008979978],
[[60.0,60.0],0.009158824],
[[62.0,12.0],0.001618014],
[[62.0,32.0],0.004219928],
[[62.0,52.0],0.008608329],
[[67.0,52.0],0.009257523],
[[72.0,12.0],0.001904737],
[[72.0,32.0],0.006531832],
[[72.0,52.0],0.01037838],
[[72.0,72.0],0.01355915],
[[72.0,75.0],0.01413594],
[[72.0,77.0],0.0145982],
[[72.0,82.0],0.01557477],
[[72.0,87.0],0.01675457],
[[72.0,92.0],0.0172489],
[[72.0,102.0],0.01889417],
[[72.0,112.0],0.02033939],
[[72.0,122.0],0.02124147],
[[72.0,132.0],0.02321037],
[[72.0,142.0],0.0239409],
[[72.0,152.0],0.02584908],
[[72.0,162.0],0.02722026],
[[72.0,272.0],0.03971413],
[[72.0,372.0],0.04910088],
[[75.0,72.0],0.01413594],
[[77.0,72.0],0.0145982],
[[82.0,12.0],0.004199539],
[[82.0,32.0],0.008423806],
[[82.0,52.0],0.01215313],
[[82.0,72.0],0.01557477],
[[87.0,72.0],0.01675457],
[[92.0,12.0],0.006507648],
[[92.0,32.0],0.01036909],
[[92.0,52.0],0.01367506],
[[92.0,72.0],0.0172489],
[[92.0,92.0],0.0205744],
[[92.0,95.0],0.02094001],
[[92.0,97.0],0.02061886],
[[92.0,102.0],0.02192498],
[[92.0,107.0],0.02257644],
[[92.0,112.0],0.02276343],
[[92.0,122.0],0.02450497],
[[92.0,132.0],0.02562414],
[[92.0,142.0],0.02790738],
[[92.0,152.0],0.02866851],
[[92.0,162.0],0.02973569],
[[92.0,172.0],0.03115728],
[[92.0,182.0],0.03269023],
[[92.0,292.0],0.04396684],
[[92.0,392.0],0.052566],
[[95.0,92.0],0.02094001],
[[97.0,92.0],0.02061886],
[[102.0,12.0],0.008586152],
[[102.0,32.0],0.01208783],
[[102.0,52.0],0.01528483],
[[102.0,72.0],0.01889417],
[[102.0,92.0],0.02192498],
[[102.0,102.0],0.02348289],
[[102.0,105.0],0.02415246],
[[102.0,107.0],0.02396934],
[[102.0,112.0],0.02493246],
[[102.0,117.0],0.024909],
[[102.0,122.0],0.02547363],
[[102.0,132.0],0.02738082],
[[102.0,142.0],0.02862496],
[[102.0,152.0],0.0296678],
[[102.0,162.0],0.03117559],
[[102.0,172.0],0.03237822],
[[102.0,182.0],0.03335926],
[[102.0,192.0],0.03459911],
[[102.0,302.0],0.04566007],
[[102.0,402.0],0.05393847],
[[105.0,102.0],0.02415246],
[[107.0,92.0],0.02257644],
[[107.0,102.0],0.02396934],
[[112.0,32.0],0.01352199],
[[112.0,52.0],0.01681272],
[[112.0,72.0],0.02033939],
[[112.0,92.0],0.02276343],
[[112.0,102.0],0.02493246],
[[117.0,102.0],0.024909],
[[122.0,32.0],0.01544847],
[[122.0,52.0],0.01874489],
[[122.0,72.0],0.02124147],
[[122.0,92.0],0.02450497],
[[122.0,102.0],0.02547363],
[[132.0,52.0],0.01937474],
[[132.0,72.0],0.02321037],
[[132.0,92.0],0.02562414],
[[132.0,102.0],0.02738082],
[[142.0,52.0],0.02114405],
[[142.0,72.0],0.0239409],
[[142.0,92.0],0.02790738],
[[142.0,102.0],0.02862496],
[[152.0,72.0],0.02584908],
[[152.0,92.0],0.02866851],
[[152.0,102.0],0.0296678],
[[152.0,152.0],0.03633983],
[[152.0,155.0],0.03676288],
[[152.0,157.0],0.03720394],
[[152.0,162.0],0.03760667],
[[152.0,167.0],0.03784641],
[[152.0,172.0],0.03894082],
[[152.0,182.0],0.03976033],
[[152.0,192.0],0.04090393],
[[152.0,202.0],0.04180411],
[[152.0,212.0],0.04300987],
[[152.0,222.0],0.04345454],
[[152.0,232.0],0.04452443],
[[152.0,242.0],0.04604795],
[[152.0,352.0],0.05497341],
[[152.0,452.0],0.06128294],
[[155.0,152.0],0.03676288],
[[157.0,152.0],0.03720394],
[[162.0,72.0],0.02722026],
[[162.0,92.0],0.02973569],
[[162.0,102.0],0.03117559],
[[162.0,152.0],0.03760667],
[[167.0,152.0],0.03784641],
[[172.0,92.0],0.03115728],
[[172.0,102.0],0.03237822],
[[172.0,152.0],0.03894082],
[[182.0,92.0],0.03269023],
[[182.0,102.0],0.03335926],
[[182.0,152.0],0.03976033],
[[192.0,102.0],0.03459911],
[[192.0,152.0],0.04090393],
[[202.0,152.0],0.04180411],
[[202.0,202.0],0.04680309],
[[202.0,205.0],0.04747819],
[[202.0,207.0],0.04797712],
[[202.0,212.0],0.04796575],
[[202.0,217.0],0.04819922],
[[202.0,222.0],0.04929893],
[[202.0,232.0],0.04978942],
[[202.0,242.0],0.05096739],
[[202.0,252.0],0.05132038],
[[202.0,262.0],0.05254264],
[[202.0,272.0],0.05383319],
[[202.0,282.0],0.05354963],
[[202.0,292.0],0.05430309],
[[202.0,402.0],0.06174993],
[[202.0,502.0],0.06807554],
[[205.0,202.0],0.04747819],
[[207.0,202.0],0.04797712],
[[212.0,12.0],0.0261471],
[[212.0,152.0],0.04300987],
[[212.0,202.0],0.04796575],
[[217.0,202.0],0.04819922],
[[222.0,152.0],0.04345454],
[[222.0,202.0],0.04929893],
[[232.0,32.0],0.03082926],
[[232.0,152.0],0.04452443],
[[232.0,202.0],0.04978942],
[[242.0,152.0],0.04604795],
[[242.0,202.0],0.05096739],
[[252.0,52.0],0.03537208],
[[252.0,202.0],0.05132038],
[[252.0,252.0],0.05650535],
[[252.0,255.0],0.05634657],
[[252.0,257.0],0.05704804],
[[252.0,262.0],0.05720736],
[[252.0,267.0],0.05708234],
[[252.0,272.0],0.05771124],
[[252.0,282.0],0.05805112],
[[252.0,292.0],0.0588469],
[[252.0,302.0],0.05959026],
[[252.0,312.0],0.0605631],
[[252.0,322.0],0.06106878],
[[252.0,332.0],0.06160586],
[[252.0,342.0],0.06226846],
[[252.0,452.0],0.06860134],
[[252.0,552.0],0.07349823],
[[255.0,252.0],0.05634657],
[[257.0,252.0],0.05704804],
[[262.0,202.0],0.05254264],
[[262.0,252.0],0.05720736],
[[267.0,252.0],0.05708234],
[[272.0,72.0],0.03971413],
[[272.0,202.0],0.05383319],
[[272.0,252.0],0.05771124],
[[282.0,202.0],0.05354963],
[[282.0,252.0],0.05805112],
[[292.0,92.0],0.04396684],
[[292.0,202.0],0.05430309],
[[292.0,252.0],0.0588469],
[[302.0,102.0],0.04566007],
[[302.0,252.0],0.05959026],
[[302.0,302.0],0.06444483],
[[302.0,305.0],0.06431746],
[[302.0,307.0],0.06435258],
[[302.0,312.0],0.06460763],
[[302.0,317.0],0.06510565],
[[302.0,322.0],0.06511276],
[[302.0,332.0],0.06639273],
[[302.0,342.0],0.06619883],
[[302.0,352.0],0.0662523],
[[302.0,362.0],0.06704644],
[[302.0,372.0],0.06839605],
[[302.0,382.0],0.06856692],
[[302.0,392.0],0.06897114],
[[302.0,502.0],0.07498152],
[[302.0,602.0],0.07903612],
[[305.0,302.0],0.06431746],
[[307.0,302.0],0.06435258],
[[312.0,12.0],0.03853079],
[[312.0,252.0],0.0605631],
[[312.0,302.0],0.06460763],
[[317.0,302.0],0.06510565],
[[322.0,252.0],0.06106878],
[[322.0,302.0],0.06511276],
[[332.0,32.0],0.04176741],
[[332.0,252.0],0.06160586],
[[332.0,302.0],0.06639273],
[[342.0,252.0],0.06226846],
[[342.0,302.0],0.06619883],
[[352.0,52.0],0.04539552],
[[352.0,152.0],0.05497341],
[[352.0,302.0],0.0662523],
[[352.0,352.0],0.07050176],
[[352.0,355.0],0.07086759],
[[352.0,357.0],0.07115242],
[[352.0,362.0],0.07109009],
[[352.0,367.0],0.07126916],
[[352.0,372.0],0.07172609],
[[352.0,382.0],0.07159383],
[[352.0,392.0],0.07191188],
[[352.0,402.0],0.07288207],
[[352.0,412.0],0.07413662],
[[352.0,422.0],0.07393932],
[[352.0,432.0],0.07425011],
[[352.0,442.0],0.07447848],
[[352.0,552.0],0.0792586],
[[352.0,652.0],0.08315847],
[[355.0,352.0],0.07086759],
[[357.0,352.0],0.07115242],
[[362.0,302.0],0.06704644],
[[362.0,352.0],0.07109009],
[[367.0,352.0],0.07126916],
[[372.0,72.0],0.04910088],
[[372.0,302.0],0.06839605],
[[372.0,352.0],0.07172609],
[[382.0,302.0],0.06856692],
[[382.0,352.0],0.07159383],
[[392.0,92.0],0.052566],
[[392.0,302.0],0.06897114],
[[392.0,352.0],0.07191188],
[[402.0,102.0],0.05393847],
[[402.0,202.0],0.06174993],
[[402.0,352.0],0.07288207],
[[402.0,402.0],0.07605574],
[[402.0,405.0],0.07673159],
[[402.0,407.0],0.07699449],
[[402.0,412.0],0.07665984],
[[402.0,417.0],0.07693378],
[[402.0,422.0],0.07742335],
[[402.0,432.0],0.07756098],
[[402.0,442.0],0.07782047],
[[402.0,452.0],0.07807286],
[[402.0,462.0],0.07908519],
[[402.0,472.0],0.07905402],
[[402.0,482.0],0.08006023],
[[402.0,492.0],0.079955],
[[402.0,602.0],0.08377786],
[[402.0,702.0],0.08715537],
[[405.0,402.0],0.07673159],
[[407.0,402.0],0.07699449],
[[412.0,352.0],0.07413662],
[[412.0,402.0],0.07665984],
[[417.0,402.0],0.07693378],
[[422.0,352.0],0.07393932],
[[422.0,402.0],0.07742335],
[[432.0,352.0],0.07425011],
[[432.0,402.0],0.07756098],
[[442.0,352.0],0.07447848],
[[442.0,402.0],0.07782047],
[[452.0,152.0],0.06128294],
[[452.0,252.0],0.06860134],
[[452.0,402.0],0.07807286],
[[462.0,402.0],0.07908519],
[[472.0,402.0],0.07905402],
[[482.0,402.0],0.08006023],
[[492.0,402.0],0.079955],
[[502.0,202.0],0.06807554],
[[502.0,302.0],0.07498152],
[[552.0,252.0],0.07349823],
[[552.0,352.0],0.0792586],
[[602.0,302.0],0.07903612],
[[602.0,402.0],0.08377786],
[[602.0,602.0],0.09335681],
[[602.0,605.0],0.09364847],
[[602.0,607.0],0.09377767],
[[602.0,612.0],0.09376964],
[[602.0,617.0],0.09404775],
[[602.0,622.0],0.09420091],
[[602.0,632.0],0.09410751],
[[602.0,642.0],0.09478787],
[[602.0,652.0],0.09482905],
[[602.0,662.0],0.09476378],
[[602.0,672.0],0.09521238],
[[602.0,682.0],0.09562949],
[[602.0,692.0],0.09526022],
[[602.0,802.0],0.09875077],
[[602.0,902.0],0.1024279],
[[605.0,602.0],0.09364847],
[[607.0,602.0],0.09377767],
[[612.0,602.0],0.09376964],
[[617.0,602.0],0.09404775],
[[622.0,602.0],0.09420091],
[[632.0,602.0],0.09410751],
[[642.0,602.0],0.09478787],
[[652.0,352.0],0.08315847],
[[652.0,602.0],0.09482905],
[[662.0,602.0],0.09476378],
[[672.0,602.0],0.09521238],
[[682.0,602.0],0.09562949],
[[692.0,602.0],0.09526022],
[[702.0,402.0],0.08715537],
[[802.0,602.0],0.09875077],
[[802.0,802.0],0.1055263],
[[802.0,805.0],0.1048582],
[[802.0,807.0],0.1056057],
[[802.0,812.0],0.1055957],
[[802.0,817.0],0.1054385],
[[802.0,822.0],0.1062235],
[[802.0,832.0],0.1058668],
[[802.0,842.0],0.1060288],
[[802.0,852.0],0.1071197],
[[802.0,862.0],0.107471],
[[802.0,872.0],0.1071173],
[[802.0,882.0],0.1075302],
[[802.0,892.0],0.107618],
[[802.0,1002.0],0.1104826],
[[802.0,1102.0],0.11241],
[[805.0,802.0],0.1048582],
[[807.0,802.0],0.1056057],
[[812.0,802.0],0.1055957],
[[817.0,802.0],0.1054385],
[[822.0,802.0],0.1062235],
[[832.0,802.0],0.1058668],
[[842.0,802.0],0.1060288],
[[852.0,802.0],0.1071197],
[[862.0,802.0],0.107471],
[[872.0,802.0],0.1071173],
[[882.0,802.0],0.1075302],
[[892.0,802.0],0.107618],
[[902.0,602.0],0.1024279],
[[1002.0,802.0],0.1104826],
[[1002.0,1002.0],0.1150379],
[[1002.0,1005.0],0.1156047],
[[1002.0,1007.0],0.1147744],
[[1002.0,1012.0],0.1148865],
[[1002.0,1017.0],0.1146914],
[[1002.0,1022.0],0.1147427],
[[1002.0,1032.0],0.1140798],
[[1002.0,1042.0],0.1152853],
[[1002.0,1052.0],0.1157811],
[[1002.0,1062.0],0.1158433],
[[1002.0,1072.0],0.1155088],
[[1002.0,1082.0],0.116292],
[[1002.0,1092.0],0.1160836],
[[1002.0,1202.0],0.117101],
[[1002.0,1302.0],0.1182567],
[[1005.0,1002.0],0.1156047],
[[1007.0,1002.0],0.1147744],
[[1012.0,1002.0],0.1148865],
[[1017.0,1002.0],0.1146914],
[[1022.0,1002.0],0.1147427],
[[1032.0,1002.0],0.1140798],
[[1042.0,1002.0],0.1152853],
[[1052.0,1002.0],0.1157811],
[[1062.0,1002.0],0.1158433],
[[1072.0,1002.0],0.1155088],
[[1082.0,1002.0],0.116292],
[[1092.0,1002.0],0.1160836],
[[1102.0,802.0],0.11241],
[[1202.0,1002.0],0.117101],
[[1202.0,1202.0],0.1207158],
[[1202.0,1205.0],0.1209275],
[[1202.0,1207.0],0.1199437],
[[1202.0,1212.0],0.1206869],
[[1202.0,1217.0],0.1216947],
[[1202.0,1222.0],0.1213553],
[[1202.0,1232.0],0.1211355],
[[1202.0,1242.0],0.1199281],
[[1202.0,1252.0],0.1203002],
[[1202.0,1262.0],0.1210669],
[[1202.0,1272.0],0.1202747],
[[1202.0,1282.0],0.1204314],
[[1202.0,1292.0],0.1207514],
[[1202.0,1402.0],0.1208519],
[[1202.0,1502.0],0.1221479],
[[1205.0,1202.0],0.1209275],
[[1207.0,1202.0],0.1199437],
[[1212.0,1202.0],0.1206869],
[[1217.0,1202.0],0.1216947],
[[1222.0,1202.0],0.1213553],
[[1232.0,1202.0],0.1211355],
[[1242.0,1202.0],0.1199281],
[[1252.0,1202.0],0.1203002],
[[1262.0,1202.0],0.1210669],
[[1272.0,1202.0],0.1202747],
[[1282.0,1202.0],0.1204314],
[[1292.0,1202.0],0.1207514],
[[1302.0,1002.0],0.1182567],
[[1402.0,1202.0],0.1208519],
[[1402.0,1402.0],0.1230523],
[[1402.0,1405.0],0.1229513],
[[1402.0,1407.0],0.1223359],
[[1402.0,1412.0],0.1227683],
[[1402.0,1417.0],0.1229263],
[[1402.0,1422.0],0.1238607],
[[1402.0,1432.0],0.1228363],
[[1402.0,1442.0],0.1225948],
[[1402.0,1452.0],0.1232382],
[[1402.0,1462.0],0.122568],
[[1402.0,1472.0],0.1233157],
[[1402.0,1482.0],0.1225942],
[[1402.0,1492.0],0.1238024],
[[1402.0,1602.0],0.124135],
[[1402.0,1702.0],0.1241356],
[[1405.0,1402.0],0.1229513],
[[1407.0,1402.0],0.1223359],
[[1412.0,1402.0],0.1227683],
[[1417.0,1402.0],0.1229263],
[[1422.0,1402.0],0.1238607],
[[1432.0,1402.0],0.1228363],
[[1442.0,1402.0],0.1225948],
[[1452.0,1402.0],0.1232382],
[[1462.0,1402.0],0.122568],
[[1472.0,1402.0],0.1233157],
[[1482.0,1402.0],0.1225942],
[[1492.0,1402.0],0.1238024],
[[1502.0,1202.0],0.1221479],
[[1602.0,1402.0],0.124135],
[[1602.0,1602.0],0.124914],
[[1602.0,1605.0],0.1246968],
[[1602.0,1607.0],0.1250138],
[[1602.0,1612.0],0.1250488],
[[1602.0,1617.0],0.1251307],
[[1602.0,1622.0],0.12431],
[[1602.0,1632.0],0.1250226],
[[1602.0,1642.0],0.1240769],
[[1602.0,1652.0],0.1247328],
[[1602.0,1662.0],0.1241756],
[[1602.0,1672.0],0.1247575],
[[1602.0,1682.0],0.125765],
[[1602.0,1692.0],0.1251731],
[[1602.0,1802.0],0.1254989],
[[1602.0,1902.0],0.1254208],
[[1605.0,1602.0],0.1246968],
[[1607.0,1602.0],0.1250138],
[[1612.0,1602.0],0.1250488],
[[1617.0,1602.0],0.1251307],
[[1622.0,1602.0],0.12431],
[[1632.0,1602.0],0.1250226],
[[1642.0,1602.0],0.1240769],
[[1652.0,1602.0],0.1247328],
[[1662.0,1602.0],0.1241756],
[[1672.0,1602.0],0.1247575],
[[1682.0,1602.0],0.125765],
[[1692.0,1602.0],0.1251731],
[[1702.0,1402.0],0.1241356],
[[1802.0,1602.0],0.1254989],
[[1802.0,1802.0],0.1247717],
[[1802.0,1805.0],0.124685],
[[1802.0,1807.0],0.124477],
[[1802.0,1812.0],0.125698],
[[1802.0,1817.0],0.1244603],
[[1802.0,1822.0],0.1257175],
[[1802.0,1832.0],0.1253268],
[[1802.0,1842.0],0.1259313],
[[1802.0,1852.0],0.1259864],
[[1802.0,1862.0],0.1252556],
[[1802.0,1872.0],0.1262103],
[[1802.0,1882.0],0.1256631],
[[1802.0,1892.0],0.1246199],
[[1802.0,2002.0],0.1248714],
[[1802.0,2102.0],0.1261083],
[[1805.0,1802.0],0.124685],
[[1807.0,1802.0],0.124477],
[[1812.0,1802.0],0.125698],
[[1817.0,1802.0],0.1244603],
[[1822.0,1802.0],0.1257175],
[[1832.0,1802.0],0.1253268],
[[1842.0,1802.0],0.1259313],
[[1852.0,1802.0],0.1259864],
[[1862.0,1802.0],0.1252556],
[[1872.0,1802.0],0.1262103],
[[1882.0,1802.0],0.1256631],
[[1892.0,1802.0],0.1246199],
[[1902.0,1602.0],0.1254208],
[[2002.0,1802.0],0.1248714],
[[2002.0,2002.0],0.1258296],
[[2002.0,2005.0],0.1255946],
[[2002.0,2007.0],0.1253279],
[[2002.0,2012.0],0.1256644],
[[2002.0,2017.0],0.1256309],
[[2002.0,2022.0],0.1246009],
[[2002.0,2032.0],0.1256805],
[[2002.0,2042.0],0.1254273],
[[2002.0,2052.0],0.1244959],
[[2002.0,2062.0],0.1248627],
[[2002.0,2072.0],0.1242592],
[[2002.0,2082.0],0.124871],
[[2002.0,2092.0],0.1252688],
[[2002.0,2202.0],0.1247158],
[[2002.0,2302.0],0.1247049],
[[2005.0,2002.0],0.1255946],
[[2007.0,2002.0],0.1253279],
[[2012.0,2002.0],0.1256644],
[[2017.0,2002.0],0.1256309],
[[2022.0,2002.0],0.1246009],
[[2032.0,2002.0],0.1256805],
[[2042.0,2002.0],0.1254273],
[[2052.0,2002.0],0.1244959],
[[2062.0,2002.0],0.1248627],
[[2072.0,2002.0],0.1242592],
[[2082.0,2002.0],0.124871],
[[2092.0,2002.0],0.1252688],
[[2102.0,1802.0],0.1261083],
[[2202.0,2002.0],0.1247158],
[[2302.0,2002.0],0.1247049]]
