txName: TChiWWISRqq
constraint: {(PV > anyBSM(1), anyBSM(3)), (anyBSM(1) > q, q, MET(2)), (anyBSM(3) > q, q, MET(4))}
condition: None
conditionDescription: None
figureUrl: None
source: MA5
validated: True
axesMap: [{0: 'x', 1: 'y', 2: 'x', 3: 'y'}]
dataMap: {0: (1, 'mass', GeV), 1: (2, 'mass', GeV), 2: (3, 'mass', GeV), 3: (4, 'mass', GeV)}
finalState: ['MET', 'MET']
efficiencyMap: [[[10.0,1.0,10.0,1.0],7.790183e-06],
[[10.0,3.0,10.0,3.0],7.689547e-06],
[[10.0,5.0,10.0,5.0],1.955852e-05],
[[10.0,7.0,10.0,7.0],5.986887e-05],
[[10.0,9.0,10.0,9.0],0.0006303982],
[[11.0,10.0,11.0,10.0],0.0007893369],
[[13.0,10.0,13.0,10.0],0.0001188424],
[[15.0,10.0,15.0,10.0],5.367895e-05],
[[20.0,10.0,20.0,10.0],2.422912e-05],
[[21.0,20.0,21.0,20.0],0.001237956],
[[23.0,20.0,23.0,20.0],0.0005543482],
[[25.0,20.0,25.0,20.0],0.0002128192],
[[30.0,10.0,30.0,10.0],9.070306e-06],
[[30.0,20.0,30.0,20.0],6.61484e-05],
[[31.0,30.0,31.0,30.0],0.001405933],
[[33.0,30.0,33.0,30.0],0.0007873274],
[[35.0,30.0,35.0,30.0],0.0004002164],
[[40.0,20.0,40.0,20.0],2.042215e-05],
[[40.0,30.0,40.0,30.0],0.0001192268],
[[41.0,40.0,41.0,40.0],0.001393996],
[[43.0,40.0,43.0,40.0],0.001060756],
[[45.0,40.0,45.0,40.0],0.0007181437],
[[50.0,10.0,50.0,10.0],4.198097e-05],
[[50.0,30.0,50.0,30.0],0.0001546379],
[[50.0,40.0,50.0,40.0],0.0005720003],
[[51.0,50.0,51.0,50.0],0.003354881],
[[53.0,50.0,53.0,50.0],0.00325797],
[[55.0,50.0,55.0,50.0],0.002778836],
[[60.0,20.0,60.0,20.0],0.0001786989],
[[60.0,40.0,60.0,40.0],0.0005599463],
[[60.0,50.0,60.0,50.0],0.001660207],
[[61.0,60.0,61.0,60.0],0.006180996],
[[63.0,60.0,63.0,60.0],0.005979769],
[[65.0,60.0,65.0,60.0],0.005059066],
[[70.0,10.0,70.0,10.0],0.0002547377],
[[70.0,30.0,70.0,30.0],0.0004039744],
[[70.0,50.0,70.0,50.0],0.001312298],
[[70.0,60.0,70.0,60.0],0.003240696],
[[71.0,70.0,71.0,70.0],0.008761134],
[[73.0,70.0,73.0,70.0],0.008232647],
[[75.0,70.0,75.0,70.0],0.007511992],
[[80.0,20.0,80.0,20.0],0.0004956969],
[[80.0,40.0,80.0,40.0],0.0007156511],
[[80.0,60.0,80.0,60.0],0.00211029],
[[80.0,70.0,80.0,70.0],0.00516682],
[[81.0,80.0,81.0,80.0],0.0112375],
[[83.0,80.0,83.0,80.0],0.01110088],
[[85.0,80.0,85.0,80.0],0.00981446],
[[90.0,10.0,90.0,10.0],0.0006385288],
[[90.0,30.0,90.0,30.0],0.0007882066],
[[90.0,50.0,90.0,50.0],0.00126039],
[[90.0,70.0,90.0,70.0],0.003227401],
[[90.0,80.0,90.0,80.0],0.006895948],
[[91.0,90.0,91.0,90.0],0.01406413],
[[93.0,90.0,93.0,90.0],0.01344211],
[[95.0,90.0,95.0,90.0],0.01259493],
[[100.0,20.0,100.0,20.0],0.0009331096],
[[100.0,40.0,100.0,40.0],0.00117248],
[[100.0,60.0,100.0,60.0],0.002008298],
[[100.0,80.0,100.0,80.0],0.004687255],
[[100.0,90.0,100.0,90.0],0.009270353],
[[101.0,100.0,101.0,100.0],0.01654726],
[[103.0,100.0,103.0,100.0],0.01613592],
[[103.0,102.0,103.0,102.0],0.01674949],
[[105.0,100.0,105.0,100.0],0.01503171],
[[105.0,102.0,105.0,102.0],0.01627609],
[[107.0,102.0,107.0,102.0],0.01559942],
[[110.0,30.0,110.0,30.0],0.001394302],
[[110.0,50.0,110.0,50.0],0.001579794],
[[110.0,70.0,110.0,70.0],0.002812962],
[[110.0,90.0,110.0,90.0],0.006276155],
[[110.0,100.0,110.0,100.0],0.01154212],
[[112.0,102.0,112.0,102.0],0.01221996],
[[120.0,40.0,120.0,40.0],0.001859071],
[[120.0,60.0,120.0,60.0],0.00239481],
[[120.0,80.0,120.0,80.0],0.003765124],
[[120.0,100.0,120.0,100.0],0.007845751],
[[122.0,102.0,122.0,102.0],0.008544365],
[[123.0,122.0,123.0,122.0],0.02128436],
[[125.0,122.0,125.0,122.0],0.02144572],
[[127.0,122.0,127.0,122.0],0.0208919],
[[130.0,50.0,130.0,50.0],0.002609804],
[[130.0,70.0,130.0,70.0],0.0031184],
[[130.0,90.0,130.0,90.0],0.004882824],
[[132.0,122.0,132.0,122.0],0.01678397],
[[140.0,60.0,140.0,60.0],0.003258679],
[[140.0,80.0,140.0,80.0],0.003900241],
[[140.0,100.0,140.0,100.0],0.006087601],
[[142.0,102.0,142.0,102.0],0.006087317],
[[142.0,122.0,142.0,122.0],0.01238196],
[[143.0,142.0,143.0,142.0],0.02662698],
[[145.0,142.0,145.0,142.0],0.02585186],
[[147.0,142.0,147.0,142.0],0.02547408],
[[150.0,70.0,150.0,70.0],0.003854363],
[[150.0,90.0,150.0,90.0],0.00454466],
[[152.0,142.0,152.0,142.0],0.0217995],
[[160.0,80.0,160.0,80.0],0.004729465],
[[160.0,100.0,160.0,100.0],0.005826095],
[[162.0,102.0,162.0,102.0],0.006165895],
[[162.0,122.0,162.0,122.0],0.008741638],
[[162.0,142.0,162.0,142.0],0.01597923],
[[163.0,162.0,163.0,162.0],0.03101438],
[[165.0,162.0,165.0,162.0],0.03060267],
[[167.0,162.0,167.0,162.0],0.03001946],
[[170.0,90.0,170.0,90.0],0.005475609],
[[172.0,162.0,172.0,162.0],0.02620486],
[[180.0,100.0,180.0,100.0],0.006705968],
[[182.0,102.0,182.0,102.0],0.006554536],
[[182.0,122.0,182.0,122.0],0.008213406],
[[182.0,142.0,182.0,142.0],0.01133722],
[[182.0,162.0,182.0,162.0],0.02018007],
[[183.0,182.0,183.0,182.0],0.03546135],
[[185.0,182.0,185.0,182.0],0.03478508],
[[187.0,182.0,187.0,182.0],0.0339882],
[[192.0,182.0,192.0,182.0],0.03088772],
[[202.0,122.0,202.0,122.0],0.008480095],
[[202.0,142.0,202.0,142.0],0.01056677],
[[202.0,162.0,202.0,162.0],0.01443875],
[[202.0,182.0,202.0,182.0],0.0240476],
[[203.0,202.0,203.0,202.0],0.0389749],
[[205.0,202.0,205.0,202.0],0.03855314],
[[207.0,202.0,207.0,202.0],0.03818009],
[[212.0,202.0,212.0,202.0],0.0344912],
[[222.0,142.0,222.0,142.0],0.01047531],
[[222.0,162.0,222.0,162.0],0.01280063],
[[222.0,182.0,222.0,182.0],0.01715384],
[[222.0,202.0,222.0,202.0],0.02749371],
[[223.0,222.0,223.0,222.0],0.042389],
[[225.0,222.0,225.0,222.0],0.04218298],
[[227.0,222.0,227.0,222.0],0.041799],
[[232.0,222.0,232.0,222.0],0.03886889],
[[242.0,162.0,242.0,162.0],0.01263105],
[[242.0,182.0,242.0,182.0],0.0150577],
[[242.0,202.0,242.0,202.0],0.01997987],
[[242.0,222.0,242.0,222.0],0.03144391],
[[243.0,242.0,243.0,242.0],0.04643904],
[[245.0,242.0,245.0,242.0],0.04622927],
[[247.0,242.0,247.0,242.0],0.04535441],
[[252.0,242.0,252.0,242.0],0.04269498],
[[262.0,182.0,262.0,182.0],0.01482683],
[[262.0,202.0,262.0,202.0],0.01700006],
[[262.0,222.0,262.0,222.0],0.02289462],
[[262.0,242.0,262.0,242.0],0.03539085],
[[263.0,262.0,263.0,262.0],0.04972557],
[[265.0,262.0,265.0,262.0],0.04914061],
[[267.0,262.0,267.0,262.0],0.04842009],
[[272.0,262.0,272.0,262.0],0.04611537],
[[282.0,202.0,282.0,202.0],0.01670281],
[[282.0,222.0,282.0,222.0],0.01915248],
[[282.0,242.0,282.0,242.0],0.02548509],
[[282.0,262.0,282.0,262.0],0.03822519],
[[283.0,282.0,283.0,282.0],0.05262468],
[[285.0,282.0,285.0,282.0],0.05276909],
[[287.0,282.0,287.0,282.0],0.05235819],
[[292.0,282.0,292.0,282.0],0.04937755],
[[302.0,222.0,302.0,222.0],0.01832631],
[[302.0,242.0,302.0,242.0],0.0214877],
[[302.0,262.0,302.0,262.0],0.02810226],
[[302.0,282.0,302.0,282.0],0.04180943],
[[303.0,302.0,303.0,302.0],0.055718],
[[305.0,302.0,305.0,302.0],0.05515217],
[[307.0,302.0,307.0,302.0],0.05461138],
[[312.0,302.0,312.0,302.0],0.05230684],
[[322.0,242.0,322.0,242.0],0.02008298],
[[322.0,262.0,322.0,262.0],0.02366501],
[[322.0,282.0,322.0,282.0],0.03083759],
[[322.0,302.0,322.0,302.0],0.04494469],
[[323.0,322.0,323.0,322.0],0.05846441],
[[325.0,322.0,325.0,322.0],0.05869906],
[[327.0,322.0,327.0,322.0],0.05795527],
[[332.0,322.0,332.0,322.0],0.05588743],
[[342.0,262.0,342.0,262.0],0.02181912],
[[342.0,282.0,342.0,282.0],0.025316],
[[342.0,302.0,342.0,302.0],0.0332749],
[[342.0,322.0,342.0,322.0],0.04738172],
[[343.0,342.0,343.0,342.0],0.06149341],
[[345.0,342.0,345.0,342.0],0.06148484],
[[347.0,342.0,347.0,342.0],0.06053229],
[[352.0,342.0,352.0,342.0],0.05771482],
[[362.0,282.0,362.0,282.0],0.02336646],
[[362.0,302.0,362.0,302.0],0.02730214],
[[362.0,322.0,362.0,322.0],0.03537164],
[[362.0,342.0,362.0,342.0],0.05060147],
[[363.0,362.0,363.0,362.0],0.06418096],
[[365.0,362.0,365.0,362.0],0.06380135],
[[367.0,362.0,367.0,362.0],0.06351725],
[[372.0,362.0,372.0,362.0],0.06126209],
[[382.0,302.0,382.0,302.0],0.0255386],
[[382.0,322.0,382.0,322.0],0.02951841],
[[382.0,342.0,382.0,342.0],0.03775677],
[[382.0,362.0,382.0,362.0],0.05289682],
[[383.0,382.0,383.0,382.0],0.06615294],
[[385.0,382.0,385.0,382.0],0.06627594],
[[387.0,382.0,387.0,382.0],0.06627777],
[[392.0,382.0,392.0,382.0],0.06330778],
[[402.0,322.0,402.0,322.0],0.02671559],
[[402.0,342.0,402.0,342.0],0.03128456],
[[402.0,362.0,402.0,362.0],0.03986721],
[[402.0,382.0,402.0,382.0],0.05555432],
[[403.0,402.0,403.0,402.0],0.06884127],
[[405.0,402.0,405.0,402.0],0.06884483],
[[407.0,402.0,407.0,402.0],0.06767075],
[[412.0,402.0,412.0,402.0],0.06589583],
[[422.0,342.0,422.0,342.0],0.02806314],
[[422.0,362.0,422.0,362.0],0.03285608],
[[422.0,382.0,422.0,382.0],0.04200876],
[[422.0,402.0,422.0,402.0],0.05803302],
[[442.0,362.0,442.0,362.0],0.0297813],
[[442.0,382.0,442.0,382.0],0.03442161],
[[442.0,402.0,442.0,402.0],0.04428919],
[[462.0,382.0,462.0,382.0],0.03076495],
[[462.0,402.0,462.0,402.0],0.03651864],
[[482.0,402.0,482.0,402.0],0.03262322],
[[503.0,502.0,503.0,502.0],0.0793393],
[[505.0,502.0,505.0,502.0],0.07919331],
[[507.0,502.0,507.0,502.0],0.07885413],
[[512.0,502.0,512.0,502.0],0.07675197],
[[522.0,502.0,522.0,502.0],0.06899972],
[[542.0,502.0,542.0,502.0],0.05293722],
[[562.0,502.0,562.0,502.0],0.04353119],
[[582.0,502.0,582.0,502.0],0.03789412],
[[603.0,602.0,603.0,602.0],0.08740198],
[[605.0,602.0,605.0,602.0],0.08760001],
[[607.0,602.0,607.0,602.0],0.08640789],
[[612.0,602.0,612.0,602.0],0.08542516],
[[622.0,602.0,622.0,602.0],0.07743009],
[[642.0,602.0,642.0,602.0],0.06095072],
[[662.0,602.0,662.0,602.0],0.05003839],
[[682.0,602.0,682.0,602.0],0.04317842],
[[703.0,702.0,703.0,702.0],0.09470762],
[[705.0,702.0,705.0,702.0],0.0943372],
[[707.0,702.0,707.0,702.0],0.09395595],
[[712.0,702.0,712.0,702.0],0.09285532],
[[722.0,702.0,722.0,702.0],0.08506588],
[[742.0,702.0,742.0,702.0],0.06775101],
[[762.0,702.0,762.0,702.0],0.05600278],
[[782.0,702.0,782.0,702.0],0.04759241],
[[803.0,802.0,803.0,802.0],0.09996811],
[[805.0,802.0,805.0,802.0],0.1007349],
[[807.0,802.0,807.0,802.0],0.1000309],
[[812.0,802.0,812.0,802.0],0.09848501],
[[822.0,802.0,822.0,802.0],0.09159669],
[[842.0,802.0,842.0,802.0],0.07441839],
[[862.0,802.0,862.0,802.0],0.06048771],
[[882.0,802.0,882.0,802.0],0.05247817],
[[903.0,902.0,903.0,902.0],0.1067982],
[[905.0,902.0,905.0,902.0],0.1066991],
[[907.0,902.0,907.0,902.0],0.1068849],
[[912.0,902.0,912.0,902.0],0.1046091],
[[922.0,902.0,922.0,902.0],0.09832081],
[[942.0,902.0,942.0,902.0],0.07979955],
[[962.0,902.0,962.0,902.0],0.06536496],
[[982.0,902.0,982.0,902.0],0.0557247],
[[1003.0,1002.0,1003.0,1002.0],0.1117478],
[[1005.0,1002.0,1005.0,1002.0],0.1117985],
[[1007.0,1002.0,1007.0,1002.0],0.1107908],
[[1012.0,1002.0,1012.0,1002.0],0.1096332],
[[1022.0,1002.0,1022.0,1002.0],0.1030331],
[[1042.0,1002.0,1042.0,1002.0],0.08424053],
[[1062.0,1002.0,1062.0,1002.0],0.06866234],
[[1082.0,1002.0,1082.0,1002.0],0.05909288],
[[1103.0,1102.0,1103.0,1102.0],0.1146056],
[[1105.0,1102.0,1105.0,1102.0],0.1149284],
[[1107.0,1102.0,1107.0,1102.0],0.1142389],
[[1112.0,1102.0,1112.0,1102.0],0.1140977],
[[1122.0,1102.0,1122.0,1102.0],0.1079696],
[[1142.0,1102.0,1142.0,1102.0],0.08859699],
[[1162.0,1102.0,1162.0,1102.0],0.07274109],
[[1182.0,1102.0,1182.0,1102.0],0.06177838],
[[1203.0,1202.0,1203.0,1202.0],0.1171883],
[[1205.0,1202.0,1205.0,1202.0],0.1186747],
[[1207.0,1202.0,1207.0,1202.0],0.1176472],
[[1212.0,1202.0,1212.0,1202.0],0.1169611],
[[1222.0,1202.0,1222.0,1202.0],0.1114633],
[[1242.0,1202.0,1242.0,1202.0],0.09196232],
[[1262.0,1202.0,1262.0,1202.0],0.07560746],
[[1282.0,1202.0,1282.0,1202.0],0.06393084],
[[1303.0,1302.0,1303.0,1302.0],0.1213105],
[[1305.0,1302.0,1305.0,1302.0],0.1206324],
[[1307.0,1302.0,1307.0,1302.0],0.120751],
[[1312.0,1302.0,1312.0,1302.0],0.1199381],
[[1322.0,1302.0,1322.0,1302.0],0.115105],
[[1342.0,1302.0,1342.0,1302.0],0.09403944],
[[1362.0,1302.0,1362.0,1302.0],0.07712043],
[[1382.0,1302.0,1382.0,1302.0],0.06622919],
[[1403.0,1402.0,1403.0,1402.0],0.1227711],
[[1405.0,1402.0,1405.0,1402.0],0.1220982],
[[1407.0,1402.0,1407.0,1402.0],0.1226072],
[[1412.0,1402.0,1412.0,1402.0],0.1212074],
[[1422.0,1402.0,1422.0,1402.0],0.1167056],
[[1442.0,1402.0,1442.0,1402.0],0.09705198],
[[1462.0,1402.0,1462.0,1402.0],0.08028783],
[[1482.0,1402.0,1482.0,1402.0],0.06723448],
[[1503.0,1502.0,1503.0,1502.0],0.1243453],
[[1505.0,1502.0,1505.0,1502.0],0.1237724],
[[1507.0,1502.0,1507.0,1502.0],0.124473],
[[1512.0,1502.0,1512.0,1502.0],0.1222458],
[[1522.0,1502.0,1522.0,1502.0],0.1174595],
[[1542.0,1502.0,1542.0,1502.0],0.09836232],
[[1562.0,1502.0,1562.0,1502.0],0.08272844],
[[1582.0,1502.0,1582.0,1502.0],0.06874037],
[[1603.0,1602.0,1603.0,1602.0],0.1256659],
[[1605.0,1602.0,1605.0,1602.0],0.1252177],
[[1607.0,1602.0,1607.0,1602.0],0.1250946],
[[1612.0,1602.0,1612.0,1602.0],0.1244873],
[[1622.0,1602.0,1622.0,1602.0],0.120138],
[[1642.0,1602.0,1642.0,1602.0],0.09966108],
[[1662.0,1602.0,1662.0,1602.0],0.08349094],
[[1682.0,1602.0,1682.0,1602.0],0.07036338],
[[1703.0,1702.0,1703.0,1702.0],0.1259214],
[[1705.0,1702.0,1705.0,1702.0],0.1256874],
[[1707.0,1702.0,1707.0,1702.0],0.1261463],
[[1712.0,1702.0,1712.0,1702.0],0.1244963],
[[1722.0,1702.0,1722.0,1702.0],0.1204499],
[[1742.0,1702.0,1742.0,1702.0],0.1020749],
[[1762.0,1702.0,1762.0,1702.0],0.08434707],
[[1782.0,1702.0,1782.0,1702.0],0.07124158],
[[1803.0,1802.0,1803.0,1802.0],0.1250828],
[[1805.0,1802.0,1805.0,1802.0],0.1264637],
[[1807.0,1802.0,1807.0,1802.0],0.126029],
[[1812.0,1802.0,1812.0,1802.0],0.1252503],
[[1822.0,1802.0,1822.0,1802.0],0.1208685],
[[1842.0,1802.0,1842.0,1802.0],0.1028916],
[[1862.0,1802.0,1862.0,1802.0],0.08618108],
[[1882.0,1802.0,1882.0,1802.0],0.07152249],
[[1903.0,1902.0,1903.0,1902.0],0.1273616],
[[1905.0,1902.0,1905.0,1902.0],0.126002],
[[1907.0,1902.0,1907.0,1902.0],0.1264972],
[[1912.0,1902.0,1912.0,1902.0],0.1257537],
[[1922.0,1902.0,1922.0,1902.0],0.1217522],
[[1942.0,1902.0,1942.0,1902.0],0.1031694],
[[1962.0,1902.0,1962.0,1902.0],0.08622061],
[[1982.0,1902.0,1982.0,1902.0],0.07231041],
[[2003.0,2002.0,2003.0,2002.0],0.1259181],
[[2005.0,2002.0,2005.0,2002.0],0.1262615],
[[2007.0,2002.0,2007.0,2002.0],0.1265007],
[[2012.0,2002.0,2012.0,2002.0],0.124982],
[[2022.0,2002.0,2022.0,2002.0],0.1227322],
[[2042.0,2002.0,2042.0,2002.0],0.1034889],
[[2062.0,2002.0,2062.0,2002.0],0.08636986],
[[2082.0,2002.0,2082.0,2002.0],0.07291194]]
