txName: TRV1
constraint: {(PV > Zprime(1)), (Zprime(1) > MET(2),MET(3))}
condition: None
conditionDescription: None
figureUrl: https://atlas.web.cern.ch/Atlas/GROUPS/PHYSICS/PAPERS/EXOT-2018-06/figaux_06.png
source: MA5
validated: True
axesMap: [{0: 'x', 1: 'y', 2: 'y'}]
dataMap: {0: (1, 'mass', GeV), 1: (2, 'mass', GeV), 2: (3, 'mass', GeV)}
finalState: ['MET', 'MET']
efficiencyMap: [[[100.0,0.0,0.0],0.001722556],
[[100.0,50.0,50.0],0.002065775],
[[200.0,0.0,0.0],0.007418401],
[[200.0,50.0,50.0],0.007527167],
[[200.0,100.0,100.0],0.008465107],
[[300.0,0.0,0.0],0.0152308],
[[300.0,50.0,50.0],0.01551778],
[[300.0,100.0,100.0],0.01566047],
[[300.0,150.0,150.0],0.01729927],
[[400.0,0.0,0.0],0.02361199],
[[400.0,50.0,50.0],0.02392012],
[[400.0,100.0,100.0],0.02443404],
[[400.0,150.0,150.0],0.02471764],
[[400.0,200.0,200.0],0.02704517],
[[500.0,0.0,0.0],0.03211907],
[[500.0,50.0,50.0],0.03185902],
[[500.0,100.0,100.0],0.03247007],
[[500.0,150.0,150.0],0.03278997],
[[500.0,200.0,200.0],0.03309611],
[[500.0,250.0,250.0],0.03563053],
[[600.0,0.0,0.0],0.03867352],
[[600.0,50.0,50.0],0.03924449],
[[600.0,100.0,100.0],0.03968918],
[[600.0,150.0,150.0],0.04012856],
[[600.0,200.0,200.0],0.04042479],
[[600.0,250.0,250.0],0.04112921],
[[600.0,300.0,300.0],0.04344908],
[[700.0,0.0,0.0],0.0454151],
[[700.0,50.0,50.0],0.04555294],
[[700.0,100.0,100.0],0.04617517],
[[700.0,150.0,150.0],0.04682658],
[[700.0,200.0,200.0],0.04751979],
[[700.0,250.0,250.0],0.04767751],
[[700.0,300.0,300.0],0.04806844],
[[700.0,350.0,350.0],0.05060853],
[[800.0,0.0,0.0],0.05180917],
[[800.0,50.0,50.0],0.0515309],
[[800.0,100.0,100.0],0.05226557],
[[800.0,150.0,150.0],0.05278875],
[[800.0,200.0,200.0],0.05286154],
[[800.0,250.0,250.0],0.05363534],
[[800.0,300.0,300.0],0.05410582],
[[800.0,350.0,350.0],0.05487266],
[[800.0,400.0,400.0],0.05685684],
[[900.0,0.0,0.0],0.05683248],
[[900.0,50.0,50.0],0.05724999],
[[900.0,100.0,100.0],0.05781397],
[[900.0,150.0,150.0],0.05847785],
[[900.0,200.0,200.0],0.05874272],
[[900.0,250.0,250.0],0.05891256],
[[900.0,300.0,300.0],0.05932111],
[[900.0,350.0,350.0],0.05966677],
[[900.0,400.0,400.0],0.06052584],
[[900.0,450.0,450.0],0.0632515],
[[1000.0,0.0,0.0],0.06122961],
[[1000.0,50.0,50.0],0.06194807],
[[1000.0,100.0,100.0],0.0629957],
[[1000.0,150.0,150.0],0.0629453],
[[1000.0,200.0,200.0],0.06333735],
[[1000.0,250.0,250.0],0.0635807],
[[1000.0,300.0,300.0],0.0641468],
[[1000.0,350.0,350.0],0.0650571],
[[1000.0,400.0,400.0],0.06490379],
[[1000.0,450.0,450.0],0.06615574],
[[1000.0,500.0,500.0],0.06808946],
[[1100.0,0.0,0.0],0.06592923],
[[1100.0,50.0,50.0],0.06598572],
[[1100.0,100.0,100.0],0.0673653],
[[1100.0,150.0,150.0],0.06739093],
[[1100.0,200.0,200.0],0.06791919],
[[1100.0,250.0,250.0],0.06863392],
[[1100.0,300.0,300.0],0.06855917],
[[1100.0,350.0,350.0],0.06883435],
[[1100.0,400.0,400.0],0.06957083],
[[1100.0,450.0,450.0],0.06954125],
[[1100.0,500.0,500.0],0.07046243],
[[1100.0,550.0,550.0],0.07348451],
[[1200.0,0.0,0.0],0.06978202],
[[1200.0,50.0,50.0],0.06982],
[[1200.0,100.0,100.0],0.07064883],
[[1200.0,150.0,150.0],0.07167106],
[[1200.0,200.0,200.0],0.07234311],
[[1200.0,250.0,250.0],0.07255015],
[[1200.0,300.0,300.0],0.07288485],
[[1200.0,350.0,350.0],0.07339317],
[[1200.0,400.0,400.0],0.07353554],
[[1200.0,450.0,450.0],0.07461039],
[[1200.0,500.0,500.0],0.07445667],
[[1200.0,550.0,550.0],0.07456671],
[[1200.0,600.0,600.0],0.07732454],
[[1300.0,0.0,0.0],0.07307649],
[[1300.0,50.0,50.0],0.07390891],
[[1300.0,100.0,100.0],0.07472643],
[[1300.0,150.0,150.0],0.07496933],
[[1300.0,200.0,200.0],0.07537428],
[[1300.0,250.0,250.0],0.07642986],
[[1300.0,300.0,300.0],0.07679863],
[[1300.0,350.0,350.0],0.07681906],
[[1300.0,400.0,400.0],0.07722375],
[[1300.0,450.0,450.0],0.07767259],
[[1300.0,500.0,500.0],0.07848965],
[[1300.0,550.0,550.0],0.07830737],
[[1300.0,600.0,600.0],0.07909132],
[[1300.0,650.0,650.0],0.08090366],
[[1400.0,0.0,0.0],0.07588125],
[[1400.0,50.0,50.0],0.07680097],
[[1400.0,100.0,100.0],0.07801765],
[[1400.0,150.0,150.0],0.07895622],
[[1400.0,200.0,200.0],0.07895808],
[[1400.0,250.0,250.0],0.07981897],
[[1400.0,300.0,300.0],0.08007548],
[[1400.0,350.0,350.0],0.0807081],
[[1400.0,400.0,400.0],0.08094193],
[[1400.0,450.0,450.0],0.08139988],
[[1400.0,500.0,500.0],0.08144385],
[[1400.0,550.0,550.0],0.0821803],
[[1400.0,600.0,600.0],0.0823797],
[[1400.0,650.0,650.0],0.08227972],
[[1400.0,700.0,700.0],0.0848189],
[[1500.0,0.0,0.0],0.07894481],
[[1500.0,50.0,50.0],0.07955155],
[[1500.0,100.0,100.0],0.08062862],
[[1500.0,150.0,150.0],0.08177257],
[[1500.0,200.0,200.0],0.08248284],
[[1500.0,250.0,250.0],0.08277931],
[[1500.0,300.0,300.0],0.08272569],
[[1500.0,350.0,350.0],0.08364088],
[[1500.0,400.0,400.0],0.08436934],
[[1500.0,450.0,450.0],0.08482876],
[[1500.0,500.0,500.0],0.08487705],
[[1500.0,550.0,550.0],0.08491115],
[[1500.0,600.0,600.0],0.08509599],
[[1500.0,650.0,650.0],0.08590754],
[[1500.0,700.0,700.0],0.0860197],
[[1500.0,750.0,750.0],0.08813543],
[[1600.0,0.0,0.0],0.0814264],
[[1600.0,50.0,50.0],0.08221116],
[[1600.0,100.0,100.0],0.08364222],
[[1600.0,150.0,150.0],0.08462225],
[[1600.0,200.0,200.0],0.08503832],
[[1600.0,250.0,250.0],0.08510957],
[[1600.0,300.0,300.0],0.08587836],
[[1600.0,350.0,350.0],0.08699153],
[[1600.0,400.0,400.0],0.08715135],
[[1600.0,450.0,450.0],0.08726356],
[[1600.0,500.0,500.0],0.08836639],
[[1600.0,550.0,550.0],0.08790063],
[[1600.0,600.0,600.0],0.08899632],
[[1600.0,650.0,650.0],0.08896092],
[[1600.0,700.0,700.0],0.08853205],
[[1600.0,750.0,750.0],0.08945131],
[[1600.0,800.0,800.0],0.09144281],
[[1700.0,0.0,0.0],0.08399285],
[[1700.0,50.0,50.0],0.08512787],
[[1700.0,100.0,100.0],0.08609363],
[[1700.0,150.0,150.0],0.08713212],
[[1700.0,200.0,200.0],0.08793509],
[[1700.0,250.0,250.0],0.08850775],
[[1700.0,300.0,300.0],0.08879278],
[[1700.0,350.0,350.0],0.08892595],
[[1700.0,400.0,400.0],0.08995794],
[[1700.0,450.0,450.0],0.09020923],
[[1700.0,500.0,500.0],0.09074034],
[[1700.0,550.0,550.0],0.09101993],
[[1700.0,600.0,600.0],0.09073307],
[[1700.0,650.0,650.0],0.09126554],
[[1700.0,700.0,700.0],0.09209488],
[[1700.0,750.0,750.0],0.09177706],
[[1700.0,800.0,800.0],0.09237914],
[[1700.0,850.0,850.0],0.09434865],
[[1800.0,0.0,0.0],0.08629905],
[[1800.0,50.0,50.0],0.08716307],
[[1800.0,100.0,100.0],0.08811401],
[[1800.0,150.0,150.0],0.08968786],
[[1800.0,200.0,200.0],0.09027005],
[[1800.0,250.0,250.0],0.09043416],
[[1800.0,300.0,300.0],0.09148776],
[[1800.0,350.0,350.0],0.09165862],
[[1800.0,400.0,400.0],0.09191327],
[[1800.0,450.0,450.0],0.09264476],
[[1800.0,500.0,500.0],0.09283492],
[[1800.0,550.0,550.0],0.09312572],
[[1800.0,600.0,600.0],0.09329007],
[[1800.0,650.0,650.0],0.09410249],
[[1800.0,700.0,700.0],0.09445297],
[[1800.0,750.0,750.0],0.09456441],
[[1800.0,800.0,800.0],0.09520818],
[[1800.0,850.0,850.0],0.09531286],
[[1800.0,900.0,900.0],0.09669037],
[[1900.0,0.0,0.0],0.0884782],
[[1900.0,50.0,50.0],0.08933247],
[[1900.0,100.0,100.0],0.09044679],
[[1900.0,150.0,150.0],0.09118092],
[[1900.0,200.0,200.0],0.09210186],
[[1900.0,250.0,250.0],0.09294011],
[[1900.0,300.0,300.0],0.09391088],
[[1900.0,350.0,350.0],0.09408819],
[[1900.0,400.0,400.0],0.09472975],
[[1900.0,450.0,450.0],0.09536744],
[[1900.0,500.0,500.0],0.09515892],
[[1900.0,550.0,550.0],0.09571569],
[[1900.0,600.0,600.0],0.09613548],
[[1900.0,650.0,650.0],0.09646443],
[[1900.0,700.0,700.0],0.09635454],
[[1900.0,750.0,750.0],0.09676329],
[[1900.0,800.0,800.0],0.09714795],
[[1900.0,850.0,850.0],0.09678949],
[[1900.0,900.0,900.0],0.09748861],
[[1900.0,950.0,950.0],0.0993806],
[[2000.0,0.0,0.0],0.09096156],
[[2000.0,50.0,50.0],0.09111404],
[[2000.0,100.0,100.0],0.09270711],
[[2000.0,150.0,150.0],0.09321678],
[[2000.0,200.0,200.0],0.09432444],
[[2000.0,250.0,250.0],0.09556202],
[[2000.0,300.0,300.0],0.09580274],
[[2000.0,350.0,350.0],0.09614252],
[[2000.0,400.0,400.0],0.09730483],
[[2000.0,450.0,450.0],0.09740005],
[[2000.0,500.0,500.0],0.09748479],
[[2000.0,550.0,550.0],0.09796335],
[[2000.0,600.0,600.0],0.09791158],
[[2000.0,650.0,650.0],0.09825802],
[[2000.0,700.0,700.0],0.09881889],
[[2000.0,750.0,750.0],0.0993184],
[[2000.0,800.0,800.0],0.09955593],
[[2000.0,850.0,850.0],0.09963296],
[[2000.0,900.0,900.0],0.1000201],
[[2000.0,950.0,950.0],0.1004486],
[[2000.0,1000.0,1000.0],0.1013261],
[[2100.0,0.0,0.0],0.09106046],
[[2100.0,50.0,50.0],0.09314662],
[[2100.0,100.0,100.0],0.09413272],
[[2100.0,150.0,150.0],0.09642275],
[[2100.0,200.0,200.0],0.09648739],
[[2100.0,250.0,250.0],0.09736364],
[[2100.0,300.0,300.0],0.09809613],
[[2100.0,350.0,350.0],0.0988873],
[[2100.0,400.0,400.0],0.09900562],
[[2100.0,450.0,450.0],0.09944546],
[[2100.0,500.0,500.0],0.1000376],
[[2100.0,550.0,550.0],0.1002439],
[[2100.0,600.0,600.0],0.1006988],
[[2100.0,650.0,650.0],0.1005267],
[[2100.0,700.0,700.0],0.1020358],
[[2100.0,750.0,750.0],0.1011439],
[[2100.0,800.0,800.0],0.1016979],
[[2100.0,850.0,850.0],0.1018031],
[[2100.0,900.0,900.0],0.1020649],
[[2100.0,950.0,950.0],0.1024679],
[[2100.0,1000.0,1000.0],0.1033323],
[[2100.0,1050.0,1050.0],0.1043785],
[[2200.0,0.0,0.0],0.09327006],
[[2200.0,50.0,50.0],0.09412402],
[[2200.0,100.0,100.0],0.09661361],
[[2200.0,150.0,150.0],0.09825575],
[[2200.0,200.0,200.0],0.09874944],
[[2200.0,250.0,250.0],0.09941506],
[[2200.0,300.0,300.0],0.09959782],
[[2200.0,350.0,350.0],0.100914],
[[2200.0,400.0,400.0],0.1009761],
[[2200.0,450.0,450.0],0.1019],
[[2200.0,500.0,500.0],0.1022182],
[[2200.0,550.0,550.0],0.102061],
[[2200.0,600.0,600.0],0.1031777],
[[2200.0,650.0,650.0],0.1031816],
[[2200.0,700.0,700.0],0.1039814],
[[2200.0,750.0,750.0],0.1036806],
[[2200.0,800.0,800.0],0.1039774],
[[2200.0,850.0,850.0],0.104164],
[[2200.0,900.0,900.0],0.1047776],
[[2200.0,950.0,950.0],0.1044654],
[[2200.0,1000.0,1000.0],0.1050551],
[[2200.0,1050.0,1050.0],0.1059662],
[[2200.0,1100.0,1100.0],0.1064552]]
