txName: TChiISR
constraint: {(PV > MET(1), MET(2))}
condition: None
conditionDescription: None
figureUrl: None
source: Recast by MA5
validated: True
axesMap: [{0: 'x', 1: 'y'}]
dataMap: {0: (1, 'mass', GeV), 1: (2, 'mass', GeV)}
finalState: ['MET', 'MET']
efficiencyMap: [[[1.0,10.0],1.523336e-05],
[[1.0,20.0],1.527725e-05],
[[1.0,30.0],1.520844e-05],
[[1.0,40.0],1.439228e-05],
[[1.0,50.0],1.497227e-05],
[[1.0,60.0],1.343811e-05],
[[5.0,10.0],1.849059e-05],
[[7.0,10.0],1.441983e-05],
[[9.0,10.0],2.038516e-05],
[[10.0,1.0],1.523336e-05],
[[10.0,5.0],1.849059e-05],
[[10.0,7.0],1.441983e-05],
[[10.0,9.0],2.038516e-05],
[[10.0,10.0],1.530526e-05],
[[12.0,62.0],2.357711e-05],
[[12.0,72.0],1.786823e-05],
[[12.0,82.0],4.356928e-05],
[[12.0,92.0],6.861268e-05],
[[12.0,102.0],9.956021e-05],
[[12.0,212.0],0.0002781407],
[[12.0,312.0],0.0004000727],
[[15.0,20.0],1.441181e-05],
[[17.0,20.0],1.363305e-05],
[[19.0,20.0],1.489142e-05],
[[20.0,1.0],1.527725e-05],
[[20.0,15.0],1.441181e-05],
[[20.0,17.0],1.363305e-05],
[[20.0,19.0],1.489142e-05],
[[20.0,20.0],1.353383e-05],
[[20.0,30.0],1.521712e-05],
[[20.0,40.0],1.489916e-05],
[[20.0,50.0],1.397052e-05],
[[20.0,60.0],1.695146e-05],
[[25.0,30.0],1.314318e-05],
[[27.0,30.0],1.734782e-05],
[[29.0,30.0],1.828777e-05],
[[30.0,1.0],1.520844e-05],
[[30.0,20.0],1.521712e-05],
[[30.0,25.0],1.314318e-05],
[[30.0,27.0],1.734782e-05],
[[30.0,29.0],1.828777e-05],
[[30.0,30.0],2.096809e-05],
[[30.0,40.0],1.504684e-05],
[[30.0,50.0],1.574868e-05],
[[30.0,60.0],2.667095e-05],
[[32.0,62.0],4.192049e-05],
[[32.0,72.0],6.949614e-05],
[[32.0,82.0],0.0001067445],
[[32.0,92.0],0.0001050867],
[[32.0,102.0],0.0001262186],
[[32.0,112.0],0.0001556545],
[[32.0,122.0],0.0001504035],
[[32.0,232.0],0.000342059],
[[32.0,332.0],0.000442639],
[[35.0,40.0],1.519011e-05],
[[37.0,40.0],1.43806e-05],
[[39.0,40.0],1.726683e-05],
[[40.0,1.0],1.439228e-05],
[[40.0,20.0],1.489916e-05],
[[40.0,30.0],1.504684e-05],
[[40.0,35.0],1.519011e-05],
[[40.0,37.0],1.43806e-05],
[[40.0,39.0],1.726683e-05],
[[40.0,40.0],1.567964e-05],
[[40.0,50.0],2.933928e-05],
[[40.0,60.0],5.570809e-05],
[[45.0,50.0],4.37024e-05],
[[47.0,50.0],4.842641e-05],
[[49.0,50.0],5.719547e-05],
[[50.0,1.0],1.497227e-05],
[[50.0,20.0],1.397052e-05],
[[50.0,30.0],1.574868e-05],
[[50.0,40.0],2.933928e-05],
[[50.0,45.0],4.37024e-05],
[[50.0,47.0],4.842641e-05],
[[50.0,49.0],5.719547e-05],
[[50.0,50.0],5.56873e-05],
[[50.0,60.0],8.003092e-05],
[[52.0,62.0],8.817375e-05],
[[52.0,67.0],8.503251e-05],
[[52.0,72.0],0.0001104174],
[[52.0,82.0],0.0001192883],
[[52.0,92.0],0.0001587671],
[[52.0,102.0],0.0001700729],
[[52.0,112.0],0.0002080493],
[[52.0,122.0],0.0002039871],
[[52.0,132.0],0.0002010902],
[[52.0,142.0],0.0002385162],
[[52.0,252.0],0.0003891505],
[[52.0,352.0],0.0004881357],
[[55.0,60.0],8.535703e-05],
[[57.0,60.0],9.442957e-05],
[[59.0,60.0],9.530188e-05],
[[60.0,1.0],1.343811e-05],
[[60.0,20.0],1.695146e-05],
[[60.0,30.0],2.667095e-05],
[[60.0,40.0],5.570809e-05],
[[60.0,50.0],8.003092e-05],
[[60.0,55.0],8.535703e-05],
[[60.0,57.0],9.442957e-05],
[[60.0,59.0],9.530188e-05],
[[60.0,60.0],0.0001046432],
[[62.0,12.0],2.357711e-05],
[[62.0,32.0],4.192049e-05],
[[62.0,52.0],8.817375e-05],
[[67.0,52.0],8.503251e-05],
[[72.0,12.0],1.786823e-05],
[[72.0,32.0],6.949614e-05],
[[72.0,52.0],0.0001104174],
[[72.0,72.0],0.0001499041],
[[72.0,75.0],0.0001674864],
[[72.0,77.0],0.0001595608],
[[72.0,82.0],0.0001632556],
[[72.0,87.0],0.0001701092],
[[72.0,92.0],0.000204637],
[[72.0,102.0],0.0001948212],
[[72.0,112.0],0.0002053487],
[[72.0,122.0],0.0002465944],
[[72.0,132.0],0.000245596],
[[72.0,142.0],0.000269356],
[[72.0,152.0],0.0002781937],
[[72.0,162.0],0.0003178819],
[[72.0,272.0],0.0004200266],
[[72.0,372.0],0.0005255894],
[[75.0,72.0],0.0001674864],
[[77.0,72.0],0.0001595608],
[[82.0,12.0],4.356928e-05],
[[82.0,32.0],0.0001067445],
[[82.0,52.0],0.0001192883],
[[82.0,72.0],0.0001632556],
[[87.0,72.0],0.0001701092],
[[92.0,12.0],6.861268e-05],
[[92.0,32.0],0.0001050867],
[[92.0,52.0],0.0001587671],
[[92.0,72.0],0.000204637],
[[92.0,92.0],0.0002130452],
[[92.0,95.0],0.0002242217],
[[92.0,97.0],0.0002042635],
[[92.0,102.0],0.0002318626],
[[92.0,107.0],0.0002308028],
[[92.0,112.0],0.0002357913],
[[92.0,122.0],0.0002630581],
[[92.0,132.0],0.0002858197],
[[92.0,142.0],0.0002930897],
[[92.0,152.0],0.0003001997],
[[92.0,162.0],0.0003361754],
[[92.0,172.0],0.0003325105],
[[92.0,182.0],0.0003381482],
[[92.0,292.0],0.0004673114],
[[92.0,392.0],0.0005422229],
[[95.0,92.0],0.0002242217],
[[97.0,92.0],0.0002042635],
[[102.0,12.0],9.956021e-05],
[[102.0,32.0],0.0001262186],
[[102.0,52.0],0.0001700729],
[[102.0,72.0],0.0001948212],
[[102.0,92.0],0.0002318626],
[[102.0,102.0],0.0002757677],
[[102.0,105.0],0.0002587563],
[[102.0,107.0],0.0002567389],
[[102.0,112.0],0.0002436524],
[[102.0,117.0],0.0002702304],
[[102.0,122.0],0.0002670913],
[[102.0,132.0],0.0002842031],
[[102.0,142.0],0.000317795],
[[102.0,152.0],0.0003123581],
[[102.0,162.0],0.0003509339],
[[102.0,172.0],0.0003260322],
[[102.0,182.0],0.0003456438],
[[102.0,192.0],0.0003536757],
[[102.0,302.0],0.0004820706],
[[102.0,402.0],0.000576242],
[[105.0,102.0],0.0002587563],
[[107.0,92.0],0.0002308028],
[[107.0,102.0],0.0002567389],
[[112.0,32.0],0.0001556545],
[[112.0,52.0],0.0002080493],
[[112.0,72.0],0.0002053487],
[[112.0,92.0],0.0002357913],
[[112.0,102.0],0.0002436524],
[[117.0,102.0],0.0002702304],
[[122.0,32.0],0.0001504035],
[[122.0,52.0],0.0002039871],
[[122.0,72.0],0.0002465944],
[[122.0,92.0],0.0002630581],
[[122.0,102.0],0.0002670913],
[[132.0,52.0],0.0002010902],
[[132.0,72.0],0.000245596],
[[132.0,92.0],0.0002858197],
[[132.0,102.0],0.0002842031],
[[142.0,52.0],0.0002385162],
[[142.0,72.0],0.000269356],
[[142.0,92.0],0.0002930897],
[[142.0,102.0],0.000317795],
[[152.0,72.0],0.0002781937],
[[152.0,92.0],0.0003001997],
[[152.0,102.0],0.0003123581],
[[152.0,152.0],0.0003718963],
[[152.0,155.0],0.0003904851],
[[152.0,157.0],0.0004038027],
[[152.0,162.0],0.0003761164],
[[152.0,167.0],0.0004124638],
[[152.0,172.0],0.0004201553],
[[152.0,182.0],0.0004176099],
[[152.0,192.0],0.0004237717],
[[152.0,202.0],0.0004286414],
[[152.0,212.0],0.0004409469],
[[152.0,222.0],0.0004436369],
[[152.0,232.0],0.0004640153],
[[152.0,242.0],0.0004884258],
[[152.0,352.0],0.000550889],
[[152.0,452.0],0.0006249341],
[[155.0,152.0],0.0003904851],
[[157.0,152.0],0.0004038027],
[[162.0,72.0],0.0003178819],
[[162.0,92.0],0.0003361754],
[[162.0,102.0],0.0003509339],
[[162.0,152.0],0.0003761164],
[[167.0,152.0],0.0004124638],
[[172.0,92.0],0.0003325105],
[[172.0,102.0],0.0003260322],
[[172.0,152.0],0.0004201553],
[[182.0,92.0],0.0003381482],
[[182.0,102.0],0.0003456438],
[[182.0,152.0],0.0004176099],
[[192.0,102.0],0.0003536757],
[[192.0,152.0],0.0004237717],
[[202.0,152.0],0.0004286414],
[[202.0,202.0],0.0004823739],
[[202.0,205.0],0.0005074911],
[[202.0,207.0],0.0005147693],
[[202.0,212.0],0.0005255696],
[[202.0,217.0],0.0005158693],
[[202.0,222.0],0.0004987229],
[[202.0,232.0],0.0004961253],
[[202.0,242.0],0.0005189655],
[[202.0,252.0],0.0005354509],
[[202.0,262.0],0.0005621758],
[[202.0,272.0],0.0005384003],
[[202.0,282.0],0.0005421912],
[[202.0,402.0],0.0006197558],
[[202.0,502.0],0.0007065663],
[[205.0,202.0],0.0005074911],
[[207.0,202.0],0.0005147693],
[[212.0,12.0],0.0002781407],
[[212.0,152.0],0.0004409469],
[[212.0,202.0],0.0005255696],
[[217.0,202.0],0.0005158693],
[[222.0,152.0],0.0004436369],
[[222.0,202.0],0.0004987229],
[[232.0,32.0],0.000342059],
[[232.0,152.0],0.0004640153],
[[232.0,202.0],0.0004961253],
[[242.0,152.0],0.0004884258],
[[242.0,202.0],0.0005189655],
[[252.0,52.0],0.0003891505],
[[252.0,202.0],0.0005354509],
[[252.0,252.0],0.0005858997],
[[252.0,255.0],0.0005808658],
[[252.0,257.0],0.000601419],
[[252.0,262.0],0.0006138303],
[[252.0,267.0],0.00057895],
[[252.0,272.0],0.0005560513],
[[252.0,282.0],0.0006060241],
[[252.0,292.0],0.000600567],
[[252.0,302.0],0.0005858947],
[[252.0,312.0],0.0006379778],
[[252.0,322.0],0.000623577],
[[252.0,332.0],0.0006171265],
[[252.0,342.0],0.0006849772],
[[252.0,452.0],0.0007117116],
[[252.0,552.0],0.0007135528],
[[255.0,252.0],0.0005808658],
[[257.0,252.0],0.000601419],
[[262.0,202.0],0.0005621758],
[[262.0,252.0],0.0006138303],
[[267.0,252.0],0.00057895],
[[272.0,72.0],0.0004200266],
[[272.0,202.0],0.0005384003],
[[272.0,252.0],0.0005560513],
[[282.0,202.0],0.0005421912],
[[282.0,252.0],0.0006060241],
[[292.0,92.0],0.0004673114],
[[292.0,252.0],0.000600567],
[[302.0,102.0],0.0004820706],
[[302.0,252.0],0.0005858947],
[[302.0,302.0],0.0006671404],
[[302.0,305.0],0.0006389452],
[[302.0,307.0],0.0006702541],
[[302.0,312.0],0.0006769543],
[[302.0,317.0],0.0006345536],
[[302.0,322.0],0.0006592055],
[[302.0,332.0],0.0007130626],
[[302.0,342.0],0.0006869759],
[[302.0,352.0],0.0006965647],
[[302.0,362.0],0.0007001572],
[[302.0,372.0],0.0006554348],
[[302.0,382.0],0.0006947696],
[[302.0,392.0],0.0006835243],
[[302.0,502.0],0.0007280312],
[[302.0,602.0],0.0008029081],
[[305.0,302.0],0.0006389452],
[[307.0,302.0],0.0006702541],
[[312.0,12.0],0.0004000727],
[[312.0,252.0],0.0006379778],
[[312.0,302.0],0.0006769543],
[[317.0,302.0],0.0006345536],
[[322.0,252.0],0.000623577],
[[322.0,302.0],0.0006592055],
[[332.0,32.0],0.000442639],
[[332.0,252.0],0.0006171265],
[[332.0,302.0],0.0007130626],
[[342.0,252.0],0.0006849772],
[[342.0,302.0],0.0006869759],
[[352.0,52.0],0.0004881357],
[[352.0,152.0],0.000550889],
[[352.0,302.0],0.0006965647],
[[352.0,352.0],0.0007263733],
[[352.0,355.0],0.0006848004],
[[352.0,357.0],0.0007063655],
[[352.0,362.0],0.0007413806],
[[352.0,367.0],0.0007236227],
[[352.0,372.0],0.000716604],
[[352.0,382.0],0.0007422537],
[[352.0,392.0],0.0007523815],
[[352.0,402.0],0.0007264966],
[[352.0,412.0],0.0007498134],
[[352.0,422.0],0.0007143413],
[[352.0,432.0],0.0007346871],
[[352.0,442.0],0.0007489919],
[[352.0,552.0],0.0008094717],
[[352.0,652.0],0.0008381658],
[[355.0,352.0],0.0006848004],
[[357.0,352.0],0.0007063655],
[[362.0,302.0],0.0007001572],
[[362.0,352.0],0.0007413806],
[[367.0,352.0],0.0007236227],
[[372.0,72.0],0.0005255894],
[[372.0,302.0],0.0006554348],
[[372.0,352.0],0.000716604],
[[382.0,302.0],0.0006947696],
[[382.0,352.0],0.0007422537],
[[392.0,92.0],0.0005422229],
[[392.0,302.0],0.0006835243],
[[392.0,352.0],0.0007523815],
[[402.0,102.0],0.000576242],
[[402.0,202.0],0.0006197558],
[[402.0,352.0],0.0007264966],
[[402.0,402.0],0.0007565247],
[[402.0,405.0],0.0007956382],
[[402.0,407.0],0.0007543987],
[[402.0,412.0],0.0007638327],
[[402.0,417.0],0.0007714433],
[[402.0,422.0],0.0007878325],
[[402.0,432.0],0.0008058854],
[[402.0,442.0],0.0007513281],
[[402.0,452.0],0.0007703425],
[[402.0,462.0],0.0007799905],
[[402.0,472.0],0.000787911],
[[402.0,482.0],0.000800203],
[[402.0,492.0],0.0007753534],
[[402.0,602.0],0.0008227854],
[[402.0,702.0],0.0008039275],
[[405.0,402.0],0.0007956382],
[[407.0,402.0],0.0007543987],
[[412.0,352.0],0.0007498134],
[[412.0,402.0],0.0007638327],
[[417.0,402.0],0.0007714433],
[[422.0,352.0],0.0007143413],
[[422.0,402.0],0.0007878325],
[[432.0,352.0],0.0007346871],
[[432.0,402.0],0.0008058854],
[[442.0,352.0],0.0007489919],
[[442.0,402.0],0.0007513281],
[[452.0,152.0],0.0006249341],
[[452.0,252.0],0.0007117116],
[[452.0,402.0],0.0007703425],
[[462.0,402.0],0.0007799905],
[[472.0,402.0],0.000787911],
[[482.0,402.0],0.000800203],
[[492.0,402.0],0.0007753534],
[[502.0,202.0],0.0007065663],
[[502.0,302.0],0.0007280312],
[[552.0,252.0],0.0007135528],
[[552.0,352.0],0.0008094717],
[[602.0,302.0],0.0008029081],
[[602.0,402.0],0.0008227854],
[[602.0,602.0],0.0008727273],
[[602.0,605.0],0.0009534854],
[[602.0,607.0],0.0008727871],
[[602.0,612.0],0.0009201484],
[[602.0,617.0],0.0008802705],
[[602.0,622.0],0.0009211383],
[[602.0,632.0],0.0009000635],
[[602.0,642.0],0.0009067369],
[[602.0,652.0],0.0009193577],
[[602.0,662.0],0.0009282605],
[[602.0,672.0],0.0009145164],
[[602.0,682.0],0.0009059916],
[[602.0,692.0],0.0009112581],
[[602.0,802.0],0.0009146289],
[[602.0,902.0],0.0009324898],
[[605.0,602.0],0.0009534854],
[[607.0,602.0],0.0008727871],
[[612.0,602.0],0.0009201484],
[[617.0,602.0],0.0008802705],
[[622.0,602.0],0.0009211383],
[[632.0,602.0],0.0009000635],
[[642.0,602.0],0.0009067369],
[[652.0,352.0],0.0008381658],
[[652.0,602.0],0.0009193577],
[[662.0,602.0],0.0009282605],
[[672.0,602.0],0.0009145164],
[[682.0,602.0],0.0009059916],
[[692.0,602.0],0.0009112581],
[[702.0,402.0],0.0008039275],
[[802.0,602.0],0.0009146289],
[[802.0,802.0],0.0009780953],
[[802.0,805.0],0.0009685853],
[[802.0,807.0],0.0009749393],
[[802.0,812.0],0.0009807568],
[[802.0,817.0],0.001033122],
[[802.0,822.0],0.0009685564],
[[802.0,832.0],0.001003715],
[[802.0,842.0],0.0009918106],
[[802.0,852.0],0.0009711419],
[[802.0,862.0],0.0009784791],
[[802.0,872.0],0.000943119],
[[802.0,882.0],0.0009991434],
[[802.0,892.0],0.0009881249],
[[802.0,1002.0],0.0009622103],
[[802.0,1102.0],0.0009551915],
[[805.0,802.0],0.0009685853],
[[807.0,802.0],0.0009749393],
[[812.0,802.0],0.0009807568],
[[817.0,802.0],0.001033122],
[[822.0,802.0],0.0009685564],
[[832.0,802.0],0.001003715],
[[842.0,802.0],0.0009918106],
[[852.0,802.0],0.0009711419],
[[862.0,802.0],0.0009784791],
[[872.0,802.0],0.000943119],
[[882.0,802.0],0.0009991434],
[[892.0,802.0],0.0009881249],
[[902.0,602.0],0.0009324898],
[[1002.0,802.0],0.0009622103],
[[1002.0,1002.0],0.0009980732],
[[1002.0,1005.0],0.001046961],
[[1002.0,1007.0],0.00102657],
[[1002.0,1012.0],0.001057044],
[[1002.0,1017.0],0.001010625],
[[1002.0,1022.0],0.000997608],
[[1002.0,1032.0],0.0009955051],
[[1002.0,1042.0],0.001020057],
[[1002.0,1052.0],0.001026137],
[[1002.0,1062.0],0.0009962357],
[[1002.0,1072.0],0.001018223],
[[1002.0,1082.0],0.001034414],
[[1002.0,1092.0],0.0010077],
[[1002.0,1202.0],0.001010599],
[[1002.0,1302.0],0.001060664],
[[1005.0,1002.0],0.001046961],
[[1007.0,1002.0],0.00102657],
[[1012.0,1002.0],0.001057044],
[[1017.0,1002.0],0.001010625],
[[1022.0,1002.0],0.000997608],
[[1032.0,1002.0],0.0009955051],
[[1042.0,1002.0],0.001020057],
[[1052.0,1002.0],0.001026137],
[[1062.0,1002.0],0.0009962357],
[[1072.0,1002.0],0.001018223],
[[1082.0,1002.0],0.001034414],
[[1092.0,1002.0],0.0010077],
[[1102.0,802.0],0.0009551915],
[[1202.0,1002.0],0.001010599],
[[1202.0,1202.0],0.001019238],
[[1202.0,1205.0],0.001062439],
[[1202.0,1207.0],0.001046115],
[[1202.0,1212.0],0.00109633],
[[1202.0,1217.0],0.001126414],
[[1202.0,1222.0],0.001070139],
[[1202.0,1232.0],0.001121176],
[[1202.0,1242.0],0.001080397],
[[1202.0,1252.0],0.001058268],
[[1202.0,1262.0],0.001161997],
[[1202.0,1272.0],0.001160618],
[[1202.0,1282.0],0.001047706],
[[1202.0,1292.0],0.001101858],
[[1202.0,1402.0],0.001133355],
[[1202.0,1502.0],0.001086127],
[[1205.0,1202.0],0.001062439],
[[1207.0,1202.0],0.001046115],
[[1212.0,1202.0],0.00109633],
[[1217.0,1202.0],0.001126414],
[[1222.0,1202.0],0.001070139],
[[1232.0,1202.0],0.001121176],
[[1242.0,1202.0],0.001080397],
[[1252.0,1202.0],0.001058268],
[[1262.0,1202.0],0.001161997],
[[1272.0,1202.0],0.001160618],
[[1282.0,1202.0],0.001047706],
[[1292.0,1202.0],0.001101858],
[[1302.0,1002.0],0.001060664],
[[1402.0,1202.0],0.001133355],
[[1402.0,1402.0],0.001079155],
[[1402.0,1405.0],0.001074125],
[[1402.0,1407.0],0.001093878],
[[1402.0,1412.0],0.001122747],
[[1402.0,1417.0],0.001177736],
[[1402.0,1422.0],0.001096133],
[[1402.0,1432.0],0.001155233],
[[1402.0,1442.0],0.001109139],
[[1402.0,1452.0],0.001083494],
[[1402.0,1462.0],0.001130471],
[[1402.0,1472.0],0.001139014],
[[1402.0,1482.0],0.001080716],
[[1402.0,1492.0],0.001141622],
[[1402.0,1602.0],0.001147285],
[[1402.0,1702.0],0.001134785],
[[1405.0,1402.0],0.001074125],
[[1407.0,1402.0],0.001093878],
[[1412.0,1402.0],0.001122747],
[[1417.0,1402.0],0.001177736],
[[1422.0,1402.0],0.001096133],
[[1432.0,1402.0],0.001155233],
[[1442.0,1402.0],0.001109139],
[[1452.0,1402.0],0.001083494],
[[1462.0,1402.0],0.001130471],
[[1472.0,1402.0],0.001139014],
[[1482.0,1402.0],0.001080716],
[[1492.0,1402.0],0.001141622],
[[1502.0,1202.0],0.001086127],
[[1602.0,1402.0],0.001147285],
[[1602.0,1602.0],0.001077643],
[[1602.0,1605.0],0.00120613],
[[1602.0,1607.0],0.001118207],
[[1602.0,1612.0],0.001107721],
[[1602.0,1617.0],0.001134599],
[[1602.0,1622.0],0.00111298],
[[1602.0,1632.0],0.001119162],
[[1602.0,1642.0],0.001144429],
[[1602.0,1652.0],0.001109621],
[[1602.0,1662.0],0.001083008],
[[1602.0,1672.0],0.001128048],
[[1602.0,1682.0],0.001115492],
[[1602.0,1692.0],0.001113147],
[[1602.0,1802.0],0.001133525],
[[1602.0,1902.0],0.001061691],
[[1605.0,1602.0],0.00120613],
[[1607.0,1602.0],0.001118207],
[[1612.0,1602.0],0.001107721],
[[1617.0,1602.0],0.001134599],
[[1622.0,1602.0],0.00111298],
[[1632.0,1602.0],0.001119162],
[[1642.0,1602.0],0.001144429],
[[1652.0,1602.0],0.001109621],
[[1662.0,1602.0],0.001083008],
[[1672.0,1602.0],0.001128048],
[[1682.0,1602.0],0.001115492],
[[1692.0,1602.0],0.001113147],
[[1702.0,1402.0],0.001134785],
[[1802.0,1602.0],0.001133525],
[[1802.0,1802.0],0.001138292],
[[1802.0,1805.0],0.001114961],
[[1802.0,1807.0],0.001090023],
[[1802.0,1812.0],0.001101102],
[[1802.0,1817.0],0.00108943],
[[1802.0,1822.0],0.001166816],
[[1802.0,1832.0],0.001138633],
[[1802.0,1842.0],0.00112826],
[[1802.0,1852.0],0.001140512],
[[1802.0,1862.0],0.001126742],
[[1802.0,1872.0],0.00111074],
[[1802.0,1882.0],0.001094581],
[[1802.0,1892.0],0.001102143],
[[1802.0,2002.0],0.001122352],
[[1802.0,2102.0],0.001121131],
[[1805.0,1802.0],0.001114961],
[[1807.0,1802.0],0.001090023],
[[1812.0,1802.0],0.001101102],
[[1817.0,1802.0],0.00108943],
[[1822.0,1802.0],0.001166816],
[[1832.0,1802.0],0.001138633],
[[1842.0,1802.0],0.00112826],
[[1852.0,1802.0],0.001140512],
[[1862.0,1802.0],0.001126742],
[[1872.0,1802.0],0.00111074],
[[1882.0,1802.0],0.001094581],
[[1892.0,1802.0],0.001102143],
[[1902.0,1602.0],0.001061691],
[[2002.0,1802.0],0.001122352],
[[2002.0,2002.0],0.001102289],
[[2002.0,2005.0],0.001101148],
[[2002.0,2007.0],0.001132859],
[[2002.0,2012.0],0.001066727],
[[2002.0,2017.0],0.001163294],
[[2002.0,2022.0],0.001105943],
[[2002.0,2032.0],0.001124307],
[[2002.0,2042.0],0.001119728],
[[2002.0,2052.0],0.001108187],
[[2002.0,2062.0],0.001108781],
[[2002.0,2072.0],0.00109924],
[[2002.0,2082.0],0.001096541],
[[2002.0,2092.0],0.001030969],
[[2002.0,2202.0],0.00109737],
[[2002.0,2302.0],0.001131993],
[[2005.0,2002.0],0.001101148],
[[2007.0,2002.0],0.001132859],
[[2012.0,2002.0],0.001066727],
[[2017.0,2002.0],0.001163294],
[[2022.0,2002.0],0.001105943],
[[2032.0,2002.0],0.001124307],
[[2042.0,2002.0],0.001119728],
[[2052.0,2002.0],0.001108187],
[[2062.0,2002.0],0.001108781],
[[2072.0,2002.0],0.00109924],
[[2082.0,2002.0],0.001096541],
[[2092.0,2002.0],0.001030969],
[[2102.0,1802.0],0.001121131],
[[2202.0,2002.0],0.00109737],
[[2302.0,2002.0],0.001131993]]
