txName: TChiWWISRqq
constraint: {(PV > anyBSM(1), anyBSM(3)), (anyBSM(1) > q, q, MET(2)), (anyBSM(3) > q, q, MET(4))}
condition: None
conditionDescription: None
figureUrl: None
source: Recast by MA5
validated: True
axesMap: [{0: 'x', 1: 'y', 2: 'x', 3: 'y'}]
dataMap: {0: (1, 'mass', GeV), 1: (2, 'mass', GeV), 2: (3, 'mass', GeV), 3: (4, 'mass', GeV)}
finalState: ['MET', 'MET']
intermediateState: None
efficiencyMap: [[[11.0,10.0,11.0,10.0],2.448977e-06],
[[13.0,10.0,13.0,10.0],4.079722e-07],
[[15.0,10.0,15.0,10.0],2.667973e-07],
[[20.0,10.0,20.0,10.0],4.301061e-08],
[[21.0,20.0,21.0,20.0],4.449384e-06],
[[23.0,20.0,23.0,20.0],1.174857e-06],
[[25.0,20.0,25.0,20.0],3.849914e-07],
[[30.0,10.0,30.0,10.0],8.71674e-09],
[[30.0,20.0,30.0,20.0],4.243178e-08],
[[31.0,30.0,31.0,30.0],7.258402e-06],
[[33.0,30.0,33.0,30.0],1.616765e-06],
[[35.0,30.0,35.0,30.0],1.761451e-06],
[[40.0,20.0,40.0,20.0],8.75787e-08],
[[40.0,30.0,40.0,30.0],2.30204e-07],
[[41.0,40.0,41.0,40.0],6.311228e-06],
[[43.0,40.0,43.0,40.0],2.539267e-06],
[[45.0,40.0,45.0,40.0],1.866006e-06],
[[50.0,10.0,50.0,10.0],3.04813e-08],
[[50.0,30.0,50.0,30.0],2.306754e-07],
[[50.0,40.0,50.0,40.0],1.694575e-06],
[[51.0,50.0,51.0,50.0],1.930303e-05],
[[53.0,50.0,53.0,50.0],1.378478e-05],
[[55.0,50.0,55.0,50.0],9.530235e-06],
[[60.0,20.0,60.0,20.0],3.64976e-07],
[[60.0,40.0,60.0,40.0],1.624984e-06],
[[60.0,50.0,60.0,50.0],5.105958e-06],
[[61.0,60.0,61.0,60.0],3.089866e-05],
[[63.0,60.0,63.0,60.0],3.386947e-05],
[[65.0,60.0,65.0,60.0],1.877575e-05],
[[70.0,10.0,70.0,10.0],4.936101e-07],
[[70.0,30.0,70.0,30.0],1.128739e-06],
[[70.0,50.0,70.0,50.0],4.399131e-06],
[[70.0,60.0,70.0,60.0],1.140348e-05],
[[71.0,70.0,71.0,70.0],5.906809e-05],
[[73.0,70.0,73.0,70.0],4.731584e-05],
[[75.0,70.0,75.0,70.0],3.535977e-05],
[[80.0,20.0,80.0,20.0],1.133676e-06],
[[80.0,40.0,80.0,40.0],1.949163e-06],
[[80.0,60.0,80.0,60.0],7.070407e-06],
[[80.0,70.0,80.0,70.0],1.589808e-05],
[[81.0,80.0,81.0,80.0],6.633533e-05],
[[83.0,80.0,83.0,80.0],6.267826e-05],
[[85.0,80.0,85.0,80.0],5.424231e-05],
[[90.0,10.0,90.0,10.0],1.252251e-06],
[[90.0,30.0,90.0,30.0],2.223797e-06],
[[90.0,50.0,90.0,50.0],3.897934e-06],
[[90.0,70.0,90.0,70.0],1.099654e-05],
[[90.0,80.0,90.0,80.0],2.979395e-05],
[[91.0,90.0,91.0,90.0],8.451366e-05],
[[93.0,90.0,93.0,90.0],7.86667e-05],
[[95.0,90.0,95.0,90.0],6.502141e-05],
[[100.0,20.0,100.0,20.0],2.017884e-06],
[[100.0,40.0,100.0,40.0],3.041941e-06],
[[100.0,60.0,100.0,60.0],1.017659e-05],
[[100.0,80.0,100.0,80.0],2.220461e-05],
[[100.0,90.0,100.0,90.0],4.604768e-05],
[[101.0,100.0,101.0,100.0],0.0001141803],
[[103.0,100.0,103.0,100.0],0.0001002902],
[[103.0,102.0,103.0,102.0],0.0001124803],
[[105.0,100.0,105.0,100.0],8.21666e-05],
[[105.0,102.0,105.0,102.0],0.0001009511],
[[107.0,102.0,107.0,102.0],9.199931e-05],
[[110.0,30.0,110.0,30.0],3.048913e-06],
[[110.0,50.0,110.0,50.0],5.483389e-06],
[[110.0,70.0,110.0,70.0],1.054546e-05],
[[110.0,90.0,110.0,90.0],2.568123e-05],
[[110.0,100.0,110.0,100.0],6.477458e-05],
[[112.0,102.0,112.0,102.0],5.580702e-05],
[[120.0,40.0,120.0,40.0],6.632554e-06],
[[120.0,60.0,120.0,60.0],6.741117e-06],
[[120.0,80.0,120.0,80.0],1.414915e-05],
[[120.0,100.0,120.0,100.0],3.295554e-05],
[[122.0,102.0,122.0,102.0],4.469336e-05],
[[123.0,122.0,123.0,122.0],0.0001472093],
[[125.0,122.0,125.0,122.0],0.0001376515],
[[127.0,122.0,127.0,122.0],0.0001394855],
[[130.0,50.0,130.0,50.0],9.181484e-06],
[[130.0,70.0,130.0,70.0],1.159302e-05],
[[130.0,90.0,130.0,90.0],2.204809e-05],
[[132.0,122.0,132.0,122.0],9.834691e-05],
[[140.0,60.0,140.0,60.0],1.595174e-05],
[[140.0,80.0,140.0,80.0],1.583396e-05],
[[140.0,100.0,140.0,100.0],2.714341e-05],
[[142.0,102.0,142.0,102.0],3.85612e-05],
[[142.0,122.0,142.0,122.0],6.140814e-05],
[[143.0,142.0,143.0,142.0],0.0001731617],
[[145.0,142.0,145.0,142.0],0.0001917544],
[[147.0,142.0,147.0,142.0],0.0002061232],
[[150.0,70.0,150.0,70.0],1.807108e-05],
[[150.0,90.0,150.0,90.0],2.552307e-05],
[[152.0,142.0,152.0,142.0],0.0001276679],
[[160.0,80.0,160.0,80.0],2.518285e-05],
[[160.0,100.0,160.0,100.0],2.947902e-05],
[[162.0,102.0,162.0,102.0],3.386045e-05],
[[162.0,122.0,162.0,122.0],4.153287e-05],
[[162.0,142.0,162.0,142.0],0.0001011359],
[[163.0,162.0,163.0,162.0],0.0002316091],
[[165.0,162.0,165.0,162.0],0.0002369127],
[[167.0,162.0,167.0,162.0],0.0002208618],
[[170.0,90.0,170.0,90.0],2.126873e-05],
[[172.0,162.0,172.0,162.0],0.0001695286],
[[180.0,100.0,180.0,100.0],3.897402e-05],
[[182.0,102.0,182.0,102.0],4.158081e-05],
[[182.0,122.0,182.0,122.0],5.724687e-05],
[[182.0,142.0,182.0,142.0],6.51167e-05],
[[182.0,162.0,182.0,162.0],0.0001231145],
[[183.0,182.0,183.0,182.0],0.0002769642],
[[185.0,182.0,185.0,182.0],0.0002833691],
[[187.0,182.0,187.0,182.0],0.0002529486],
[[192.0,182.0,192.0,182.0],0.000223648],
[[202.0,122.0,202.0,122.0],4.610581e-05],
[[202.0,142.0,202.0,142.0],6.346469e-05],
[[202.0,162.0,202.0,162.0],8.552833e-05],
[[202.0,182.0,202.0,182.0],0.0001618369],
[[203.0,202.0,203.0,202.0],0.0003047554],
[[205.0,202.0,205.0,202.0],0.0003045752],
[[207.0,202.0,207.0,202.0],0.0002939183],
[[212.0,202.0,212.0,202.0],0.0002564575],
[[222.0,142.0,222.0,142.0],7.505687e-05],
[[222.0,162.0,222.0,162.0],8.595175e-05],
[[222.0,182.0,222.0,182.0],0.000111655],
[[222.0,202.0,222.0,202.0],0.0001794997],
[[223.0,222.0,223.0,222.0],0.0003335753],
[[225.0,222.0,225.0,222.0],0.0003332328],
[[227.0,222.0,227.0,222.0],0.000319269],
[[232.0,222.0,232.0,222.0],0.0002868068],
[[242.0,162.0,242.0,162.0],7.630446e-05],
[[242.0,182.0,242.0,182.0],0.0001195743],
[[242.0,202.0,242.0,202.0],0.0001358171],
[[242.0,222.0,242.0,222.0],0.0002283041],
[[243.0,242.0,243.0,242.0],0.0003755486],
[[245.0,242.0,245.0,242.0],0.0003678703],
[[247.0,242.0,247.0,242.0],0.0003849976],
[[252.0,242.0,252.0,242.0],0.0003320944],
[[262.0,182.0,262.0,182.0],0.0001143661],
[[262.0,202.0,262.0,202.0],0.0001361363],
[[262.0,222.0,262.0,222.0],0.0001641117],
[[262.0,242.0,262.0,242.0],0.0002980599],
[[263.0,262.0,263.0,262.0],0.0004154605],
[[265.0,262.0,265.0,262.0],0.0003777082],
[[267.0,262.0,267.0,262.0],0.0004118796],
[[272.0,262.0,272.0,262.0],0.000345204],
[[282.0,202.0,282.0,202.0],0.0001376468],
[[282.0,222.0,282.0,222.0],0.0001509902],
[[282.0,242.0,282.0,242.0],0.000182817],
[[282.0,262.0,282.0,262.0],0.0002794206],
[[283.0,282.0,283.0,282.0],0.0004615901],
[[285.0,282.0,285.0,282.0],0.0004324891],
[[287.0,282.0,287.0,282.0],0.0004596308],
[[292.0,282.0,292.0,282.0],0.000405255],
[[302.0,222.0,302.0,222.0],0.00014652],
[[302.0,242.0,302.0,242.0],0.0001879828],
[[302.0,262.0,302.0,262.0],0.0002197778],
[[302.0,282.0,302.0,282.0],0.0003374327],
[[303.0,302.0,303.0,302.0],0.0004663774],
[[305.0,302.0,305.0,302.0],0.0004751214],
[[307.0,302.0,307.0,302.0],0.0004394667],
[[312.0,302.0,312.0,302.0],0.0004225604],
[[322.0,242.0,322.0,242.0],0.0001783013],
[[322.0,262.0,322.0,262.0],0.0001926796],
[[322.0,282.0,322.0,282.0],0.0002639781],
[[322.0,302.0,322.0,302.0],0.000356643],
[[323.0,322.0,323.0,322.0],0.0005081427],
[[325.0,322.0,325.0,322.0],0.0004879173],
[[327.0,322.0,327.0,322.0],0.000494719],
[[332.0,322.0,332.0,322.0],0.0004311864],
[[342.0,262.0,342.0,262.0],0.0001899649],
[[342.0,282.0,342.0,282.0],0.000224099],
[[342.0,302.0,342.0,302.0],0.0002892754],
[[342.0,322.0,342.0,322.0],0.0003819519],
[[343.0,342.0,343.0,342.0],0.0004988648],
[[345.0,342.0,345.0,342.0],0.0004832673],
[[347.0,342.0,347.0,342.0],0.0005009288],
[[352.0,342.0,352.0,342.0],0.0005021966],
[[362.0,282.0,362.0,282.0],0.0002314863],
[[362.0,302.0,362.0,302.0],0.0002545178],
[[362.0,322.0,362.0,322.0],0.000309353],
[[362.0,342.0,362.0,342.0],0.0004160026],
[[363.0,362.0,363.0,362.0],0.0005218187],
[[365.0,362.0,365.0,362.0],0.0005118503],
[[367.0,362.0,367.0,362.0],0.0005330024],
[[372.0,362.0,372.0,362.0],0.0005161037],
[[382.0,302.0,382.0,302.0],0.0002605694],
[[382.0,322.0,382.0,322.0],0.0002722618],
[[382.0,342.0,382.0,342.0],0.0003252802],
[[382.0,362.0,382.0,362.0],0.0004505602],
[[383.0,382.0,383.0,382.0],0.0005836031],
[[385.0,382.0,385.0,382.0],0.0005745975],
[[387.0,382.0,387.0,382.0],0.0005499109],
[[392.0,382.0,392.0,382.0],0.0005266915],
[[402.0,322.0,402.0,322.0],0.0002803685],
[[402.0,342.0,402.0,342.0],0.0002923553],
[[402.0,362.0,402.0,362.0],0.0003674657],
[[402.0,382.0,402.0,382.0],0.0004479021],
[[403.0,402.0,403.0,402.0],0.0005890054],
[[405.0,402.0,405.0,402.0],0.0005630963],
[[407.0,402.0,407.0,402.0],0.0006038186],
[[412.0,402.0,412.0,402.0],0.0005592166],
[[422.0,342.0,422.0,342.0],0.0002810251],
[[422.0,362.0,422.0,362.0],0.000337012],
[[422.0,382.0,422.0,382.0],0.0003554082],
[[422.0,402.0,422.0,402.0],0.0005086979],
[[442.0,362.0,442.0,362.0],0.0003225737],
[[442.0,382.0,442.0,382.0],0.0003338745],
[[442.0,402.0,442.0,402.0],0.0003928222],
[[462.0,382.0,462.0,382.0],0.0003659538],
[[462.0,402.0,462.0,402.0],0.0003644719],
[[482.0,402.0,482.0,402.0],0.0003608199],
[[503.0,502.0,503.0,502.0],0.0007073143],
[[505.0,502.0,505.0,502.0],0.0007052539],
[[507.0,502.0,507.0,502.0],0.0006887325],
[[512.0,502.0,512.0,502.0],0.000667409],
[[522.0,502.0,522.0,502.0],0.0005866594],
[[542.0,502.0,542.0,502.0],0.0004660008],
[[562.0,502.0,562.0,502.0],0.0004436255],
[[582.0,502.0,582.0,502.0],0.0004341085],
[[603.0,602.0,603.0,602.0],0.0007878146],
[[605.0,602.0,605.0,602.0],0.0007703058],
[[607.0,602.0,607.0,602.0],0.0007573913],
[[612.0,602.0,612.0,602.0],0.0007539977],
[[622.0,602.0,622.0,602.0],0.0007266812],
[[642.0,602.0,642.0,602.0],0.0005777967],
[[662.0,602.0,662.0,602.0],0.000507614],
[[682.0,602.0,682.0,602.0],0.0004985944],
[[703.0,702.0,703.0,702.0],0.0008305391],
[[705.0,702.0,705.0,702.0],0.0008068947],
[[707.0,702.0,707.0,702.0],0.0008060999],
[[712.0,702.0,712.0,702.0],0.0008370533],
[[722.0,702.0,722.0,702.0],0.0007566993],
[[742.0,702.0,742.0,702.0],0.0006575451],
[[762.0,702.0,762.0,702.0],0.0005894748],
[[782.0,702.0,782.0,702.0],0.0006044475],
[[803.0,802.0,803.0,802.0],0.0008944447],
[[805.0,802.0,805.0,802.0],0.0008632414],
[[807.0,802.0,807.0,802.0],0.0008845861],
[[812.0,802.0,812.0,802.0],0.0008558723],
[[822.0,802.0,822.0,802.0],0.0007926935],
[[842.0,802.0,842.0,802.0],0.0006904169],
[[862.0,802.0,862.0,802.0],0.00061599],
[[882.0,802.0,882.0,802.0],0.00062417],
[[903.0,902.0,903.0,902.0],0.0009544412],
[[905.0,902.0,905.0,902.0],0.0009361458],
[[907.0,902.0,907.0,902.0],0.0009563918],
[[912.0,902.0,912.0,902.0],0.0009367542],
[[922.0,902.0,922.0,902.0],0.0008541383],
[[942.0,902.0,942.0,902.0],0.0007034479],
[[962.0,902.0,962.0,902.0],0.0006700279],
[[982.0,902.0,982.0,902.0],0.0006389441],
[[1003.0,1002.0,1003.0,1002.0],0.0009590402],
[[1005.0,1002.0,1005.0,1002.0],0.0009914605],
[[1007.0,1002.0,1007.0,1002.0],0.0008943769],
[[1012.0,1002.0,1012.0,1002.0],0.0009294343],
[[1022.0,1002.0,1022.0,1002.0],0.0009029574],
[[1042.0,1002.0,1042.0,1002.0],0.0007544909],
[[1062.0,1002.0,1062.0,1002.0],0.0006901504],
[[1082.0,1002.0,1082.0,1002.0],0.0006967181],
[[1103.0,1102.0,1103.0,1102.0],0.0009954671],
[[1105.0,1102.0,1105.0,1102.0],0.00097205],
[[1107.0,1102.0,1107.0,1102.0],0.0009710491],
[[1112.0,1102.0,1112.0,1102.0],0.0009756282],
[[1122.0,1102.0,1122.0,1102.0],0.0008912567],
[[1142.0,1102.0,1142.0,1102.0],0.0007808908],
[[1162.0,1102.0,1162.0,1102.0],0.0007522633],
[[1182.0,1102.0,1182.0,1102.0],0.0007379342],
[[1203.0,1202.0,1203.0,1202.0],0.0009943311],
[[1205.0,1202.0,1205.0,1202.0],0.001010771],
[[1207.0,1202.0,1207.0,1202.0],0.001003069],
[[1212.0,1202.0,1212.0,1202.0],0.0009450058],
[[1222.0,1202.0,1222.0,1202.0],0.0009138601],
[[1242.0,1202.0,1242.0,1202.0],0.0008589733],
[[1262.0,1202.0,1262.0,1202.0],0.000759964],
[[1282.0,1202.0,1282.0,1202.0],0.0007515845],
[[1303.0,1302.0,1303.0,1302.0],0.001005627],
[[1305.0,1302.0,1305.0,1302.0],0.001043878],
[[1307.0,1302.0,1307.0,1302.0],0.0009789279],
[[1312.0,1302.0,1312.0,1302.0],0.001021036],
[[1322.0,1302.0,1322.0,1302.0],0.0009269548],
[[1342.0,1302.0,1342.0,1302.0],0.0007891212],
[[1362.0,1302.0,1362.0,1302.0],0.0007891685],
[[1382.0,1302.0,1382.0,1302.0],0.0007732455],
[[1403.0,1402.0,1403.0,1402.0],0.001088966],
[[1405.0,1402.0,1405.0,1402.0],0.0009978417],
[[1407.0,1402.0,1407.0,1402.0],0.0009847981],
[[1412.0,1402.0,1412.0,1402.0],0.001013513],
[[1422.0,1402.0,1422.0,1402.0],0.0009608063],
[[1442.0,1402.0,1442.0,1402.0],0.0008933941],
[[1462.0,1402.0,1462.0,1402.0],0.0007826569],
[[1482.0,1402.0,1482.0,1402.0],0.0007680972],
[[1503.0,1502.0,1503.0,1502.0],0.001029085],
[[1505.0,1502.0,1505.0,1502.0],0.001104256],
[[1507.0,1502.0,1507.0,1502.0],0.001062251],
[[1512.0,1502.0,1512.0,1502.0],0.001066801],
[[1522.0,1502.0,1522.0,1502.0],0.001064119],
[[1542.0,1502.0,1542.0,1502.0],0.0009121494],
[[1562.0,1502.0,1562.0,1502.0],0.0008750585],
[[1582.0,1502.0,1582.0,1502.0],0.0008189],
[[1603.0,1602.0,1603.0,1602.0],0.001112349],
[[1605.0,1602.0,1605.0,1602.0],0.001036507],
[[1607.0,1602.0,1607.0,1602.0],0.001082675],
[[1612.0,1602.0,1612.0,1602.0],0.00112259],
[[1622.0,1602.0,1622.0,1602.0],0.001103983],
[[1642.0,1602.0,1642.0,1602.0],0.0008904679],
[[1662.0,1602.0,1662.0,1602.0],0.0008154367],
[[1682.0,1602.0,1682.0,1602.0],0.0008521407],
[[1703.0,1702.0,1703.0,1702.0],0.00113282],
[[1705.0,1702.0,1705.0,1702.0],0.001101316],
[[1707.0,1702.0,1707.0,1702.0],0.001082742],
[[1712.0,1702.0,1712.0,1702.0],0.001063977],
[[1722.0,1702.0,1722.0,1702.0],0.001051778],
[[1742.0,1702.0,1742.0,1702.0],0.0008974636],
[[1762.0,1702.0,1762.0,1702.0],0.0009019543],
[[1782.0,1702.0,1782.0,1702.0],0.0008382832],
[[1803.0,1802.0,1803.0,1802.0],0.001193034],
[[1805.0,1802.0,1805.0,1802.0],0.001065995],
[[1807.0,1802.0,1807.0,1802.0],0.001152759],
[[1812.0,1802.0,1812.0,1802.0],0.001118747],
[[1822.0,1802.0,1822.0,1802.0],0.001039679],
[[1842.0,1802.0,1842.0,1802.0],0.0009858563],
[[1862.0,1802.0,1862.0,1802.0],0.0009342295],
[[1882.0,1802.0,1882.0,1802.0],0.0009212623],
[[1903.0,1902.0,1903.0,1902.0],0.001094451],
[[1905.0,1902.0,1905.0,1902.0],0.001124493],
[[1907.0,1902.0,1907.0,1902.0],0.001080251],
[[1912.0,1902.0,1912.0,1902.0],0.001093978],
[[1922.0,1902.0,1922.0,1902.0],0.001044146],
[[1942.0,1902.0,1942.0,1902.0],0.0009433553],
[[1962.0,1902.0,1962.0,1902.0],0.0008702571],
[[1982.0,1902.0,1982.0,1902.0],0.0008730495],
[[2003.0,2002.0,2003.0,2002.0],0.001131264],
[[2005.0,2002.0,2005.0,2002.0],0.001147836],
[[2007.0,2002.0,2007.0,2002.0],0.001021489],
[[2012.0,2002.0,2012.0,2002.0],0.001098002],
[[2022.0,2002.0,2022.0,2002.0],0.001124151],
[[2042.0,2002.0,2042.0,2002.0],0.0009733814],
[[2062.0,2002.0,2062.0,2002.0],0.0008083616],
[[2082.0,2002.0,2082.0,2002.0],0.0009152481]]
