txName: TRV1nunu
constraint: {(PV > Zprime(1)), (Zprime(1) > nu,nu)}
condition: None
conditionDescription: None
figureUrl: None
source: CMS
validated: N/A
axesMap: [{0: 'x'}]
dataMap: {0: (1, 'mass', GeV)}
finalState: ['MET', 'MET']
efficiencyMap: [[[50.0],1.849057e-06],
[[100.0],1.180252e-05],
[[150.0],3.405092e-05],
[[200.0],6.74915e-05],
[[250.0],0.0001182984],
[[300.0],0.0001903894],
[[350.0],0.0002523672],
[[400.0],0.0003136795],
[[450.0],0.000407524],
[[500.0],0.0004723577],
[[550.0],0.0005906683],
[[600.0],0.0006573275],
[[650.0],0.0006834081],
[[700.0],0.000803684],
[[750.0],0.0008239472],
[[800.0],0.0009659678],
[[850.0],0.00100048],
[[900.0],0.001028522],
[[950.0],0.001086222],
[[1000.0],0.001165174],
[[1050.0],0.00123647],
[[1100.0],0.001182504],
[[1150.0],0.00124407],
[[1200.0],0.001336295],
[[1250.0],0.001321919],
[[1300.0],0.00130733],
[[1350.0],0.001473396],
[[1400.0],0.00134678],
[[1450.0],0.001371618],
[[1500.0],0.001492025],
[[1550.0],0.001394679],
[[1600.0],0.001504383],
[[1650.0],0.001462615],
[[1700.0],0.001536443],
[[1750.0],0.001575697],
[[1800.0],0.001467478],
[[1850.0],0.001580516],
[[1900.0],0.001581514],
[[1950.0],0.001670362],
[[2000.0],0.001796578],
[[2250.0],0.00192305],
[[2500.0],0.002053401],
[[2750.0],0.001827247],
[[3000.0],0.001864039]]
