dataId: SR_2018_10
dataType: efficiencyMap
observedN: 3285
expectedBG: 3065.690918
bgError: 66.78714109018293
upperLimit: 2.709*fb
expectedUpperLimit: 2.082*fb
