txName: TChiWWISRqq
constraint: {(PV > anyBSM(1), anyBSM(3)), (anyBSM(1) > q, q, MET(2)), (anyBSM(3) > q, q, MET(4))}
condition: None
conditionDescription: None
figureUrl: None
source: Recast by MA5
validated: True
axesMap: [{0: 'x', 1: 'y', 2: 'x', 3: 'y'}]
dataMap: {0: (1, 'mass', GeV), 1: (2, 'mass', GeV), 2: (3, 'mass', GeV), 3: (4, 'mass', GeV)}
finalState: ['MET', 'MET']
efficiencyMap: [[[11.0,10.0,11.0,10.0],6.560402e-07],
[[13.0,10.0,13.0,10.0],3.089802e-07],
[[15.0,10.0,15.0,10.0],9.547623e-08],
[[20.0,10.0,20.0,10.0],0.0],
[[21.0,20.0,21.0,20.0],4.556513e-07],
[[23.0,20.0,23.0,20.0],2.619648e-07],
[[25.0,20.0,25.0,20.0],2.923861e-08],
[[30.0,10.0,30.0,10.0],6.485707e-09],
[[30.0,20.0,30.0,20.0],3.264059e-08],
[[31.0,30.0,31.0,30.0],5.424945e-07],
[[33.0,30.0,33.0,30.0],1.626375e-07],
[[35.0,30.0,35.0,30.0],6.187146e-08],
[[40.0,20.0,40.0,20.0],0.0],
[[40.0,30.0,40.0,30.0],7.81764e-08],
[[41.0,40.0,41.0,40.0],1.601316e-06],
[[43.0,40.0,43.0,40.0],2.670691e-07],
[[45.0,40.0,45.0,40.0],5.783864e-08],
[[50.0,10.0,50.0,10.0],0.0],
[[50.0,30.0,50.0,30.0],5.603712e-09],
[[50.0,40.0,50.0,40.0],9.34987e-08],
[[51.0,50.0,51.0,50.0],3.228199e-06],
[[53.0,50.0,53.0,50.0],1.608402e-06],
[[55.0,50.0,55.0,50.0],8.798124e-07],
[[60.0,20.0,60.0,20.0],2.921201e-07],
[[60.0,40.0,60.0,40.0],1.45975e-07],
[[60.0,50.0,60.0,50.0],5.325251e-07],
[[61.0,60.0,61.0,60.0],7.893569e-06],
[[63.0,60.0,63.0,60.0],6.408506e-06],
[[65.0,60.0,65.0,60.0],2.420729e-06],
[[70.0,10.0,70.0,10.0],6.817542e-08],
[[70.0,30.0,70.0,30.0],7.007565e-08],
[[70.0,50.0,70.0,50.0],4.747367e-07],
[[70.0,60.0,70.0,60.0],2.708758e-06],
[[71.0,70.0,71.0,70.0],1.122117e-05],
[[73.0,70.0,73.0,70.0],8.326497e-06],
[[75.0,70.0,75.0,70.0],4.569802e-06],
[[80.0,20.0,80.0,20.0],2.556449e-07],
[[80.0,40.0,80.0,40.0],3.514267e-07],
[[80.0,60.0,80.0,60.0],1.446662e-06],
[[80.0,70.0,80.0,70.0],2.391234e-06],
[[81.0,80.0,81.0,80.0],1.850842e-05],
[[83.0,80.0,83.0,80.0],1.437071e-05],
[[85.0,80.0,85.0,80.0],9.624073e-06],
[[90.0,10.0,90.0,10.0],1.605543e-07],
[[90.0,30.0,90.0,30.0],1.73875e-07],
[[90.0,50.0,90.0,50.0],3.714701e-07],
[[90.0,70.0,90.0,70.0],1.212966e-06],
[[90.0,80.0,90.0,80.0],4.009364e-06],
[[91.0,90.0,91.0,90.0],2.18362e-05],
[[93.0,90.0,93.0,90.0],2.145189e-05],
[[95.0,90.0,95.0,90.0],1.230886e-05],
[[100.0,20.0,100.0,20.0],9.877641e-08],
[[100.0,40.0,100.0,40.0],4.472709e-07],
[[100.0,60.0,100.0,60.0],7.113903e-07],
[[100.0,80.0,100.0,80.0],2.074605e-06],
[[100.0,90.0,100.0,90.0],6.450411e-06],
[[101.0,100.0,101.0,100.0],2.667038e-05],
[[103.0,100.0,103.0,100.0],2.677745e-05],
[[103.0,102.0,103.0,102.0],2.790918e-05],
[[105.0,100.0,105.0,100.0],2.184173e-05],
[[105.0,102.0,105.0,102.0],2.590378e-05],
[[107.0,102.0,107.0,102.0],2.136542e-05],
[[110.0,30.0,110.0,30.0],4.610958e-07],
[[110.0,50.0,110.0,50.0],5.987409e-07],
[[110.0,70.0,110.0,70.0],1.02589e-06],
[[110.0,90.0,110.0,90.0],5.896593e-06],
[[110.0,100.0,110.0,100.0],9.027072e-06],
[[112.0,102.0,112.0,102.0],1.309773e-05],
[[120.0,40.0,120.0,40.0],5.926449e-07],
[[120.0,60.0,120.0,60.0],6.880891e-07],
[[120.0,80.0,120.0,80.0],1.539967e-06],
[[120.0,100.0,120.0,100.0],8.266393e-06],
[[122.0,102.0,122.0,102.0],8.42429e-06],
[[123.0,122.0,123.0,122.0],4.622257e-05],
[[125.0,122.0,125.0,122.0],4.375174e-05],
[[127.0,122.0,127.0,122.0],2.863344e-05],
[[130.0,50.0,130.0,50.0],7.287154e-07],
[[130.0,70.0,130.0,70.0],2.995482e-06],
[[130.0,90.0,130.0,90.0],3.645105e-06],
[[132.0,122.0,132.0,122.0],1.54866e-05],
[[140.0,60.0,140.0,60.0],1.593889e-06],
[[140.0,80.0,140.0,80.0],2.679512e-06],
[[140.0,100.0,140.0,100.0],4.31968e-06],
[[142.0,102.0,142.0,102.0],4.056109e-06],
[[142.0,122.0,142.0,122.0],1.155403e-05],
[[143.0,142.0,143.0,142.0],5.682949e-05],
[[145.0,142.0,145.0,142.0],6.855327e-05],
[[147.0,142.0,147.0,142.0],5.252519e-05],
[[150.0,70.0,150.0,70.0],3.336029e-06],
[[150.0,90.0,150.0,90.0],3.79342e-06],
[[152.0,142.0,152.0,142.0],3.0967e-05],
[[160.0,80.0,160.0,80.0],3.898832e-06],
[[160.0,100.0,160.0,100.0],3.909312e-06],
[[162.0,102.0,162.0,102.0],4.755278e-06],
[[162.0,122.0,162.0,122.0],9.407269e-06],
[[162.0,142.0,162.0,142.0],1.711425e-05],
[[163.0,162.0,163.0,162.0],7.678162e-05],
[[165.0,162.0,165.0,162.0],6.967288e-05],
[[167.0,162.0,167.0,162.0],6.965537e-05],
[[170.0,90.0,170.0,90.0],3.331785e-06],
[[172.0,162.0,172.0,162.0],4.202816e-05],
[[180.0,100.0,180.0,100.0],5.422708e-06],
[[182.0,102.0,182.0,102.0],4.838021e-06],
[[182.0,122.0,182.0,122.0],6.810948e-06],
[[182.0,142.0,182.0,142.0],1.124272e-05],
[[182.0,162.0,182.0,162.0],2.717252e-05],
[[183.0,182.0,183.0,182.0],8.904517e-05],
[[185.0,182.0,185.0,182.0],0.0001125021],
[[187.0,182.0,187.0,182.0],9.19865e-05],
[[192.0,182.0,192.0,182.0],6.237306e-05],
[[202.0,122.0,202.0,122.0],1.384691e-05],
[[202.0,142.0,202.0,142.0],1.177562e-05],
[[202.0,162.0,202.0,162.0],1.700814e-05],
[[202.0,182.0,202.0,182.0],3.42225e-05],
[[203.0,202.0,203.0,202.0],0.0001197012],
[[205.0,202.0,205.0,202.0],0.0001065785],
[[207.0,202.0,207.0,202.0],9.805139e-05],
[[212.0,202.0,212.0,202.0],7.369379e-05],
[[222.0,142.0,222.0,142.0],1.342113e-05],
[[222.0,162.0,222.0,162.0],1.529661e-05],
[[222.0,182.0,222.0,182.0],2.554393e-05],
[[222.0,202.0,222.0,202.0],4.746325e-05],
[[223.0,222.0,223.0,222.0],0.0001407012],
[[225.0,222.0,225.0,222.0],0.0001170844],
[[227.0,222.0,227.0,222.0],0.0001167164],
[[232.0,222.0,232.0,222.0],0.0001052958],
[[242.0,162.0,242.0,162.0],1.562196e-05],
[[242.0,182.0,242.0,182.0],2.254611e-05],
[[242.0,202.0,242.0,202.0],2.986395e-05],
[[242.0,222.0,242.0,222.0],6.39374e-05],
[[243.0,242.0,243.0,242.0],0.0001442229],
[[245.0,242.0,245.0,242.0],0.0001478599],
[[247.0,242.0,247.0,242.0],0.0001383219],
[[252.0,242.0,252.0,242.0],0.0001082742],
[[262.0,182.0,262.0,182.0],3.146159e-05],
[[262.0,202.0,262.0,202.0],2.714127e-05],
[[262.0,222.0,262.0,222.0],4.164407e-05],
[[262.0,242.0,262.0,242.0],8.456771e-05],
[[263.0,262.0,263.0,262.0],0.0001812618],
[[265.0,262.0,265.0,262.0],0.0001559132],
[[267.0,262.0,267.0,262.0],0.0001560392],
[[272.0,262.0,272.0,262.0],0.0001308564],
[[282.0,202.0,282.0,202.0],3.7577e-05],
[[282.0,222.0,282.0,222.0],4.190961e-05],
[[282.0,242.0,282.0,242.0],5.103447e-05],
[[282.0,262.0,282.0,262.0],9.567005e-05],
[[283.0,282.0,283.0,282.0],0.0001798602],
[[285.0,282.0,285.0,282.0],0.0001770668],
[[287.0,282.0,287.0,282.0],0.000172525],
[[292.0,282.0,292.0,282.0],0.0001652931],
[[302.0,222.0,302.0,222.0],4.196886e-05],
[[302.0,242.0,302.0,242.0],5.967239e-05],
[[302.0,262.0,302.0,262.0],7.000163e-05],
[[302.0,282.0,302.0,282.0],0.0001047511],
[[303.0,302.0,303.0,302.0],0.0002073774],
[[305.0,302.0,305.0,302.0],0.0002043735],
[[307.0,302.0,307.0,302.0],0.0001908662],
[[312.0,302.0,312.0,302.0],0.0001837233],
[[322.0,242.0,322.0,242.0],4.48505e-05],
[[322.0,262.0,322.0,262.0],5.134963e-05],
[[322.0,282.0,322.0,282.0],8.228914e-05],
[[322.0,302.0,322.0,302.0],0.0001320761],
[[323.0,322.0,323.0,322.0],0.0002106464],
[[325.0,322.0,325.0,322.0],0.0001969582],
[[327.0,322.0,327.0,322.0],0.000201304],
[[332.0,322.0,332.0,322.0],0.0001891591],
[[342.0,262.0,342.0,262.0],5.127161e-05],
[[342.0,282.0,342.0,282.0],6.608425e-05],
[[342.0,302.0,342.0,302.0],8.238433e-05],
[[342.0,322.0,342.0,322.0],0.0001571884],
[[343.0,342.0,343.0,342.0],0.0002377433],
[[345.0,342.0,345.0,342.0],0.0002136836],
[[347.0,342.0,347.0,342.0],0.000224309],
[[352.0,342.0,352.0,342.0],0.0002050236],
[[362.0,282.0,362.0,282.0],6.334845e-05],
[[362.0,302.0,362.0,302.0],9.166425e-05],
[[362.0,322.0,362.0,322.0],0.000102683],
[[362.0,342.0,362.0,342.0],0.0001701719],
[[363.0,362.0,363.0,362.0],0.0002398546],
[[365.0,362.0,365.0,362.0],0.0002368928],
[[367.0,362.0,367.0,362.0],0.0002324566],
[[372.0,362.0,372.0,362.0],0.0002329132],
[[382.0,302.0,382.0,302.0],7.79783e-05],
[[382.0,322.0,382.0,322.0],9.026479e-05],
[[382.0,342.0,382.0,342.0],0.0001054979],
[[382.0,362.0,382.0,362.0],0.0001768578],
[[383.0,382.0,383.0,382.0],0.0002810063],
[[385.0,382.0,385.0,382.0],0.000277039],
[[387.0,382.0,387.0,382.0],0.0002617388],
[[392.0,382.0,392.0,382.0],0.0002523852],
[[402.0,322.0,402.0,322.0],9.180852e-05],
[[402.0,342.0,402.0,342.0],0.0001087487],
[[402.0,362.0,402.0,362.0],0.0001415215],
[[402.0,382.0,402.0,382.0],0.0001800182],
[[403.0,402.0,403.0,402.0],0.0002679391],
[[405.0,402.0,405.0,402.0],0.0002757002],
[[407.0,402.0,407.0,402.0],0.0002788751],
[[412.0,402.0,412.0,402.0],0.0002617893],
[[422.0,342.0,422.0,342.0],0.0001005929],
[[422.0,362.0,422.0,362.0],0.0001133668],
[[422.0,382.0,422.0,382.0],0.0001263383],
[[422.0,402.0,422.0,402.0],0.0002287998],
[[442.0,362.0,442.0,362.0],9.967876e-05],
[[442.0,382.0,442.0,382.0],0.0001253821],
[[442.0,402.0,442.0,402.0],0.0001565946],
[[462.0,382.0,462.0,382.0],0.000115207],
[[462.0,402.0,462.0,402.0],0.0001292317],
[[482.0,402.0,482.0,402.0],0.0001138043],
[[503.0,502.0,503.0,502.0],0.0003650749],
[[505.0,502.0,505.0,502.0],0.0003520953],
[[507.0,502.0,507.0,502.0],0.0003432023],
[[512.0,502.0,512.0,502.0],0.0003176974],
[[522.0,502.0,522.0,502.0],0.0002596687],
[[542.0,502.0,542.0,502.0],0.0002017306],
[[562.0,502.0,562.0,502.0],0.0001915708],
[[582.0,502.0,582.0,502.0],0.0001812481],
[[603.0,602.0,603.0,602.0],0.0003964932],
[[605.0,602.0,605.0,602.0],0.0004046166],
[[607.0,602.0,607.0,602.0],0.0004055011],
[[612.0,602.0,612.0,602.0],0.0003839078],
[[622.0,602.0,622.0,602.0],0.0003373918],
[[642.0,602.0,642.0,602.0],0.000242543],
[[662.0,602.0,662.0,602.0],0.0002365177],
[[682.0,602.0,682.0,602.0],0.0002256929],
[[703.0,702.0,703.0,702.0],0.0004313939],
[[705.0,702.0,705.0,702.0],0.0004558895],
[[707.0,702.0,707.0,702.0],0.0004366164],
[[712.0,702.0,712.0,702.0],0.0004429045],
[[722.0,702.0,722.0,702.0],0.0003867378],
[[742.0,702.0,742.0,702.0],0.0003229338],
[[762.0,702.0,762.0,702.0],0.0002762529],
[[782.0,702.0,782.0,702.0],0.0002569771],
[[803.0,802.0,803.0,802.0],0.0004925825],
[[805.0,802.0,805.0,802.0],0.0005027527],
[[807.0,802.0,807.0,802.0],0.0004943257],
[[812.0,802.0,812.0,802.0],0.0004906253],
[[822.0,802.0,822.0,802.0],0.0004503457],
[[842.0,802.0,842.0,802.0],0.0003497619],
[[862.0,802.0,862.0,802.0],0.0003055297],
[[882.0,802.0,882.0,802.0],0.0003038888],
[[903.0,902.0,903.0,902.0],0.0005103888],
[[905.0,902.0,905.0,902.0],0.000519816],
[[907.0,902.0,907.0,902.0],0.0005293454],
[[912.0,902.0,912.0,902.0],0.0005085661],
[[922.0,902.0,922.0,902.0],0.0004890828],
[[942.0,902.0,942.0,902.0],0.0003833489],
[[962.0,902.0,962.0,902.0],0.0003508983],
[[982.0,902.0,982.0,902.0],0.0003310065],
[[1003.0,1002.0,1003.0,1002.0],0.0005517784],
[[1005.0,1002.0,1005.0,1002.0],0.0005355113],
[[1007.0,1002.0,1007.0,1002.0],0.0005441799],
[[1012.0,1002.0,1012.0,1002.0],0.0005471915],
[[1022.0,1002.0,1022.0,1002.0],0.0005108091],
[[1042.0,1002.0,1042.0,1002.0],0.0003872833],
[[1062.0,1002.0,1062.0,1002.0],0.0003756388],
[[1082.0,1002.0,1082.0,1002.0],0.0003601752],
[[1103.0,1102.0,1103.0,1102.0],0.000595643],
[[1105.0,1102.0,1105.0,1102.0],0.000567885],
[[1107.0,1102.0,1107.0,1102.0],0.0005827998],
[[1112.0,1102.0,1112.0,1102.0],0.0005833794],
[[1122.0,1102.0,1122.0,1102.0],0.0005388307],
[[1142.0,1102.0,1142.0,1102.0],0.0004327597],
[[1162.0,1102.0,1162.0,1102.0],0.0004009738],
[[1182.0,1102.0,1182.0,1102.0],0.0003820021],
[[1203.0,1202.0,1203.0,1202.0],0.0005998728],
[[1205.0,1202.0,1205.0,1202.0],0.0005968315],
[[1207.0,1202.0,1207.0,1202.0],0.0005781191],
[[1212.0,1202.0,1212.0,1202.0],0.0005808587],
[[1222.0,1202.0,1222.0,1202.0],0.0005370624],
[[1242.0,1202.0,1242.0,1202.0],0.0004610014],
[[1262.0,1202.0,1262.0,1202.0],0.0003985513],
[[1282.0,1202.0,1282.0,1202.0],0.0004009583],
[[1303.0,1302.0,1303.0,1302.0],0.0005840977],
[[1305.0,1302.0,1305.0,1302.0],0.0006152084],
[[1307.0,1302.0,1307.0,1302.0],0.0006183951],
[[1312.0,1302.0,1312.0,1302.0],0.0005971304],
[[1322.0,1302.0,1322.0,1302.0],0.0005836815],
[[1342.0,1302.0,1342.0,1302.0],0.0004707408],
[[1362.0,1302.0,1362.0,1302.0],0.0004335767],
[[1382.0,1302.0,1382.0,1302.0],0.0004039455],
[[1403.0,1402.0,1403.0,1402.0],0.0006335899],
[[1405.0,1402.0,1405.0,1402.0],0.0006049559],
[[1407.0,1402.0,1407.0,1402.0],0.0006445675],
[[1412.0,1402.0,1412.0,1402.0],0.0006427308],
[[1422.0,1402.0,1422.0,1402.0],0.0005796399],
[[1442.0,1402.0,1442.0,1402.0],0.0004972406],
[[1462.0,1402.0,1462.0,1402.0],0.0004606183],
[[1482.0,1402.0,1482.0,1402.0],0.0004132716],
[[1503.0,1502.0,1503.0,1502.0],0.0006228612],
[[1505.0,1502.0,1505.0,1502.0],0.000615795],
[[1507.0,1502.0,1507.0,1502.0],0.0006369526],
[[1512.0,1502.0,1512.0,1502.0],0.0005934383],
[[1522.0,1502.0,1522.0,1502.0],0.0005794833],
[[1542.0,1502.0,1542.0,1502.0],0.0004841911],
[[1562.0,1502.0,1562.0,1502.0],0.0004454465],
[[1582.0,1502.0,1582.0,1502.0],0.0004293594],
[[1603.0,1602.0,1603.0,1602.0],0.0006044998],
[[1605.0,1602.0,1605.0,1602.0],0.0006527273],
[[1607.0,1602.0,1607.0,1602.0],0.0006528479],
[[1612.0,1602.0,1612.0,1602.0],0.0006589064],
[[1622.0,1602.0,1622.0,1602.0],0.0005780964],
[[1642.0,1602.0,1642.0,1602.0],0.0005077216],
[[1662.0,1602.0,1662.0,1602.0],0.0004729291],
[[1682.0,1602.0,1682.0,1602.0],0.0004540227],
[[1703.0,1702.0,1703.0,1702.0],0.0006359629],
[[1705.0,1702.0,1705.0,1702.0],0.0006182045],
[[1707.0,1702.0,1707.0,1702.0],0.0006224259],
[[1712.0,1702.0,1712.0,1702.0],0.0006346587],
[[1722.0,1702.0,1722.0,1702.0],0.0006000488],
[[1742.0,1702.0,1742.0,1702.0],0.0005053711],
[[1762.0,1702.0,1762.0,1702.0],0.0004615623],
[[1782.0,1702.0,1782.0,1702.0],0.0004677201],
[[1803.0,1802.0,1803.0,1802.0],0.0006336466],
[[1805.0,1802.0,1805.0,1802.0],0.0006501379],
[[1807.0,1802.0,1807.0,1802.0],0.0006309017],
[[1812.0,1802.0,1812.0,1802.0],0.0006191554],
[[1822.0,1802.0,1822.0,1802.0],0.0005922243],
[[1842.0,1802.0,1842.0,1802.0],0.0005174324],
[[1862.0,1802.0,1862.0,1802.0],0.0004718954],
[[1882.0,1802.0,1882.0,1802.0],0.0004531898],
[[1903.0,1902.0,1903.0,1902.0],0.000614885],
[[1905.0,1902.0,1905.0,1902.0],0.000662772],
[[1907.0,1902.0,1907.0,1902.0],0.0005801204],
[[1912.0,1902.0,1912.0,1902.0],0.0006328136],
[[1922.0,1902.0,1922.0,1902.0],0.0006302371],
[[1942.0,1902.0,1942.0,1902.0],0.0005214039],
[[1962.0,1902.0,1962.0,1902.0],0.000476011],
[[1982.0,1902.0,1982.0,1902.0],0.0004277387],
[[2003.0,2002.0,2003.0,2002.0],0.0006284852],
[[2005.0,2002.0,2005.0,2002.0],0.0006853344],
[[2007.0,2002.0,2007.0,2002.0],0.0006783496],
[[2012.0,2002.0,2012.0,2002.0],0.0006411718],
[[2022.0,2002.0,2022.0,2002.0],0.0005945381],
[[2042.0,2002.0,2042.0,2002.0],0.0005183309],
[[2062.0,2002.0,2062.0,2002.0],0.0004559237],
[[2082.0,2002.0,2082.0,2002.0],0.0004551552]]
