txName: TChiISR
constraint: {(PV > MET(1), MET(2))}
condition: None
conditionDescription: None
figureUrl: None
source: Recast by MA5
validated: True
axesMap: [{0: 'x', 1: 'y'}]
dataMap: {0: (1, 'mass', GeV), 1: (2, 'mass', GeV)}
finalState: ['MET', 'MET']
intermediateState: None
efficiencyMap: [[[1.0,10.0],1.238991e-06],
[[1.0,20.0],1.865945e-06],
[[1.0,30.0],1.109913e-06],
[[1.0,40.0],1.290864e-06],
[[1.0,50.0],3.062115e-06],
[[1.0,60.0],1.457459e-06],
[[5.0,10.0],3.033002e-06],
[[7.0,10.0],1.670433e-06],
[[9.0,10.0],1.453634e-06],
[[10.0,1.0],1.238991e-06],
[[10.0,5.0],3.033002e-06],
[[10.0,7.0],1.670433e-06],
[[10.0,9.0],1.453634e-06],
[[10.0,10.0],1.620643e-06],
[[12.0,62.0],4.267003e-06],
[[12.0,72.0],2.116344e-06],
[[12.0,82.0],5.604025e-06],
[[12.0,92.0],9.51496e-06],
[[12.0,102.0],1.251736e-05],
[[12.0,212.0],6.818007e-05],
[[12.0,312.0],0.0001208138],
[[15.0,20.0],1.913746e-06],
[[17.0,20.0],1.173576e-06],
[[19.0,20.0],9.089889e-07],
[[20.0,1.0],1.865945e-06],
[[20.0,15.0],1.913746e-06],
[[20.0,17.0],1.173576e-06],
[[20.0,19.0],9.089889e-07],
[[20.0,20.0],1.007618e-06],
[[20.0,30.0],1.458551e-06],
[[20.0,40.0],1.453943e-06],
[[20.0,50.0],1.702365e-06],
[[20.0,60.0],1.626087e-06],
[[25.0,30.0],1.327471e-06],
[[27.0,30.0],1.031043e-06],
[[29.0,30.0],1.431786e-06],
[[30.0,1.0],1.109913e-06],
[[30.0,20.0],1.458551e-06],
[[30.0,25.0],1.327471e-06],
[[30.0,27.0],1.031043e-06],
[[30.0,29.0],1.431786e-06],
[[30.0,30.0],1.018529e-06],
[[30.0,40.0],1.668306e-06],
[[30.0,50.0],2.944587e-06],
[[30.0,60.0],4.410364e-06],
[[32.0,62.0],5.209876e-06],
[[32.0,72.0],9.24864e-06],
[[32.0,82.0],1.557517e-05],
[[32.0,92.0],1.708179e-05],
[[32.0,102.0],2.291121e-05],
[[32.0,112.0],2.228643e-05],
[[32.0,122.0],2.464979e-05],
[[32.0,232.0],8.8496e-05],
[[32.0,332.0],0.0001385282],
[[35.0,40.0],9.864631e-07],
[[37.0,40.0],2.946854e-06],
[[39.0,40.0],1.701485e-06],
[[40.0,1.0],1.290864e-06],
[[40.0,20.0],1.453943e-06],
[[40.0,30.0],1.668306e-06],
[[40.0,35.0],9.864631e-07],
[[40.0,37.0],2.946854e-06],
[[40.0,39.0],1.701485e-06],
[[40.0,40.0],2.638051e-06],
[[40.0,50.0],2.85649e-06],
[[40.0,60.0],9.139645e-06],
[[45.0,50.0],7.279792e-06],
[[47.0,50.0],6.864739e-06],
[[49.0,50.0],6.918701e-06],
[[50.0,1.0],3.062115e-06],
[[50.0,20.0],1.702365e-06],
[[50.0,30.0],2.944587e-06],
[[50.0,40.0],2.85649e-06],
[[50.0,45.0],7.279792e-06],
[[50.0,47.0],6.864739e-06],
[[50.0,49.0],6.918701e-06],
[[50.0,50.0],6.604395e-06],
[[50.0,60.0],1.135634e-05],
[[52.0,62.0],1.270558e-05],
[[52.0,67.0],1.602635e-05],
[[52.0,72.0],1.316675e-05],
[[52.0,82.0],2.423746e-05],
[[52.0,92.0],2.528843e-05],
[[52.0,102.0],2.92966e-05],
[[52.0,112.0],2.782574e-05],
[[52.0,122.0],5.172768e-05],
[[52.0,132.0],5.038553e-05],
[[52.0,142.0],4.235964e-05],
[[52.0,252.0],0.0001122858],
[[52.0,352.0],0.0001606602],
[[55.0,60.0],1.197474e-05],
[[57.0,60.0],1.331381e-05],
[[59.0,60.0],1.353132e-05],
[[60.0,1.0],1.457459e-06],
[[60.0,20.0],1.626087e-06],
[[60.0,30.0],4.410364e-06],
[[60.0,40.0],9.139645e-06],
[[60.0,50.0],1.135634e-05],
[[60.0,55.0],1.197474e-05],
[[60.0,57.0],1.331381e-05],
[[60.0,59.0],1.353132e-05],
[[60.0,60.0],1.273373e-05],
[[62.0,12.0],4.267003e-06],
[[62.0,32.0],5.209876e-06],
[[62.0,52.0],1.270558e-05],
[[67.0,52.0],1.602635e-05],
[[72.0,12.0],2.116344e-06],
[[72.0,32.0],9.24864e-06],
[[72.0,52.0],1.316675e-05],
[[72.0,72.0],2.069942e-05],
[[72.0,75.0],2.568413e-05],
[[72.0,77.0],2.956662e-05],
[[72.0,82.0],2.437735e-05],
[[72.0,87.0],2.930844e-05],
[[72.0,92.0],3.518897e-05],
[[72.0,102.0],3.21035e-05],
[[72.0,112.0],4.18565e-05],
[[72.0,122.0],4.672957e-05],
[[72.0,132.0],4.683991e-05],
[[72.0,142.0],6.40502e-05],
[[72.0,152.0],5.961856e-05],
[[72.0,162.0],6.956132e-05],
[[72.0,272.0],0.0001274],
[[72.0,372.0],0.0001827296],
[[75.0,72.0],2.568413e-05],
[[77.0,72.0],2.956662e-05],
[[82.0,12.0],5.604025e-06],
[[82.0,32.0],1.557517e-05],
[[82.0,52.0],2.423746e-05],
[[82.0,72.0],2.437735e-05],
[[87.0,72.0],2.930844e-05],
[[92.0,12.0],9.51496e-06],
[[92.0,32.0],1.708179e-05],
[[92.0,52.0],2.528843e-05],
[[92.0,72.0],3.518897e-05],
[[92.0,92.0],3.942445e-05],
[[92.0,95.0],3.864242e-05],
[[92.0,97.0],4.535082e-05],
[[92.0,102.0],4.13883e-05],
[[92.0,107.0],4.58321e-05],
[[92.0,112.0],4.983764e-05],
[[92.0,122.0],5.70978e-05],
[[92.0,132.0],6.108028e-05],
[[92.0,142.0],6.328938e-05],
[[92.0,152.0],6.550113e-05],
[[92.0,162.0],8.222923e-05],
[[92.0,172.0],8.930778e-05],
[[92.0,182.0],8.036913e-05],
[[92.0,292.0],0.0001463753],
[[92.0,392.0],0.0001936758],
[[95.0,92.0],3.864242e-05],
[[97.0,92.0],4.535082e-05],
[[102.0,12.0],1.251736e-05],
[[102.0,32.0],2.291121e-05],
[[102.0,52.0],2.92966e-05],
[[102.0,72.0],3.21035e-05],
[[102.0,92.0],4.13883e-05],
[[102.0,102.0],5.135543e-05],
[[102.0,105.0],4.948243e-05],
[[102.0,107.0],4.863953e-05],
[[102.0,112.0],5.204574e-05],
[[102.0,117.0],5.711597e-05],
[[102.0,122.0],6.413959e-05],
[[102.0,132.0],6.247891e-05],
[[102.0,142.0],8.135369e-05],
[[102.0,152.0],7.017666e-05],
[[102.0,162.0],9.348365e-05],
[[102.0,172.0],8.544903e-05],
[[102.0,182.0],0.0001000128],
[[102.0,192.0],8.665842e-05],
[[102.0,302.0],0.0001505247],
[[102.0,402.0],0.000217187],
[[105.0,102.0],4.948243e-05],
[[107.0,92.0],4.58321e-05],
[[107.0,102.0],4.863953e-05],
[[112.0,32.0],2.228643e-05],
[[112.0,52.0],2.782574e-05],
[[112.0,72.0],4.18565e-05],
[[112.0,92.0],4.983764e-05],
[[112.0,102.0],5.204574e-05],
[[117.0,102.0],5.711597e-05],
[[122.0,32.0],2.464979e-05],
[[122.0,52.0],5.172768e-05],
[[122.0,72.0],4.672957e-05],
[[122.0,92.0],5.70978e-05],
[[122.0,102.0],6.413959e-05],
[[132.0,52.0],5.038553e-05],
[[132.0,72.0],4.683991e-05],
[[132.0,92.0],6.108028e-05],
[[132.0,102.0],6.247891e-05],
[[142.0,52.0],4.235964e-05],
[[142.0,72.0],6.40502e-05],
[[142.0,92.0],6.328938e-05],
[[142.0,102.0],8.135369e-05],
[[152.0,72.0],5.961856e-05],
[[152.0,92.0],6.550113e-05],
[[152.0,102.0],7.017666e-05],
[[152.0,152.0],9.468036e-05],
[[152.0,155.0],0.0001071984],
[[152.0,157.0],9.384473e-05],
[[152.0,162.0],0.0001159607],
[[152.0,167.0],0.0001035604],
[[152.0,172.0],0.0001244302],
[[152.0,182.0],0.0001225242],
[[152.0,192.0],0.0001400515],
[[152.0,202.0],0.0001269288],
[[152.0,212.0],0.0001255352],
[[152.0,222.0],0.0001401708],
[[152.0,232.0],0.0001506808],
[[152.0,242.0],0.0001437951],
[[152.0,352.0],0.0002102774],
[[152.0,452.0],0.0002444496],
[[155.0,152.0],0.0001071984],
[[157.0,152.0],9.384473e-05],
[[162.0,72.0],6.956132e-05],
[[162.0,92.0],8.222923e-05],
[[162.0,102.0],9.348365e-05],
[[162.0,152.0],0.0001159607],
[[167.0,152.0],0.0001035604],
[[172.0,92.0],8.930778e-05],
[[172.0,102.0],8.544903e-05],
[[172.0,152.0],0.0001244302],
[[182.0,92.0],8.036913e-05],
[[182.0,102.0],0.0001000128],
[[182.0,152.0],0.0001225242],
[[192.0,102.0],8.665842e-05],
[[192.0,152.0],0.0001400515],
[[202.0,152.0],0.0001269288],
[[202.0,202.0],0.0001412257],
[[202.0,205.0],0.0001515527],
[[202.0,207.0],0.0001536366],
[[202.0,212.0],0.0001608079],
[[202.0,217.0],0.0001787125],
[[202.0,222.0],0.0001660915],
[[202.0,232.0],0.000167481],
[[202.0,242.0],0.0001750294],
[[202.0,252.0],0.0001863264],
[[202.0,262.0],0.0001858286],
[[202.0,272.0],0.0002004678],
[[202.0,282.0],0.0002025905],
[[202.0,402.0],0.0002272913],
[[202.0,502.0],0.0002916499],
[[205.0,202.0],0.0001515527],
[[207.0,202.0],0.0001536366],
[[212.0,12.0],6.818007e-05],
[[212.0,152.0],0.0001255352],
[[212.0,202.0],0.0001608079],
[[217.0,202.0],0.0001787125],
[[222.0,152.0],0.0001401708],
[[222.0,202.0],0.0001660915],
[[232.0,32.0],8.8496e-05],
[[232.0,152.0],0.0001506808],
[[232.0,202.0],0.000167481],
[[242.0,152.0],0.0001437951],
[[242.0,202.0],0.0001750294],
[[252.0,52.0],0.0001122858],
[[252.0,202.0],0.0001863264],
[[252.0,252.0],0.0002038356],
[[252.0,255.0],0.0002097525],
[[252.0,257.0],0.000224486],
[[252.0,262.0],0.0002202018],
[[252.0,267.0],0.0002417162],
[[252.0,272.0],0.0002028073],
[[252.0,282.0],0.0002205898],
[[252.0,292.0],0.0002212704],
[[252.0,302.0],0.0002102335],
[[252.0,312.0],0.0002313397],
[[252.0,322.0],0.0002523972],
[[252.0,332.0],0.0002462187],
[[252.0,342.0],0.0002540368],
[[252.0,452.0],0.0003008238],
[[252.0,552.0],0.0003214773],
[[255.0,252.0],0.0002097525],
[[257.0,252.0],0.000224486],
[[262.0,202.0],0.0001858286],
[[262.0,252.0],0.0002202018],
[[267.0,252.0],0.0002417162],
[[272.0,72.0],0.0001274],
[[272.0,202.0],0.0002004678],
[[272.0,252.0],0.0002028073],
[[282.0,202.0],0.0002025905],
[[282.0,252.0],0.0002205898],
[[292.0,92.0],0.0001463753],
[[292.0,252.0],0.0002212704],
[[302.0,102.0],0.0001505247],
[[302.0,252.0],0.0002102335],
[[302.0,302.0],0.0002460396],
[[302.0,305.0],0.0002853279],
[[302.0,307.0],0.0002719435],
[[302.0,312.0],0.0002435529],
[[302.0,317.0],0.0002710719],
[[302.0,322.0],0.0002656231],
[[302.0,332.0],0.0002590611],
[[302.0,342.0],0.0002693956],
[[302.0,352.0],0.0002789383],
[[302.0,362.0],0.0002977806],
[[302.0,372.0],0.0002840398],
[[302.0,382.0],0.0002824153],
[[302.0,392.0],0.0002854603],
[[302.0,502.0],0.0003423884],
[[302.0,602.0],0.0003713526],
[[305.0,302.0],0.0002853279],
[[307.0,302.0],0.0002719435],
[[312.0,12.0],0.0001208138],
[[312.0,252.0],0.0002313397],
[[312.0,302.0],0.0002435529],
[[317.0,302.0],0.0002710719],
[[322.0,252.0],0.0002523972],
[[322.0,302.0],0.0002656231],
[[332.0,32.0],0.0001385282],
[[332.0,252.0],0.0002462187],
[[332.0,302.0],0.0002590611],
[[342.0,252.0],0.0002540368],
[[342.0,302.0],0.0002693956],
[[352.0,52.0],0.0001606602],
[[352.0,152.0],0.0002102774],
[[352.0,302.0],0.0002789383],
[[352.0,352.0],0.000299479],
[[352.0,355.0],0.0002859147],
[[352.0,357.0],0.0003180777],
[[352.0,362.0],0.0002984927],
[[352.0,367.0],0.0002980767],
[[352.0,372.0],0.0003131277],
[[352.0,382.0],0.0003016888],
[[352.0,392.0],0.000303759],
[[352.0,402.0],0.0003126107],
[[352.0,412.0],0.0003168636],
[[352.0,422.0],0.000336751],
[[352.0,432.0],0.0003054647],
[[352.0,442.0],0.0003261495],
[[352.0,552.0],0.0003761218],
[[352.0,652.0],0.000401574],
[[355.0,352.0],0.0002859147],
[[357.0,352.0],0.0003180777],
[[362.0,302.0],0.0002977806],
[[362.0,352.0],0.0002984927],
[[367.0,352.0],0.0002980767],
[[372.0,72.0],0.0001827296],
[[372.0,302.0],0.0002840398],
[[372.0,352.0],0.0003131277],
[[382.0,302.0],0.0002824153],
[[382.0,352.0],0.0003016888],
[[392.0,92.0],0.0001936758],
[[392.0,302.0],0.0002854603],
[[392.0,352.0],0.000303759],
[[402.0,102.0],0.000217187],
[[402.0,202.0],0.0002272913],
[[402.0,352.0],0.0003126107],
[[402.0,402.0],0.0003279736],
[[402.0,405.0],0.0003236574],
[[402.0,407.0],0.0003454862],
[[402.0,412.0],0.0003229653],
[[402.0,417.0],0.0003367594],
[[402.0,422.0],0.0003524038],
[[402.0,432.0],0.0003358361],
[[402.0,442.0],0.0003569944],
[[402.0,452.0],0.0003622563],
[[402.0,462.0],0.0003568623],
[[402.0,472.0],0.000337433],
[[402.0,482.0],0.0003532423],
[[402.0,492.0],0.0003561809],
[[402.0,602.0],0.0003841652],
[[402.0,702.0],0.0004166846],
[[405.0,402.0],0.0003236574],
[[407.0,402.0],0.0003454862],
[[412.0,352.0],0.0003168636],
[[412.0,402.0],0.0003229653],
[[417.0,402.0],0.0003367594],
[[422.0,352.0],0.000336751],
[[422.0,402.0],0.0003524038],
[[432.0,352.0],0.0003054647],
[[432.0,402.0],0.0003358361],
[[442.0,352.0],0.0003261495],
[[442.0,402.0],0.0003569944],
[[452.0,152.0],0.0002444496],
[[452.0,252.0],0.0003008238],
[[452.0,402.0],0.0003622563],
[[462.0,402.0],0.0003568623],
[[472.0,402.0],0.000337433],
[[482.0,402.0],0.0003532423],
[[492.0,402.0],0.0003561809],
[[502.0,202.0],0.0002916499],
[[502.0,302.0],0.0003423884],
[[552.0,252.0],0.0003214773],
[[552.0,352.0],0.0003761218],
[[602.0,302.0],0.0003713526],
[[602.0,402.0],0.0003841652],
[[602.0,602.0],0.000453],
[[602.0,605.0],0.0004383575],
[[602.0,607.0],0.0004326357],
[[602.0,612.0],0.0004487494],
[[602.0,617.0],0.0004298186],
[[602.0,622.0],0.0004799066],
[[602.0,632.0],0.0004621961],
[[602.0,642.0],0.0004671248],
[[602.0,652.0],0.0004733783],
[[602.0,662.0],0.000473613],
[[602.0,672.0],0.0004785429],
[[602.0,682.0],0.0004799168],
[[602.0,692.0],0.0004531336],
[[602.0,802.0],0.0004833119],
[[602.0,902.0],0.0005316665],
[[605.0,602.0],0.0004383575],
[[607.0,602.0],0.0004326357],
[[612.0,602.0],0.0004487494],
[[617.0,602.0],0.0004298186],
[[622.0,602.0],0.0004799066],
[[632.0,602.0],0.0004621961],
[[642.0,602.0],0.0004671248],
[[652.0,352.0],0.000401574],
[[652.0,602.0],0.0004733783],
[[662.0,602.0],0.000473613],
[[672.0,602.0],0.0004785429],
[[682.0,602.0],0.0004799168],
[[692.0,602.0],0.0004531336],
[[702.0,402.0],0.0004166846],
[[802.0,602.0],0.0004833119],
[[802.0,802.0],0.0005232675],
[[802.0,805.0],0.0005228925],
[[802.0,807.0],0.0005410029],
[[802.0,812.0],0.0005431956],
[[802.0,817.0],0.0005549033],
[[802.0,822.0],0.0005153489],
[[802.0,832.0],0.0005448277],
[[802.0,842.0],0.0005534031],
[[802.0,852.0],0.0005260576],
[[802.0,862.0],0.000544859],
[[802.0,872.0],0.0005504477],
[[802.0,882.0],0.0005628591],
[[802.0,892.0],0.0005289024],
[[802.0,1002.0],0.0005707362],
[[802.0,1102.0],0.0005675752],
[[805.0,802.0],0.0005228925],
[[807.0,802.0],0.0005410029],
[[812.0,802.0],0.0005431956],
[[817.0,802.0],0.0005549033],
[[822.0,802.0],0.0005153489],
[[832.0,802.0],0.0005448277],
[[842.0,802.0],0.0005534031],
[[852.0,802.0],0.0005260576],
[[862.0,802.0],0.000544859],
[[872.0,802.0],0.0005504477],
[[882.0,802.0],0.0005628591],
[[892.0,802.0],0.0005289024],
[[902.0,602.0],0.0005316665],
[[1002.0,802.0],0.0005707362],
[[1002.0,1002.0],0.0005713217],
[[1002.0,1005.0],0.0005827382],
[[1002.0,1007.0],0.0005977192],
[[1002.0,1012.0],0.0005696318],
[[1002.0,1017.0],0.0005906823],
[[1002.0,1022.0],0.0006015127],
[[1002.0,1032.0],0.0005736023],
[[1002.0,1042.0],0.0005885456],
[[1002.0,1052.0],0.0005953761],
[[1002.0,1062.0],0.000595772],
[[1002.0,1072.0],0.0005829202],
[[1002.0,1082.0],0.0005901724],
[[1002.0,1092.0],0.0006109678],
[[1002.0,1202.0],0.0006018066],
[[1002.0,1302.0],0.0006094924],
[[1005.0,1002.0],0.0005827382],
[[1007.0,1002.0],0.0005977192],
[[1012.0,1002.0],0.0005696318],
[[1017.0,1002.0],0.0005906823],
[[1022.0,1002.0],0.0006015127],
[[1032.0,1002.0],0.0005736023],
[[1042.0,1002.0],0.0005885456],
[[1052.0,1002.0],0.0005953761],
[[1062.0,1002.0],0.000595772],
[[1072.0,1002.0],0.0005829202],
[[1082.0,1002.0],0.0005901724],
[[1092.0,1002.0],0.0006109678],
[[1102.0,802.0],0.0005675752],
[[1202.0,1002.0],0.0006018066],
[[1202.0,1202.0],0.0006318517],
[[1202.0,1205.0],0.0006202138],
[[1202.0,1207.0],0.0006095528],
[[1202.0,1212.0],0.0006123216],
[[1202.0,1217.0],0.0006420461],
[[1202.0,1222.0],0.0006188224],
[[1202.0,1232.0],0.0006122432],
[[1202.0,1242.0],0.0006515321],
[[1202.0,1252.0],0.0006257501],
[[1202.0,1262.0],0.0006141685],
[[1202.0,1272.0],0.0006422922],
[[1202.0,1282.0],0.0006354885],
[[1202.0,1292.0],0.0006088495],
[[1202.0,1402.0],0.0006225013],
[[1202.0,1502.0],0.0005977826],
[[1205.0,1202.0],0.0006202138],
[[1207.0,1202.0],0.0006095528],
[[1212.0,1202.0],0.0006123216],
[[1217.0,1202.0],0.0006420461],
[[1222.0,1202.0],0.0006188224],
[[1232.0,1202.0],0.0006122432],
[[1242.0,1202.0],0.0006515321],
[[1252.0,1202.0],0.0006257501],
[[1262.0,1202.0],0.0006141685],
[[1272.0,1202.0],0.0006422922],
[[1282.0,1202.0],0.0006354885],
[[1292.0,1202.0],0.0006088495],
[[1302.0,1002.0],0.0006094924],
[[1402.0,1202.0],0.0006225013],
[[1402.0,1402.0],0.0006451968],
[[1402.0,1405.0],0.0006719489],
[[1402.0,1407.0],0.0006415711],
[[1402.0,1412.0],0.0006072521],
[[1402.0,1417.0],0.0006162698],
[[1402.0,1422.0],0.0006305792],
[[1402.0,1432.0],0.0006389018],
[[1402.0,1442.0],0.0006609371],
[[1402.0,1452.0],0.0006510402],
[[1402.0,1462.0],0.0006381015],
[[1402.0,1472.0],0.0006300456],
[[1402.0,1482.0],0.0006477465],
[[1402.0,1492.0],0.0006701704],
[[1402.0,1602.0],0.0006257474],
[[1402.0,1702.0],0.0006330467],
[[1405.0,1402.0],0.0006719489],
[[1407.0,1402.0],0.0006415711],
[[1412.0,1402.0],0.0006072521],
[[1417.0,1402.0],0.0006162698],
[[1422.0,1402.0],0.0006305792],
[[1432.0,1402.0],0.0006389018],
[[1442.0,1402.0],0.0006609371],
[[1452.0,1402.0],0.0006510402],
[[1462.0,1402.0],0.0006381015],
[[1472.0,1402.0],0.0006300456],
[[1482.0,1402.0],0.0006477465],
[[1492.0,1402.0],0.0006701704],
[[1502.0,1202.0],0.0005977826],
[[1602.0,1402.0],0.0006257474],
[[1602.0,1602.0],0.0006159061],
[[1602.0,1605.0],0.0006331775],
[[1602.0,1607.0],0.0006328306],
[[1602.0,1612.0],0.0006649681],
[[1602.0,1617.0],0.0006419478],
[[1602.0,1622.0],0.0006655267],
[[1602.0,1632.0],0.000657573],
[[1602.0,1642.0],0.0006358868],
[[1602.0,1652.0],0.0006320248],
[[1602.0,1662.0],0.000653555],
[[1602.0,1672.0],0.0006382216],
[[1602.0,1682.0],0.0006467625],
[[1602.0,1692.0],0.0006727198],
[[1602.0,1802.0],0.000613461],
[[1602.0,1902.0],0.000615272],
[[1605.0,1602.0],0.0006331775],
[[1607.0,1602.0],0.0006328306],
[[1612.0,1602.0],0.0006649681],
[[1617.0,1602.0],0.0006419478],
[[1622.0,1602.0],0.0006655267],
[[1632.0,1602.0],0.000657573],
[[1642.0,1602.0],0.0006358868],
[[1652.0,1602.0],0.0006320248],
[[1662.0,1602.0],0.000653555],
[[1672.0,1602.0],0.0006382216],
[[1682.0,1602.0],0.0006467625],
[[1692.0,1602.0],0.0006727198],
[[1702.0,1402.0],0.0006330467],
[[1802.0,1602.0],0.000613461],
[[1802.0,1802.0],0.0006467464],
[[1802.0,1805.0],0.0006362538],
[[1802.0,1807.0],0.0006624724],
[[1802.0,1812.0],0.0006476227],
[[1802.0,1817.0],0.0006318501],
[[1802.0,1822.0],0.0006481871],
[[1802.0,1832.0],0.0006203434],
[[1802.0,1842.0],0.000658462],
[[1802.0,1852.0],0.0006250683],
[[1802.0,1862.0],0.000645262],
[[1802.0,1872.0],0.0006501499],
[[1802.0,1882.0],0.0006633296],
[[1802.0,1892.0],0.0006393868],
[[1802.0,2002.0],0.000607801],
[[1802.0,2102.0],0.0006342354],
[[1805.0,1802.0],0.0006362538],
[[1807.0,1802.0],0.0006624724],
[[1812.0,1802.0],0.0006476227],
[[1817.0,1802.0],0.0006318501],
[[1822.0,1802.0],0.0006481871],
[[1832.0,1802.0],0.0006203434],
[[1842.0,1802.0],0.000658462],
[[1852.0,1802.0],0.0006250683],
[[1862.0,1802.0],0.000645262],
[[1872.0,1802.0],0.0006501499],
[[1882.0,1802.0],0.0006633296],
[[1892.0,1802.0],0.0006393868],
[[1902.0,1602.0],0.000615272],
[[2002.0,1802.0],0.000607801],
[[2002.0,2002.0],0.0006282707],
[[2002.0,2005.0],0.000683443],
[[2002.0,2007.0],0.0006267993],
[[2002.0,2012.0],0.0006648269],
[[2002.0,2017.0],0.0006595137],
[[2002.0,2022.0],0.0006247495],
[[2002.0,2032.0],0.0006327246],
[[2002.0,2042.0],0.0006378142],
[[2002.0,2052.0],0.0005916689],
[[2002.0,2062.0],0.0006210992],
[[2002.0,2072.0],0.0006307968],
[[2002.0,2082.0],0.000629867],
[[2002.0,2092.0],0.0006249142],
[[2002.0,2202.0],0.0006676324],
[[2002.0,2302.0],0.0006482368],
[[2005.0,2002.0],0.000683443],
[[2007.0,2002.0],0.0006267993],
[[2012.0,2002.0],0.0006648269],
[[2017.0,2002.0],0.0006595137],
[[2022.0,2002.0],0.0006247495],
[[2032.0,2002.0],0.0006327246],
[[2042.0,2002.0],0.0006378142],
[[2052.0,2002.0],0.0005916689],
[[2062.0,2002.0],0.0006210992],
[[2072.0,2002.0],0.0006307968],
[[2082.0,2002.0],0.000629867],
[[2092.0,2002.0],0.0006249142],
[[2102.0,1802.0],0.0006342354],
[[2202.0,2002.0],0.0006676324],
[[2302.0,2002.0],0.0006482368]]
