txName: TChiZISRll
constraint: {(PV > anyBSM(1), MET(3)), (anyBSM(1) > l+,l-,MET(2))}
condition: None
conditionDescription: None
figureUrl: None
source: Recast by MA5
validated: True
axesMap: [{0: 'x', 1: 'y', 2: 'y'}]
dataMap: {0: (1, 'mass', GeV), 1: (2, 'mass', GeV), 2: (3, 'mass', GeV)}
finalState: ['MET', 'MET']
efficiencyMap: [[[10.0,1.0,1.0],6.14149e-08],
[[10.0,5.0,5.0],2.162028e-07],
[[10.0,7.0,7.0],1.224606e-07],
[[10.0,9.0,9.0],3.633023e-07],
[[20.0,1.0,1.0],4.083449e-08],
[[20.0,15.0,15.0],1.34543e-07],
[[20.0,17.0,17.0],1.948119e-07],
[[20.0,19.0,19.0],1.290582e-06],
[[30.0,1.0,1.0],0.0],
[[30.0,20.0,20.0],1.107745e-07],
[[30.0,25.0,25.0],1.929028e-07],
[[30.0,27.0,27.0],5.41025e-07],
[[30.0,29.0,29.0],4.273465e-06],
[[40.0,1.0,1.0],0.0],
[[40.0,20.0,20.0],1.561633e-07],
[[40.0,30.0,30.0],5.644341e-07],
[[40.0,35.0,35.0],4.77166e-07],
[[40.0,37.0,37.0],4.221362e-07],
[[40.0,39.0,39.0],1.830832e-06],
[[50.0,1.0,1.0],0.0],
[[50.0,20.0,20.0],2.333063e-08],
[[50.0,30.0,30.0],3.370607e-08],
[[50.0,40.0,40.0],3.498037e-07],
[[50.0,45.0,45.0],1.367108e-06],
[[50.0,47.0,47.0],3.716765e-06],
[[50.0,49.0,49.0],4.999893e-06],
[[60.0,1.0,1.0],0.0],
[[60.0,20.0,20.0],4.562745e-09],
[[60.0,30.0,30.0],8.380188e-08],
[[60.0,40.0,40.0],6.838406e-07],
[[60.0,50.0,50.0],2.338734e-06],
[[60.0,55.0,55.0],4.616111e-06],
[[60.0,57.0,57.0],7.47924e-06],
[[60.0,59.0,59.0],1.697078e-05],
[[61.0,52.0,52.0],1.935847e-06],
[[62.0,2.0,2.0],0.0],
[[62.0,12.0,12.0],0.0],
[[62.0,22.0,22.0],2.401737e-08],
[[62.0,32.0,32.0],1.402673e-07],
[[62.0,42.0,42.0],5.493279e-07],
[[63.0,62.0,62.0],1.079525e-05],
[[65.0,62.0,62.0],8.144733e-06],
[[67.0,62.0,62.0],5.616688e-06],
[[69.0,62.0,62.0],4.452056e-06],
[[72.0,2.0,2.0],4.443735e-09],
[[72.0,12.0,12.0],0.0],
[[72.0,22.0,22.0],8.855862e-08],
[[72.0,32.0,32.0],3.624628e-07],
[[72.0,42.0,42.0],7.640021e-07],
[[72.0,52.0,52.0],1.630185e-06],
[[73.0,72.0,72.0],1.624811e-05],
[[75.0,72.0,72.0],1.189539e-05],
[[77.0,72.0,72.0],9.45176e-06],
[[79.0,72.0,72.0],7.765055e-06],
[[82.0,2.0,2.0],5.718514e-09],
[[82.0,12.0,12.0],9.73213e-08],
[[82.0,22.0,22.0],3.816359e-07],
[[82.0,32.0,32.0],6.103498e-07],
[[82.0,42.0,42.0],9.139778e-07],
[[82.0,52.0,52.0],1.823641e-06],
[[82.0,62.0,62.0],2.249768e-06],
[[83.0,82.0,82.0],2.194461e-05],
[[85.0,82.0,82.0],1.694956e-05],
[[87.0,82.0,82.0],1.570742e-05],
[[89.0,82.0,82.0],1.151152e-05],
[[91.0,82.0,82.0],8.428464e-06],
[[92.0,12.0,12.0],3.19818e-07],
[[92.0,22.0,22.0],2.997836e-07],
[[92.0,32.0,32.0],7.780521e-07],
[[92.0,42.0,42.0],1.042127e-06],
[[92.0,52.0,52.0],1.438818e-06],
[[92.0,62.0,62.0],2.404383e-06],
[[92.0,72.0,72.0],3.56966e-06],
[[93.0,92.0,92.0],3.395138e-05],
[[97.0,92.0,92.0],2.021193e-05],
[[99.0,92.0,92.0],1.338586e-05],
[[102.0,22.0,22.0],5.009142e-07],
[[102.0,32.0,32.0],6.216071e-07],
[[102.0,42.0,42.0],9.909466e-07],
[[102.0,52.0,52.0],2.228966e-06],
[[102.0,62.0,62.0],2.054926e-06],
[[102.0,72.0,72.0],2.420573e-06],
[[102.0,82.0,82.0],6.00975e-06],
[[103.0,102.0,102.0],3.844765e-05],
[[107.0,102.0,102.0],2.273084e-05],
[[109.0,102.0,102.0],1.94993e-05],
[[112.0,32.0,32.0],7.451619e-07],
[[112.0,42.0,42.0],7.884432e-07],
[[112.0,52.0,52.0],1.546906e-06],
[[112.0,62.0,62.0],2.921835e-06],
[[112.0,72.0,72.0],2.935689e-06],
[[112.0,82.0,82.0],4.215565e-06],
[[112.0,92.0,92.0],7.619755e-06],
[[122.0,42.0,42.0],1.551331e-06],
[[122.0,52.0,52.0],3.284268e-06],
[[122.0,62.0,62.0],2.330783e-06],
[[122.0,72.0,72.0],3.643052e-06],
[[122.0,82.0,82.0],4.168987e-06],
[[122.0,92.0,92.0],5.81013e-06],
[[122.0,102.0,102.0],1.10435e-05],
[[123.0,122.0,122.0],5.754933e-05],
[[127.0,122.0,122.0],3.79569e-05],
[[129.0,122.0,122.0],3.295227e-05],
[[132.0,52.0,52.0],2.331848e-06],
[[132.0,62.0,62.0],2.777566e-06],
[[132.0,72.0,72.0],2.401732e-06],
[[132.0,82.0,82.0],3.252566e-06],
[[132.0,92.0,92.0],5.533467e-06],
[[132.0,102.0,102.0],7.140584e-06],
[[142.0,62.0,62.0],3.771475e-06],
[[142.0,72.0,72.0],3.285011e-06],
[[142.0,82.0,82.0],7.752769e-06],
[[142.0,92.0,92.0],5.407777e-06],
[[142.0,102.0,102.0],5.952341e-06],
[[142.0,122.0,122.0],1.248501e-05],
[[143.0,142.0,142.0],7.762288e-05],
[[147.0,142.0,142.0],5.591668e-05],
[[149.0,142.0,142.0],4.529377e-05],
[[151.0,142.0,142.0],3.813887e-05],
[[152.0,72.0,72.0],3.839018e-06],
[[152.0,82.0,82.0],3.188653e-06],
[[152.0,92.0,92.0],4.704876e-06],
[[152.0,102.0,102.0],6.315404e-06],
[[152.0,122.0,122.0],1.138945e-05],
[[162.0,82.0,82.0],4.0243e-06],
[[162.0,92.0,92.0],3.211686e-06],
[[162.0,102.0,102.0],5.351533e-06],
[[162.0,122.0,122.0],8.088537e-06],
[[162.0,142.0,142.0],1.929215e-05],
[[163.0,162.0,162.0],9.318384e-05],
[[167.0,162.0,162.0],7.145776e-05],
[[169.0,162.0,162.0],5.766704e-05],
[[171.0,162.0,162.0],6.413442e-05],
[[172.0,92.0,92.0],4.295074e-06],
[[172.0,102.0,102.0],5.635796e-06],
[[172.0,122.0,122.0],8.186876e-06],
[[172.0,142.0,142.0],1.783626e-05],
[[182.0,102.0,102.0],5.447077e-06],
[[182.0,122.0,122.0],1.077332e-05],
[[182.0,142.0,142.0],1.19219e-05],
[[182.0,162.0,162.0],2.560735e-05],
[[183.0,182.0,182.0],0.0001069979],
[[187.0,182.0,182.0],9.071505e-05],
[[189.0,182.0,182.0],7.137034e-05],
[[191.0,182.0,182.0],6.872679e-05],
[[192.0,122.0,122.0],8.531012e-06],
[[192.0,142.0,142.0],1.278525e-05],
[[192.0,162.0,162.0],2.324454e-05],
[[202.0,122.0,122.0],7.960245e-06],
[[202.0,142.0,142.0],1.237462e-05],
[[202.0,162.0,162.0],1.554391e-05],
[[202.0,182.0,182.0],4.323065e-05],
[[203.0,202.0,202.0],0.0001297349],
[[207.0,202.0,202.0],0.0001187593],
[[209.0,202.0,202.0],0.0001013396],
[[211.0,202.0,202.0],7.579186e-05],
[[212.0,142.0,142.0],1.046394e-05],
[[212.0,162.0,162.0],1.375697e-05],
[[212.0,182.0,182.0],2.764366e-05],
[[222.0,142.0,142.0],1.060305e-05],
[[222.0,162.0,162.0],1.235863e-05],
[[222.0,182.0,182.0],1.804171e-05],
[[222.0,202.0,202.0],4.191361e-05],
[[223.0,222.0,222.0],0.0001574296],
[[227.0,222.0,222.0],0.0001248018],
[[229.0,222.0,222.0],0.0001056539],
[[231.0,222.0,222.0],9.890195e-05],
[[232.0,162.0,162.0],1.143609e-05],
[[232.0,182.0,182.0],2.253281e-05],
[[232.0,202.0,202.0],2.779038e-05],
[[242.0,162.0,162.0],1.250834e-05],
[[242.0,182.0,182.0],1.545612e-05],
[[242.0,202.0,202.0],2.175741e-05],
[[242.0,222.0,222.0],4.461028e-05],
[[243.0,242.0,242.0],0.0001741776],
[[247.0,242.0,242.0],0.0001489272],
[[249.0,242.0,242.0],0.0001257432],
[[251.0,242.0,242.0],0.0001103942],
[[252.0,182.0,182.0],1.490356e-05],
[[252.0,202.0,202.0],1.856491e-05],
[[252.0,222.0,222.0],3.412251e-05],
[[262.0,182.0,182.0],1.221322e-05],
[[262.0,202.0,202.0],1.837284e-05],
[[262.0,222.0,222.0],2.724831e-05],
[[262.0,242.0,242.0],5.78364e-05],
[[263.0,262.0,262.0],0.0001959848],
[[267.0,262.0,262.0],0.0001587708],
[[269.0,262.0,262.0],0.0001494168],
[[272.0,202.0,202.0],1.616957e-05],
[[272.0,222.0,222.0],3.149231e-05],
[[272.0,242.0,242.0],3.381131e-05],
[[282.0,202.0,202.0],1.846739e-05],
[[282.0,222.0,222.0],2.434987e-05],
[[282.0,242.0,242.0],2.919014e-05],
[[282.0,262.0,262.0],7.783959e-05],
[[283.0,282.0,282.0],0.0002225331],
[[287.0,282.0,282.0],0.0001937384],
[[289.0,282.0,282.0],0.0001662154],
[[292.0,222.0,222.0],2.017598e-05],
[[292.0,242.0,242.0],2.315068e-05],
[[292.0,262.0,262.0],4.889588e-05],
[[302.0,222.0,222.0],2.847456e-05],
[[302.0,242.0,242.0],2.849991e-05],
[[302.0,262.0,262.0],3.596656e-05],
[[302.0,282.0,282.0],8.987057e-05],
[[303.0,302.0,302.0],0.0002309443],
[[307.0,302.0,302.0],0.0002044993],
[[309.0,302.0,302.0],0.0001826138],
[[312.0,242.0,242.0],2.197712e-05],
[[312.0,262.0,262.0],2.951552e-05],
[[312.0,282.0,282.0],5.679734e-05],
[[322.0,242.0,242.0],2.186735e-05],
[[322.0,262.0,262.0],2.530322e-05],
[[322.0,282.0,282.0],4.03444e-05],
[[322.0,302.0,302.0],8.563372e-05],
[[323.0,322.0,322.0],0.0002372359],
[[327.0,322.0,322.0],0.0002205295],
[[329.0,322.0,322.0],0.0001989918],
[[332.0,262.0,262.0],2.395548e-05],
[[332.0,282.0,282.0],2.954048e-05],
[[332.0,302.0,302.0],5.818099e-05],
[[342.0,262.0,262.0],2.092216e-05],
[[342.0,282.0,282.0],2.75454e-05],
[[342.0,302.0,302.0],4.015489e-05],
[[342.0,322.0,322.0],8.4623e-05],
[[343.0,342.0,342.0],0.0002823544],
[[347.0,342.0,342.0],0.0002310407],
[[349.0,342.0,342.0],0.0002067335],
[[352.0,282.0,282.0],2.911336e-05],
[[352.0,302.0,302.0],4.151236e-05],
[[352.0,322.0,322.0],7.26437e-05],
[[362.0,282.0,282.0],3.177761e-05],
[[362.0,302.0,302.0],2.622935e-05],
[[362.0,322.0,322.0],4.595705e-05],
[[362.0,342.0,342.0],0.000109846],
[[363.0,362.0,362.0],0.0002853692],
[[367.0,362.0,362.0],0.0002612301],
[[369.0,362.0,362.0],0.0002354597],
[[372.0,302.0,302.0],3.259046e-05],
[[372.0,342.0,342.0],6.592179e-05],
[[382.0,302.0,302.0],3.270832e-05],
[[382.0,322.0,322.0],2.943278e-05],
[[382.0,362.0,362.0],0.0001018828],
[[383.0,382.0,382.0],0.0002977864],
[[387.0,382.0,382.0],0.0002882159],
[[389.0,382.0,382.0],0.0002599203],
[[391.0,382.0,382.0],0.0002259747],
[[392.0,322.0,322.0],2.939556e-05],
[[392.0,342.0,342.0],3.998057e-05],
[[392.0,362.0,362.0],6.98372e-05],
[[402.0,322.0,322.0],3.404491e-05],
[[402.0,342.0,342.0],3.475509e-05],
[[402.0,362.0,362.0],5.895886e-05],
[[402.0,382.0,382.0],0.0001086243],
[[403.0,402.0,402.0],0.0003137899],
[[412.0,342.0,342.0],2.88218e-05],
[[412.0,362.0,362.0],4.424571e-05],
[[412.0,382.0,382.0],8.306134e-05],
[[413.0,402.0,402.0],0.0002019788],
[[417.0,402.0,402.0],0.0001701317],
[[422.0,342.0,342.0],2.967302e-05],
[[422.0,362.0,362.0],3.245768e-05],
[[422.0,382.0,382.0],6.565009e-05],
[[422.0,402.0,402.0],0.0001226336],
[[432.0,362.0,362.0],3.429046e-05],
[[432.0,382.0,382.0],4.173813e-05],
[[432.0,402.0,402.0],7.109163e-05],
[[442.0,362.0,362.0],3.030337e-05],
[[442.0,382.0,382.0],3.509192e-05],
[[452.0,382.0,382.0],4.384039e-05],
[[452.0,402.0,402.0],5.539056e-05],
[[462.0,382.0,382.0],3.618985e-05],
[[462.0,402.0,402.0],4.183148e-05],
[[482.0,402.0,402.0],3.650417e-05],
[[503.0,502.0,502.0],0.0003878313],
[[513.0,502.0,502.0],0.0002657091],
[[517.0,502.0,502.0],0.0002105353],
[[522.0,502.0,502.0],0.0001789504],
[[532.0,502.0,502.0],0.0001035888],
[[552.0,502.0,502.0],7.177664e-05],
[[582.0,502.0,502.0],4.722065e-05],
[[603.0,602.0,602.0],0.0004497129],
[[613.0,602.0,602.0],0.0003165823],
[[617.0,602.0,602.0],0.0002496927],
[[622.0,602.0,602.0],0.0001974615],
[[632.0,602.0,602.0],0.0001331425],
[[652.0,602.0,602.0],7.686327e-05],
[[682.0,602.0,602.0],5.309995e-05],
[[703.0,702.0,702.0],0.0004964461],
[[713.0,702.0,702.0],0.0003757032],
[[717.0,702.0,702.0],0.0002889581],
[[722.0,702.0,702.0],0.0002135741],
[[732.0,702.0,702.0],0.0001494202],
[[752.0,702.0,702.0],8.421471e-05],
[[782.0,702.0,702.0],5.652489e-05],
[[803.0,802.0,802.0],0.0005430554],
[[813.0,802.0,802.0],0.0004054793],
[[817.0,802.0,802.0],0.0003333587],
[[822.0,802.0,802.0],0.0002284207],
[[832.0,802.0,802.0],0.0001495009],
[[852.0,802.0,802.0],9.867891e-05],
[[882.0,802.0,802.0],6.165645e-05],
[[903.0,902.0,902.0],0.0005742142],
[[913.0,902.0,902.0],0.000426536],
[[917.0,902.0,902.0],0.000343217],
[[922.0,902.0,902.0],0.0002683056],
[[932.0,902.0,902.0],0.0001676807],
[[952.0,902.0,902.0],0.0001008193],
[[982.0,902.0,902.0],6.917957e-05],
[[1003.0,1002.0,1002.0],0.0005846519],
[[1013.0,1002.0,1002.0],0.0004587064],
[[1017.0,1002.0,1002.0],0.0003731125],
[[1022.0,1002.0,1002.0],0.0002855638],
[[1032.0,1002.0,1002.0],0.0001772209],
[[1052.0,1002.0,1002.0],0.0001061053],
[[1082.0,1002.0,1002.0],7.564839e-05],
[[1103.0,1102.0,1102.0],0.0006163461],
[[1113.0,1102.0,1102.0],0.0004843241],
[[1117.0,1102.0,1102.0],0.0003898599],
[[1122.0,1102.0,1102.0],0.0002965678],
[[1132.0,1102.0,1102.0],0.0001876896],
[[1152.0,1102.0,1102.0],0.0001080686],
[[1182.0,1102.0,1102.0],7.193604e-05],
[[1203.0,1202.0,1202.0],0.0006230534],
[[1213.0,1202.0,1202.0],0.0004945599],
[[1217.0,1202.0,1202.0],0.0003981866],
[[1222.0,1202.0,1202.0],0.0003014255],
[[1232.0,1202.0,1202.0],0.0001924854],
[[1252.0,1202.0,1202.0],0.0001094499],
[[1282.0,1202.0,1202.0],8.439183e-05],
[[1303.0,1302.0,1302.0],0.0006165997],
[[1313.0,1302.0,1302.0],0.0004947209],
[[1317.0,1302.0,1302.0],0.0003929582],
[[1322.0,1302.0,1302.0],0.000303757],
[[1332.0,1302.0,1302.0],0.0001974397],
[[1352.0,1302.0,1302.0],0.0001145237],
[[1382.0,1302.0,1302.0],7.550071e-05],
[[1403.0,1402.0,1402.0],0.0006597388],
[[1413.0,1402.0,1402.0],0.0005314793],
[[1417.0,1402.0,1402.0],0.0004480759],
[[1422.0,1402.0,1402.0],0.0003256563],
[[1432.0,1402.0,1402.0],0.0001973364],
[[1452.0,1402.0,1402.0],0.0001067422],
[[1482.0,1402.0,1402.0],8.185755e-05],
[[1503.0,1502.0,1502.0],0.0006517846],
[[1513.0,1502.0,1502.0],0.0005250237],
[[1517.0,1502.0,1502.0],0.0004294756],
[[1522.0,1502.0,1502.0],0.0003096464],
[[1532.0,1502.0,1502.0],0.0002066411],
[[1552.0,1502.0,1502.0],0.0001192701],
[[1582.0,1502.0,1502.0],8.285459e-05],
[[1603.0,1602.0,1602.0],0.0006548229],
[[1613.0,1602.0,1602.0],0.0005327913],
[[1617.0,1602.0,1602.0],0.0004339645],
[[1622.0,1602.0,1602.0],0.0003389283],
[[1632.0,1602.0,1602.0],0.0002058574],
[[1652.0,1602.0,1602.0],0.0001055448],
[[1682.0,1602.0,1602.0],7.13967e-05],
[[1703.0,1702.0,1702.0],0.000633605],
[[1713.0,1702.0,1702.0],0.0005357705],
[[1717.0,1702.0,1702.0],0.0004580597],
[[1722.0,1702.0,1702.0],0.000337071],
[[1732.0,1702.0,1702.0],0.0001924135],
[[1752.0,1702.0,1702.0],0.0001219803],
[[1782.0,1702.0,1702.0],8.514362e-05],
[[1803.0,1802.0,1802.0],0.0006387781],
[[1813.0,1802.0,1802.0],0.0005260935],
[[1817.0,1802.0,1802.0],0.0004281228],
[[1822.0,1802.0,1802.0],0.0003125215],
[[1832.0,1802.0,1802.0],0.0001955989],
[[1852.0,1802.0,1802.0],0.0001198121],
[[1872.0,1802.0,1802.0],9.380901e-05],
[[1882.0,1802.0,1802.0],8.440165e-05],
[[1903.0,1902.0,1902.0],0.0006494408],
[[1913.0,1902.0,1902.0],0.0005673663],
[[1917.0,1902.0,1902.0],0.0004534379],
[[1922.0,1902.0,1902.0],0.0003445301],
[[1942.0,1902.0,1902.0],0.0001631208],
[[1952.0,1902.0,1902.0],0.0001188788],
[[1982.0,1902.0,1902.0],7.639664e-05],
[[2003.0,2002.0,2002.0],0.0006946243],
[[2013.0,2002.0,2002.0],0.00055103],
[[2017.0,2002.0,2002.0],0.000484517],
[[2022.0,2002.0,2002.0],0.0003459813],
[[2032.0,2002.0,2002.0],0.0001841052],
[[2042.0,2002.0,2002.0],0.0001536715],
[[2052.0,2002.0,2002.0],0.0001226726],
[[2072.0,2002.0,2002.0],7.503951e-05],
[[2082.0,2002.0,2002.0],7.110949e-05]]
