txName: TRV1nunu
constraint: {(PV > Zprime(1)), (Zprime(1) > nu,nu)}
condition: None
conditionDescription: None
figureUrl: None
source: CMS
validated: N/A
axesMap: [{0: 'x'}]
dataMap: {0: (1, 'mass', GeV)}
finalState: ['MET', 'MET']
efficiencyMap: [[[50.0],1.948839e-07],
[[100.0],1.78652e-06],
[[150.0],5.302057e-06],
[[200.0],1.368829e-05],
[[250.0],2.677767e-05],
[[300.0],4.479417e-05],
[[350.0],5.726581e-05],
[[400.0],7.748406e-05],
[[450.0],0.0001110708],
[[500.0],0.0001322669],
[[550.0],0.0001667861],
[[600.0],0.0002139949],
[[650.0],0.0002323032],
[[700.0],0.0002646196],
[[750.0],0.0003076437],
[[800.0],0.0003560865],
[[850.0],0.0003750053],
[[900.0],0.000389641],
[[950.0],0.0004355952],
[[1000.0],0.0004629626],
[[1050.0],0.0005079991],
[[1100.0],0.0005182962],
[[1150.0],0.0005649276],
[[1200.0],0.0005693506],
[[1250.0],0.0006062426],
[[1300.0],0.0006978015],
[[1350.0],0.0006429646],
[[1400.0],0.0006593407],
[[1450.0],0.0007074973],
[[1500.0],0.0006868812],
[[1550.0],0.000731691],
[[1600.0],0.0007338568],
[[1650.0],0.000765049],
[[1700.0],0.0007413825],
[[1750.0],0.0007567563],
[[1800.0],0.0007868896],
[[1850.0],0.0007637199],
[[1900.0],0.0007352818],
[[1950.0],0.0008595101],
[[2000.0],0.0009441446],
[[2250.0],0.0009639458],
[[2500.0],0.001044375],
[[2750.0],0.001074814],
[[3000.0],0.001045961]]
