txName: TChiWWISRqq
constraint: {(PV > anyBSM(1), anyBSM(3)), (anyBSM(1) > q, q, MET(2)), (anyBSM(3) > q, q, MET(4))}
condition: None
conditionDescription: None
figureUrl: None
source: Recast by MA5
validated: True
axesMap: [{0: 'x', 1: 'y', 2: 'x', 3: 'y'}]
dataMap: {0: (1, 'mass', GeV), 1: (2, 'mass', GeV), 2: (3, 'mass', GeV), 3: (4, 'mass', GeV)}
finalState: ['MET', 'MET']
efficiencyMap: [[[10.0,1.0,10.0,1.0],0.0],
[[10.0,3.0,10.0,3.0],0.0],
[[10.0,5.0,10.0,5.0],0.0],
[[10.0,7.0,10.0,7.0],0.0],
[[10.0,9.0,10.0,9.0],1.178949e-08],
[[11.0,10.0,11.0,10.0],1.798904e-08],
[[13.0,10.0,13.0,10.0],0.0],
[[15.0,10.0,15.0,10.0],0.0],
[[20.0,10.0,20.0,10.0],0.0],
[[21.0,20.0,21.0,20.0],5.528769e-07],
[[23.0,20.0,23.0,20.0],1.187142e-08],
[[25.0,20.0,25.0,20.0],0.0],
[[30.0,10.0,30.0,10.0],0.0],
[[30.0,20.0,30.0,20.0],0.0],
[[31.0,30.0,31.0,30.0],9.723807e-06],
[[33.0,30.0,33.0,30.0],1.84561e-07],
[[35.0,30.0,35.0,30.0],2.748275e-08],
[[40.0,20.0,40.0,20.0],0.0],
[[40.0,30.0,40.0,30.0],5.50464e-09],
[[41.0,40.0,41.0,40.0],3.473752e-06],
[[43.0,40.0,43.0,40.0],9.53185e-08],
[[45.0,40.0,45.0,40.0],9.311753e-08],
[[50.0,10.0,50.0,10.0],0.0],
[[50.0,30.0,50.0,30.0],2.417765e-08],
[[50.0,40.0,50.0,40.0],1.217308e-07],
[[51.0,50.0,51.0,50.0],1.363972e-05],
[[53.0,50.0,53.0,50.0],2.39102e-06],
[[55.0,50.0,55.0,50.0],1.288253e-06],
[[60.0,20.0,60.0,20.0],6.776839e-08],
[[60.0,40.0,60.0,40.0],1.427689e-07],
[[60.0,50.0,60.0,50.0],4.448634e-07],
[[61.0,60.0,61.0,60.0],2.534294e-05],
[[63.0,60.0,63.0,60.0],9.364543e-06],
[[65.0,60.0,65.0,60.0],4.474015e-06],
[[70.0,10.0,70.0,10.0],0.0],
[[70.0,30.0,70.0,30.0],6.350762e-08],
[[70.0,50.0,70.0,50.0],5.014444e-07],
[[70.0,60.0,70.0,60.0],3.394242e-06],
[[71.0,70.0,71.0,70.0],3.868579e-05],
[[73.0,70.0,73.0,70.0],1.588574e-05],
[[75.0,70.0,75.0,70.0],7.308314e-06],
[[80.0,20.0,80.0,20.0],4.087101e-08],
[[80.0,40.0,80.0,40.0],1.242984e-07],
[[80.0,60.0,80.0,60.0],9.636572e-07],
[[80.0,70.0,80.0,70.0],8.595114e-06],
[[81.0,80.0,81.0,80.0],6.155213e-05],
[[83.0,80.0,83.0,80.0],3.155068e-05],
[[85.0,80.0,85.0,80.0],1.691582e-05],
[[90.0,10.0,90.0,10.0],8.589063e-07],
[[90.0,30.0,90.0,30.0],1.809936e-07],
[[90.0,50.0,90.0,50.0],5.011859e-07],
[[90.0,70.0,90.0,70.0],1.899018e-06],
[[90.0,80.0,90.0,80.0],6.230001e-06],
[[91.0,90.0,91.0,90.0],7.770972e-05],
[[93.0,90.0,93.0,90.0],5.607666e-05],
[[95.0,90.0,95.0,90.0],2.614904e-05],
[[100.0,20.0,100.0,20.0],1.287468e-07],
[[100.0,40.0,100.0,40.0],1.655961e-07],
[[100.0,60.0,100.0,60.0],5.834705e-07],
[[100.0,80.0,100.0,80.0],2.989313e-06],
[[100.0,90.0,100.0,90.0],1.142012e-05],
[[101.0,100.0,101.0,100.0],8.652557e-05],
[[103.0,100.0,103.0,100.0],6.34719e-05],
[[103.0,102.0,103.0,102.0],8.854082e-05],
[[105.0,100.0,105.0,100.0],4.440155e-05],
[[105.0,102.0,105.0,102.0],7.108686e-05],
[[107.0,102.0,107.0,102.0],4.755952e-05],
[[110.0,30.0,110.0,30.0],1.906366e-07],
[[110.0,50.0,110.0,50.0],5.125906e-07],
[[110.0,70.0,110.0,70.0],1.104196e-06],
[[110.0,90.0,110.0,90.0],6.006464e-06],
[[110.0,100.0,110.0,100.0],1.53696e-05],
[[112.0,102.0,112.0,102.0],1.764795e-05],
[[120.0,40.0,120.0,40.0],4.830656e-07],
[[120.0,60.0,120.0,60.0],6.740714e-07],
[[120.0,80.0,120.0,80.0],2.947188e-06],
[[120.0,100.0,120.0,100.0],7.230266e-06],
[[122.0,102.0,122.0,102.0],9.998719e-06],
[[123.0,122.0,123.0,122.0],0.0001418451],
[[125.0,122.0,125.0,122.0],0.0001375611],
[[127.0,122.0,127.0,122.0],8.591399e-05],
[[130.0,50.0,130.0,50.0],1.162986e-06],
[[130.0,70.0,130.0,70.0],1.114721e-06],
[[130.0,90.0,130.0,90.0],4.850231e-06],
[[132.0,122.0,132.0,122.0],4.498503e-05],
[[140.0,60.0,140.0,60.0],1.249767e-06],
[[140.0,80.0,140.0,80.0],3.096305e-06],
[[140.0,100.0,140.0,100.0],5.492742e-06],
[[142.0,102.0,142.0,102.0],5.315369e-06],
[[142.0,122.0,142.0,122.0],2.048355e-05],
[[143.0,142.0,143.0,142.0],0.0002005433],
[[145.0,142.0,145.0,142.0],0.000181345],
[[147.0,142.0,147.0,142.0],0.0001357027],
[[150.0,70.0,150.0,70.0],1.723496e-06],
[[150.0,90.0,150.0,90.0],3.030747e-06],
[[152.0,142.0,152.0,142.0],6.715546e-05],
[[160.0,80.0,160.0,80.0],2.543853e-06],
[[160.0,100.0,160.0,100.0],4.797207e-06],
[[162.0,102.0,162.0,102.0],5.794723e-06],
[[162.0,122.0,162.0,122.0],1.214177e-05],
[[162.0,142.0,162.0,142.0],3.220864e-05],
[[163.0,162.0,163.0,162.0],0.0002771735],
[[165.0,162.0,165.0,162.0],0.0002367039],
[[167.0,162.0,167.0,162.0],0.0001996434],
[[170.0,90.0,170.0,90.0],4.042321e-06],
[[172.0,162.0,172.0,162.0],0.0001233605],
[[180.0,100.0,180.0,100.0],5.2023e-06],
[[182.0,102.0,182.0,102.0],5.405224e-06],
[[182.0,122.0,182.0,122.0],9.561476e-06],
[[182.0,142.0,182.0,142.0],2.05232e-05],
[[182.0,162.0,182.0,162.0],5.567112e-05],
[[183.0,182.0,183.0,182.0],0.0003725443],
[[185.0,182.0,185.0,182.0],0.0003331796],
[[187.0,182.0,187.0,182.0],0.0002842463],
[[192.0,182.0,192.0,182.0],0.0001652533],
[[202.0,122.0,202.0,122.0],9.82278e-06],
[[202.0,142.0,202.0,142.0],1.77281e-05],
[[202.0,162.0,202.0,162.0],2.875186e-05],
[[202.0,182.0,202.0,182.0],0.0001004576],
[[203.0,202.0,203.0,202.0],0.0004347992],
[[205.0,202.0,205.0,202.0],0.0003961759],
[[207.0,202.0,207.0,202.0],0.0003872906],
[[212.0,202.0,212.0,202.0],0.0002582625],
[[222.0,142.0,222.0,142.0],1.473784e-05],
[[222.0,162.0,222.0,162.0],2.931636e-05],
[[222.0,182.0,222.0,182.0],5.771114e-05],
[[222.0,202.0,222.0,202.0],0.0001230277],
[[223.0,222.0,223.0,222.0],0.0005494408],
[[225.0,222.0,225.0,222.0],0.0005060387],
[[227.0,222.0,227.0,222.0],0.0004370292],
[[232.0,222.0,232.0,222.0],0.0003266],
[[242.0,162.0,242.0,162.0],2.257433e-05],
[[242.0,182.0,242.0,182.0],3.52547e-05],
[[242.0,202.0,242.0,202.0],6.831419e-05],
[[242.0,222.0,242.0,222.0],0.0001689227],
[[243.0,242.0,243.0,242.0],0.0005664329],
[[245.0,242.0,245.0,242.0],0.000579874],
[[247.0,242.0,247.0,242.0],0.0005268616],
[[252.0,242.0,252.0,242.0],0.0003887115],
[[262.0,182.0,262.0,182.0],3.181678e-05],
[[262.0,202.0,262.0,202.0],6.641107e-05],
[[262.0,222.0,262.0,222.0],9.66355e-05],
[[262.0,242.0,262.0,242.0],0.0002397619],
[[263.0,262.0,263.0,262.0],0.0006646834],
[[265.0,262.0,265.0,262.0],0.000669699],
[[267.0,262.0,267.0,262.0],0.0006306778],
[[272.0,262.0,272.0,262.0],0.0005252084],
[[282.0,202.0,282.0,202.0],4.359335e-05],
[[282.0,222.0,282.0,222.0],7.056752e-05],
[[282.0,242.0,282.0,242.0],0.0001239969],
[[282.0,262.0,282.0,262.0],0.0003021761],
[[283.0,282.0,283.0,282.0],0.0007498707],
[[285.0,282.0,285.0,282.0],0.0007514349],
[[287.0,282.0,287.0,282.0],0.0007248993],
[[292.0,282.0,292.0,282.0],0.0005653041],
[[302.0,222.0,302.0,222.0],6.414682e-05],
[[302.0,242.0,302.0,242.0],9.241391e-05],
[[302.0,262.0,302.0,262.0],0.0001604766],
[[302.0,282.0,302.0,282.0],0.0003903899],
[[303.0,302.0,303.0,302.0],0.0008475405],
[[305.0,302.0,305.0,302.0],0.0008370885],
[[307.0,302.0,307.0,302.0],0.0008110482],
[[312.0,302.0,312.0,302.0],0.0006511979],
[[322.0,242.0,322.0,242.0],8.135438e-05],
[[322.0,262.0,322.0,262.0],0.0001115694],
[[322.0,282.0,322.0,282.0],0.0002245544],
[[322.0,302.0,322.0,302.0],0.0004081968],
[[323.0,322.0,323.0,322.0],0.0009556289],
[[325.0,322.0,325.0,322.0],0.0009300438],
[[327.0,322.0,327.0,322.0],0.0009025829],
[[332.0,322.0,332.0,322.0],0.0007158332],
[[342.0,262.0,342.0,262.0],9.141182e-05],
[[342.0,282.0,342.0,282.0],0.0001375058],
[[342.0,302.0,342.0,302.0],0.0002645658],
[[342.0,322.0,342.0,322.0],0.0004825894],
[[343.0,342.0,343.0,342.0],0.001047278],
[[345.0,342.0,345.0,342.0],0.0009976116],
[[347.0,342.0,347.0,342.0],0.001003367],
[[352.0,342.0,352.0,342.0],0.0008659442],
[[362.0,282.0,362.0,282.0],0.0001191365],
[[362.0,302.0,362.0,302.0],0.0001789115],
[[362.0,322.0,362.0,322.0],0.0002736165],
[[362.0,342.0,362.0,342.0],0.0005481071],
[[363.0,362.0,363.0,362.0],0.001137359],
[[365.0,362.0,365.0,362.0],0.00109826],
[[367.0,362.0,367.0,362.0],0.001086604],
[[372.0,362.0,372.0,362.0],0.0009350012],
[[382.0,302.0,382.0,302.0],0.0001536609],
[[382.0,322.0,382.0,322.0],0.0001949774],
[[382.0,342.0,382.0,342.0],0.0003202775],
[[382.0,362.0,382.0,362.0],0.000642548],
[[383.0,382.0,383.0,382.0],0.001228054],
[[385.0,382.0,385.0,382.0],0.001160656],
[[387.0,382.0,387.0,382.0],0.001192181],
[[392.0,382.0,392.0,382.0],0.001038138],
[[402.0,322.0,402.0,322.0],0.0001684901],
[[402.0,342.0,402.0,342.0],0.0002274806],
[[402.0,362.0,402.0,362.0],0.0003776257],
[[402.0,382.0,402.0,382.0],0.0007621175],
[[403.0,402.0,403.0,402.0],0.00134939],
[[405.0,402.0,405.0,402.0],0.00127548],
[[407.0,402.0,407.0,402.0],0.001257313],
[[412.0,402.0,412.0,402.0],0.001119203],
[[422.0,342.0,422.0,342.0],0.0001910505],
[[422.0,362.0,422.0,362.0],0.0002757279],
[[422.0,382.0,422.0,382.0],0.00041223],
[[422.0,402.0,422.0,402.0],0.0007989067],
[[442.0,362.0,442.0,362.0],0.0002029423],
[[442.0,382.0,442.0,382.0],0.0003341127],
[[442.0,402.0,442.0,402.0],0.0004797577],
[[462.0,382.0,462.0,382.0],0.0002289244],
[[462.0,402.0,462.0,402.0],0.0003421175],
[[482.0,402.0,482.0,402.0],0.0002648851],
[[503.0,502.0,503.0,502.0],0.001682085],
[[505.0,502.0,505.0,502.0],0.001647513],
[[507.0,502.0,507.0,502.0],0.001651899],
[[512.0,502.0,512.0,502.0],0.001592666],
[[522.0,502.0,522.0,502.0],0.001187587],
[[542.0,502.0,542.0,502.0],0.0007583717],
[[562.0,502.0,562.0,502.0],0.000593581],
[[582.0,502.0,582.0,502.0],0.0004106874],
[[603.0,602.0,603.0,602.0],0.002114471],
[[605.0,602.0,605.0,602.0],0.00207429],
[[607.0,602.0,607.0,602.0],0.002017527],
[[612.0,602.0,612.0,602.0],0.00196393],
[[622.0,602.0,622.0,602.0],0.001520775],
[[642.0,602.0,642.0,602.0],0.001063457],
[[662.0,602.0,662.0,602.0],0.0007322126],
[[682.0,602.0,682.0,602.0],0.0006042694],
[[703.0,702.0,703.0,702.0],0.002423087],
[[705.0,702.0,705.0,702.0],0.002340132],
[[707.0,702.0,707.0,702.0],0.002384077],
[[712.0,702.0,712.0,702.0],0.002265039],
[[722.0,702.0,722.0,702.0],0.001941559],
[[742.0,702.0,742.0,702.0],0.001322507],
[[762.0,702.0,762.0,702.0],0.0009545599],
[[782.0,702.0,782.0,702.0],0.0007767538],
[[803.0,802.0,803.0,802.0],0.002693431],
[[805.0,802.0,805.0,802.0],0.002696848],
[[807.0,802.0,807.0,802.0],0.002695281],
[[812.0,802.0,812.0,802.0],0.002593516],
[[822.0,802.0,822.0,802.0],0.00218197],
[[842.0,802.0,842.0,802.0],0.00157145],
[[862.0,802.0,862.0,802.0],0.001116427],
[[882.0,802.0,882.0,802.0],0.0008769387],
[[903.0,902.0,903.0,902.0],0.002911994],
[[905.0,902.0,905.0,902.0],0.002890819],
[[907.0,902.0,907.0,902.0],0.002839018],
[[912.0,902.0,912.0,902.0],0.00285616],
[[922.0,902.0,922.0,902.0],0.002488205],
[[942.0,902.0,942.0,902.0],0.001769653],
[[962.0,902.0,962.0,902.0],0.001354771],
[[982.0,902.0,982.0,902.0],0.001029466],
[[1003.0,1002.0,1003.0,1002.0],0.003129788],
[[1005.0,1002.0,1005.0,1002.0],0.003066518],
[[1007.0,1002.0,1007.0,1002.0],0.00310906],
[[1012.0,1002.0,1012.0,1002.0],0.003042662],
[[1022.0,1002.0,1022.0,1002.0],0.002757939],
[[1042.0,1002.0,1042.0,1002.0],0.001982942],
[[1062.0,1002.0,1062.0,1002.0],0.00144138],
[[1082.0,1002.0,1082.0,1002.0],0.001145771],
[[1103.0,1102.0,1103.0,1102.0],0.003246197],
[[1105.0,1102.0,1105.0,1102.0],0.003235145],
[[1107.0,1102.0,1107.0,1102.0],0.003294961],
[[1112.0,1102.0,1112.0,1102.0],0.003191248],
[[1122.0,1102.0,1122.0,1102.0],0.002855893],
[[1142.0,1102.0,1142.0,1102.0],0.002148794],
[[1162.0,1102.0,1162.0,1102.0],0.001605725],
[[1182.0,1102.0,1182.0,1102.0],0.001233133],
[[1203.0,1202.0,1203.0,1202.0],0.003388809],
[[1205.0,1202.0,1205.0,1202.0],0.003424169],
[[1207.0,1202.0,1207.0,1202.0],0.003431642],
[[1212.0,1202.0,1212.0,1202.0],0.003356429],
[[1222.0,1202.0,1222.0,1202.0],0.003058874],
[[1242.0,1202.0,1242.0,1202.0],0.002333004],
[[1262.0,1202.0,1262.0,1202.0],0.001710693],
[[1282.0,1202.0,1282.0,1202.0],0.001313515],
[[1303.0,1302.0,1303.0,1302.0],0.003567449],
[[1305.0,1302.0,1305.0,1302.0],0.003496706],
[[1307.0,1302.0,1307.0,1302.0],0.003599794],
[[1312.0,1302.0,1312.0,1302.0],0.003445256],
[[1322.0,1302.0,1322.0,1302.0],0.003255307],
[[1342.0,1302.0,1342.0,1302.0],0.00243454],
[[1362.0,1302.0,1362.0,1302.0],0.001791611],
[[1382.0,1302.0,1382.0,1302.0],0.001443095],
[[1403.0,1402.0,1403.0,1402.0],0.003622908],
[[1405.0,1402.0,1405.0,1402.0],0.003671559],
[[1407.0,1402.0,1407.0,1402.0],0.003604169],
[[1412.0,1402.0,1412.0,1402.0],0.003647553],
[[1422.0,1402.0,1422.0,1402.0],0.003324471],
[[1442.0,1402.0,1442.0,1402.0],0.002542901],
[[1462.0,1402.0,1462.0,1402.0],0.001906224],
[[1482.0,1402.0,1482.0,1402.0],0.001515796],
[[1503.0,1502.0,1503.0,1502.0],0.0036962],
[[1505.0,1502.0,1505.0,1502.0],0.003683518],
[[1507.0,1502.0,1507.0,1502.0],0.003621137],
[[1512.0,1502.0,1512.0,1502.0],0.003580251],
[[1522.0,1502.0,1522.0,1502.0],0.003396246],
[[1542.0,1502.0,1542.0,1502.0],0.002636926],
[[1562.0,1502.0,1562.0,1502.0],0.001937304],
[[1582.0,1502.0,1582.0,1502.0],0.00161576],
[[1603.0,1602.0,1603.0,1602.0],0.003786992],
[[1605.0,1602.0,1605.0,1602.0],0.003761912],
[[1607.0,1602.0,1607.0,1602.0],0.003677148],
[[1612.0,1602.0,1612.0,1602.0],0.003677664],
[[1622.0,1602.0,1622.0,1602.0],0.003445468],
[[1642.0,1602.0,1642.0,1602.0],0.002651156],
[[1662.0,1602.0,1662.0,1602.0],0.002089398],
[[1682.0,1602.0,1682.0,1602.0],0.001624647],
[[1703.0,1702.0,1703.0,1702.0],0.00371473],
[[1705.0,1702.0,1705.0,1702.0],0.003723639],
[[1707.0,1702.0,1707.0,1702.0],0.00384943],
[[1712.0,1702.0,1712.0,1702.0],0.003711861],
[[1722.0,1702.0,1722.0,1702.0],0.003506752],
[[1742.0,1702.0,1742.0,1702.0],0.002738115],
[[1762.0,1702.0,1762.0,1702.0],0.002089696],
[[1782.0,1702.0,1782.0,1702.0],0.001662013],
[[1803.0,1802.0,1803.0,1802.0],0.003796456],
[[1805.0,1802.0,1805.0,1802.0],0.003825718],
[[1807.0,1802.0,1807.0,1802.0],0.003805631],
[[1812.0,1802.0,1812.0,1802.0],0.003724242],
[[1822.0,1802.0,1822.0,1802.0],0.003494526],
[[1842.0,1802.0,1842.0,1802.0],0.002790186],
[[1862.0,1802.0,1862.0,1802.0],0.002195268],
[[1882.0,1802.0,1882.0,1802.0],0.00173954],
[[1903.0,1902.0,1903.0,1902.0],0.003807493],
[[1905.0,1902.0,1905.0,1902.0],0.003822017],
[[1907.0,1902.0,1907.0,1902.0],0.003800136],
[[1912.0,1902.0,1912.0,1902.0],0.003738443],
[[1922.0,1902.0,1922.0,1902.0],0.003518686],
[[1942.0,1902.0,1942.0,1902.0],0.002895183],
[[1962.0,1902.0,1962.0,1902.0],0.002270666],
[[1982.0,1902.0,1982.0,1902.0],0.001729578],
[[2003.0,2002.0,2003.0,2002.0],0.003804945],
[[2005.0,2002.0,2005.0,2002.0],0.003725431],
[[2007.0,2002.0,2007.0,2002.0],0.003769433],
[[2012.0,2002.0,2012.0,2002.0],0.003801108],
[[2022.0,2002.0,2022.0,2002.0],0.003600434],
[[2042.0,2002.0,2042.0,2002.0],0.00287125],
[[2062.0,2002.0,2062.0,2002.0],0.002263341],
[[2082.0,2002.0,2082.0,2002.0],0.00175192]]
