txName: TRV1
constraint: {(PV > Zprime(1)), (Zprime(1) > MET(2),MET(3))}
condition: None
conditionDescription: None
figureUrl: https://atlas.web.cern.ch/Atlas/GROUPS/PHYSICS/PAPERS/EXOT-2018-06/figaux_06.png
source: CMS
validated: True
axesMap: [{0: 'x', 1: 'y', 2: 'y'}]
dataMap: {0: (1, 'mass', GeV), 1: (2, 'mass', GeV), 2: (3, 'mass', GeV)}
finalState: ['MET', 'MET']
efficiencyMap: [[[100.0,0.0,0.0],6.434138e-06],
[[100.0,50.0,50.0],9.230172e-06],
[[200.0,0.0,0.0],2.920912e-05],
[[200.0,50.0,50.0],2.836076e-05],
[[200.0,100.0,100.0],3.348014e-05],
[[300.0,0.0,0.0],6.637039e-05],
[[300.0,50.0,50.0],6.918141e-05],
[[300.0,100.0,100.0],7.636985e-05],
[[300.0,150.0,150.0],9.055294e-05],
[[400.0,0.0,0.0],0.000154272],
[[400.0,50.0,50.0],0.0001417712],
[[400.0,100.0,100.0],0.0001509182],
[[400.0,150.0,150.0],0.0001471903],
[[400.0,200.0,200.0],0.0001881696],
[[500.0,0.0,0.0],0.0002563279],
[[500.0,50.0,50.0],0.0002532698],
[[500.0,100.0,100.0],0.0002777833],
[[500.0,150.0,150.0],0.0002734622],
[[500.0,200.0,200.0],0.0002839362],
[[500.0,250.0,250.0],0.0003125078],
[[600.0,0.0,0.0],0.0003943682],
[[600.0,50.0,50.0],0.0003853586],
[[600.0,100.0,100.0],0.0004104527],
[[600.0,150.0,150.0],0.0004000935],
[[600.0,200.0,200.0],0.0003932097],
[[600.0,250.0,250.0],0.0004100249],
[[600.0,300.0,300.0],0.0004578754],
[[700.0,0.0,0.0],0.0005440512],
[[700.0,50.0,50.0],0.0005838499],
[[700.0,100.0,100.0],0.000553459],
[[700.0,150.0,150.0],0.0005411918],
[[700.0,200.0,200.0],0.0005553448],
[[700.0,250.0,250.0],0.0005776605],
[[700.0,300.0,300.0],0.0005849716],
[[700.0,350.0,350.0],0.0006448796],
[[800.0,0.0,0.0],0.0007202127],
[[800.0,50.0,50.0],0.0007160977],
[[800.0,100.0,100.0],0.0007314273],
[[800.0,150.0,150.0],0.0007251848],
[[800.0,200.0,200.0],0.0007191104],
[[800.0,250.0,250.0],0.0007709927],
[[800.0,300.0,300.0],0.0007104874],
[[800.0,350.0,350.0],0.0007671778],
[[800.0,400.0,400.0],0.0008591415],
[[900.0,0.0,0.0],0.0008487968],
[[900.0,50.0,50.0],0.0008876648],
[[900.0,100.0,100.0],0.0009083684],
[[900.0,150.0,150.0],0.0008780233],
[[900.0,200.0,200.0],0.0008814402],
[[900.0,250.0,250.0],0.0009237986],
[[900.0,300.0,300.0],0.0009360406],
[[900.0,350.0,350.0],0.0009431883],
[[900.0,400.0,400.0],0.0009625561],
[[900.0,450.0,450.0],0.001037723],
[[1000.0,0.0,0.0],0.001055186],
[[1000.0,50.0,50.0],0.001031836],
[[1000.0,100.0,100.0],0.001091461],
[[1000.0,150.0,150.0],0.001077194],
[[1000.0,200.0,200.0],0.001089278],
[[1000.0,250.0,250.0],0.00111671],
[[1000.0,300.0,300.0],0.001101282],
[[1000.0,350.0,350.0],0.001118056],
[[1000.0,400.0,400.0],0.001140175],
[[1000.0,450.0,450.0],0.001124324],
[[1000.0,500.0,500.0],0.001229631],
[[1100.0,0.0,0.0],0.001236217],
[[1100.0,50.0,50.0],0.001222368],
[[1100.0,100.0,100.0],0.001242079],
[[1100.0,150.0,150.0],0.001210035],
[[1100.0,200.0,200.0],0.001248622],
[[1100.0,250.0,250.0],0.001294057],
[[1100.0,300.0,300.0],0.001294039],
[[1100.0,350.0,350.0],0.001305165],
[[1100.0,400.0,400.0],0.001285438],
[[1100.0,450.0,450.0],0.00131644],
[[1100.0,500.0,500.0],0.001325157],
[[1100.0,550.0,550.0],0.001410942],
[[1200.0,0.0,0.0],0.001346198],
[[1200.0,50.0,50.0],0.001353858],
[[1200.0,100.0,100.0],0.001387009],
[[1200.0,150.0,150.0],0.001421144],
[[1200.0,200.0,200.0],0.001389939],
[[1200.0,250.0,250.0],0.001421803],
[[1200.0,300.0,300.0],0.001448842],
[[1200.0,350.0,350.0],0.001463902],
[[1200.0,400.0,400.0],0.0014938],
[[1200.0,450.0,450.0],0.001480673],
[[1200.0,500.0,500.0],0.001443368],
[[1200.0,550.0,550.0],0.001535804],
[[1200.0,600.0,600.0],0.00164367],
[[1300.0,0.0,0.0],0.001538059],
[[1300.0,50.0,50.0],0.001531875],
[[1300.0,100.0,100.0],0.001533006],
[[1300.0,150.0,150.0],0.001556195],
[[1300.0,200.0,200.0],0.001596803],
[[1300.0,250.0,250.0],0.001584692],
[[1300.0,300.0,300.0],0.00167056],
[[1300.0,350.0,350.0],0.00161915],
[[1300.0,400.0,400.0],0.00162578],
[[1300.0,450.0,450.0],0.001655228],
[[1300.0,500.0,500.0],0.001662872],
[[1300.0,550.0,550.0],0.001674438],
[[1300.0,600.0,600.0],0.001671258],
[[1300.0,650.0,650.0],0.001771631],
[[1400.0,0.0,0.0],0.001720568],
[[1400.0,50.0,50.0],0.001702036],
[[1400.0,100.0,100.0],0.001749112],
[[1400.0,150.0,150.0],0.001708746],
[[1400.0,200.0,200.0],0.001716226],
[[1400.0,250.0,250.0],0.001731338],
[[1400.0,300.0,300.0],0.001744016],
[[1400.0,350.0,350.0],0.00178575],
[[1400.0,400.0,400.0],0.001761884],
[[1400.0,450.0,450.0],0.001775584],
[[1400.0,500.0,500.0],0.001775997],
[[1400.0,550.0,550.0],0.001800525],
[[1400.0,600.0,600.0],0.001821774],
[[1400.0,650.0,650.0],0.001844893],
[[1400.0,700.0,700.0],0.001953365],
[[1500.0,0.0,0.0],0.001765637],
[[1500.0,50.0,50.0],0.001787633],
[[1500.0,100.0,100.0],0.001888683],
[[1500.0,150.0,150.0],0.001850485],
[[1500.0,200.0,200.0],0.001880319],
[[1500.0,250.0,250.0],0.001945326],
[[1500.0,300.0,300.0],0.001895878],
[[1500.0,350.0,350.0],0.001935645],
[[1500.0,400.0,400.0],0.001929072],
[[1500.0,450.0,450.0],0.00194363],
[[1500.0,500.0,500.0],0.001952773],
[[1500.0,550.0,550.0],0.001919766],
[[1500.0,600.0,600.0],0.001976308],
[[1500.0,650.0,650.0],0.00203781],
[[1500.0,700.0,700.0],0.002068605],
[[1500.0,750.0,750.0],0.00211118],
[[1600.0,0.0,0.0],0.00195515],
[[1600.0,50.0,50.0],0.001908745],
[[1600.0,100.0,100.0],0.001956236],
[[1600.0,150.0,150.0],0.002014283],
[[1600.0,200.0,200.0],0.002023265],
[[1600.0,250.0,250.0],0.002047167],
[[1600.0,300.0,300.0],0.0019871],
[[1600.0,350.0,350.0],0.002025928],
[[1600.0,400.0,400.0],0.002039703],
[[1600.0,450.0,450.0],0.002096741],
[[1600.0,500.0,500.0],0.002108434],
[[1600.0,550.0,550.0],0.002105136],
[[1600.0,600.0,600.0],0.002134454],
[[1600.0,650.0,650.0],0.002154227],
[[1600.0,700.0,700.0],0.002181748],
[[1600.0,750.0,750.0],0.002148144],
[[1600.0,800.0,800.0],0.002227501],
[[1700.0,0.0,0.0],0.002053815],
[[1700.0,50.0,50.0],0.002079227],
[[1700.0,100.0,100.0],0.002100637],
[[1700.0,150.0,150.0],0.00209508],
[[1700.0,200.0,200.0],0.002151238],
[[1700.0,250.0,250.0],0.002165296],
[[1700.0,300.0,300.0],0.002212924],
[[1700.0,350.0,350.0],0.002211462],
[[1700.0,400.0,400.0],0.002217138],
[[1700.0,450.0,450.0],0.002264287],
[[1700.0,500.0,500.0],0.002280048],
[[1700.0,550.0,550.0],0.002269252],
[[1700.0,600.0,600.0],0.002247041],
[[1700.0,650.0,650.0],0.00232166],
[[1700.0,700.0,700.0],0.002319426],
[[1700.0,750.0,750.0],0.002308228],
[[1700.0,800.0,800.0],0.002351227],
[[1700.0,850.0,850.0],0.002408262],
[[1800.0,0.0,0.0],0.002203248],
[[1800.0,50.0,50.0],0.002178939],
[[1800.0,100.0,100.0],0.002252522],
[[1800.0,150.0,150.0],0.00227438],
[[1800.0,200.0,200.0],0.002242067],
[[1800.0,250.0,250.0],0.002248464],
[[1800.0,300.0,300.0],0.002278605],
[[1800.0,350.0,350.0],0.002367686],
[[1800.0,400.0,400.0],0.002415385],
[[1800.0,450.0,450.0],0.002356421],
[[1800.0,500.0,500.0],0.002385008],
[[1800.0,550.0,550.0],0.002433774],
[[1800.0,600.0,600.0],0.002390562],
[[1800.0,650.0,650.0],0.002353715],
[[1800.0,700.0,700.0],0.002408911],
[[1800.0,750.0,750.0],0.00240166],
[[1800.0,800.0,800.0],0.002513778],
[[1800.0,850.0,850.0],0.002524656],
[[1800.0,900.0,900.0],0.00256027],
[[1900.0,0.0,0.0],0.002262243],
[[1900.0,50.0,50.0],0.002313742],
[[1900.0,100.0,100.0],0.002274674],
[[1900.0,150.0,150.0],0.002341922],
[[1900.0,200.0,200.0],0.002409625],
[[1900.0,250.0,250.0],0.002372243],
[[1900.0,300.0,300.0],0.002429412],
[[1900.0,350.0,350.0],0.002391797],
[[1900.0,400.0,400.0],0.00248411],
[[1900.0,450.0,450.0],0.002463625],
[[1900.0,500.0,500.0],0.002497096],
[[1900.0,550.0,550.0],0.002513942],
[[1900.0,600.0,600.0],0.002494065],
[[1900.0,650.0,650.0],0.002523962],
[[1900.0,700.0,700.0],0.00254169],
[[1900.0,750.0,750.0],0.002545963],
[[1900.0,800.0,800.0],0.002568802],
[[1900.0,850.0,850.0],0.002597853],
[[1900.0,900.0,900.0],0.002618293],
[[1900.0,950.0,950.0],0.002705464],
[[2000.0,0.0,0.0],0.002344088],
[[2000.0,50.0,50.0],0.002360788],
[[2000.0,100.0,100.0],0.002407287],
[[2000.0,150.0,150.0],0.002442465],
[[2000.0,200.0,200.0],0.002421192],
[[2000.0,250.0,250.0],0.002465146],
[[2000.0,300.0,300.0],0.002517125],
[[2000.0,350.0,350.0],0.002542967],
[[2000.0,400.0,400.0],0.002553189],
[[2000.0,450.0,450.0],0.002589452],
[[2000.0,500.0,500.0],0.002572881],
[[2000.0,550.0,550.0],0.002661293],
[[2000.0,600.0,600.0],0.002629489],
[[2000.0,650.0,650.0],0.002675253],
[[2000.0,700.0,700.0],0.002670222],
[[2000.0,750.0,750.0],0.002723016],
[[2000.0,800.0,800.0],0.002718826],
[[2000.0,850.0,850.0],0.002676505],
[[2000.0,900.0,900.0],0.002716546],
[[2000.0,950.0,950.0],0.002751851],
[[2000.0,1000.0,1000.0],0.002806543],
[[2100.0,0.0,0.0],0.002429133],
[[2100.0,50.0,50.0],0.002439069],
[[2100.0,100.0,100.0],0.002506283],
[[2100.0,150.0,150.0],0.002574281],
[[2100.0,200.0,200.0],0.002556232],
[[2100.0,250.0,250.0],0.002589352],
[[2100.0,300.0,300.0],0.002659075],
[[2100.0,350.0,350.0],0.002639091],
[[2100.0,400.0,400.0],0.002664845],
[[2100.0,450.0,450.0],0.002662046],
[[2100.0,500.0,500.0],0.002682814],
[[2100.0,550.0,550.0],0.002726789],
[[2100.0,600.0,600.0],0.00277553],
[[2100.0,650.0,650.0],0.002798759],
[[2100.0,700.0,700.0],0.002790632],
[[2100.0,750.0,750.0],0.002716745],
[[2100.0,800.0,800.0],0.00278293],
[[2100.0,850.0,850.0],0.002803205],
[[2100.0,900.0,900.0],0.002777602],
[[2100.0,950.0,950.0],0.002816282],
[[2100.0,1000.0,1000.0],0.002936772],
[[2100.0,1050.0,1050.0],0.00292063],
[[2200.0,0.0,0.0],0.0024839],
[[2200.0,50.0,50.0],0.002573325],
[[2200.0,100.0,100.0],0.002556083],
[[2200.0,150.0,150.0],0.002598519],
[[2200.0,200.0,200.0],0.002684982],
[[2200.0,250.0,250.0],0.002668723],
[[2200.0,300.0,300.0],0.002727437],
[[2200.0,350.0,350.0],0.002773399],
[[2200.0,400.0,400.0],0.002718923],
[[2200.0,450.0,450.0],0.002800372],
[[2200.0,500.0,500.0],0.002812822],
[[2200.0,550.0,550.0],0.002859318],
[[2200.0,600.0,600.0],0.002924228],
[[2200.0,650.0,650.0],0.002906032],
[[2200.0,700.0,700.0],0.00288343],
[[2200.0,750.0,750.0],0.002903101],
[[2200.0,800.0,800.0],0.002894384],
[[2200.0,850.0,850.0],0.002989012],
[[2200.0,900.0,900.0],0.002881443],
[[2200.0,950.0,950.0],0.002965405],
[[2200.0,1000.0,1000.0],0.002953027],
[[2200.0,1050.0,1050.0],0.002999708],
[[2200.0,1100.0,1100.0],0.003065104]]
