dataId: SR_2017_6
dataType: efficiencyMap
observedN: 12910
expectedBG: 12816.66046
bgError: 266.2129334761931
upperLimit: 4.788*fb
expectedUpperLimit: 4.689*fb
