txName: TChiWWISRqq
constraint: {(PV > anyBSM(1), anyBSM(3)), (anyBSM(1) > q, q, MET(2)), (anyBSM(3) > q, q, MET(4))}
condition: None
conditionDescription: None
figureUrl: None
source: Recast by MA5
validated: True
axesMap: [{0: 'x', 1: 'y', 2: 'x', 3: 'y'}]
dataMap: {0: (1, 'mass', GeV), 1: (2, 'mass', GeV), 2: (3, 'mass', GeV), 3: (4, 'mass', GeV)}
finalState: ['MET', 'MET']
intermediateState: None
efficiencyMap: [[[11.0,10.0,11.0,10.0],6.878712e-07],
[[13.0,10.0,13.0,10.0],1.132172e-07],
[[15.0,10.0,15.0,10.0],3.027181e-08],
[[20.0,10.0,20.0,10.0],1.528702e-08],
[[21.0,20.0,21.0,20.0],1.932478e-06],
[[23.0,20.0,23.0,20.0],5.261842e-07],
[[25.0,20.0,25.0,20.0],1.98872e-07],
[[30.0,10.0,30.0,10.0],0.0],
[[30.0,20.0,30.0,20.0],7.67541e-08],
[[31.0,30.0,31.0,30.0],2.169813e-06],
[[33.0,30.0,33.0,30.0],1.580201e-06],
[[35.0,30.0,35.0,30.0],8.122683e-07],
[[40.0,20.0,40.0,20.0],5.465328e-08],
[[40.0,30.0,40.0,30.0],5.260038e-08],
[[41.0,40.0,41.0,40.0],2.397908e-06],
[[43.0,40.0,43.0,40.0],1.121718e-06],
[[45.0,40.0,45.0,40.0],9.893923e-07],
[[50.0,10.0,50.0,10.0],1.955536e-08],
[[50.0,30.0,50.0,30.0],9.208546e-08],
[[50.0,40.0,50.0,40.0],5.422624e-07],
[[51.0,50.0,51.0,50.0],7.453704e-06],
[[53.0,50.0,53.0,50.0],5.13754e-06],
[[55.0,50.0,55.0,50.0],3.079791e-06],
[[60.0,20.0,60.0,20.0],1.443845e-07],
[[60.0,40.0,60.0,40.0],4.298177e-07],
[[60.0,50.0,60.0,50.0],1.584041e-06],
[[61.0,60.0,61.0,60.0],1.28735e-05],
[[63.0,60.0,63.0,60.0],1.251456e-05],
[[65.0,60.0,65.0,60.0],8.365488e-06],
[[70.0,10.0,70.0,10.0],1.992833e-07],
[[70.0,30.0,70.0,30.0],2.296351e-07],
[[70.0,50.0,70.0,50.0],1.611091e-06],
[[70.0,60.0,70.0,60.0],3.68967e-06],
[[71.0,70.0,71.0,70.0],2.267071e-05],
[[73.0,70.0,73.0,70.0],1.684255e-05],
[[75.0,70.0,75.0,70.0],1.50435e-05],
[[80.0,20.0,80.0,20.0],7.572616e-07],
[[80.0,40.0,80.0,40.0],6.239979e-07],
[[80.0,60.0,80.0,60.0],2.445158e-06],
[[80.0,70.0,80.0,70.0],9.293188e-06],
[[81.0,80.0,81.0,80.0],2.637759e-05],
[[83.0,80.0,83.0,80.0],2.571843e-05],
[[85.0,80.0,85.0,80.0],2.420906e-05],
[[90.0,10.0,90.0,10.0],4.465671e-07],
[[90.0,30.0,90.0,30.0],6.663668e-07],
[[90.0,50.0,90.0,50.0],1.520566e-06],
[[90.0,70.0,90.0,70.0],4.436586e-06],
[[90.0,80.0,90.0,80.0],1.151365e-05],
[[91.0,90.0,91.0,90.0],4.014652e-05],
[[93.0,90.0,93.0,90.0],3.185997e-05],
[[95.0,90.0,95.0,90.0],2.655937e-05],
[[100.0,20.0,100.0,20.0],7.464319e-07],
[[100.0,40.0,100.0,40.0],1.689546e-06],
[[100.0,60.0,100.0,60.0],2.377194e-06],
[[100.0,80.0,100.0,80.0],7.143979e-06],
[[100.0,90.0,100.0,90.0],1.622083e-05],
[[101.0,100.0,101.0,100.0],4.201264e-05],
[[103.0,100.0,103.0,100.0],3.985566e-05],
[[103.0,102.0,103.0,102.0],4.424752e-05],
[[105.0,100.0,105.0,100.0],3.884767e-05],
[[105.0,102.0,105.0,102.0],4.637055e-05],
[[107.0,102.0,107.0,102.0],4.805858e-05],
[[110.0,30.0,110.0,30.0],1.995127e-06],
[[110.0,50.0,110.0,50.0],2.19328e-06],
[[110.0,70.0,110.0,70.0],3.44466e-06],
[[110.0,90.0,110.0,90.0],1.118192e-05],
[[110.0,100.0,110.0,100.0],2.174969e-05],
[[112.0,102.0,112.0,102.0],2.235598e-05],
[[120.0,40.0,120.0,40.0],1.358767e-06],
[[120.0,60.0,120.0,60.0],2.625532e-06],
[[120.0,80.0,120.0,80.0],6.323465e-06],
[[120.0,100.0,120.0,100.0],1.397899e-05],
[[122.0,102.0,122.0,102.0],2.024232e-05],
[[123.0,122.0,123.0,122.0],6.967941e-05],
[[125.0,122.0,125.0,122.0],6.460688e-05],
[[127.0,122.0,127.0,122.0],5.908857e-05],
[[130.0,50.0,130.0,50.0],3.625756e-06],
[[130.0,70.0,130.0,70.0],5.48228e-06],
[[130.0,90.0,130.0,90.0],7.301085e-06],
[[132.0,122.0,132.0,122.0],3.892645e-05],
[[140.0,60.0,140.0,60.0],6.336463e-06],
[[140.0,80.0,140.0,80.0],7.012744e-06],
[[140.0,100.0,140.0,100.0],1.297414e-05],
[[142.0,102.0,142.0,102.0],1.07826e-05],
[[142.0,122.0,142.0,122.0],2.591151e-05],
[[143.0,142.0,143.0,142.0],8.431707e-05],
[[145.0,142.0,145.0,142.0],8.984765e-05],
[[147.0,142.0,147.0,142.0],7.466797e-05],
[[150.0,70.0,150.0,70.0],7.385276e-06],
[[150.0,90.0,150.0,90.0],8.624598e-06],
[[152.0,142.0,152.0,142.0],7.388554e-05],
[[160.0,80.0,160.0,80.0],7.722312e-06],
[[160.0,100.0,160.0,100.0],1.170156e-05],
[[162.0,102.0,162.0,102.0],1.49913e-05],
[[162.0,122.0,162.0,122.0],1.853533e-05],
[[162.0,142.0,162.0,142.0],4.153687e-05],
[[163.0,162.0,163.0,162.0],0.0001069191],
[[165.0,162.0,165.0,162.0],0.0001050521],
[[167.0,162.0,167.0,162.0],9.162763e-05],
[[170.0,90.0,170.0,90.0],1.019294e-05],
[[172.0,162.0,172.0,162.0],8.08068e-05],
[[180.0,100.0,180.0,100.0],1.352637e-05],
[[182.0,102.0,182.0,102.0],1.134699e-05],
[[182.0,122.0,182.0,122.0],1.83854e-05],
[[182.0,142.0,182.0,142.0],2.890706e-05],
[[182.0,162.0,182.0,162.0],5.163468e-05],
[[183.0,182.0,183.0,182.0],0.0001315377],
[[185.0,182.0,185.0,182.0],0.0001302852],
[[187.0,182.0,187.0,182.0],0.0001104154],
[[192.0,182.0,192.0,182.0],0.0001051363],
[[202.0,122.0,202.0,122.0],2.126285e-05],
[[202.0,142.0,202.0,142.0],2.542441e-05],
[[202.0,162.0,202.0,162.0],3.47622e-05],
[[202.0,182.0,202.0,182.0],6.578134e-05],
[[203.0,202.0,203.0,202.0],0.0001357299],
[[205.0,202.0,205.0,202.0],0.0001382372],
[[207.0,202.0,207.0,202.0],0.0001225231],
[[212.0,202.0,212.0,202.0],0.0001151433],
[[222.0,142.0,222.0,142.0],2.786773e-05],
[[222.0,162.0,222.0,162.0],3.432369e-05],
[[222.0,182.0,222.0,182.0],5.221822e-05],
[[222.0,202.0,222.0,202.0],8.944818e-05],
[[223.0,222.0,223.0,222.0],0.0001540442],
[[225.0,222.0,225.0,222.0],0.0001547652],
[[227.0,222.0,227.0,222.0],0.000149835],
[[232.0,222.0,232.0,222.0],0.0001376861],
[[242.0,162.0,242.0,162.0],3.741087e-05],
[[242.0,182.0,242.0,182.0],3.947534e-05],
[[242.0,202.0,242.0,202.0],6.518146e-05],
[[242.0,222.0,242.0,222.0],0.0001014303],
[[243.0,242.0,243.0,242.0],0.0001697704],
[[245.0,242.0,245.0,242.0],0.0001704373],
[[247.0,242.0,247.0,242.0],0.0001724459],
[[252.0,242.0,252.0,242.0],0.0001511646],
[[262.0,182.0,262.0,182.0],4.520125e-05],
[[262.0,202.0,262.0,202.0],5.764513e-05],
[[262.0,222.0,262.0,222.0],7.819994e-05],
[[262.0,242.0,262.0,242.0],0.0001075673],
[[263.0,262.0,263.0,262.0],0.0002029169],
[[265.0,262.0,265.0,262.0],0.0001904158],
[[267.0,262.0,267.0,262.0],0.0001918165],
[[272.0,262.0,272.0,262.0],0.0001574803],
[[282.0,202.0,282.0,202.0],5.562657e-05],
[[282.0,222.0,282.0,222.0],7.527059e-05],
[[282.0,242.0,282.0,242.0],8.303302e-05],
[[282.0,262.0,282.0,262.0],0.0001308163],
[[283.0,282.0,283.0,282.0],0.0002027629],
[[285.0,282.0,285.0,282.0],0.0001930501],
[[287.0,282.0,287.0,282.0],0.000203358],
[[292.0,282.0,292.0,282.0],0.0001801212],
[[302.0,222.0,302.0,222.0],6.518648e-05],
[[302.0,242.0,302.0,242.0],7.929763e-05],
[[302.0,262.0,302.0,262.0],9.561311e-05],
[[302.0,282.0,302.0,282.0],0.0001480254],
[[303.0,302.0,303.0,302.0],0.000222143],
[[305.0,302.0,305.0,302.0],0.0002194057],
[[307.0,302.0,307.0,302.0],0.0002120993],
[[312.0,302.0,312.0,302.0],0.0002258781],
[[322.0,242.0,322.0,242.0],7.8316e-05],
[[322.0,262.0,322.0,262.0],9.323365e-05],
[[322.0,282.0,322.0,282.0],0.000113364],
[[322.0,302.0,322.0,302.0],0.000162669],
[[323.0,322.0,323.0,322.0],0.0002492492],
[[325.0,322.0,325.0,322.0],0.0002328318],
[[327.0,322.0,327.0,322.0],0.0002530594],
[[332.0,322.0,332.0,322.0],0.0002085016],
[[342.0,262.0,342.0,262.0],8.945298e-05],
[[342.0,282.0,342.0,282.0],9.848413e-05],
[[342.0,302.0,342.0,302.0],0.0001239297],
[[342.0,322.0,342.0,322.0],0.0001771987],
[[343.0,342.0,343.0,342.0],0.0002580992],
[[345.0,342.0,345.0,342.0],0.0002675397],
[[347.0,342.0,347.0,342.0],0.0002372877],
[[352.0,342.0,352.0,342.0],0.0002241031],
[[362.0,282.0,362.0,282.0],9.566258e-05],
[[362.0,302.0,362.0,302.0],0.0001042272],
[[362.0,322.0,362.0,322.0],0.0001448076],
[[362.0,342.0,362.0,342.0],0.0002049254],
[[363.0,362.0,363.0,362.0],0.000263014],
[[365.0,362.0,365.0,362.0],0.0002652137],
[[367.0,362.0,367.0,362.0],0.0002450392],
[[372.0,362.0,372.0,362.0],0.0002423922],
[[382.0,302.0,382.0,302.0],0.0001190884],
[[382.0,322.0,382.0,322.0],0.0001229885],
[[382.0,342.0,382.0,342.0],0.0001357574],
[[382.0,362.0,382.0,362.0],0.000209673],
[[383.0,382.0,383.0,382.0],0.0002599183],
[[385.0,382.0,385.0,382.0],0.0002606498],
[[387.0,382.0,387.0,382.0],0.0002572118],
[[392.0,382.0,392.0,382.0],0.0002602541],
[[402.0,322.0,402.0,322.0],0.0001160596],
[[402.0,342.0,402.0,342.0],0.000136749],
[[402.0,362.0,402.0,362.0],0.0001758076],
[[402.0,382.0,402.0,382.0],0.0002124092],
[[403.0,402.0,403.0,402.0],0.0002979777],
[[405.0,402.0,405.0,402.0],0.0002819108],
[[407.0,402.0,407.0,402.0],0.0002722417],
[[412.0,402.0,412.0,402.0],0.0002696263],
[[422.0,342.0,422.0,342.0],0.0001370773],
[[422.0,362.0,422.0,362.0],0.0001402993],
[[422.0,382.0,422.0,382.0],0.000185297],
[[422.0,402.0,422.0,402.0],0.0002575855],
[[442.0,362.0,442.0,362.0],0.0001507962],
[[442.0,382.0,442.0,382.0],0.0001513396],
[[442.0,402.0,442.0,402.0],0.0001857305],
[[462.0,382.0,462.0,382.0],0.0001683899],
[[462.0,402.0,462.0,402.0],0.0001598745],
[[482.0,402.0,482.0,402.0],0.0001702724],
[[503.0,502.0,503.0,502.0],0.0003090289],
[[505.0,502.0,505.0,502.0],0.0003285491],
[[507.0,502.0,507.0,502.0],0.0003167995],
[[512.0,502.0,512.0,502.0],0.0003368041],
[[522.0,502.0,522.0,502.0],0.0003005294],
[[542.0,502.0,542.0,502.0],0.0002515414],
[[562.0,502.0,562.0,502.0],0.0002173457],
[[582.0,502.0,582.0,502.0],0.0002160952],
[[603.0,602.0,603.0,602.0],0.0003716768],
[[605.0,602.0,605.0,602.0],0.0003940603],
[[607.0,602.0,607.0,602.0],0.0003679318],
[[612.0,602.0,612.0,602.0],0.0003775002],
[[622.0,602.0,622.0,602.0],0.0003344372],
[[642.0,602.0,642.0,602.0],0.0002603833],
[[662.0,602.0,662.0,602.0],0.0002602968],
[[682.0,602.0,682.0,602.0],0.0002505134],
[[703.0,702.0,703.0,702.0],0.0004036263],
[[705.0,702.0,705.0,702.0],0.0004076959],
[[707.0,702.0,707.0,702.0],0.0003933387],
[[712.0,702.0,712.0,702.0],0.0003915845],
[[722.0,702.0,722.0,702.0],0.0003674215],
[[742.0,702.0,742.0,702.0],0.000307348],
[[762.0,702.0,762.0,702.0],0.0002761403],
[[782.0,702.0,782.0,702.0],0.0002766029],
[[803.0,802.0,803.0,802.0],0.0004398295],
[[805.0,802.0,805.0,802.0],0.0004381092],
[[807.0,802.0,807.0,802.0],0.0004249273],
[[812.0,802.0,812.0,802.0],0.0004133138],
[[822.0,802.0,822.0,802.0],0.0003980881],
[[842.0,802.0,842.0,802.0],0.0003398097],
[[862.0,802.0,862.0,802.0],0.0003076362],
[[882.0,802.0,882.0,802.0],0.0002956878],
[[903.0,902.0,903.0,902.0],0.0004691426],
[[905.0,902.0,905.0,902.0],0.0004454153],
[[907.0,902.0,907.0,902.0],0.0004305179],
[[912.0,902.0,912.0,902.0],0.0004314995],
[[922.0,902.0,922.0,902.0],0.0004084683],
[[942.0,902.0,942.0,902.0],0.0003660653],
[[962.0,902.0,962.0,902.0],0.0003270414],
[[982.0,902.0,982.0,902.0],0.0003313154],
[[1003.0,1002.0,1003.0,1002.0],0.0004439786],
[[1005.0,1002.0,1005.0,1002.0],0.0004794468],
[[1007.0,1002.0,1007.0,1002.0],0.0004426429],
[[1012.0,1002.0,1012.0,1002.0],0.000449948],
[[1022.0,1002.0,1022.0,1002.0],0.0004433547],
[[1042.0,1002.0,1042.0,1002.0],0.0003848233],
[[1062.0,1002.0,1062.0,1002.0],0.0003388272],
[[1082.0,1002.0,1082.0,1002.0],0.0003349906],
[[1103.0,1102.0,1103.0,1102.0],0.0004939523],
[[1105.0,1102.0,1105.0,1102.0],0.0004974455],
[[1107.0,1102.0,1107.0,1102.0],0.0004842323],
[[1112.0,1102.0,1112.0,1102.0],0.0004584488],
[[1122.0,1102.0,1122.0,1102.0],0.0004352912],
[[1142.0,1102.0,1142.0,1102.0],0.0003899551],
[[1162.0,1102.0,1162.0,1102.0],0.0003580739],
[[1182.0,1102.0,1182.0,1102.0],0.0003634862],
[[1203.0,1202.0,1203.0,1202.0],0.0004892149],
[[1205.0,1202.0,1205.0,1202.0],0.0004998067],
[[1207.0,1202.0,1207.0,1202.0],0.0004698767],
[[1212.0,1202.0,1212.0,1202.0],0.000490459],
[[1222.0,1202.0,1222.0,1202.0],0.0004483916],
[[1242.0,1202.0,1242.0,1202.0],0.000410678],
[[1262.0,1202.0,1262.0,1202.0],0.0003544177],
[[1282.0,1202.0,1282.0,1202.0],0.0003578766],
[[1303.0,1302.0,1303.0,1302.0],0.0005054517],
[[1305.0,1302.0,1305.0,1302.0],0.0004678698],
[[1307.0,1302.0,1307.0,1302.0],0.000484522],
[[1312.0,1302.0,1312.0,1302.0],0.0005050464],
[[1322.0,1302.0,1322.0,1302.0],0.0004881921],
[[1342.0,1302.0,1342.0,1302.0],0.0004139041],
[[1362.0,1302.0,1362.0,1302.0],0.0003669323],
[[1382.0,1302.0,1382.0,1302.0],0.0003672579],
[[1403.0,1402.0,1403.0,1402.0],0.0005106562],
[[1405.0,1402.0,1405.0,1402.0],0.0004958014],
[[1407.0,1402.0,1407.0,1402.0],0.0005019382],
[[1412.0,1402.0,1412.0,1402.0],0.0005087248],
[[1422.0,1402.0,1422.0,1402.0],0.000489127],
[[1442.0,1402.0,1442.0,1402.0],0.000425419],
[[1462.0,1402.0,1462.0,1402.0],0.0003932589],
[[1482.0,1402.0,1482.0,1402.0],0.000394731],
[[1503.0,1502.0,1503.0,1502.0],0.0005073323],
[[1505.0,1502.0,1505.0,1502.0],0.0004720303],
[[1507.0,1502.0,1507.0,1502.0],0.0004792473],
[[1512.0,1502.0,1512.0,1502.0],0.0005159523],
[[1522.0,1502.0,1522.0,1502.0],0.0004495256],
[[1542.0,1502.0,1542.0,1502.0],0.0004306287],
[[1562.0,1502.0,1562.0,1502.0],0.0003976808],
[[1582.0,1502.0,1582.0,1502.0],0.0004023508],
[[1603.0,1602.0,1603.0,1602.0],0.0005089646],
[[1605.0,1602.0,1605.0,1602.0],0.0005328043],
[[1607.0,1602.0,1607.0,1602.0],0.0005228336],
[[1612.0,1602.0,1612.0,1602.0],0.0005418134],
[[1622.0,1602.0,1622.0,1602.0],0.0005347717],
[[1642.0,1602.0,1642.0,1602.0],0.0004583326],
[[1662.0,1602.0,1662.0,1602.0],0.0004238891],
[[1682.0,1602.0,1682.0,1602.0],0.0004205551],
[[1703.0,1702.0,1703.0,1702.0],0.0005607781],
[[1705.0,1702.0,1705.0,1702.0],0.0005195451],
[[1707.0,1702.0,1707.0,1702.0],0.0005152664],
[[1712.0,1702.0,1712.0,1702.0],0.0005330963],
[[1722.0,1702.0,1722.0,1702.0],0.0005005111],
[[1742.0,1702.0,1742.0,1702.0],0.0004478556],
[[1762.0,1702.0,1762.0,1702.0],0.0003868404],
[[1782.0,1702.0,1782.0,1702.0],0.0004149231],
[[1803.0,1802.0,1803.0,1802.0],0.0005436491],
[[1805.0,1802.0,1805.0,1802.0],0.000537032],
[[1807.0,1802.0,1807.0,1802.0],0.0005478361],
[[1812.0,1802.0,1812.0,1802.0],0.0005843863],
[[1822.0,1802.0,1822.0,1802.0],0.0005153855],
[[1842.0,1802.0,1842.0,1802.0],0.0004819889],
[[1862.0,1802.0,1862.0,1802.0],0.0004313506],
[[1882.0,1802.0,1882.0,1802.0],0.0004250128],
[[1903.0,1902.0,1903.0,1902.0],0.0005393559],
[[1905.0,1902.0,1905.0,1902.0],0.0005319715],
[[1907.0,1902.0,1907.0,1902.0],0.0005467992],
[[1912.0,1902.0,1912.0,1902.0],0.0005477187],
[[1922.0,1902.0,1922.0,1902.0],0.0005395707],
[[1942.0,1902.0,1942.0,1902.0],0.0004543965],
[[1962.0,1902.0,1962.0,1902.0],0.0004246461],
[[1982.0,1902.0,1982.0,1902.0],0.0004141762],
[[2003.0,2002.0,2003.0,2002.0],0.0005244455],
[[2005.0,2002.0,2005.0,2002.0],0.0004801561],
[[2007.0,2002.0,2007.0,2002.0],0.0005697427],
[[2012.0,2002.0,2012.0,2002.0],0.0005277881],
[[2022.0,2002.0,2022.0,2002.0],0.0005052576],
[[2042.0,2002.0,2042.0,2002.0],0.0005063683],
[[2062.0,2002.0,2062.0,2002.0],0.0004192808],
[[2082.0,2002.0,2082.0,2002.0],0.0004053821]]
