txName: TChiISR
constraint: {(PV > MET(1), MET(2))}
condition: None
conditionDescription: None
figureUrl: None
source: Recast by MA5
validated: True
axesMap: [{0: 'x', 1: 'y'}]
dataMap: {0: (1, 'mass', GeV), 1: (2, 'mass', GeV)}
finalState: ['MET', 'MET']
efficiencyMap: [[[1.0,10.0],2.830649e-06],
[[1.0,20.0],3.168709e-06],
[[1.0,30.0],3.207241e-06],
[[1.0,40.0],3.877844e-06],
[[1.0,50.0],3.249661e-06],
[[1.0,60.0],2.777307e-06],
[[5.0,10.0],2.765794e-06],
[[7.0,10.0],2.831924e-06],
[[9.0,10.0],2.90943e-06],
[[10.0,1.0],2.830649e-06],
[[10.0,5.0],2.765794e-06],
[[10.0,7.0],2.831924e-06],
[[10.0,9.0],2.90943e-06],
[[10.0,10.0],2.339304e-06],
[[12.0,62.0],3.590239e-06],
[[12.0,72.0],3.295135e-06],
[[12.0,82.0],9.696036e-06],
[[12.0,92.0],2.371992e-05],
[[12.0,102.0],2.139515e-05],
[[12.0,212.0],8.243686e-05],
[[12.0,312.0],0.0001386669],
[[15.0,20.0],2.118202e-06],
[[17.0,20.0],3.045593e-06],
[[19.0,20.0],3.321617e-06],
[[20.0,1.0],3.168709e-06],
[[20.0,15.0],2.118202e-06],
[[20.0,17.0],3.045593e-06],
[[20.0,19.0],3.321617e-06],
[[20.0,20.0],2.395061e-06],
[[20.0,30.0],2.306324e-06],
[[20.0,40.0],2.368016e-06],
[[20.0,50.0],2.622546e-06],
[[20.0,60.0],2.813441e-06],
[[25.0,30.0],3.324919e-06],
[[27.0,30.0],7.791397e-06],
[[29.0,30.0],4.030723e-06],
[[30.0,1.0],3.207241e-06],
[[30.0,20.0],2.306324e-06],
[[30.0,25.0],3.324919e-06],
[[30.0,27.0],7.791397e-06],
[[30.0,29.0],4.030723e-06],
[[30.0,30.0],2.225379e-06],
[[30.0,40.0],2.382579e-06],
[[30.0,50.0],2.602379e-06],
[[30.0,60.0],6.672662e-06],
[[32.0,62.0],8.433608e-06],
[[32.0,72.0],3.341867e-05],
[[32.0,82.0],1.839375e-05],
[[32.0,92.0],3.252664e-05],
[[32.0,102.0],3.635963e-05],
[[32.0,112.0],4.132395e-05],
[[32.0,122.0],4.971438e-05],
[[32.0,232.0],9.831926e-05],
[[32.0,332.0],0.0001666938],
[[35.0,40.0],3.079674e-06],
[[37.0,40.0],3.902724e-06],
[[39.0,40.0],3.322562e-06],
[[40.0,1.0],3.877844e-06],
[[40.0,20.0],2.368016e-06],
[[40.0,30.0],2.382579e-06],
[[40.0,35.0],3.079674e-06],
[[40.0,37.0],3.902724e-06],
[[40.0,39.0],3.322562e-06],
[[40.0,40.0],2.764428e-06],
[[40.0,50.0],4.955637e-06],
[[40.0,60.0],1.337742e-05],
[[45.0,50.0],9.706774e-06],
[[47.0,50.0],1.351173e-05],
[[49.0,50.0],1.126942e-05],
[[50.0,1.0],3.249661e-06],
[[50.0,20.0],2.622546e-06],
[[50.0,30.0],2.602379e-06],
[[50.0,40.0],4.955637e-06],
[[50.0,45.0],9.706774e-06],
[[50.0,47.0],1.351173e-05],
[[50.0,49.0],1.126942e-05],
[[50.0,50.0],1.307427e-05],
[[50.0,60.0],1.690681e-05],
[[52.0,62.0],3.071098e-05],
[[52.0,67.0],2.087111e-05],
[[52.0,72.0],2.415706e-05],
[[52.0,82.0],3.227497e-05],
[[52.0,92.0],3.651814e-05],
[[52.0,102.0],5.021107e-05],
[[52.0,112.0],4.749699e-05],
[[52.0,122.0],5.656635e-05],
[[52.0,132.0],6.145735e-05],
[[52.0,142.0],6.1361e-05],
[[52.0,252.0],0.0001348349],
[[52.0,352.0],0.0001755342],
[[55.0,60.0],1.99191e-05],
[[57.0,60.0],2.291869e-05],
[[59.0,60.0],2.725746e-05],
[[60.0,1.0],2.777307e-06],
[[60.0,20.0],2.813441e-06],
[[60.0,30.0],6.672662e-06],
[[60.0,40.0],1.337742e-05],
[[60.0,50.0],1.690681e-05],
[[60.0,55.0],1.99191e-05],
[[60.0,57.0],2.291869e-05],
[[60.0,59.0],2.725746e-05],
[[60.0,60.0],2.717791e-05],
[[62.0,12.0],3.590239e-06],
[[62.0,32.0],8.433608e-06],
[[62.0,52.0],3.071098e-05],
[[67.0,52.0],2.087111e-05],
[[72.0,12.0],3.295135e-06],
[[72.0,32.0],3.341867e-05],
[[72.0,52.0],2.415706e-05],
[[72.0,72.0],3.907561e-05],
[[72.0,75.0],3.944384e-05],
[[72.0,77.0],4.462825e-05],
[[72.0,82.0],5.919641e-05],
[[72.0,87.0],4.920958e-05],
[[72.0,92.0],4.572517e-05],
[[72.0,102.0],5.150672e-05],
[[72.0,112.0],5.835794e-05],
[[72.0,122.0],7.714963e-05],
[[72.0,132.0],7.651344e-05],
[[72.0,142.0],8.235174e-05],
[[72.0,152.0],9.679049e-05],
[[72.0,162.0],8.72388e-05],
[[72.0,272.0],0.0001504841],
[[72.0,372.0],0.0001877393],
[[75.0,72.0],3.944384e-05],
[[77.0,72.0],4.462825e-05],
[[82.0,12.0],9.696036e-06],
[[82.0,32.0],1.839375e-05],
[[82.0,52.0],3.227497e-05],
[[82.0,72.0],5.919641e-05],
[[87.0,72.0],4.920958e-05],
[[92.0,12.0],2.371992e-05],
[[92.0,32.0],3.252664e-05],
[[92.0,52.0],3.651814e-05],
[[92.0,72.0],4.572517e-05],
[[92.0,92.0],6.041513e-05],
[[92.0,95.0],7.918414e-05],
[[92.0,97.0],6.00982e-05],
[[92.0,102.0],5.242272e-05],
[[92.0,107.0],6.962097e-05],
[[92.0,112.0],7.484593e-05],
[[92.0,122.0],8.250943e-05],
[[92.0,132.0],8.345983e-05],
[[92.0,142.0],8.862764e-05],
[[92.0,152.0],9.99718e-05],
[[92.0,162.0],0.0001009363],
[[92.0,172.0],0.0001185817],
[[92.0,182.0],0.0001129325],
[[92.0,292.0],0.000180693],
[[92.0,392.0],0.0002057393],
[[95.0,92.0],7.918414e-05],
[[97.0,92.0],6.00982e-05],
[[102.0,12.0],2.139515e-05],
[[102.0,32.0],3.635963e-05],
[[102.0,52.0],5.021107e-05],
[[102.0,72.0],5.150672e-05],
[[102.0,92.0],5.242272e-05],
[[102.0,102.0],9.158028e-05],
[[102.0,105.0],6.940892e-05],
[[102.0,107.0],7.68973e-05],
[[102.0,112.0],7.950585e-05],
[[102.0,117.0],7.902568e-05],
[[102.0,122.0],7.963448e-05],
[[102.0,132.0],8.246492e-05],
[[102.0,142.0],0.0001006656],
[[102.0,152.0],0.0001012279],
[[102.0,162.0],0.0001073923],
[[102.0,172.0],0.0001145158],
[[102.0,182.0],0.0001201362],
[[102.0,192.0],0.0001336808],
[[102.0,302.0],0.0001880524],
[[102.0,402.0],0.0002206702],
[[105.0,102.0],6.940892e-05],
[[107.0,92.0],6.962097e-05],
[[107.0,102.0],7.68973e-05],
[[112.0,32.0],4.132395e-05],
[[112.0,52.0],4.749699e-05],
[[112.0,72.0],5.835794e-05],
[[112.0,92.0],7.484593e-05],
[[112.0,102.0],7.950585e-05],
[[117.0,102.0],7.902568e-05],
[[122.0,32.0],4.971438e-05],
[[122.0,52.0],5.656635e-05],
[[122.0,72.0],7.714963e-05],
[[122.0,92.0],8.250943e-05],
[[122.0,102.0],7.963448e-05],
[[132.0,52.0],6.145735e-05],
[[132.0,72.0],7.651344e-05],
[[132.0,92.0],8.345983e-05],
[[132.0,102.0],8.246492e-05],
[[142.0,52.0],6.1361e-05],
[[142.0,72.0],8.235174e-05],
[[142.0,92.0],8.862764e-05],
[[142.0,102.0],0.0001006656],
[[152.0,72.0],9.679049e-05],
[[152.0,92.0],9.99718e-05],
[[152.0,102.0],0.0001012279],
[[152.0,152.0],0.0001340333],
[[152.0,155.0],0.0001127742],
[[152.0,157.0],0.0001183833],
[[152.0,162.0],0.0001197423],
[[152.0,167.0],0.0001395415],
[[152.0,172.0],0.0001232064],
[[152.0,182.0],0.0001389136],
[[152.0,192.0],0.0001389805],
[[152.0,202.0],0.0001588751],
[[152.0,212.0],0.0001809753],
[[152.0,222.0],0.0001643729],
[[152.0,232.0],0.0001694452],
[[152.0,242.0],0.0001714475],
[[152.0,352.0],0.0002257367],
[[152.0,452.0],0.0002414986],
[[155.0,152.0],0.0001127742],
[[157.0,152.0],0.0001183833],
[[162.0,72.0],8.72388e-05],
[[162.0,92.0],0.0001009363],
[[162.0,102.0],0.0001073923],
[[162.0,152.0],0.0001197423],
[[167.0,152.0],0.0001395415],
[[172.0,92.0],0.0001185817],
[[172.0,102.0],0.0001145158],
[[172.0,152.0],0.0001232064],
[[182.0,92.0],0.0001129325],
[[182.0,102.0],0.0001201362],
[[182.0,152.0],0.0001389136],
[[192.0,102.0],0.0001336808],
[[192.0,152.0],0.0001389805],
[[202.0,152.0],0.0001588751],
[[202.0,202.0],0.0001675718],
[[202.0,205.0],0.0001796576],
[[202.0,207.0],0.0001781836],
[[202.0,212.0],0.0001814072],
[[202.0,217.0],0.0001909786],
[[202.0,222.0],0.000190094],
[[202.0,232.0],0.0001875929],
[[202.0,242.0],0.0002085586],
[[202.0,252.0],0.0001931793],
[[202.0,262.0],0.0002274007],
[[202.0,272.0],0.0001967003],
[[202.0,282.0],0.0002133296],
[[202.0,402.0],0.0002668638],
[[202.0,502.0],0.0002796232],
[[205.0,202.0],0.0001796576],
[[207.0,202.0],0.0001781836],
[[212.0,12.0],8.243686e-05],
[[212.0,152.0],0.0001809753],
[[212.0,202.0],0.0001814072],
[[217.0,202.0],0.0001909786],
[[222.0,152.0],0.0001643729],
[[222.0,202.0],0.000190094],
[[232.0,32.0],9.831926e-05],
[[232.0,152.0],0.0001694452],
[[232.0,202.0],0.0001875929],
[[242.0,152.0],0.0001714475],
[[242.0,202.0],0.0002085586],
[[252.0,52.0],0.0001348349],
[[252.0,202.0],0.0001931793],
[[252.0,252.0],0.000231988],
[[252.0,255.0],0.000224358],
[[252.0,257.0],0.0002075734],
[[252.0,262.0],0.0002267281],
[[252.0,267.0],0.0002266224],
[[252.0,272.0],0.0002299169],
[[252.0,282.0],0.0002309909],
[[252.0,292.0],0.0002420579],
[[252.0,302.0],0.0002350278],
[[252.0,312.0],0.0002425488],
[[252.0,322.0],0.0002301452],
[[252.0,332.0],0.0002472691],
[[252.0,342.0],0.0002484681],
[[252.0,452.0],0.0002827678],
[[252.0,552.0],0.0003128361],
[[255.0,252.0],0.000224358],
[[257.0,252.0],0.0002075734],
[[262.0,202.0],0.0002274007],
[[262.0,252.0],0.0002267281],
[[267.0,252.0],0.0002266224],
[[272.0,72.0],0.0001504841],
[[272.0,202.0],0.0001967003],
[[272.0,252.0],0.0002299169],
[[282.0,202.0],0.0002133296],
[[282.0,252.0],0.0002309909],
[[292.0,92.0],0.000180693],
[[292.0,252.0],0.0002420579],
[[302.0,102.0],0.0001880524],
[[302.0,252.0],0.0002350278],
[[302.0,302.0],0.0002645308],
[[302.0,305.0],0.0002761274],
[[302.0,307.0],0.000266754],
[[302.0,312.0],0.0002511635],
[[302.0,317.0],0.0002706468],
[[302.0,322.0],0.0002518771],
[[302.0,332.0],0.0002665617],
[[302.0,342.0],0.0002701668],
[[302.0,352.0],0.0002915529],
[[302.0,362.0],0.0002729248],
[[302.0,372.0],0.0002955337],
[[302.0,382.0],0.0002821804],
[[302.0,392.0],0.0003042427],
[[302.0,502.0],0.000307474],
[[302.0,602.0],0.0003248068],
[[305.0,302.0],0.0002761274],
[[307.0,302.0],0.000266754],
[[312.0,12.0],0.0001386669],
[[312.0,252.0],0.0002425488],
[[312.0,302.0],0.0002511635],
[[317.0,302.0],0.0002706468],
[[322.0,252.0],0.0002301452],
[[322.0,302.0],0.0002518771],
[[332.0,32.0],0.0001666938],
[[332.0,252.0],0.0002472691],
[[332.0,302.0],0.0002665617],
[[342.0,252.0],0.0002484681],
[[342.0,302.0],0.0002701668],
[[352.0,52.0],0.0001755342],
[[352.0,152.0],0.0002257367],
[[352.0,302.0],0.0002915529],
[[352.0,352.0],0.0003023752],
[[352.0,355.0],0.000298599],
[[352.0,357.0],0.0002937486],
[[352.0,362.0],0.0002918613],
[[352.0,367.0],0.0003040596],
[[352.0,372.0],0.0002959111],
[[352.0,382.0],0.0003033208],
[[352.0,392.0],0.0002911693],
[[352.0,402.0],0.0002894656],
[[352.0,412.0],0.0003198371],
[[352.0,422.0],0.0003230424],
[[352.0,432.0],0.0003066491],
[[352.0,442.0],0.0003197201],
[[352.0,552.0],0.000348567],
[[352.0,652.0],0.0003572667],
[[355.0,352.0],0.000298599],
[[357.0,352.0],0.0002937486],
[[362.0,302.0],0.0002729248],
[[362.0,352.0],0.0002918613],
[[367.0,352.0],0.0003040596],
[[372.0,72.0],0.0001877393],
[[372.0,302.0],0.0002955337],
[[372.0,352.0],0.0002959111],
[[382.0,302.0],0.0002821804],
[[382.0,352.0],0.0003033208],
[[392.0,92.0],0.0002057393],
[[392.0,302.0],0.0003042427],
[[392.0,352.0],0.0002911693],
[[402.0,102.0],0.0002206702],
[[402.0,202.0],0.0002668638],
[[402.0,352.0],0.0002894656],
[[402.0,402.0],0.0003332141],
[[402.0,405.0],0.000332858],
[[402.0,407.0],0.0003304271],
[[402.0,412.0],0.0003172969],
[[402.0,417.0],0.0002971588],
[[402.0,422.0],0.0003405677],
[[402.0,432.0],0.0003348445],
[[402.0,442.0],0.0003436236],
[[402.0,452.0],0.0003468811],
[[402.0,462.0],0.0003279062],
[[402.0,472.0],0.000320879],
[[402.0,482.0],0.0003375886],
[[402.0,492.0],0.0003381366],
[[402.0,602.0],0.0003626142],
[[402.0,702.0],0.000374822],
[[405.0,402.0],0.000332858],
[[407.0,402.0],0.0003304271],
[[412.0,352.0],0.0003198371],
[[412.0,402.0],0.0003172969],
[[417.0,402.0],0.0002971588],
[[422.0,352.0],0.0003230424],
[[422.0,402.0],0.0003405677],
[[432.0,352.0],0.0003066491],
[[432.0,402.0],0.0003348445],
[[442.0,352.0],0.0003197201],
[[442.0,402.0],0.0003436236],
[[452.0,152.0],0.0002414986],
[[452.0,252.0],0.0002827678],
[[452.0,402.0],0.0003468811],
[[462.0,402.0],0.0003279062],
[[472.0,402.0],0.000320879],
[[482.0,402.0],0.0003375886],
[[492.0,402.0],0.0003381366],
[[502.0,202.0],0.0002796232],
[[502.0,302.0],0.000307474],
[[552.0,252.0],0.0003128361],
[[552.0,352.0],0.000348567],
[[602.0,302.0],0.0003248068],
[[602.0,402.0],0.0003626142],
[[602.0,602.0],0.0004099895],
[[602.0,605.0],0.0004173259],
[[602.0,607.0],0.0003953481],
[[602.0,612.0],0.0004083551],
[[602.0,617.0],0.0004129089],
[[602.0,622.0],0.0004028726],
[[602.0,632.0],0.0004006419],
[[602.0,642.0],0.0004201903],
[[602.0,652.0],0.0004128702],
[[602.0,662.0],0.0004408823],
[[602.0,672.0],0.0004260034],
[[602.0,682.0],0.0004256604],
[[602.0,692.0],0.0004213548],
[[602.0,802.0],0.0004339382],
[[602.0,902.0],0.0004226382],
[[605.0,602.0],0.0004173259],
[[607.0,602.0],0.0003953481],
[[612.0,602.0],0.0004083551],
[[617.0,602.0],0.0004129089],
[[622.0,602.0],0.0004028726],
[[632.0,602.0],0.0004006419],
[[642.0,602.0],0.0004201903],
[[652.0,352.0],0.0003572667],
[[652.0,602.0],0.0004128702],
[[662.0,602.0],0.0004408823],
[[672.0,602.0],0.0004260034],
[[682.0,602.0],0.0004256604],
[[692.0,602.0],0.0004213548],
[[702.0,402.0],0.000374822],
[[802.0,602.0],0.0004339382],
[[802.0,802.0],0.0004568904],
[[802.0,805.0],0.0004598353],
[[802.0,807.0],0.0004861316],
[[802.0,812.0],0.0004564705],
[[802.0,817.0],0.0004615097],
[[802.0,822.0],0.0004620542],
[[802.0,832.0],0.0004799208],
[[802.0,842.0],0.0004648621],
[[802.0,852.0],0.0004784542],
[[802.0,862.0],0.00047252],
[[802.0,872.0],0.0004746642],
[[802.0,882.0],0.0004742569],
[[802.0,892.0],0.0004554522],
[[802.0,1002.0],0.0004688614],
[[802.0,1102.0],0.0004808834],
[[805.0,802.0],0.0004598353],
[[807.0,802.0],0.0004861316],
[[812.0,802.0],0.0004564705],
[[817.0,802.0],0.0004615097],
[[822.0,802.0],0.0004620542],
[[832.0,802.0],0.0004799208],
[[842.0,802.0],0.0004648621],
[[852.0,802.0],0.0004784542],
[[862.0,802.0],0.00047252],
[[872.0,802.0],0.0004746642],
[[882.0,802.0],0.0004742569],
[[892.0,802.0],0.0004554522],
[[902.0,602.0],0.0004226382],
[[1002.0,802.0],0.0004688614],
[[1002.0,1002.0],0.0005130271],
[[1002.0,1005.0],0.0004809808],
[[1002.0,1007.0],0.0004884427],
[[1002.0,1012.0],0.0004915202],
[[1002.0,1017.0],0.0005025936],
[[1002.0,1022.0],0.0004965126],
[[1002.0,1032.0],0.0004835317],
[[1002.0,1042.0],0.000474363],
[[1002.0,1052.0],0.0005031627],
[[1002.0,1062.0],0.0004824715],
[[1002.0,1072.0],0.0005070366],
[[1002.0,1082.0],0.0004863493],
[[1002.0,1092.0],0.0004914196],
[[1002.0,1202.0],0.0004994319],
[[1002.0,1302.0],0.0004848864],
[[1005.0,1002.0],0.0004809808],
[[1007.0,1002.0],0.0004884427],
[[1012.0,1002.0],0.0004915202],
[[1017.0,1002.0],0.0005025936],
[[1022.0,1002.0],0.0004965126],
[[1032.0,1002.0],0.0004835317],
[[1042.0,1002.0],0.000474363],
[[1052.0,1002.0],0.0005031627],
[[1062.0,1002.0],0.0004824715],
[[1072.0,1002.0],0.0005070366],
[[1082.0,1002.0],0.0004863493],
[[1092.0,1002.0],0.0004914196],
[[1102.0,802.0],0.0004808834],
[[1202.0,1002.0],0.0004994319],
[[1202.0,1202.0],0.0005092507],
[[1202.0,1205.0],0.000525835],
[[1202.0,1207.0],0.0005020878],
[[1202.0,1212.0],0.0005108247],
[[1202.0,1217.0],0.0005001234],
[[1202.0,1222.0],0.0005037696],
[[1202.0,1232.0],0.0005125471],
[[1202.0,1242.0],0.0005174148],
[[1202.0,1252.0],0.0005154677],
[[1202.0,1262.0],0.0005027549],
[[1202.0,1272.0],0.0005084417],
[[1202.0,1282.0],0.0005188022],
[[1202.0,1292.0],0.0004991816],
[[1202.0,1402.0],0.0005155318],
[[1202.0,1502.0],0.0005134798],
[[1205.0,1202.0],0.000525835],
[[1207.0,1202.0],0.0005020878],
[[1212.0,1202.0],0.0005108247],
[[1217.0,1202.0],0.0005001234],
[[1222.0,1202.0],0.0005037696],
[[1232.0,1202.0],0.0005125471],
[[1242.0,1202.0],0.0005174148],
[[1252.0,1202.0],0.0005154677],
[[1262.0,1202.0],0.0005027549],
[[1272.0,1202.0],0.0005084417],
[[1282.0,1202.0],0.0005188022],
[[1292.0,1202.0],0.0004991816],
[[1302.0,1002.0],0.0004848864],
[[1402.0,1202.0],0.0005155318],
[[1402.0,1402.0],0.0005336716],
[[1402.0,1405.0],0.0005127063],
[[1402.0,1407.0],0.0005062042],
[[1402.0,1412.0],0.0004837111],
[[1402.0,1417.0],0.0005107135],
[[1402.0,1422.0],0.0005261204],
[[1402.0,1432.0],0.000517235],
[[1402.0,1442.0],0.0005419189],
[[1402.0,1452.0],0.0005293841],
[[1402.0,1462.0],0.0005226544],
[[1402.0,1472.0],0.0005274776],
[[1402.0,1482.0],0.0005245374],
[[1402.0,1492.0],0.0005160992],
[[1402.0,1602.0],0.0005380828],
[[1402.0,1702.0],0.0004712435],
[[1405.0,1402.0],0.0005127063],
[[1407.0,1402.0],0.0005062042],
[[1412.0,1402.0],0.0004837111],
[[1417.0,1402.0],0.0005107135],
[[1422.0,1402.0],0.0005261204],
[[1432.0,1402.0],0.000517235],
[[1442.0,1402.0],0.0005419189],
[[1452.0,1402.0],0.0005293841],
[[1462.0,1402.0],0.0005226544],
[[1472.0,1402.0],0.0005274776],
[[1482.0,1402.0],0.0005245374],
[[1492.0,1402.0],0.0005160992],
[[1502.0,1202.0],0.0005134798],
[[1602.0,1402.0],0.0005380828],
[[1602.0,1602.0],0.0005325651],
[[1602.0,1605.0],0.0005478149],
[[1602.0,1607.0],0.0005520515],
[[1602.0,1612.0],0.0005927525],
[[1602.0,1617.0],0.0005133786],
[[1602.0,1622.0],0.0005381594],
[[1602.0,1632.0],0.0005315687],
[[1602.0,1642.0],0.0005381797],
[[1602.0,1652.0],0.000556127],
[[1602.0,1662.0],0.0005429338],
[[1602.0,1672.0],0.0005272453],
[[1602.0,1682.0],0.0005490302],
[[1602.0,1692.0],0.0005341306],
[[1602.0,1802.0],0.0005542066],
[[1602.0,1902.0],0.0005583623],
[[1605.0,1602.0],0.0005478149],
[[1607.0,1602.0],0.0005520515],
[[1612.0,1602.0],0.0005927525],
[[1617.0,1602.0],0.0005133786],
[[1622.0,1602.0],0.0005381594],
[[1632.0,1602.0],0.0005315687],
[[1642.0,1602.0],0.0005381797],
[[1652.0,1602.0],0.000556127],
[[1662.0,1602.0],0.0005429338],
[[1672.0,1602.0],0.0005272453],
[[1682.0,1602.0],0.0005490302],
[[1692.0,1602.0],0.0005341306],
[[1702.0,1402.0],0.0004712435],
[[1802.0,1602.0],0.0005542066],
[[1802.0,1802.0],0.0005564763],
[[1802.0,1805.0],0.0005483985],
[[1802.0,1807.0],0.0005055485],
[[1802.0,1812.0],0.0005321001],
[[1802.0,1817.0],0.00052081],
[[1802.0,1822.0],0.0005603218],
[[1802.0,1832.0],0.0005258323],
[[1802.0,1842.0],0.0005441147],
[[1802.0,1852.0],0.000551505],
[[1802.0,1862.0],0.0005434134],
[[1802.0,1872.0],0.000553329],
[[1802.0,1882.0],0.0005537656],
[[1802.0,1892.0],0.0005586771],
[[1802.0,2002.0],0.0005597882],
[[1802.0,2102.0],0.0005537415],
[[1805.0,1802.0],0.0005483985],
[[1807.0,1802.0],0.0005055485],
[[1812.0,1802.0],0.0005321001],
[[1817.0,1802.0],0.00052081],
[[1822.0,1802.0],0.0005603218],
[[1832.0,1802.0],0.0005258323],
[[1842.0,1802.0],0.0005441147],
[[1852.0,1802.0],0.000551505],
[[1862.0,1802.0],0.0005434134],
[[1872.0,1802.0],0.000553329],
[[1882.0,1802.0],0.0005537656],
[[1892.0,1802.0],0.0005586771],
[[1902.0,1602.0],0.0005583623],
[[2002.0,1802.0],0.0005597882],
[[2002.0,2002.0],0.0005342085],
[[2002.0,2005.0],0.0005580976],
[[2002.0,2007.0],0.000529603],
[[2002.0,2012.0],0.0005436442],
[[2002.0,2017.0],0.0006013789],
[[2002.0,2022.0],0.000571271],
[[2002.0,2032.0],0.0005660876],
[[2002.0,2042.0],0.0005562438],
[[2002.0,2052.0],0.0005569806],
[[2002.0,2062.0],0.0005633245],
[[2002.0,2072.0],0.0005157251],
[[2002.0,2082.0],0.0005682937],
[[2002.0,2092.0],0.0005354687],
[[2002.0,2202.0],0.0005394071],
[[2002.0,2302.0],0.0005129469],
[[2005.0,2002.0],0.0005580976],
[[2007.0,2002.0],0.000529603],
[[2012.0,2002.0],0.0005436442],
[[2017.0,2002.0],0.0006013789],
[[2022.0,2002.0],0.000571271],
[[2032.0,2002.0],0.0005660876],
[[2042.0,2002.0],0.0005562438],
[[2052.0,2002.0],0.0005569806],
[[2062.0,2002.0],0.0005633245],
[[2072.0,2002.0],0.0005157251],
[[2082.0,2002.0],0.0005682937],
[[2092.0,2002.0],0.0005354687],
[[2102.0,1802.0],0.0005537415],
[[2202.0,2002.0],0.0005394071],
[[2302.0,2002.0],0.0005129469]]
