txName: TRV1nunu
constraint: {(PV > Zprime(1)), (Zprime(1) > nu,nu)}
condition: None
conditionDescription: None
figureUrl: None
source: CMS
validated: N/A
axesMap: [{0: 'x'}]
dataMap: {0: (1, 'mass', GeV)}
finalState: ['MET', 'MET']
efficiencyMap: [[[50.0],9.675074e-07],
[[100.0],6.67532e-06],
[[150.0],1.591143e-05],
[[200.0],3.792131e-05],
[[250.0],7.228876e-05],
[[300.0],0.0001018043],
[[350.0],0.0001689168],
[[400.0],0.0001992881],
[[450.0],0.000264269],
[[500.0],0.0003083268],
[[550.0],0.0003574543],
[[600.0],0.0004777226],
[[650.0],0.0004666084],
[[700.0],0.0004814727],
[[750.0],0.0005746417],
[[800.0],0.0005454524],
[[850.0],0.0006304728],
[[900.0],0.0006699705],
[[950.0],0.0007102316],
[[1000.0],0.0007663838],
[[1050.0],0.0008350436],
[[1100.0],0.0008054514],
[[1150.0],0.0008526493],
[[1200.0],0.0008954276],
[[1250.0],0.0009304754],
[[1300.0],0.0009740171],
[[1350.0],0.000917774],
[[1400.0],0.0009427982],
[[1450.0],0.001005281],
[[1500.0],0.001002707],
[[1550.0],0.001000635],
[[1600.0],0.001053312],
[[1650.0],0.001124529],
[[1700.0],0.001105412],
[[1750.0],0.001126913],
[[1800.0],0.00116851],
[[1850.0],0.001065956],
[[1900.0],0.00104603],
[[1950.0],0.001126295],
[[2000.0],0.001237954],
[[2250.0],0.001249074],
[[2500.0],0.001370866],
[[2750.0],0.001240683],
[[3000.0],0.00140064]]
