txName: TChiZISRll
constraint: {(PV > anyBSM(1), MET(3)), (anyBSM(1) > l+,l-,MET(2))}
condition: None
conditionDescription: None
figureUrl: None
source: Recast by MA5
validated: True
axesMap: [{0: 'x', 1: 'y', 2: 'y'}]
dataMap: {0: (1, 'mass', GeV), 1: (2, 'mass', GeV), 2: (3, 'mass', GeV)}
finalState: ['MET', 'MET']
efficiencyMap: [[[10.0,1.0,1.0],5.524027e-06],
[[10.0,5.0,5.0],8.780078e-06],
[[10.0,7.0,7.0],1.542033e-05],
[[10.0,9.0,9.0],2.99855e-05],
[[20.0,1.0,1.0],8.355448e-06],
[[20.0,15.0,15.0],1.336775e-05],
[[20.0,17.0,17.0],2.096506e-05],
[[20.0,19.0,19.0],3.678356e-05],
[[30.0,1.0,1.0],2.66015e-06],
[[30.0,20.0,20.0],1.120751e-05],
[[30.0,25.0,25.0],1.840351e-05],
[[30.0,27.0,27.0],2.337287e-05],
[[30.0,29.0,29.0],3.950027e-05],
[[40.0,1.0,1.0],1.553395e-06],
[[40.0,20.0,20.0],6.772702e-06],
[[40.0,30.0,30.0],1.154586e-05],
[[40.0,35.0,35.0],2.254124e-05],
[[40.0,37.0,37.0],3.703805e-05],
[[40.0,39.0,39.0],4.218233e-05],
[[50.0,1.0,1.0],2.694862e-06],
[[50.0,20.0,20.0],2.374265e-06],
[[50.0,30.0,30.0],5.861082e-06],
[[50.0,40.0,40.0],2.257115e-05],
[[50.0,45.0,45.0],7.187859e-05],
[[50.0,47.0,47.0],0.0001016019],
[[50.0,49.0,49.0],0.0001298401],
[[60.0,1.0,1.0],1.126105e-06],
[[60.0,20.0,20.0],2.458901e-06],
[[60.0,30.0,30.0],6.975302e-06],
[[60.0,40.0,40.0],3.354162e-05],
[[60.0,50.0,50.0],8.652638e-05],
[[60.0,55.0,55.0],0.0001418686],
[[60.0,57.0,57.0],0.0001995902],
[[60.0,59.0,59.0],0.0002428239],
[[61.0,52.0,52.0],7.853833e-05],
[[62.0,2.0,2.0],1.083276e-06],
[[62.0,12.0,12.0],6.913745e-07],
[[62.0,22.0,22.0],1.967033e-06],
[[62.0,32.0,32.0],1.273483e-05],
[[62.0,42.0,42.0],2.90668e-05],
[[63.0,62.0,62.0],0.0002114923],
[[65.0,62.0,62.0],0.00019044],
[[67.0,62.0,62.0],0.0001535332],
[[69.0,62.0,62.0],0.0001381884],
[[72.0,2.0,2.0],9.521972e-07],
[[72.0,12.0,12.0],1.18095e-06],
[[72.0,22.0,22.0],8.108371e-06],
[[72.0,32.0,32.0],1.910451e-05],
[[72.0,42.0,42.0],3.041459e-05],
[[72.0,52.0,52.0],5.154258e-05],
[[73.0,72.0,72.0],0.000298062],
[[75.0,72.0,72.0],0.0002722321],
[[77.0,72.0,72.0],0.000227632],
[[79.0,72.0,72.0],0.0002003887],
[[82.0,2.0,2.0],1.624746e-06],
[[82.0,12.0,12.0],6.341345e-06],
[[82.0,22.0,22.0],1.463673e-05],
[[82.0,32.0,32.0],3.429916e-05],
[[82.0,42.0,42.0],3.522036e-05],
[[82.0,52.0,52.0],5.398805e-05],
[[82.0,62.0,62.0],8.396924e-05],
[[83.0,82.0,82.0],0.0003821276],
[[85.0,82.0,82.0],0.0003511237],
[[87.0,82.0,82.0],0.0002970486],
[[89.0,82.0,82.0],0.0002747404],
[[91.0,82.0,82.0],0.0002294899],
[[92.0,12.0,12.0],1.419625e-05],
[[92.0,22.0,22.0],1.874416e-05],
[[92.0,32.0,32.0],3.622886e-05],
[[92.0,42.0,42.0],3.815794e-05],
[[92.0,52.0,52.0],5.555872e-05],
[[92.0,62.0,62.0],6.756953e-05],
[[92.0,72.0,72.0],0.0001101163],
[[93.0,92.0,92.0],0.0004998708],
[[97.0,92.0,92.0],0.0004026114],
[[99.0,92.0,92.0],0.0003177968],
[[102.0,22.0,22.0],2.226397e-05],
[[102.0,32.0,32.0],3.174922e-05],
[[102.0,42.0,42.0],4.742515e-05],
[[102.0,52.0,52.0],5.808751e-05],
[[102.0,62.0,62.0],6.833724e-05],
[[102.0,72.0,72.0],9.153175e-05],
[[102.0,82.0,82.0],0.0001389142],
[[103.0,102.0,102.0],0.0005349121],
[[107.0,102.0,102.0],0.0004450148],
[[109.0,102.0,102.0],0.0003827075],
[[112.0,32.0,32.0],3.803379e-05],
[[112.0,42.0,42.0],5.308249e-05],
[[112.0,52.0,52.0],5.845875e-05],
[[112.0,62.0,62.0],7.835513e-05],
[[112.0,72.0,72.0],9.007201e-05],
[[112.0,82.0,82.0],0.0001121037],
[[112.0,92.0,92.0],0.0001885007],
[[122.0,42.0,42.0],6.518226e-05],
[[122.0,52.0,52.0],6.852061e-05],
[[122.0,62.0,62.0],6.490369e-05],
[[122.0,72.0,72.0],8.718467e-05],
[[122.0,82.0,82.0],0.0001106249],
[[122.0,92.0,92.0],0.0001329552],
[[122.0,102.0,102.0],0.000200714],
[[123.0,122.0,122.0],0.0006468118],
[[127.0,122.0,122.0],0.0005799581],
[[129.0,122.0,122.0],0.0005248054],
[[132.0,52.0,52.0],7.785036e-05],
[[132.0,62.0,62.0],9.475592e-05],
[[132.0,72.0,72.0],8.564287e-05],
[[132.0,82.0,82.0],0.0001136752],
[[132.0,92.0,92.0],0.0001216266],
[[132.0,102.0,102.0],0.0001605517],
[[142.0,62.0,62.0],6.968801e-05],
[[142.0,72.0,72.0],8.58373e-05],
[[142.0,82.0,82.0],0.0001025409],
[[142.0,92.0,92.0],0.0001332362],
[[142.0,102.0,102.0],0.000130144],
[[142.0,122.0,122.0],0.0002383114],
[[143.0,142.0,142.0],0.0007340159],
[[147.0,142.0,142.0],0.0006862143],
[[149.0,142.0,142.0],0.0006421475],
[[151.0,142.0,142.0],0.0005446818],
[[152.0,72.0,72.0],8.234883e-05],
[[152.0,82.0,82.0],9.607365e-05],
[[152.0,92.0,92.0],0.0001094436],
[[152.0,102.0,102.0],0.0001227146],
[[152.0,122.0,122.0],0.0001935504],
[[162.0,82.0,82.0],0.0001055742],
[[162.0,92.0,92.0],0.0001292791],
[[162.0,102.0,102.0],0.0001194896],
[[162.0,122.0,122.0],0.0001543784],
[[162.0,142.0,142.0],0.000312432],
[[163.0,162.0,162.0],0.0008954122],
[[167.0,162.0,162.0],0.0007617803],
[[169.0,162.0,162.0],0.000727706],
[[171.0,162.0,162.0],0.0006427905],
[[172.0,92.0,92.0],0.000114956],
[[172.0,102.0,102.0],0.0001221075],
[[172.0,122.0,122.0],0.0001533443],
[[172.0,142.0,142.0],0.0002236949],
[[182.0,102.0,102.0],0.0001255532],
[[182.0,122.0,122.0],0.000145069],
[[182.0,142.0,142.0],0.0001788451],
[[182.0,162.0,162.0],0.0003784454],
[[183.0,182.0,182.0],0.00103238],
[[187.0,182.0,182.0],0.0009125124],
[[189.0,182.0,182.0],0.0008006374],
[[191.0,182.0,182.0],0.0007050241],
[[192.0,122.0,122.0],0.0001339014],
[[192.0,142.0,142.0],0.0001827765],
[[192.0,162.0,162.0],0.0002496005],
[[202.0,122.0,122.0],0.0001275887],
[[202.0,142.0,142.0],0.0001709289],
[[202.0,162.0,162.0],0.0002167064],
[[202.0,182.0,182.0],0.0004193298],
[[203.0,202.0,202.0],0.001121075],
[[207.0,202.0,202.0],0.001040394],
[[209.0,202.0,202.0],0.0008599755],
[[211.0,202.0,202.0],0.0008611597],
[[212.0,142.0,142.0],0.00015613],
[[212.0,162.0,162.0],0.0001892443],
[[212.0,182.0,182.0],0.000318373],
[[222.0,142.0,142.0],0.0001560411],
[[222.0,162.0,162.0],0.0001864152],
[[222.0,182.0,182.0],0.0002392066],
[[222.0,202.0,202.0],0.0004820507],
[[223.0,222.0,222.0],0.001268979],
[[227.0,222.0,222.0],0.001119314],
[[229.0,222.0,222.0],0.0009935491],
[[231.0,222.0,222.0],0.0008930411],
[[232.0,162.0,162.0],0.0001671556],
[[232.0,182.0,182.0],0.0002088894],
[[232.0,202.0,202.0],0.0003103612],
[[242.0,162.0,162.0],0.0001735781],
[[242.0,182.0,182.0],0.0002096657],
[[242.0,202.0,202.0],0.0002751257],
[[242.0,222.0,222.0],0.0004846035],
[[243.0,242.0,242.0],0.001247077],
[[247.0,242.0,242.0],0.001166937],
[[249.0,242.0,242.0],0.00106382],
[[251.0,242.0,242.0],0.0009360591],
[[252.0,182.0,182.0],0.0002001132],
[[252.0,202.0,202.0],0.0002513854],
[[252.0,222.0,222.0],0.0003853768],
[[262.0,182.0,182.0],0.0001821052],
[[262.0,202.0,202.0],0.0002085112],
[[262.0,222.0,222.0],0.0002909817],
[[262.0,242.0,242.0],0.0005397839],
[[263.0,262.0,262.0],0.001426901],
[[267.0,262.0,262.0],0.001235468],
[[269.0,262.0,262.0],0.001178288],
[[272.0,202.0,202.0],0.0002054867],
[[272.0,222.0,222.0],0.0002563664],
[[272.0,242.0,242.0],0.0003886813],
[[282.0,202.0,202.0],0.0002100082],
[[282.0,222.0,222.0],0.0002558232],
[[282.0,242.0,242.0],0.000310006],
[[282.0,262.0,262.0],0.0005712058],
[[283.0,282.0,282.0],0.001453194],
[[287.0,282.0,282.0],0.001385972],
[[289.0,282.0,282.0],0.001295969],
[[292.0,222.0,222.0],0.0002102785],
[[292.0,242.0,242.0],0.0002820392],
[[292.0,262.0,262.0],0.0003773466],
[[302.0,222.0,222.0],0.0002103858],
[[302.0,242.0,242.0],0.0002545547],
[[302.0,262.0,262.0],0.000315662],
[[302.0,282.0,282.0],0.0006055286],
[[303.0,302.0,302.0],0.001485673],
[[307.0,302.0,302.0],0.00143456],
[[309.0,302.0,302.0],0.001300678],
[[312.0,242.0,242.0],0.0002333999],
[[312.0,262.0,262.0],0.0002776738],
[[312.0,282.0,282.0],0.0004155323],
[[322.0,242.0,242.0],0.0002464214],
[[322.0,262.0,262.0],0.0002207155],
[[322.0,282.0,282.0],0.0003430942],
[[322.0,302.0,302.0],0.0006325698],
[[323.0,322.0,322.0],0.001600133],
[[327.0,322.0,322.0],0.001448488],
[[329.0,322.0,322.0],0.001377772],
[[332.0,262.0,262.0],0.0002677598],
[[332.0,282.0,282.0],0.0003054266],
[[332.0,302.0,302.0],0.0004286993],
[[342.0,262.0,262.0],0.0002450404],
[[342.0,282.0,282.0],0.0002415691],
[[342.0,302.0,302.0],0.0003416592],
[[342.0,322.0,322.0],0.0006755519],
[[343.0,342.0,342.0],0.001564279],
[[347.0,342.0,342.0],0.00159963],
[[349.0,342.0,342.0],0.001338626],
[[352.0,282.0,282.0],0.0002341662],
[[352.0,302.0,302.0],0.0003008511],
[[352.0,322.0,322.0],0.0004732711],
[[362.0,282.0,282.0],0.0002425826],
[[362.0,302.0,302.0],0.0002574684],
[[362.0,322.0,322.0],0.0003407722],
[[362.0,342.0,342.0],0.0007111077],
[[363.0,362.0,362.0],0.001642207],
[[367.0,362.0,362.0],0.001526555],
[[369.0,362.0,362.0],0.001449823],
[[372.0,302.0,302.0],0.000267644],
[[372.0,342.0,342.0],0.0005222601],
[[382.0,302.0,302.0],0.0002320655],
[[382.0,322.0,322.0],0.0003107365],
[[382.0,362.0,362.0],0.0007153916],
[[383.0,382.0,382.0],0.001655821],
[[387.0,382.0,382.0],0.001569159],
[[389.0,382.0,382.0],0.00153152],
[[391.0,382.0,382.0],0.00132371],
[[392.0,322.0,322.0],0.0002497575],
[[392.0,342.0,342.0],0.0003401538],
[[392.0,362.0,362.0],0.0004672571],
[[402.0,322.0,322.0],0.0002206656],
[[402.0,342.0,342.0],0.0002978802],
[[402.0,362.0,362.0],0.0004064987],
[[402.0,382.0,382.0],0.0007444709],
[[403.0,402.0,402.0],0.001658673],
[[412.0,342.0,342.0],0.0002665321],
[[412.0,362.0,362.0],0.0002968395],
[[412.0,382.0,382.0],0.0005055468],
[[413.0,402.0,402.0],0.001230669],
[[417.0,402.0,402.0],0.0009582117],
[[422.0,342.0,342.0],0.0002965545],
[[422.0,362.0,362.0],0.0002954447],
[[422.0,382.0,382.0],0.0004128422],
[[422.0,402.0,402.0],0.0007723994],
[[432.0,362.0,362.0],0.0002534453],
[[432.0,382.0,382.0],0.0003051697],
[[432.0,402.0,402.0],0.0005320716],
[[442.0,362.0,362.0],0.0002860641],
[[442.0,382.0,382.0],0.0002923424],
[[452.0,382.0,382.0],0.0003127675],
[[452.0,402.0,402.0],0.0003348018],
[[462.0,382.0,382.0],0.0002408774],
[[462.0,402.0,402.0],0.0003170947],
[[482.0,402.0,402.0],0.0002634597],
[[503.0,502.0,502.0],0.001826292],
[[513.0,502.0,502.0],0.001430536],
[[517.0,502.0,502.0],0.001146978],
[[522.0,502.0,502.0],0.0008293314],
[[532.0,502.0,502.0],0.0005375568],
[[552.0,502.0,502.0],0.0003271284],
[[582.0,502.0,502.0],0.0002798484],
[[603.0,602.0,602.0],0.001954346],
[[613.0,602.0,602.0],0.00143685],
[[617.0,602.0,602.0],0.001229683],
[[622.0,602.0,602.0],0.0009236271],
[[632.0,602.0,602.0],0.0005954971],
[[652.0,602.0,602.0],0.0003605565],
[[682.0,602.0,602.0],0.000277421],
[[703.0,702.0,702.0],0.001987898],
[[713.0,702.0,702.0],0.001494102],
[[717.0,702.0,702.0],0.00129062],
[[722.0,702.0,702.0],0.000974121],
[[732.0,702.0,702.0],0.000617069],
[[752.0,702.0,702.0],0.0003750954],
[[782.0,702.0,702.0],0.0002364729],
[[803.0,802.0,802.0],0.002060828],
[[813.0,802.0,802.0],0.001644341],
[[817.0,802.0,802.0],0.001277147],
[[822.0,802.0,802.0],0.001022036],
[[832.0,802.0,802.0],0.0006422413],
[[852.0,802.0,802.0],0.0004032554],
[[882.0,802.0,802.0],0.0002750041],
[[903.0,902.0,902.0],0.002115713],
[[913.0,902.0,902.0],0.00171943],
[[917.0,902.0,902.0],0.001416507],
[[922.0,902.0,902.0],0.00107948],
[[932.0,902.0,902.0],0.0006561051],
[[952.0,902.0,902.0],0.0003791706],
[[982.0,902.0,902.0],0.0002734313],
[[1003.0,1002.0,1002.0],0.002220238],
[[1013.0,1002.0,1002.0],0.001709138],
[[1017.0,1002.0,1002.0],0.001431014],
[[1022.0,1002.0,1002.0],0.001067206],
[[1032.0,1002.0,1002.0],0.0006688275],
[[1052.0,1002.0,1002.0],0.0004273226],
[[1082.0,1002.0,1002.0],0.0003346809],
[[1103.0,1102.0,1102.0],0.002262658],
[[1113.0,1102.0,1102.0],0.001881358],
[[1117.0,1102.0,1102.0],0.001472002],
[[1122.0,1102.0,1102.0],0.001113421],
[[1132.0,1102.0,1102.0],0.0007333349],
[[1152.0,1102.0,1102.0],0.0004044118],
[[1182.0,1102.0,1102.0],0.0002877794],
[[1203.0,1202.0,1202.0],0.002294778],
[[1213.0,1202.0,1202.0],0.001913744],
[[1217.0,1202.0,1202.0],0.001573611],
[[1222.0,1202.0,1202.0],0.001192316],
[[1232.0,1202.0,1202.0],0.0006778446],
[[1252.0,1202.0,1202.0],0.0004319574],
[[1282.0,1202.0,1202.0],0.000274085],
[[1303.0,1302.0,1302.0],0.002390725],
[[1313.0,1302.0,1302.0],0.001964315],
[[1317.0,1302.0,1302.0],0.001532369],
[[1322.0,1302.0,1302.0],0.001098634],
[[1332.0,1302.0,1302.0],0.0007430916],
[[1352.0,1302.0,1302.0],0.0004484841],
[[1382.0,1302.0,1302.0],0.0002643752],
[[1403.0,1402.0,1402.0],0.00243299],
[[1413.0,1402.0,1402.0],0.001983389],
[[1417.0,1402.0,1402.0],0.001621435],
[[1422.0,1402.0,1402.0],0.00120008],
[[1432.0,1402.0,1402.0],0.0007093281],
[[1452.0,1402.0,1402.0],0.0003833582],
[[1482.0,1402.0,1402.0],0.0003207304],
[[1503.0,1502.0,1502.0],0.002362463],
[[1513.0,1502.0,1502.0],0.001906791],
[[1517.0,1502.0,1502.0],0.001597021],
[[1522.0,1502.0,1502.0],0.001138828],
[[1532.0,1502.0,1502.0],0.0007208166],
[[1552.0,1502.0,1502.0],0.0004359089],
[[1582.0,1502.0,1502.0],0.0003109122],
[[1603.0,1602.0,1602.0],0.002303542],
[[1613.0,1602.0,1602.0],0.001898059],
[[1617.0,1602.0,1602.0],0.001622047],
[[1622.0,1602.0,1602.0],0.001216043],
[[1632.0,1602.0,1602.0],0.000730692],
[[1652.0,1602.0,1602.0],0.000399794],
[[1682.0,1602.0,1602.0],0.0002502291],
[[1703.0,1702.0,1702.0],0.002357054],
[[1713.0,1702.0,1702.0],0.001996933],
[[1717.0,1702.0,1702.0],0.001585768],
[[1722.0,1702.0,1702.0],0.001299443],
[[1732.0,1702.0,1702.0],0.0006987775],
[[1752.0,1702.0,1702.0],0.0004551692],
[[1782.0,1702.0,1702.0],0.0002939174],
[[1803.0,1802.0,1802.0],0.002269427],
[[1813.0,1802.0,1802.0],0.001989764],
[[1817.0,1802.0,1802.0],0.001625636],
[[1822.0,1802.0,1802.0],0.001224408],
[[1832.0,1802.0,1802.0],0.000702625],
[[1852.0,1802.0,1802.0],0.0004345424],
[[1872.0,1802.0,1802.0],0.0003098522],
[[1882.0,1802.0,1802.0],0.0003072781],
[[1903.0,1902.0,1902.0],0.002301157],
[[1913.0,1902.0,1902.0],0.001923974],
[[1917.0,1902.0,1902.0],0.001652661],
[[1922.0,1902.0,1902.0],0.001183506],
[[1942.0,1902.0,1902.0],0.0005368028],
[[1952.0,1902.0,1902.0],0.0004176429],
[[1982.0,1902.0,1902.0],0.0002669835],
[[2003.0,2002.0,2002.0],0.002334563],
[[2013.0,2002.0,2002.0],0.001962337],
[[2017.0,2002.0,2002.0],0.001623895],
[[2022.0,2002.0,2002.0],0.001183025],
[[2032.0,2002.0,2002.0],0.0006898639],
[[2042.0,2002.0,2002.0],0.0005054657],
[[2052.0,2002.0,2002.0],0.0004086043],
[[2072.0,2002.0,2002.0],0.0003029967],
[[2082.0,2002.0,2002.0],0.0002844375]]
