txName: TChiISR
constraint: {(PV > MET(1), MET(2))}
condition: None
conditionDescription: None
figureUrl: None
source: Recast by MA5
validated: True
axesMap: [{0: 'x', 1: 'y'}]
dataMap: {0: (1, 'mass', GeV), 1: (2, 'mass', GeV)}
finalState: ['MET', 'MET']
efficiencyMap: [[[1.0,10.0],3.608884e-05],
[[1.0,20.0],4.387412e-05],
[[1.0,30.0],3.848579e-05],
[[1.0,40.0],3.763771e-05],
[[1.0,50.0],4.040188e-05],
[[1.0,60.0],3.738734e-05],
[[5.0,10.0],4.249186e-05],
[[7.0,10.0],4.269699e-05],
[[9.0,10.0],4.020507e-05],
[[10.0,1.0],3.608884e-05],
[[10.0,5.0],4.249186e-05],
[[10.0,7.0],4.269699e-05],
[[10.0,9.0],4.020507e-05],
[[10.0,10.0],4.013516e-05],
[[12.0,62.0],4.110422e-05],
[[12.0,72.0],4.279637e-05],
[[12.0,82.0],0.0001199619],
[[12.0,92.0],0.0001676221],
[[12.0,102.0],0.0002432489],
[[12.0,212.0],0.0006489324],
[[12.0,312.0],0.0009322207],
[[15.0,20.0],4.678296e-05],
[[17.0,20.0],4.009975e-05],
[[19.0,20.0],4.144026e-05],
[[20.0,1.0],4.387412e-05],
[[20.0,15.0],4.678296e-05],
[[20.0,17.0],4.009975e-05],
[[20.0,19.0],4.144026e-05],
[[20.0,20.0],3.763821e-05],
[[20.0,30.0],3.922623e-05],
[[20.0,40.0],4.269538e-05],
[[20.0,50.0],4.289553e-05],
[[20.0,60.0],4.175458e-05],
[[25.0,30.0],4.584368e-05],
[[27.0,30.0],4.916903e-05],
[[29.0,30.0],4.05962e-05],
[[30.0,1.0],3.848579e-05],
[[30.0,20.0],3.922623e-05],
[[30.0,25.0],4.584368e-05],
[[30.0,27.0],4.916903e-05],
[[30.0,29.0],4.05962e-05],
[[30.0,30.0],4.226817e-05],
[[30.0,40.0],3.897816e-05],
[[30.0,50.0],4.801052e-05],
[[30.0,60.0],6.487258e-05],
[[32.0,62.0],0.0001204458],
[[32.0,72.0],0.000171406],
[[32.0,82.0],0.0002192817],
[[32.0,92.0],0.0003097972],
[[32.0,102.0],0.0003111249],
[[32.0,112.0],0.0003555],
[[32.0,122.0],0.0004054642],
[[32.0,232.0],0.000779634],
[[32.0,332.0],0.0009754513],
[[35.0,40.0],3.995314e-05],
[[37.0,40.0],4.29218e-05],
[[39.0,40.0],4.735444e-05],
[[40.0,1.0],3.763771e-05],
[[40.0,20.0],4.269538e-05],
[[40.0,30.0],3.897816e-05],
[[40.0,35.0],3.995314e-05],
[[40.0,37.0],4.29218e-05],
[[40.0,39.0],4.735444e-05],
[[40.0,40.0],4.537129e-05],
[[40.0,50.0],7.308357e-05],
[[40.0,60.0],0.0001439893],
[[45.0,50.0],0.000104926],
[[47.0,50.0],0.0001300937],
[[49.0,50.0],0.0001466079],
[[50.0,1.0],4.040188e-05],
[[50.0,20.0],4.289553e-05],
[[50.0,30.0],4.801052e-05],
[[50.0,40.0],7.308357e-05],
[[50.0,45.0],0.000104926],
[[50.0,47.0],0.0001300937],
[[50.0,49.0],0.0001466079],
[[50.0,50.0],0.0001554671],
[[50.0,60.0],0.0001846064],
[[52.0,62.0],0.0002159522],
[[52.0,67.0],0.0002864711],
[[52.0,72.0],0.0002722909],
[[52.0,82.0],0.00036262],
[[52.0,92.0],0.000345126],
[[52.0,102.0],0.0004083034],
[[52.0,112.0],0.0004110075],
[[52.0,122.0],0.0004374326],
[[52.0,132.0],0.0004944393],
[[52.0,142.0],0.0005828855],
[[52.0,252.0],0.0008502173],
[[52.0,352.0],0.001092353],
[[55.0,60.0],0.0002272049],
[[57.0,60.0],0.000228877],
[[59.0,60.0],0.000239941],
[[60.0,1.0],3.738734e-05],
[[60.0,20.0],4.175458e-05],
[[60.0,30.0],6.487258e-05],
[[60.0,40.0],0.0001439893],
[[60.0,50.0],0.0001846064],
[[60.0,55.0],0.0002272049],
[[60.0,57.0],0.000228877],
[[60.0,59.0],0.000239941],
[[60.0,60.0],0.0002392609],
[[62.0,12.0],4.110422e-05],
[[62.0,32.0],0.0001204458],
[[62.0,52.0],0.0002159522],
[[67.0,52.0],0.0002864711],
[[72.0,12.0],4.279637e-05],
[[72.0,32.0],0.000171406],
[[72.0,52.0],0.0002722909],
[[72.0,72.0],0.0003483863],
[[72.0,75.0],0.0003882507],
[[72.0,77.0],0.0003879412],
[[72.0,82.0],0.0003954487],
[[72.0,87.0],0.0004297036],
[[72.0,92.0],0.0004446306],
[[72.0,102.0],0.0004937665],
[[72.0,112.0],0.0005192263],
[[72.0,122.0],0.0005764195],
[[72.0,132.0],0.0005668517],
[[72.0,142.0],0.0006451119],
[[72.0,152.0],0.0006165389],
[[72.0,162.0],0.0006873721],
[[72.0,272.0],0.001013368],
[[72.0,372.0],0.001105309],
[[75.0,72.0],0.0003882507],
[[77.0,72.0],0.0003879412],
[[82.0,12.0],0.0001199619],
[[82.0,32.0],0.0002192817],
[[82.0,52.0],0.00036262],
[[82.0,72.0],0.0003954487],
[[87.0,72.0],0.0004297036],
[[92.0,12.0],0.0001676221],
[[92.0,32.0],0.0003097972],
[[92.0,52.0],0.000345126],
[[92.0,72.0],0.0004446306],
[[92.0,92.0],0.0004772107],
[[92.0,95.0],0.0005569564],
[[92.0,97.0],0.0005555866],
[[92.0,102.0],0.0006349018],
[[92.0,107.0],0.0006165259],
[[92.0,112.0],0.000593104],
[[92.0,122.0],0.0005887553],
[[92.0,132.0],0.0006301828],
[[92.0,142.0],0.0007038372],
[[92.0,152.0],0.0007033244],
[[92.0,162.0],0.0007205728],
[[92.0,172.0],0.0008080376],
[[92.0,182.0],0.0008349298],
[[92.0,292.0],0.001071768],
[[92.0,392.0],0.001216156],
[[95.0,92.0],0.0005569564],
[[97.0,92.0],0.0005555866],
[[102.0,12.0],0.0002432489],
[[102.0,32.0],0.0003111249],
[[102.0,52.0],0.0004083034],
[[102.0,72.0],0.0004937665],
[[102.0,92.0],0.0006349018],
[[102.0,102.0],0.0005691726],
[[102.0,105.0],0.0006064383],
[[102.0,107.0],0.0005975612],
[[102.0,112.0],0.0006071773],
[[102.0,117.0],0.0006416128],
[[102.0,122.0],0.0006546642],
[[102.0,132.0],0.0006588604],
[[102.0,142.0],0.0006562019],
[[102.0,152.0],0.000731354],
[[102.0,162.0],0.00079977],
[[102.0,172.0],0.0008360452],
[[102.0,182.0],0.0008767216],
[[102.0,192.0],0.0008099142],
[[102.0,302.0],0.001055928],
[[102.0,402.0],0.001212058],
[[105.0,102.0],0.0006064383],
[[107.0,92.0],0.0006165259],
[[107.0,102.0],0.0005975612],
[[112.0,32.0],0.0003555],
[[112.0,52.0],0.0004110075],
[[112.0,72.0],0.0005192263],
[[112.0,92.0],0.000593104],
[[112.0,102.0],0.0006071773],
[[117.0,102.0],0.0006416128],
[[122.0,32.0],0.0004054642],
[[122.0,52.0],0.0004374326],
[[122.0,72.0],0.0005764195],
[[122.0,92.0],0.0005887553],
[[122.0,102.0],0.0006546642],
[[132.0,52.0],0.0004944393],
[[132.0,72.0],0.0005668517],
[[132.0,92.0],0.0006301828],
[[132.0,102.0],0.0006588604],
[[142.0,52.0],0.0005828855],
[[142.0,72.0],0.0006451119],
[[142.0,92.0],0.0007038372],
[[142.0,102.0],0.0006562019],
[[152.0,72.0],0.0006165389],
[[152.0,92.0],0.0007033244],
[[152.0,102.0],0.000731354],
[[152.0,152.0],0.0008566777],
[[152.0,155.0],0.0008926958],
[[152.0,157.0],0.0009176172],
[[152.0,162.0],0.0009222816],
[[152.0,167.0],0.0009037452],
[[152.0,172.0],0.0009785057],
[[152.0,182.0],0.001018155],
[[152.0,192.0],0.001034922],
[[152.0,202.0],0.0009987753],
[[152.0,212.0],0.001042519],
[[152.0,222.0],0.0009782202],
[[152.0,232.0],0.001033952],
[[152.0,242.0],0.001093624],
[[152.0,352.0],0.001247567],
[[152.0,452.0],0.001447404],
[[155.0,152.0],0.0008926958],
[[157.0,152.0],0.0009176172],
[[162.0,72.0],0.0006873721],
[[162.0,92.0],0.0007205728],
[[162.0,102.0],0.00079977],
[[162.0,152.0],0.0009222816],
[[167.0,152.0],0.0009037452],
[[172.0,92.0],0.0008080376],
[[172.0,102.0],0.0008360452],
[[172.0,152.0],0.0009785057],
[[182.0,92.0],0.0008349298],
[[182.0,102.0],0.0008767216],
[[182.0,152.0],0.001018155],
[[192.0,102.0],0.0008099142],
[[192.0,152.0],0.001034922],
[[202.0,152.0],0.0009987753],
[[202.0,202.0],0.001090456],
[[202.0,205.0],0.00111742],
[[202.0,207.0],0.001152767],
[[202.0,212.0],0.001107535],
[[202.0,217.0],0.001133569],
[[202.0,222.0],0.001179628],
[[202.0,232.0],0.001125564],
[[202.0,242.0],0.001193502],
[[202.0,252.0],0.001214314],
[[202.0,262.0],0.001176524],
[[202.0,272.0],0.001208813],
[[202.0,282.0],0.001221523],
[[202.0,402.0],0.001325493],
[[202.0,502.0],0.001474851],
[[205.0,202.0],0.00111742],
[[207.0,202.0],0.001152767],
[[212.0,12.0],0.0006489324],
[[212.0,152.0],0.001042519],
[[212.0,202.0],0.001107535],
[[217.0,202.0],0.001133569],
[[222.0,152.0],0.0009782202],
[[222.0,202.0],0.001179628],
[[232.0,32.0],0.000779634],
[[232.0,152.0],0.001033952],
[[232.0,202.0],0.001125564],
[[242.0,152.0],0.001093624],
[[242.0,202.0],0.001193502],
[[252.0,52.0],0.0008502173],
[[252.0,202.0],0.001214314],
[[252.0,252.0],0.001354366],
[[252.0,255.0],0.00125927],
[[252.0,257.0],0.001260566],
[[252.0,262.0],0.001263661],
[[252.0,267.0],0.001311954],
[[252.0,272.0],0.001385267],
[[252.0,282.0],0.00133442],
[[252.0,292.0],0.001310268],
[[252.0,302.0],0.001354037],
[[252.0,312.0],0.001313293],
[[252.0,322.0],0.00134702],
[[252.0,332.0],0.001385046],
[[252.0,342.0],0.001435601],
[[252.0,452.0],0.001453908],
[[252.0,552.0],0.001566341],
[[255.0,252.0],0.00125927],
[[257.0,252.0],0.001260566],
[[262.0,202.0],0.001176524],
[[262.0,252.0],0.001263661],
[[267.0,252.0],0.001311954],
[[272.0,72.0],0.001013368],
[[272.0,202.0],0.001208813],
[[272.0,252.0],0.001385267],
[[282.0,202.0],0.001221523],
[[282.0,252.0],0.00133442],
[[292.0,92.0],0.001071768],
[[292.0,252.0],0.001310268],
[[302.0,102.0],0.001055928],
[[302.0,252.0],0.001354037],
[[302.0,302.0],0.001550383],
[[302.0,305.0],0.001459446],
[[302.0,307.0],0.00137572],
[[302.0,312.0],0.001439878],
[[302.0,317.0],0.001420761],
[[302.0,322.0],0.001492615],
[[302.0,332.0],0.001417856],
[[302.0,342.0],0.001533353],
[[302.0,352.0],0.001477615],
[[302.0,362.0],0.001437755],
[[302.0,372.0],0.001505761],
[[302.0,382.0],0.001525915],
[[302.0,392.0],0.001490772],
[[302.0,502.0],0.001614265],
[[302.0,602.0],0.001624592],
[[305.0,302.0],0.001459446],
[[307.0,302.0],0.00137572],
[[312.0,12.0],0.0009322207],
[[312.0,252.0],0.001313293],
[[312.0,302.0],0.001439878],
[[317.0,302.0],0.001420761],
[[322.0,252.0],0.00134702],
[[322.0,302.0],0.001492615],
[[332.0,32.0],0.0009754513],
[[332.0,252.0],0.001385046],
[[332.0,302.0],0.001417856],
[[342.0,252.0],0.001435601],
[[342.0,302.0],0.001533353],
[[352.0,52.0],0.001092353],
[[352.0,152.0],0.001247567],
[[352.0,302.0],0.001477615],
[[352.0,352.0],0.001493665],
[[352.0,355.0],0.001575669],
[[352.0,357.0],0.001595777],
[[352.0,362.0],0.00152187],
[[352.0,367.0],0.001544026],
[[352.0,372.0],0.001554294],
[[352.0,382.0],0.001601217],
[[352.0,392.0],0.001591113],
[[352.0,402.0],0.001608413],
[[352.0,412.0],0.001649059],
[[352.0,422.0],0.001587806],
[[352.0,432.0],0.001616945],
[[352.0,442.0],0.001604272],
[[352.0,552.0],0.001646403],
[[352.0,652.0],0.001703836],
[[355.0,352.0],0.001575669],
[[357.0,352.0],0.001595777],
[[362.0,302.0],0.001437755],
[[362.0,352.0],0.00152187],
[[367.0,352.0],0.001544026],
[[372.0,72.0],0.001105309],
[[372.0,302.0],0.001505761],
[[372.0,352.0],0.001554294],
[[382.0,302.0],0.001525915],
[[382.0,352.0],0.001601217],
[[392.0,92.0],0.001216156],
[[392.0,302.0],0.001490772],
[[392.0,352.0],0.001591113],
[[402.0,102.0],0.001212058],
[[402.0,202.0],0.001325493],
[[402.0,352.0],0.001608413],
[[402.0,402.0],0.001695787],
[[402.0,405.0],0.001580453],
[[402.0,407.0],0.001642449],
[[402.0,412.0],0.001692523],
[[402.0,417.0],0.001678863],
[[402.0,422.0],0.001653521],
[[402.0,432.0],0.001639289],
[[402.0,442.0],0.001635071],
[[402.0,452.0],0.001650323],
[[402.0,462.0],0.001662445],
[[402.0,472.0],0.001759212],
[[402.0,482.0],0.001678953],
[[402.0,492.0],0.001683666],
[[402.0,602.0],0.001793857],
[[402.0,702.0],0.001724376],
[[405.0,402.0],0.001580453],
[[407.0,402.0],0.001642449],
[[412.0,352.0],0.001649059],
[[412.0,402.0],0.001692523],
[[417.0,402.0],0.001678863],
[[422.0,352.0],0.001587806],
[[422.0,402.0],0.001653521],
[[432.0,352.0],0.001616945],
[[432.0,402.0],0.001639289],
[[442.0,352.0],0.001604272],
[[442.0,402.0],0.001635071],
[[452.0,152.0],0.001447404],
[[452.0,252.0],0.001453908],
[[452.0,402.0],0.001650323],
[[462.0,402.0],0.001662445],
[[472.0,402.0],0.001759212],
[[482.0,402.0],0.001678953],
[[492.0,402.0],0.001683666],
[[502.0,202.0],0.001474851],
[[502.0,302.0],0.001614265],
[[552.0,252.0],0.001566341],
[[552.0,352.0],0.001646403],
[[602.0,302.0],0.001624592],
[[602.0,402.0],0.001793857],
[[602.0,602.0],0.001835842],
[[602.0,605.0],0.001973064],
[[602.0,607.0],0.001871153],
[[602.0,612.0],0.001929978],
[[602.0,617.0],0.001881973],
[[602.0,622.0],0.001909394],
[[602.0,632.0],0.001960293],
[[602.0,642.0],0.001851134],
[[602.0,652.0],0.001838524],
[[602.0,662.0],0.001941033],
[[602.0,672.0],0.001884892],
[[602.0,682.0],0.001915963],
[[602.0,692.0],0.001914968],
[[602.0,802.0],0.001928692],
[[602.0,902.0],0.002050776],
[[605.0,602.0],0.001973064],
[[607.0,602.0],0.001871153],
[[612.0,602.0],0.001929978],
[[617.0,602.0],0.001881973],
[[622.0,602.0],0.001909394],
[[632.0,602.0],0.001960293],
[[642.0,602.0],0.001851134],
[[652.0,352.0],0.001703836],
[[652.0,602.0],0.001838524],
[[662.0,602.0],0.001941033],
[[672.0,602.0],0.001884892],
[[682.0,602.0],0.001915963],
[[692.0,602.0],0.001914968],
[[702.0,402.0],0.001724376],
[[802.0,602.0],0.001928692],
[[802.0,802.0],0.002084339],
[[802.0,805.0],0.001963191],
[[802.0,807.0],0.002067651],
[[802.0,812.0],0.002057944],
[[802.0,817.0],0.001985587],
[[802.0,822.0],0.002064155],
[[802.0,832.0],0.002025082],
[[802.0,842.0],0.002021809],
[[802.0,852.0],0.002108187],
[[802.0,862.0],0.002015761],
[[802.0,872.0],0.00210766],
[[802.0,882.0],0.002014642],
[[802.0,892.0],0.002053526],
[[802.0,1002.0],0.002083346],
[[802.0,1102.0],0.002163022],
[[805.0,802.0],0.001963191],
[[807.0,802.0],0.002067651],
[[812.0,802.0],0.002057944],
[[817.0,802.0],0.001985587],
[[822.0,802.0],0.002064155],
[[832.0,802.0],0.002025082],
[[842.0,802.0],0.002021809],
[[852.0,802.0],0.002108187],
[[862.0,802.0],0.002015761],
[[872.0,802.0],0.00210766],
[[882.0,802.0],0.002014642],
[[892.0,802.0],0.002053526],
[[902.0,602.0],0.002050776],
[[1002.0,802.0],0.002083346],
[[1002.0,1002.0],0.002218056],
[[1002.0,1005.0],0.002242881],
[[1002.0,1007.0],0.002175114],
[[1002.0,1012.0],0.002167262],
[[1002.0,1017.0],0.002235085],
[[1002.0,1022.0],0.00223227],
[[1002.0,1032.0],0.002099133],
[[1002.0,1042.0],0.002168012],
[[1002.0,1052.0],0.00219408],
[[1002.0,1062.0],0.002336215],
[[1002.0,1072.0],0.002204257],
[[1002.0,1082.0],0.002163098],
[[1002.0,1092.0],0.002368043],
[[1002.0,1202.0],0.002334186],
[[1002.0,1302.0],0.002295292],
[[1005.0,1002.0],0.002242881],
[[1007.0,1002.0],0.002175114],
[[1012.0,1002.0],0.002167262],
[[1017.0,1002.0],0.002235085],
[[1022.0,1002.0],0.00223227],
[[1032.0,1002.0],0.002099133],
[[1042.0,1002.0],0.002168012],
[[1052.0,1002.0],0.00219408],
[[1062.0,1002.0],0.002336215],
[[1072.0,1002.0],0.002204257],
[[1082.0,1002.0],0.002163098],
[[1092.0,1002.0],0.002368043],
[[1102.0,802.0],0.002163022],
[[1202.0,1002.0],0.002334186],
[[1202.0,1202.0],0.002236117],
[[1202.0,1205.0],0.002369861],
[[1202.0,1207.0],0.00236253],
[[1202.0,1212.0],0.002359384],
[[1202.0,1217.0],0.002349317],
[[1202.0,1222.0],0.002328985],
[[1202.0,1232.0],0.002308868],
[[1202.0,1242.0],0.002372097],
[[1202.0,1252.0],0.002292341],
[[1202.0,1262.0],0.002387975],
[[1202.0,1272.0],0.002341121],
[[1202.0,1282.0],0.002305777],
[[1202.0,1292.0],0.00224544],
[[1202.0,1402.0],0.00226353],
[[1202.0,1502.0],0.002239872],
[[1205.0,1202.0],0.002369861],
[[1207.0,1202.0],0.00236253],
[[1212.0,1202.0],0.002359384],
[[1217.0,1202.0],0.002349317],
[[1222.0,1202.0],0.002328985],
[[1232.0,1202.0],0.002308868],
[[1242.0,1202.0],0.002372097],
[[1252.0,1202.0],0.002292341],
[[1262.0,1202.0],0.002387975],
[[1272.0,1202.0],0.002341121],
[[1282.0,1202.0],0.002305777],
[[1292.0,1202.0],0.00224544],
[[1302.0,1002.0],0.002295292],
[[1402.0,1202.0],0.00226353],
[[1402.0,1402.0],0.002265517],
[[1402.0,1405.0],0.002272868],
[[1402.0,1407.0],0.002298333],
[[1402.0,1412.0],0.002264016],
[[1402.0,1417.0],0.002378075],
[[1402.0,1422.0],0.002430713],
[[1402.0,1432.0],0.002378898],
[[1402.0,1442.0],0.002267691],
[[1402.0,1452.0],0.002245265],
[[1402.0,1462.0],0.002217298],
[[1402.0,1472.0],0.00240813],
[[1402.0,1482.0],0.002176295],
[[1402.0,1492.0],0.002305091],
[[1402.0,1602.0],0.002401571],
[[1402.0,1702.0],0.002373079],
[[1405.0,1402.0],0.002272868],
[[1407.0,1402.0],0.002298333],
[[1412.0,1402.0],0.002264016],
[[1417.0,1402.0],0.002378075],
[[1422.0,1402.0],0.002430713],
[[1432.0,1402.0],0.002378898],
[[1442.0,1402.0],0.002267691],
[[1452.0,1402.0],0.002245265],
[[1462.0,1402.0],0.002217298],
[[1472.0,1402.0],0.00240813],
[[1482.0,1402.0],0.002176295],
[[1492.0,1402.0],0.002305091],
[[1502.0,1202.0],0.002239872],
[[1602.0,1402.0],0.002401571],
[[1602.0,1602.0],0.002339182],
[[1602.0,1605.0],0.002408943],
[[1602.0,1607.0],0.002229831],
[[1602.0,1612.0],0.002298971],
[[1602.0,1617.0],0.002400175],
[[1602.0,1622.0],0.002341301],
[[1602.0,1632.0],0.002350339],
[[1602.0,1642.0],0.002316066],
[[1602.0,1652.0],0.002331055],
[[1602.0,1662.0],0.002305517],
[[1602.0,1672.0],0.002367643],
[[1602.0,1682.0],0.002385252],
[[1602.0,1692.0],0.00236089],
[[1602.0,1802.0],0.002344418],
[[1602.0,1902.0],0.002417508],
[[1605.0,1602.0],0.002408943],
[[1607.0,1602.0],0.002229831],
[[1612.0,1602.0],0.002298971],
[[1617.0,1602.0],0.002400175],
[[1622.0,1602.0],0.002341301],
[[1632.0,1602.0],0.002350339],
[[1642.0,1602.0],0.002316066],
[[1652.0,1602.0],0.002331055],
[[1662.0,1602.0],0.002305517],
[[1672.0,1602.0],0.002367643],
[[1682.0,1602.0],0.002385252],
[[1692.0,1602.0],0.00236089],
[[1702.0,1402.0],0.002373079],
[[1802.0,1602.0],0.002344418],
[[1802.0,1802.0],0.002308868],
[[1802.0,1805.0],0.002309915],
[[1802.0,1807.0],0.002421556],
[[1802.0,1812.0],0.002318232],
[[1802.0,1817.0],0.002322302],
[[1802.0,1822.0],0.002398425],
[[1802.0,1832.0],0.002390515],
[[1802.0,1842.0],0.002341881],
[[1802.0,1852.0],0.002303659],
[[1802.0,1862.0],0.002367227],
[[1802.0,1872.0],0.002310839],
[[1802.0,1882.0],0.002270235],
[[1802.0,1892.0],0.002247552],
[[1802.0,2002.0],0.002327135],
[[1802.0,2102.0],0.002404639],
[[1805.0,1802.0],0.002309915],
[[1807.0,1802.0],0.002421556],
[[1812.0,1802.0],0.002318232],
[[1817.0,1802.0],0.002322302],
[[1822.0,1802.0],0.002398425],
[[1832.0,1802.0],0.002390515],
[[1842.0,1802.0],0.002341881],
[[1852.0,1802.0],0.002303659],
[[1862.0,1802.0],0.002367227],
[[1872.0,1802.0],0.002310839],
[[1882.0,1802.0],0.002270235],
[[1892.0,1802.0],0.002247552],
[[1902.0,1602.0],0.002417508],
[[2002.0,1802.0],0.002327135],
[[2002.0,2002.0],0.002505142],
[[2002.0,2005.0],0.002351522],
[[2002.0,2007.0],0.002296759],
[[2002.0,2012.0],0.00229745],
[[2002.0,2017.0],0.0024183],
[[2002.0,2022.0],0.002204761],
[[2002.0,2032.0],0.002280219],
[[2002.0,2042.0],0.002328437],
[[2002.0,2052.0],0.002344783],
[[2002.0,2062.0],0.002301751],
[[2002.0,2072.0],0.002352634],
[[2002.0,2082.0],0.002354586],
[[2002.0,2092.0],0.002364203],
[[2002.0,2202.0],0.002339246],
[[2002.0,2302.0],0.002333595],
[[2005.0,2002.0],0.002351522],
[[2007.0,2002.0],0.002296759],
[[2012.0,2002.0],0.00229745],
[[2017.0,2002.0],0.0024183],
[[2022.0,2002.0],0.002204761],
[[2032.0,2002.0],0.002280219],
[[2042.0,2002.0],0.002328437],
[[2052.0,2002.0],0.002344783],
[[2062.0,2002.0],0.002301751],
[[2072.0,2002.0],0.002352634],
[[2082.0,2002.0],0.002354586],
[[2092.0,2002.0],0.002364203],
[[2102.0,1802.0],0.002404639],
[[2202.0,2002.0],0.002339246],
[[2302.0,2002.0],0.002333595]]
