txName: TChiWWISRqq
constraint: {(PV > anyBSM(1), anyBSM(3)), (anyBSM(1) > q, q, MET(2)), (anyBSM(3) > q, q, MET(4))}
condition: None
conditionDescription: None
figureUrl: None
source: Recast by MA5
validated: True
axesMap: [{0: 'x', 1: 'y', 2: 'x', 3: 'y'}]
dataMap: {0: (1, 'mass', GeV), 1: (2, 'mass', GeV), 2: (3, 'mass', GeV), 3: (4, 'mass', GeV)}
finalState: ['MET', 'MET']
efficiencyMap: [[[11.0,10.0,11.0,10.0],2.017592e-05],
[[13.0,10.0,13.0,10.0],3.14077e-06],
[[15.0,10.0,15.0,10.0],2.872887e-06],
[[20.0,10.0,20.0,10.0],3.974064e-07],
[[21.0,20.0,21.0,20.0],3.485608e-05],
[[23.0,20.0,23.0,20.0],1.91754e-05],
[[25.0,20.0,25.0,20.0],7.368391e-06],
[[30.0,10.0,30.0,10.0],1.388609e-07],
[[30.0,20.0,30.0,20.0],1.54668e-06],
[[31.0,30.0,31.0,30.0],3.330236e-05],
[[33.0,30.0,33.0,30.0],2.562751e-05],
[[35.0,30.0,35.0,30.0],1.155504e-05],
[[40.0,20.0,40.0,20.0],6.18317e-07],
[[40.0,30.0,40.0,30.0],3.125979e-06],
[[41.0,40.0,41.0,40.0],3.755917e-05],
[[43.0,40.0,43.0,40.0],2.882267e-05],
[[45.0,40.0,45.0,40.0],2.008127e-05],
[[50.0,10.0,50.0,10.0],7.444298e-07],
[[50.0,30.0,50.0,30.0],4.586763e-06],
[[50.0,40.0,50.0,40.0],1.659591e-05],
[[51.0,50.0,51.0,50.0],9.206598e-05],
[[53.0,50.0,53.0,50.0],9.143927e-05],
[[55.0,50.0,55.0,50.0],7.216482e-05],
[[60.0,20.0,60.0,20.0],4.213618e-06],
[[60.0,40.0,60.0,40.0],1.682429e-05],
[[60.0,50.0,60.0,50.0],4.752743e-05],
[[61.0,60.0,61.0,60.0],0.0001459619],
[[63.0,60.0,63.0,60.0],0.0001497903],
[[65.0,60.0,65.0,60.0],0.0001341513],
[[70.0,10.0,70.0,10.0],9.293226e-06],
[[70.0,30.0,70.0,30.0],1.402117e-05],
[[70.0,50.0,70.0,50.0],6.206641e-05],
[[70.0,60.0,70.0,60.0],8.092876e-05],
[[71.0,70.0,71.0,70.0],0.0002139408],
[[73.0,70.0,73.0,70.0],0.0002277286],
[[75.0,70.0,75.0,70.0],0.0001873731],
[[80.0,20.0,80.0,20.0],1.21958e-05],
[[80.0,40.0,80.0,40.0],2.220936e-05],
[[80.0,60.0,80.0,60.0],7.35001e-05],
[[80.0,70.0,80.0,70.0],0.0001354221],
[[81.0,80.0,81.0,80.0],0.0003065313],
[[83.0,80.0,83.0,80.0],0.0002844612],
[[85.0,80.0,85.0,80.0],0.0002633175],
[[90.0,10.0,90.0,10.0],2.222625e-05],
[[90.0,30.0,90.0,30.0],3.970239e-05],
[[90.0,50.0,90.0,50.0],3.532063e-05],
[[90.0,70.0,90.0,70.0],0.0001056042],
[[90.0,80.0,90.0,80.0],0.0001779194],
[[91.0,90.0,91.0,90.0],0.0003907632],
[[93.0,90.0,93.0,90.0],0.0003510395],
[[95.0,90.0,95.0,90.0],0.0003753173],
[[100.0,20.0,100.0,20.0],3.208358e-05],
[[100.0,40.0,100.0,40.0],3.846771e-05],
[[100.0,60.0,100.0,60.0],5.054755e-05],
[[100.0,80.0,100.0,80.0],0.0001385275],
[[100.0,90.0,100.0,90.0],0.0002358898],
[[101.0,100.0,101.0,100.0],0.000444643],
[[103.0,100.0,103.0,100.0],0.0004302335],
[[103.0,102.0,103.0,102.0],0.0004442855],
[[105.0,100.0,105.0,100.0],0.0004018583],
[[105.0,102.0,105.0,102.0],0.0004126892],
[[107.0,102.0,107.0,102.0],0.0004309447],
[[110.0,30.0,110.0,30.0],4.8742e-05],
[[110.0,50.0,110.0,50.0],5.822393e-05],
[[110.0,70.0,110.0,70.0],9.930562e-05],
[[110.0,90.0,110.0,90.0],0.0001674785],
[[110.0,100.0,110.0,100.0],0.0003082368],
[[112.0,102.0,112.0,102.0],0.0003363006],
[[120.0,40.0,120.0,40.0],7.968442e-05],
[[120.0,60.0,120.0,60.0],8.393499e-05],
[[120.0,80.0,120.0,80.0],0.0001601819],
[[120.0,100.0,120.0,100.0],0.0002289536],
[[122.0,102.0,122.0,102.0],0.0002290547],
[[123.0,122.0,123.0,122.0],0.0005456993],
[[125.0,122.0,125.0,122.0],0.0005606814],
[[127.0,122.0,127.0,122.0],0.0005538747],
[[130.0,50.0,130.0,50.0],9.052381e-05],
[[130.0,70.0,130.0,70.0],9.554948e-05],
[[130.0,90.0,130.0,90.0],0.0001367578],
[[132.0,122.0,132.0,122.0],0.0004703102],
[[140.0,60.0,140.0,60.0],0.0001051219],
[[140.0,80.0,140.0,80.0],0.0001367503],
[[140.0,100.0,140.0,100.0],0.0001905223],
[[142.0,102.0,142.0,102.0],0.0001862136],
[[142.0,122.0,142.0,122.0],0.0003394663],
[[143.0,142.0,143.0,142.0],0.0006746854],
[[145.0,142.0,145.0,142.0],0.0006354002],
[[147.0,142.0,147.0,142.0],0.0007439842],
[[150.0,70.0,150.0,70.0],0.0001384001],
[[150.0,90.0,150.0,90.0],0.0001676081],
[[152.0,142.0,152.0,142.0],0.0005960949],
[[160.0,80.0,160.0,80.0],0.0001703163],
[[160.0,100.0,160.0,100.0],0.0002107125],
[[162.0,102.0,162.0,102.0],0.0002121016],
[[162.0,122.0,162.0,122.0],0.0002507946],
[[162.0,142.0,162.0,142.0],0.0004625959],
[[163.0,162.0,163.0,162.0],0.0008020037],
[[165.0,162.0,165.0,162.0],0.0007323905],
[[167.0,162.0,167.0,162.0],0.0007543535],
[[170.0,90.0,170.0,90.0],0.0001934125],
[[172.0,162.0,172.0,162.0],0.0006791957],
[[180.0,100.0,180.0,100.0],0.0002364182],
[[182.0,102.0,182.0,102.0],0.0002562028],
[[182.0,122.0,182.0,122.0],0.0003090562],
[[182.0,142.0,182.0,142.0],0.0003277814],
[[182.0,162.0,182.0,162.0],0.0005209665],
[[183.0,182.0,183.0,182.0],0.0008772081],
[[185.0,182.0,185.0,182.0],0.0008292071],
[[187.0,182.0,187.0,182.0],0.0008542746],
[[192.0,182.0,192.0,182.0],0.0007777231],
[[202.0,122.0,202.0,122.0],0.0003063659],
[[202.0,142.0,202.0,142.0],0.0003320147],
[[202.0,162.0,202.0,162.0],0.0004168739],
[[202.0,182.0,202.0,182.0],0.0006505724],
[[203.0,202.0,203.0,202.0],0.0009656999],
[[205.0,202.0,205.0,202.0],0.0009221696],
[[207.0,202.0,207.0,202.0],0.0009530131],
[[212.0,202.0,212.0,202.0],0.0008899871],
[[222.0,142.0,222.0,142.0],0.0004545316],
[[222.0,162.0,222.0,162.0],0.000419172],
[[222.0,182.0,222.0,182.0],0.0005105578],
[[222.0,202.0,222.0,202.0],0.0006891591],
[[223.0,222.0,223.0,222.0],0.001050951],
[[225.0,222.0,225.0,222.0],0.0009819345],
[[227.0,222.0,227.0,222.0],0.00100292],
[[232.0,222.0,232.0,222.0],0.0008972893],
[[242.0,162.0,242.0,162.0],0.000463593],
[[242.0,182.0,242.0,182.0],0.0005091514],
[[242.0,202.0,242.0,202.0],0.0005995602],
[[242.0,222.0,242.0,222.0],0.0007757546],
[[243.0,242.0,243.0,242.0],0.001090291],
[[245.0,242.0,245.0,242.0],0.001084628],
[[247.0,242.0,247.0,242.0],0.001134439],
[[252.0,242.0,252.0,242.0],0.001004254],
[[262.0,182.0,262.0,182.0],0.0005399288],
[[262.0,202.0,262.0,202.0],0.000567374],
[[262.0,222.0,262.0,222.0],0.0006709784],
[[262.0,242.0,262.0,242.0],0.0008954975],
[[263.0,262.0,263.0,262.0],0.001142821],
[[265.0,262.0,265.0,262.0],0.001156905],
[[267.0,262.0,267.0,262.0],0.001125905],
[[272.0,262.0,272.0,262.0],0.001144866],
[[282.0,202.0,282.0,202.0],0.0006290557],
[[282.0,222.0,282.0,222.0],0.0006129961],
[[282.0,242.0,282.0,242.0],0.0007560637],
[[282.0,262.0,282.0,262.0],0.0009175767],
[[283.0,282.0,283.0,282.0],0.001263257],
[[285.0,282.0,285.0,282.0],0.001269844],
[[287.0,282.0,287.0,282.0],0.001278983],
[[292.0,282.0,292.0,282.0],0.001154826],
[[302.0,222.0,302.0,222.0],0.0006942599],
[[302.0,242.0,302.0,242.0],0.0006761023],
[[302.0,262.0,302.0,262.0],0.0007630302],
[[302.0,282.0,302.0,282.0],0.001039555],
[[303.0,302.0,303.0,302.0],0.00128817],
[[305.0,302.0,305.0,302.0],0.001282917],
[[307.0,302.0,307.0,302.0],0.001247593],
[[312.0,302.0,312.0,302.0],0.001276411],
[[322.0,242.0,322.0,242.0],0.0007588361],
[[322.0,262.0,322.0,262.0],0.0007909258],
[[322.0,282.0,322.0,282.0],0.0008940294],
[[322.0,302.0,322.0,302.0],0.001038449],
[[323.0,322.0,323.0,322.0],0.001328502],
[[325.0,322.0,325.0,322.0],0.00128066],
[[327.0,322.0,327.0,322.0],0.001331099],
[[332.0,322.0,332.0,322.0],0.001309602],
[[342.0,262.0,342.0,262.0],0.0008182033],
[[342.0,282.0,342.0,282.0],0.0007953603],
[[342.0,302.0,342.0,302.0],0.0008551794],
[[342.0,322.0,342.0,322.0],0.001149862],
[[343.0,342.0,343.0,342.0],0.001465644],
[[345.0,342.0,345.0,342.0],0.00141448],
[[347.0,342.0,347.0,342.0],0.001318574],
[[352.0,342.0,352.0,342.0],0.001314735],
[[362.0,282.0,362.0,282.0],0.0008797164],
[[362.0,302.0,362.0,302.0],0.0008497471],
[[362.0,322.0,362.0,322.0],0.0009823094],
[[362.0,342.0,362.0,342.0],0.00121383],
[[363.0,362.0,363.0,362.0],0.001447826],
[[365.0,362.0,365.0,362.0],0.001434956],
[[367.0,362.0,367.0,362.0],0.001406951],
[[372.0,362.0,372.0,362.0],0.001361174],
[[382.0,302.0,382.0,302.0],0.0009183291],
[[382.0,322.0,382.0,322.0],0.0008421265],
[[382.0,342.0,382.0,342.0],0.0009885265],
[[382.0,362.0,382.0,362.0],0.001224862],
[[383.0,382.0,383.0,382.0],0.001409252],
[[385.0,382.0,385.0,382.0],0.001465023],
[[387.0,382.0,387.0,382.0],0.001414812],
[[392.0,382.0,392.0,382.0],0.001371978],
[[402.0,322.0,402.0,322.0],0.001033279],
[[402.0,342.0,402.0,342.0],0.0009681504],
[[402.0,362.0,402.0,362.0],0.001092574],
[[402.0,382.0,402.0,382.0],0.001297941],
[[403.0,402.0,403.0,402.0],0.001556325],
[[405.0,402.0,405.0,402.0],0.00153557],
[[407.0,402.0,407.0,402.0],0.001523991],
[[412.0,402.0,412.0,402.0],0.001487011],
[[422.0,342.0,422.0,342.0],0.001027477],
[[422.0,362.0,422.0,362.0],0.001047856],
[[422.0,382.0,422.0,382.0],0.001024351],
[[422.0,402.0,422.0,402.0],0.001267551],
[[442.0,362.0,442.0,362.0],0.001057694],
[[442.0,382.0,442.0,382.0],0.001069941],
[[442.0,402.0,442.0,402.0],0.00111459],
[[462.0,382.0,462.0,382.0],0.001071502],
[[462.0,402.0,462.0,402.0],0.001063393],
[[482.0,402.0,482.0,402.0],0.001167021],
[[503.0,502.0,503.0,502.0],0.001677603],
[[505.0,502.0,505.0,502.0],0.001675776],
[[507.0,502.0,507.0,502.0],0.001676],
[[512.0,502.0,512.0,502.0],0.001630589],
[[522.0,502.0,522.0,502.0],0.001548482],
[[542.0,502.0,542.0,502.0],0.001291654],
[[562.0,502.0,562.0,502.0],0.001284169],
[[582.0,502.0,582.0,502.0],0.001278256],
[[603.0,602.0,603.0,602.0],0.001777856],
[[605.0,602.0,605.0,602.0],0.001819392],
[[607.0,602.0,607.0,602.0],0.001789083],
[[612.0,602.0,612.0,602.0],0.001802342],
[[622.0,602.0,622.0,602.0],0.001557693],
[[642.0,602.0,642.0,602.0],0.00144374],
[[662.0,602.0,662.0,602.0],0.001331397],
[[682.0,602.0,682.0,602.0],0.001459074],
[[703.0,702.0,703.0,702.0],0.001916407],
[[705.0,702.0,705.0,702.0],0.00188563],
[[707.0,702.0,707.0,702.0],0.001873902],
[[712.0,702.0,712.0,702.0],0.001840813],
[[722.0,702.0,722.0,702.0],0.0017568],
[[742.0,702.0,742.0,702.0],0.001558606],
[[762.0,702.0,762.0,702.0],0.001458923],
[[782.0,702.0,782.0,702.0],0.001536883],
[[803.0,802.0,803.0,802.0],0.001921942],
[[805.0,802.0,805.0,802.0],0.001963218],
[[807.0,802.0,807.0,802.0],0.001943905],
[[812.0,802.0,812.0,802.0],0.001943614],
[[822.0,802.0,822.0,802.0],0.001770921],
[[842.0,802.0,842.0,802.0],0.001616545],
[[862.0,802.0,862.0,802.0],0.001544322],
[[882.0,802.0,882.0,802.0],0.001695299],
[[903.0,902.0,903.0,902.0],0.002003235],
[[905.0,902.0,905.0,902.0],0.002041655],
[[907.0,902.0,907.0,902.0],0.002093539],
[[912.0,902.0,912.0,902.0],0.001940694],
[[922.0,902.0,922.0,902.0],0.001944797],
[[942.0,902.0,942.0,902.0],0.001788068],
[[962.0,902.0,962.0,902.0],0.00174779],
[[982.0,902.0,982.0,902.0],0.001727436],
[[1003.0,1002.0,1003.0,1002.0],0.002081636],
[[1005.0,1002.0,1005.0,1002.0],0.002011427],
[[1007.0,1002.0,1007.0,1002.0],0.002064533],
[[1012.0,1002.0,1012.0,1002.0],0.002073373],
[[1022.0,1002.0,1022.0,1002.0],0.001978592],
[[1042.0,1002.0,1042.0,1002.0],0.001848424],
[[1062.0,1002.0,1062.0,1002.0],0.00173122],
[[1082.0,1002.0,1082.0,1002.0],0.001735512],
[[1103.0,1102.0,1103.0,1102.0],0.002280064],
[[1105.0,1102.0,1105.0,1102.0],0.00225859],
[[1107.0,1102.0,1107.0,1102.0],0.00219884],
[[1112.0,1102.0,1112.0,1102.0],0.002208054],
[[1122.0,1102.0,1122.0,1102.0],0.002055001],
[[1142.0,1102.0,1142.0,1102.0],0.00196149],
[[1162.0,1102.0,1162.0,1102.0],0.001852087],
[[1182.0,1102.0,1182.0,1102.0],0.001859865],
[[1203.0,1202.0,1203.0,1202.0],0.00228877],
[[1205.0,1202.0,1205.0,1202.0],0.002212707],
[[1207.0,1202.0,1207.0,1202.0],0.002246158],
[[1212.0,1202.0,1212.0,1202.0],0.002399221],
[[1222.0,1202.0,1222.0,1202.0],0.002122874],
[[1242.0,1202.0,1242.0,1202.0],0.0019593],
[[1262.0,1202.0,1262.0,1202.0],0.001769439],
[[1282.0,1202.0,1282.0,1202.0],0.001876776],
[[1303.0,1302.0,1303.0,1302.0],0.002188009],
[[1305.0,1302.0,1305.0,1302.0],0.002274673],
[[1307.0,1302.0,1307.0,1302.0],0.002351798],
[[1312.0,1302.0,1312.0,1302.0],0.002194557],
[[1322.0,1302.0,1322.0,1302.0],0.002206921],
[[1342.0,1302.0,1342.0,1302.0],0.001954594],
[[1362.0,1302.0,1362.0,1302.0],0.001944239],
[[1382.0,1302.0,1382.0,1302.0],0.001862492],
[[1403.0,1402.0,1403.0,1402.0],0.002352098],
[[1405.0,1402.0,1405.0,1402.0],0.002321756],
[[1407.0,1402.0,1407.0,1402.0],0.002264961],
[[1412.0,1402.0,1412.0,1402.0],0.002172833],
[[1422.0,1402.0,1422.0,1402.0],0.002316214],
[[1442.0,1402.0,1442.0,1402.0],0.002041198],
[[1462.0,1402.0,1462.0,1402.0],0.001946562],
[[1482.0,1402.0,1482.0,1402.0],0.001941333],
[[1503.0,1502.0,1503.0,1502.0],0.002202589],
[[1505.0,1502.0,1505.0,1502.0],0.002235676],
[[1507.0,1502.0,1507.0,1502.0],0.002348176],
[[1512.0,1502.0,1512.0,1502.0],0.002366842],
[[1522.0,1502.0,1522.0,1502.0],0.002191458],
[[1542.0,1502.0,1542.0,1502.0],0.001998675],
[[1562.0,1502.0,1562.0,1502.0],0.001971651],
[[1582.0,1502.0,1582.0,1502.0],0.001884674],
[[1603.0,1602.0,1603.0,1602.0],0.002409446],
[[1605.0,1602.0,1605.0,1602.0],0.002396925],
[[1607.0,1602.0,1607.0,1602.0],0.002260557],
[[1612.0,1602.0,1612.0,1602.0],0.002370497],
[[1622.0,1602.0,1622.0,1602.0],0.002208552],
[[1642.0,1602.0,1642.0,1602.0],0.001965201],
[[1662.0,1602.0,1662.0,1602.0],0.0018253],
[[1682.0,1602.0,1682.0,1602.0],0.001973215],
[[1703.0,1702.0,1703.0,1702.0],0.002203746],
[[1705.0,1702.0,1705.0,1702.0],0.002321975],
[[1707.0,1702.0,1707.0,1702.0],0.002345745],
[[1712.0,1702.0,1712.0,1702.0],0.002371082],
[[1722.0,1702.0,1722.0,1702.0],0.002328542],
[[1742.0,1702.0,1742.0,1702.0],0.002051672],
[[1762.0,1702.0,1762.0,1702.0],0.001994249],
[[1782.0,1702.0,1782.0,1702.0],0.00196558],
[[1803.0,1802.0,1803.0,1802.0],0.002321735],
[[1805.0,1802.0,1805.0,1802.0],0.002324591],
[[1807.0,1802.0,1807.0,1802.0],0.002404207],
[[1812.0,1802.0,1812.0,1802.0],0.002310448],
[[1822.0,1802.0,1822.0,1802.0],0.002261916],
[[1842.0,1802.0,1842.0,1802.0],0.00213405],
[[1862.0,1802.0,1862.0,1802.0],0.001947207],
[[1882.0,1802.0,1882.0,1802.0],0.002028402],
[[1903.0,1902.0,1903.0,1902.0],0.002351286],
[[1905.0,1902.0,1905.0,1902.0],0.002222116],
[[1907.0,1902.0,1907.0,1902.0],0.002336239],
[[1912.0,1902.0,1912.0,1902.0],0.002372148],
[[1922.0,1902.0,1922.0,1902.0],0.002241755],
[[1942.0,1902.0,1942.0,1902.0],0.001992142],
[[1962.0,1902.0,1962.0,1902.0],0.002037944],
[[1982.0,1902.0,1982.0,1902.0],0.002042507],
[[2003.0,2002.0,2003.0,2002.0],0.002326489],
[[2005.0,2002.0,2005.0,2002.0],0.002324926],
[[2007.0,2002.0,2007.0,2002.0],0.002386413],
[[2012.0,2002.0,2012.0,2002.0],0.002334563],
[[2022.0,2002.0,2022.0,2002.0],0.002255235],
[[2042.0,2002.0,2042.0,2002.0],0.002128777],
[[2062.0,2002.0,2062.0,2002.0],0.001868386],
[[2082.0,2002.0,2082.0,2002.0],0.002037023]]
