txName: TRV1nunu
constraint: {(PV > Zprime(1)), (Zprime(1) > nu,nu)}
condition: None
conditionDescription: None
figureUrl: None
source: CMS
validated: N/A
axesMap: [{0: 'x'}]
dataMap: {0: (1, 'mass', GeV)}
finalState: ['MET', 'MET']
efficiencyMap: [[[50.0],1.237272e-05],
[[100.0],6.86916e-05],
[[150.0],0.0002040699],
[[200.0],0.0004127771],
[[250.0],0.0005928689],
[[300.0],0.000836702],
[[350.0],0.001048519],
[[400.0],0.001337781],
[[450.0],0.001492387],
[[500.0],0.001770994],
[[550.0],0.001926327],
[[600.0],0.002130388],
[[650.0],0.002284318],
[[700.0],0.002272748],
[[750.0],0.002569832],
[[800.0],0.002732517],
[[850.0],0.002880338],
[[900.0],0.00280956],
[[950.0],0.002963521],
[[1000.0],0.003000661],
[[1050.0],0.003051655],
[[1100.0],0.003153293],
[[1150.0],0.003171273],
[[1200.0],0.003317838],
[[1250.0],0.00331345],
[[1300.0],0.003335962],
[[1350.0],0.003548895],
[[1400.0],0.003617023],
[[1450.0],0.003441566],
[[1500.0],0.003465315],
[[1550.0],0.003705671],
[[1600.0],0.003466112],
[[1650.0],0.003672526],
[[1700.0],0.003656577],
[[1750.0],0.00370476],
[[1800.0],0.003985245],
[[1850.0],0.003889533],
[[1900.0],0.003999904],
[[1950.0],0.003838767],
[[2000.0],0.004449175],
[[2250.0],0.004592412],
[[2500.0],0.004679347],
[[2750.0],0.004894921],
[[3000.0],0.005072844]]
