txName: TChiWWISRqq
constraint: {(PV > anyBSM(1), anyBSM(3)), (anyBSM(1) > q, q, MET(2)), (anyBSM(3) > q, q, MET(4))}
condition: None
conditionDescription: None
figureUrl: None
source: Recast by MA5
validated: True
axesMap: [{0: 'x', 1: 'y', 2: 'x', 3: 'y'}]
dataMap: {0: (1, 'mass', GeV), 1: (2, 'mass', GeV), 2: (3, 'mass', GeV), 3: (4, 'mass', GeV)}
finalState: ['MET', 'MET']
efficiencyMap: [[[11.0,10.0,11.0,10.0],3.970726e-09],
[[13.0,10.0,13.0,10.0],5.860354e-09],
[[15.0,10.0,15.0,10.0],0.0],
[[20.0,10.0,20.0,10.0],0.0],
[[21.0,20.0,21.0,20.0],1.483503e-09],
[[23.0,20.0,23.0,20.0],0.0],
[[25.0,20.0,25.0,20.0],0.0],
[[30.0,10.0,30.0,10.0],0.0],
[[30.0,20.0,30.0,20.0],0.0],
[[31.0,30.0,31.0,30.0],1.033874e-08],
[[33.0,30.0,33.0,30.0],1.017207e-08],
[[35.0,30.0,35.0,30.0],0.0],
[[40.0,20.0,40.0,20.0],0.0],
[[40.0,30.0,40.0,30.0],0.0],
[[41.0,40.0,41.0,40.0],1.691909e-07],
[[43.0,40.0,43.0,40.0],1.300237e-09],
[[45.0,40.0,45.0,40.0],7.680178e-09],
[[50.0,10.0,50.0,10.0],0.0],
[[50.0,30.0,50.0,30.0],0.0],
[[50.0,40.0,50.0,40.0],1.9365e-09],
[[51.0,50.0,51.0,50.0],1.762233e-07],
[[53.0,50.0,53.0,50.0],5.191072e-08],
[[55.0,50.0,55.0,50.0],1.912083e-08],
[[60.0,20.0,60.0,20.0],0.0],
[[60.0,40.0,60.0,40.0],1.445355e-09],
[[60.0,50.0,60.0,50.0],7.864593e-08],
[[61.0,60.0,61.0,60.0],7.617645e-07],
[[63.0,60.0,63.0,60.0],1.139556e-07],
[[65.0,60.0,65.0,60.0],1.276285e-07],
[[70.0,10.0,70.0,10.0],2.482357e-09],
[[70.0,30.0,70.0,30.0],0.0],
[[70.0,50.0,70.0,50.0],4.32124e-09],
[[70.0,60.0,70.0,60.0],4.673904e-08],
[[71.0,70.0,71.0,70.0],8.182038e-07],
[[73.0,70.0,73.0,70.0],3.189427e-07],
[[75.0,70.0,75.0,70.0],1.480166e-07],
[[80.0,20.0,80.0,20.0],0.0],
[[80.0,40.0,80.0,40.0],0.0],
[[80.0,60.0,80.0,60.0],1.15756e-08],
[[80.0,70.0,80.0,70.0],1.224302e-07],
[[81.0,80.0,81.0,80.0],1.339087e-06],
[[83.0,80.0,83.0,80.0],5.270269e-07],
[[85.0,80.0,85.0,80.0],3.654434e-07],
[[90.0,10.0,90.0,10.0],0.0],
[[90.0,30.0,90.0,30.0],7.959615e-09],
[[90.0,50.0,90.0,50.0],2.531284e-09],
[[90.0,70.0,90.0,70.0],7.27714e-08],
[[90.0,80.0,90.0,80.0],1.169269e-07],
[[91.0,90.0,91.0,90.0],1.460454e-06],
[[93.0,90.0,93.0,90.0],9.309674e-07],
[[95.0,90.0,95.0,90.0],5.673705e-07],
[[100.0,20.0,100.0,20.0],7.024359e-09],
[[100.0,40.0,100.0,40.0],3.277746e-09],
[[100.0,60.0,100.0,60.0],2.925693e-08],
[[100.0,80.0,100.0,80.0],2.053209e-07],
[[100.0,90.0,100.0,90.0],1.905664e-07],
[[101.0,100.0,101.0,100.0],2.723017e-06],
[[103.0,100.0,103.0,100.0],1.85257e-06],
[[103.0,102.0,103.0,102.0],3.171777e-06],
[[105.0,100.0,105.0,100.0],9.609353e-07],
[[105.0,102.0,105.0,102.0],1.949532e-06],
[[107.0,102.0,107.0,102.0],9.151106e-07],
[[110.0,30.0,110.0,30.0],3.273793e-08],
[[110.0,50.0,110.0,50.0],0.0],
[[110.0,70.0,110.0,70.0],4.971901e-08],
[[110.0,90.0,110.0,90.0],2.253121e-07],
[[110.0,100.0,110.0,100.0],3.627754e-07],
[[112.0,102.0,112.0,102.0],4.064527e-07],
[[120.0,40.0,120.0,40.0],4.985994e-08],
[[120.0,60.0,120.0,60.0],5.879525e-08],
[[120.0,80.0,120.0,80.0],2.746272e-08],
[[120.0,100.0,120.0,100.0],8.792249e-08],
[[122.0,102.0,122.0,102.0],2.175006e-07],
[[123.0,122.0,123.0,122.0],3.691484e-06],
[[125.0,122.0,125.0,122.0],3.292049e-06],
[[127.0,122.0,127.0,122.0],1.778862e-06],
[[130.0,50.0,130.0,50.0],4.987325e-08],
[[130.0,70.0,130.0,70.0],4.058089e-08],
[[130.0,90.0,130.0,90.0],1.398031e-07],
[[132.0,122.0,132.0,122.0],8.484197e-07],
[[140.0,60.0,140.0,60.0],2.957166e-08],
[[140.0,80.0,140.0,80.0],5.843647e-08],
[[140.0,100.0,140.0,100.0],1.764378e-07],
[[142.0,102.0,142.0,102.0],3.189724e-07],
[[142.0,122.0,142.0,122.0],4.387581e-07],
[[143.0,142.0,143.0,142.0],5.276226e-06],
[[145.0,142.0,145.0,142.0],4.862803e-06],
[[147.0,142.0,147.0,142.0],2.560642e-06],
[[150.0,70.0,150.0,70.0],1.220747e-07],
[[150.0,90.0,150.0,90.0],1.565085e-07],
[[152.0,142.0,152.0,142.0],5.650866e-06],
[[160.0,80.0,160.0,80.0],1.258011e-07],
[[160.0,100.0,160.0,100.0],1.41777e-07],
[[162.0,102.0,162.0,102.0],1.737228e-07],
[[162.0,122.0,162.0,122.0],2.988437e-07],
[[162.0,142.0,162.0,142.0],1.048961e-06],
[[163.0,162.0,163.0,162.0],6.410551e-06],
[[165.0,162.0,165.0,162.0],5.921543e-06],
[[167.0,162.0,167.0,162.0],4.018662e-06],
[[170.0,90.0,170.0,90.0],1.045109e-07],
[[172.0,162.0,172.0,162.0],2.035339e-06],
[[180.0,100.0,180.0,100.0],1.498096e-07],
[[182.0,102.0,182.0,102.0],1.76894e-07],
[[182.0,122.0,182.0,122.0],3.004548e-07],
[[182.0,142.0,182.0,142.0],5.100522e-07],
[[182.0,162.0,182.0,162.0],1.096653e-06],
[[183.0,182.0,183.0,182.0],8.295343e-06],
[[185.0,182.0,185.0,182.0],7.26772e-06],
[[187.0,182.0,187.0,182.0],5.954788e-06],
[[192.0,182.0,192.0,182.0],3.388521e-06],
[[202.0,122.0,202.0,122.0],1.999196e-07],
[[202.0,142.0,202.0,142.0],3.73085e-07],
[[202.0,162.0,202.0,162.0],7.521387e-07],
[[202.0,182.0,202.0,182.0],4.184646e-06],
[[203.0,202.0,203.0,202.0],9.874915e-06],
[[205.0,202.0,205.0,202.0],9.556173e-06],
[[207.0,202.0,207.0,202.0],1.035192e-05],
[[212.0,202.0,212.0,202.0],5.695888e-06],
[[222.0,142.0,222.0,142.0],5.819306e-07],
[[222.0,162.0,222.0,162.0],6.744028e-07],
[[222.0,182.0,222.0,182.0],1.254576e-06],
[[222.0,202.0,222.0,202.0],2.991468e-06],
[[223.0,222.0,223.0,222.0],1.424906e-05],
[[225.0,222.0,225.0,222.0],1.134072e-05],
[[227.0,222.0,227.0,222.0],1.040305e-05],
[[232.0,222.0,232.0,222.0],8.444084e-06],
[[242.0,162.0,242.0,162.0],7.238608e-07],
[[242.0,182.0,242.0,182.0],1.100012e-06],
[[242.0,202.0,242.0,202.0],1.849861e-06],
[[242.0,222.0,242.0,222.0],3.755113e-06],
[[243.0,242.0,243.0,242.0],1.528002e-05],
[[245.0,242.0,245.0,242.0],1.314855e-05],
[[247.0,242.0,247.0,242.0],1.243557e-05],
[[252.0,242.0,252.0,242.0],8.453645e-06],
[[262.0,182.0,262.0,182.0],7.417372e-07],
[[262.0,202.0,262.0,202.0],1.443401e-06],
[[262.0,222.0,262.0,222.0],2.151312e-06],
[[262.0,242.0,262.0,242.0],4.829373e-06],
[[263.0,262.0,263.0,262.0],1.86357e-05],
[[265.0,262.0,265.0,262.0],1.949796e-05],
[[267.0,262.0,267.0,262.0],1.700905e-05],
[[272.0,262.0,272.0,262.0],1.331865e-05],
[[282.0,202.0,282.0,202.0],1.778412e-06],
[[282.0,222.0,282.0,222.0],1.743289e-06],
[[282.0,242.0,282.0,242.0],3.387832e-06],
[[282.0,262.0,282.0,262.0],6.687224e-06],
[[283.0,282.0,283.0,282.0],1.887262e-05],
[[285.0,282.0,285.0,282.0],1.869407e-05],
[[287.0,282.0,287.0,282.0],1.983749e-05],
[[292.0,282.0,292.0,282.0],1.45328e-05],
[[302.0,222.0,302.0,222.0],2.540054e-06],
[[302.0,242.0,302.0,242.0],2.712733e-06],
[[302.0,262.0,302.0,262.0],4.321804e-06],
[[302.0,282.0,302.0,282.0],8.319513e-06],
[[303.0,302.0,303.0,302.0],2.236784e-05],
[[305.0,302.0,305.0,302.0],2.500592e-05],
[[307.0,302.0,307.0,302.0],2.046711e-05],
[[312.0,302.0,312.0,302.0],1.884936e-05],
[[322.0,242.0,322.0,242.0],3.042094e-06],
[[322.0,262.0,322.0,262.0],3.671643e-06],
[[322.0,282.0,322.0,282.0],5.238097e-06],
[[322.0,302.0,322.0,302.0],1.172944e-05],
[[323.0,322.0,323.0,322.0],2.69537e-05],
[[325.0,322.0,325.0,322.0],2.622501e-05],
[[327.0,322.0,327.0,322.0],2.672051e-05],
[[332.0,322.0,332.0,322.0],1.860902e-05],
[[342.0,262.0,342.0,262.0],3.888739e-06],
[[342.0,282.0,342.0,282.0],5.030315e-06],
[[342.0,302.0,342.0,302.0],6.466903e-06],
[[342.0,322.0,342.0,322.0],1.210897e-05],
[[343.0,342.0,343.0,342.0],2.917593e-05],
[[345.0,342.0,345.0,342.0],2.625899e-05],
[[347.0,342.0,347.0,342.0],2.770307e-05],
[[352.0,342.0,352.0,342.0],2.505869e-05],
[[362.0,282.0,362.0,282.0],4.101847e-06],
[[362.0,302.0,362.0,302.0],6.22789e-06],
[[362.0,322.0,362.0,322.0],8.061018e-06],
[[362.0,342.0,362.0,342.0],1.917753e-05],
[[363.0,362.0,363.0,362.0],3.072797e-05],
[[365.0,362.0,365.0,362.0],3.112599e-05],
[[367.0,362.0,367.0,362.0],2.906419e-05],
[[372.0,362.0,372.0,362.0],2.343104e-05],
[[382.0,302.0,382.0,302.0],7.614245e-06],
[[382.0,322.0,382.0,322.0],6.092076e-06],
[[382.0,342.0,382.0,342.0],9.160464e-06],
[[382.0,362.0,382.0,362.0],1.74291e-05],
[[383.0,382.0,383.0,382.0],3.120113e-05],
[[385.0,382.0,385.0,382.0],3.21383e-05],
[[387.0,382.0,387.0,382.0],3.225389e-05],
[[392.0,382.0,392.0,382.0],2.598381e-05],
[[402.0,322.0,402.0,322.0],6.432689e-06],
[[402.0,342.0,402.0,342.0],7.985115e-06],
[[402.0,362.0,402.0,362.0],1.523709e-05],
[[402.0,382.0,402.0,382.0],2.441558e-05],
[[403.0,402.0,403.0,402.0],3.923039e-05],
[[405.0,402.0,405.0,402.0],3.458542e-05],
[[407.0,402.0,407.0,402.0],3.862096e-05],
[[412.0,402.0,412.0,402.0],2.921898e-05],
[[422.0,342.0,422.0,342.0],6.921179e-06],
[[422.0,362.0,422.0,362.0],8.689465e-06],
[[422.0,382.0,422.0,382.0],1.043391e-05],
[[422.0,402.0,422.0,402.0],2.225168e-05],
[[442.0,362.0,442.0,362.0],7.581178e-06],
[[442.0,382.0,442.0,382.0],1.08596e-05],
[[442.0,402.0,442.0,402.0],1.454245e-05],
[[462.0,382.0,462.0,382.0],8.931538e-06],
[[462.0,402.0,462.0,402.0],1.174917e-05],
[[482.0,402.0,482.0,402.0],1.147267e-05],
[[503.0,502.0,503.0,502.0],5.614116e-05],
[[505.0,502.0,505.0,502.0],5.020181e-05],
[[507.0,502.0,507.0,502.0],4.65836e-05],
[[512.0,502.0,512.0,502.0],4.75375e-05],
[[522.0,502.0,522.0,502.0],3.531829e-05],
[[542.0,502.0,542.0,502.0],2.382386e-05],
[[562.0,502.0,562.0,502.0],1.931905e-05],
[[582.0,502.0,582.0,502.0],2.085767e-05],
[[603.0,602.0,603.0,602.0],6.328419e-05],
[[605.0,602.0,605.0,602.0],6.214666e-05],
[[607.0,602.0,607.0,602.0],5.984591e-05],
[[612.0,602.0,612.0,602.0],5.399033e-05],
[[622.0,602.0,622.0,602.0],4.596113e-05],
[[642.0,602.0,642.0,602.0],2.877066e-05],
[[662.0,602.0,662.0,602.0],2.804915e-05],
[[682.0,602.0,682.0,602.0],2.688338e-05],
[[703.0,702.0,703.0,702.0],7.006874e-05],
[[705.0,702.0,705.0,702.0],7.223487e-05],
[[707.0,702.0,707.0,702.0],7.265443e-05],
[[712.0,702.0,712.0,702.0],6.908663e-05],
[[722.0,702.0,722.0,702.0],5.926244e-05],
[[742.0,702.0,742.0,702.0],4.033353e-05],
[[762.0,702.0,762.0,702.0],3.243226e-05],
[[782.0,702.0,782.0,702.0],3.244887e-05],
[[803.0,802.0,803.0,802.0],7.978388e-05],
[[805.0,802.0,805.0,802.0],8.556556e-05],
[[807.0,802.0,807.0,802.0],8.461523e-05],
[[812.0,802.0,812.0,802.0],8.184194e-05],
[[822.0,802.0,822.0,802.0],7.018303e-05],
[[842.0,802.0,842.0,802.0],5.086588e-05],
[[862.0,802.0,862.0,802.0],4.371034e-05],
[[882.0,802.0,882.0,802.0],4.38746e-05],
[[903.0,902.0,903.0,902.0],8.992345e-05],
[[905.0,902.0,905.0,902.0],9.10215e-05],
[[907.0,902.0,907.0,902.0],9.310677e-05],
[[912.0,902.0,912.0,902.0],8.514667e-05],
[[922.0,902.0,922.0,902.0],8.052258e-05],
[[942.0,902.0,942.0,902.0],5.476321e-05],
[[962.0,902.0,962.0,902.0],5.304816e-05],
[[982.0,902.0,982.0,902.0],4.934828e-05],
[[1003.0,1002.0,1003.0,1002.0],0.0001038614],
[[1005.0,1002.0,1005.0,1002.0],0.0001029754],
[[1007.0,1002.0,1007.0,1002.0],9.963356e-05],
[[1012.0,1002.0,1012.0,1002.0],9.730358e-05],
[[1022.0,1002.0,1022.0,1002.0],8.329353e-05],
[[1042.0,1002.0,1042.0,1002.0],6.809007e-05],
[[1062.0,1002.0,1062.0,1002.0],5.626014e-05],
[[1082.0,1002.0,1082.0,1002.0],5.540803e-05],
[[1103.0,1102.0,1103.0,1102.0],0.000109464],
[[1105.0,1102.0,1105.0,1102.0],0.0001076159],
[[1107.0,1102.0,1107.0,1102.0],0.0001009423],
[[1112.0,1102.0,1112.0,1102.0],9.947325e-05],
[[1122.0,1102.0,1122.0,1102.0],9.473034e-05],
[[1142.0,1102.0,1142.0,1102.0],7.243119e-05],
[[1162.0,1102.0,1162.0,1102.0],6.273591e-05],
[[1182.0,1102.0,1182.0,1102.0],5.729552e-05],
[[1203.0,1202.0,1203.0,1202.0],0.0001067573],
[[1205.0,1202.0,1205.0,1202.0],0.0001123565],
[[1207.0,1202.0,1207.0,1202.0],0.000110927],
[[1212.0,1202.0,1212.0,1202.0],0.0001106566],
[[1222.0,1202.0,1222.0,1202.0],0.0001016257],
[[1242.0,1202.0,1242.0,1202.0],8.113489e-05],
[[1262.0,1202.0,1262.0,1202.0],7.235144e-05],
[[1282.0,1202.0,1282.0,1202.0],6.844184e-05],
[[1303.0,1302.0,1303.0,1302.0],0.0001133986],
[[1305.0,1302.0,1305.0,1302.0],0.0001097112],
[[1307.0,1302.0,1307.0,1302.0],0.0001118752],
[[1312.0,1302.0,1312.0,1302.0],0.0001150872],
[[1322.0,1302.0,1322.0,1302.0],0.0001020276],
[[1342.0,1302.0,1342.0,1302.0],8.188571e-05],
[[1362.0,1302.0,1362.0,1302.0],6.873342e-05],
[[1382.0,1302.0,1382.0,1302.0],6.923423e-05],
[[1403.0,1402.0,1403.0,1402.0],0.0001173754],
[[1405.0,1402.0,1405.0,1402.0],0.00011619],
[[1407.0,1402.0,1407.0,1402.0],0.0001163599],
[[1412.0,1402.0,1412.0,1402.0],0.000116349],
[[1422.0,1402.0,1422.0,1402.0],0.0001085568],
[[1442.0,1402.0,1442.0,1402.0],8.822487e-05],
[[1462.0,1402.0,1462.0,1402.0],7.31003e-05],
[[1482.0,1402.0,1482.0,1402.0],7.076857e-05],
[[1503.0,1502.0,1503.0,1502.0],0.0001182614],
[[1505.0,1502.0,1505.0,1502.0],0.0001197405],
[[1507.0,1502.0,1507.0,1502.0],0.0001196163],
[[1512.0,1502.0,1512.0,1502.0],0.0001189386],
[[1522.0,1502.0,1522.0,1502.0],0.0001110952],
[[1542.0,1502.0,1542.0,1502.0],8.840079e-05],
[[1562.0,1502.0,1562.0,1502.0],7.201793e-05],
[[1582.0,1502.0,1582.0,1502.0],7.184008e-05],
[[1603.0,1602.0,1603.0,1602.0],0.0001178088],
[[1605.0,1602.0,1605.0,1602.0],0.0001207172],
[[1607.0,1602.0,1607.0,1602.0],0.0001271897],
[[1612.0,1602.0,1612.0,1602.0],0.0001199079],
[[1622.0,1602.0,1622.0,1602.0],0.0001119224],
[[1642.0,1602.0,1642.0,1602.0],9.197365e-05],
[[1662.0,1602.0,1662.0,1602.0],8.515497e-05],
[[1682.0,1602.0,1682.0,1602.0],7.30362e-05],
[[1703.0,1702.0,1703.0,1702.0],0.0001325158],
[[1705.0,1702.0,1705.0,1702.0],0.0001263565],
[[1707.0,1702.0,1707.0,1702.0],0.0001221933],
[[1712.0,1702.0,1712.0,1702.0],0.0001208061],
[[1722.0,1702.0,1722.0,1702.0],0.0001133258],
[[1742.0,1702.0,1742.0,1702.0],9.733724e-05],
[[1762.0,1702.0,1762.0,1702.0],8.476994e-05],
[[1782.0,1702.0,1782.0,1702.0],7.285719e-05],
[[1803.0,1802.0,1803.0,1802.0],0.000116681],
[[1805.0,1802.0,1805.0,1802.0],0.0001213387],
[[1807.0,1802.0,1807.0,1802.0],0.0001185431],
[[1812.0,1802.0,1812.0,1802.0],0.0001238395],
[[1822.0,1802.0,1822.0,1802.0],0.0001184476],
[[1842.0,1802.0,1842.0,1802.0],9.295072e-05],
[[1862.0,1802.0,1862.0,1802.0],8.302934e-05],
[[1882.0,1802.0,1882.0,1802.0],7.486432e-05],
[[1903.0,1902.0,1903.0,1902.0],0.0001235243],
[[1905.0,1902.0,1905.0,1902.0],0.0001192696],
[[1907.0,1902.0,1907.0,1902.0],0.0001233937],
[[1912.0,1902.0,1912.0,1902.0],0.000121775],
[[1922.0,1902.0,1922.0,1902.0],0.0001153376],
[[1942.0,1902.0,1942.0,1902.0],9.941891e-05],
[[1962.0,1902.0,1962.0,1902.0],8.308761e-05],
[[1982.0,1902.0,1982.0,1902.0],8.018312e-05],
[[2003.0,2002.0,2003.0,2002.0],0.0001253905],
[[2005.0,2002.0,2005.0,2002.0],0.0001231951],
[[2007.0,2002.0,2007.0,2002.0],0.0001221569],
[[2012.0,2002.0,2012.0,2002.0],0.0001189728],
[[2022.0,2002.0,2022.0,2002.0],0.0001153064],
[[2042.0,2002.0,2042.0,2002.0],9.499509e-05],
[[2062.0,2002.0,2062.0,2002.0],8.4785e-05],
[[2082.0,2002.0,2082.0,2002.0],8.793473e-05]]
