txName: TChiISR
constraint: {(PV > MET(1), MET(2))}
condition: None
conditionDescription: None
figureUrl: None
source: Recast by MA5
validated: True
axesMap: [{0: 'x', 1: 'y'}]
dataMap: {0: (1, 'mass', GeV), 1: (2, 'mass', GeV)}
finalState: ['MET', 'MET']
intermediateState: None
efficiencyMap: [[[1.0,10.0],6.504441e-08],
[[1.0,20.0],5.330755e-08],
[[1.0,30.0],3.38467e-08],
[[1.0,40.0],3.181062e-08],
[[1.0,50.0],4.719096e-07],
[[1.0,60.0],2.612514e-08],
[[5.0,10.0],1.753704e-08],
[[7.0,10.0],2.492577e-08],
[[9.0,10.0],5.533649e-08],
[[10.0,1.0],6.504441e-08],
[[10.0,5.0],1.753704e-08],
[[10.0,7.0],2.492577e-08],
[[10.0,9.0],5.533649e-08],
[[10.0,10.0],1.211279e-07],
[[12.0,62.0],7.686917e-08],
[[12.0,72.0],2.05842e-07],
[[12.0,82.0],1.081345e-06],
[[12.0,92.0],9.493316e-07],
[[12.0,102.0],8.230718e-07],
[[12.0,212.0],5.510222e-06],
[[12.0,312.0],1.151117e-05],
[[15.0,20.0],4.130762e-08],
[[17.0,20.0],1.016982e-07],
[[19.0,20.0],3.52867e-08],
[[20.0,1.0],5.330755e-08],
[[20.0,15.0],4.130762e-08],
[[20.0,17.0],1.016982e-07],
[[20.0,19.0],3.52867e-08],
[[20.0,20.0],3.189315e-08],
[[20.0,30.0],9.294882e-08],
[[20.0,40.0],8.658161e-08],
[[20.0,50.0],6.552182e-08],
[[20.0,60.0],1.12877e-07],
[[25.0,30.0],3.784101e-08],
[[27.0,30.0],7.674659e-08],
[[29.0,30.0],5.241832e-08],
[[30.0,1.0],3.38467e-08],
[[30.0,20.0],9.294882e-08],
[[30.0,25.0],3.784101e-08],
[[30.0,27.0],7.674659e-08],
[[30.0,29.0],5.241832e-08],
[[30.0,30.0],1.017703e-07],
[[30.0,40.0],4.766365e-08],
[[30.0,50.0],4.430613e-08],
[[30.0,60.0],8.907456e-07],
[[32.0,62.0],6.007994e-07],
[[32.0,72.0],8.300646e-07],
[[32.0,82.0],6.773026e-07],
[[32.0,92.0],1.11249e-06],
[[32.0,102.0],1.909282e-06],
[[32.0,112.0],1.936077e-06],
[[32.0,122.0],2.737519e-06],
[[32.0,232.0],7.505117e-06],
[[32.0,332.0],1.310348e-05],
[[35.0,40.0],4.104272e-08],
[[37.0,40.0],3.349093e-07],
[[39.0,40.0],5.182005e-08],
[[40.0,1.0],3.181062e-08],
[[40.0,20.0],8.658161e-08],
[[40.0,30.0],4.766365e-08],
[[40.0,35.0],4.104272e-08],
[[40.0,37.0],3.349093e-07],
[[40.0,39.0],5.182005e-08],
[[40.0,40.0],2.533774e-07],
[[40.0,50.0],1.886083e-07],
[[40.0,60.0],4.978644e-07],
[[45.0,50.0],5.081087e-07],
[[47.0,50.0],6.687771e-07],
[[49.0,50.0],4.605393e-07],
[[50.0,1.0],4.719096e-07],
[[50.0,20.0],6.552182e-08],
[[50.0,30.0],4.430613e-08],
[[50.0,40.0],1.886083e-07],
[[50.0,45.0],5.081087e-07],
[[50.0,47.0],6.687771e-07],
[[50.0,49.0],4.605393e-07],
[[50.0,50.0],6.901705e-07],
[[50.0,60.0],9.225299e-07],
[[52.0,62.0],1.124167e-06],
[[52.0,67.0],7.829045e-07],
[[52.0,72.0],1.227562e-06],
[[52.0,82.0],1.639234e-06],
[[52.0,92.0],1.566378e-06],
[[52.0,102.0],1.860319e-06],
[[52.0,112.0],2.409671e-06],
[[52.0,122.0],3.275376e-06],
[[52.0,132.0],3.261832e-06],
[[52.0,142.0],4.153087e-06],
[[52.0,252.0],9.752129e-06],
[[52.0,352.0],2.169532e-05],
[[55.0,60.0],1.302233e-06],
[[57.0,60.0],7.074856e-07],
[[59.0,60.0],1.260378e-06],
[[60.0,1.0],2.612514e-08],
[[60.0,20.0],1.12877e-07],
[[60.0,30.0],8.907456e-07],
[[60.0,40.0],4.978644e-07],
[[60.0,50.0],9.225299e-07],
[[60.0,55.0],1.302233e-06],
[[60.0,57.0],7.074856e-07],
[[60.0,59.0],1.260378e-06],
[[60.0,60.0],1.039342e-06],
[[62.0,12.0],7.686917e-08],
[[62.0,32.0],6.007994e-07],
[[62.0,52.0],1.124167e-06],
[[67.0,52.0],7.829045e-07],
[[72.0,12.0],2.05842e-07],
[[72.0,32.0],8.300646e-07],
[[72.0,52.0],1.227562e-06],
[[72.0,72.0],1.412567e-06],
[[72.0,75.0],1.362072e-06],
[[72.0,77.0],2.478421e-06],
[[72.0,82.0],2.011837e-06],
[[72.0,87.0],2.244735e-06],
[[72.0,92.0],3.796099e-06],
[[72.0,102.0],2.546745e-06],
[[72.0,112.0],4.092475e-06],
[[72.0,122.0],4.128681e-06],
[[72.0,132.0],4.550221e-06],
[[72.0,142.0],5.814936e-06],
[[72.0,152.0],8.342203e-06],
[[72.0,162.0],5.820423e-06],
[[72.0,272.0],1.232428e-05],
[[72.0,372.0],2.091689e-05],
[[75.0,72.0],1.362072e-06],
[[77.0,72.0],2.478421e-06],
[[82.0,12.0],1.081345e-06],
[[82.0,32.0],6.773026e-07],
[[82.0,52.0],1.639234e-06],
[[82.0,72.0],2.011837e-06],
[[87.0,72.0],2.244735e-06],
[[92.0,12.0],9.493316e-07],
[[92.0,32.0],1.11249e-06],
[[92.0,52.0],1.566378e-06],
[[92.0,72.0],3.796099e-06],
[[92.0,92.0],3.023251e-06],
[[92.0,95.0],3.511794e-06],
[[92.0,97.0],3.078351e-06],
[[92.0,102.0],4.569519e-06],
[[92.0,107.0],3.79773e-06],
[[92.0,112.0],4.082267e-06],
[[92.0,122.0],4.868786e-06],
[[92.0,132.0],5.548252e-06],
[[92.0,142.0],5.271667e-06],
[[92.0,152.0],6.027414e-06],
[[92.0,162.0],7.533112e-06],
[[92.0,172.0],7.095918e-06],
[[92.0,182.0],1.182262e-05],
[[92.0,292.0],1.560055e-05],
[[92.0,392.0],2.409664e-05],
[[95.0,92.0],3.511794e-06],
[[97.0,92.0],3.078351e-06],
[[102.0,12.0],8.230718e-07],
[[102.0,32.0],1.909282e-06],
[[102.0,52.0],1.860319e-06],
[[102.0,72.0],2.546745e-06],
[[102.0,92.0],4.569519e-06],
[[102.0,102.0],9.818899e-06],
[[102.0,105.0],4.45357e-06],
[[102.0,107.0],4.12161e-06],
[[102.0,112.0],4.261721e-06],
[[102.0,117.0],8.01579e-06],
[[102.0,122.0],5.04738e-06],
[[102.0,132.0],5.95616e-06],
[[102.0,142.0],9.727032e-06],
[[102.0,152.0],6.896845e-06],
[[102.0,162.0],7.301535e-06],
[[102.0,172.0],7.215714e-06],
[[102.0,182.0],8.533568e-06],
[[102.0,192.0],8.965547e-06],
[[102.0,302.0],1.62437e-05],
[[102.0,402.0],2.808317e-05],
[[105.0,102.0],4.45357e-06],
[[107.0,92.0],3.79773e-06],
[[107.0,102.0],4.12161e-06],
[[112.0,32.0],1.936077e-06],
[[112.0,52.0],2.409671e-06],
[[112.0,72.0],4.092475e-06],
[[112.0,92.0],4.082267e-06],
[[112.0,102.0],4.261721e-06],
[[117.0,102.0],8.01579e-06],
[[122.0,32.0],2.737519e-06],
[[122.0,52.0],3.275376e-06],
[[122.0,72.0],4.128681e-06],
[[122.0,92.0],4.868786e-06],
[[122.0,102.0],5.04738e-06],
[[132.0,52.0],3.261832e-06],
[[132.0,72.0],4.550221e-06],
[[132.0,92.0],5.548252e-06],
[[132.0,102.0],5.95616e-06],
[[142.0,52.0],4.153087e-06],
[[142.0,72.0],5.814936e-06],
[[142.0,92.0],5.271667e-06],
[[142.0,102.0],9.727032e-06],
[[152.0,72.0],8.342203e-06],
[[152.0,92.0],6.027414e-06],
[[152.0,102.0],6.896845e-06],
[[152.0,152.0],9.52328e-06],
[[152.0,155.0],1.336687e-05],
[[152.0,157.0],1.153628e-05],
[[152.0,162.0],1.944167e-05],
[[152.0,167.0],1.275822e-05],
[[152.0,172.0],1.041677e-05],
[[152.0,182.0],1.08174e-05],
[[152.0,192.0],1.236303e-05],
[[152.0,202.0],1.430986e-05],
[[152.0,212.0],1.89889e-05],
[[152.0,222.0],1.557481e-05],
[[152.0,232.0],1.568232e-05],
[[152.0,242.0],1.923181e-05],
[[152.0,352.0],2.308085e-05],
[[152.0,452.0],3.213945e-05],
[[155.0,152.0],1.336687e-05],
[[157.0,152.0],1.153628e-05],
[[162.0,72.0],5.820423e-06],
[[162.0,92.0],7.533112e-06],
[[162.0,102.0],7.301535e-06],
[[162.0,152.0],1.944167e-05],
[[167.0,152.0],1.275822e-05],
[[172.0,92.0],7.095918e-06],
[[172.0,102.0],7.215714e-06],
[[172.0,152.0],1.041677e-05],
[[182.0,92.0],1.182262e-05],
[[182.0,102.0],8.533568e-06],
[[182.0,152.0],1.08174e-05],
[[192.0,102.0],8.965547e-06],
[[192.0,152.0],1.236303e-05],
[[202.0,152.0],1.430986e-05],
[[202.0,202.0],1.739991e-05],
[[202.0,205.0],1.835806e-05],
[[202.0,207.0],1.83684e-05],
[[202.0,212.0],2.047552e-05],
[[202.0,217.0],1.830881e-05],
[[202.0,222.0],1.724972e-05],
[[202.0,232.0],2.690092e-05],
[[202.0,242.0],1.902619e-05],
[[202.0,252.0],1.866651e-05],
[[202.0,262.0],1.934655e-05],
[[202.0,272.0],2.066724e-05],
[[202.0,282.0],2.226769e-05],
[[202.0,402.0],3.40263e-05],
[[202.0,502.0],4.233096e-05],
[[205.0,202.0],1.835806e-05],
[[207.0,202.0],1.83684e-05],
[[212.0,12.0],5.510222e-06],
[[212.0,152.0],1.89889e-05],
[[212.0,202.0],2.047552e-05],
[[217.0,202.0],1.830881e-05],
[[222.0,152.0],1.557481e-05],
[[222.0,202.0],1.724972e-05],
[[232.0,32.0],7.505117e-06],
[[232.0,152.0],1.568232e-05],
[[232.0,202.0],2.690092e-05],
[[242.0,152.0],1.923181e-05],
[[242.0,202.0],1.902619e-05],
[[252.0,52.0],9.752129e-06],
[[252.0,202.0],1.866651e-05],
[[252.0,252.0],2.408957e-05],
[[252.0,255.0],2.262045e-05],
[[252.0,257.0],2.493046e-05],
[[252.0,262.0],2.656802e-05],
[[252.0,267.0],2.758074e-05],
[[252.0,272.0],2.454408e-05],
[[252.0,282.0],3.142272e-05],
[[252.0,292.0],3.41395e-05],
[[252.0,302.0],2.900703e-05],
[[252.0,312.0],2.957416e-05],
[[252.0,322.0],3.318742e-05],
[[252.0,332.0],3.336779e-05],
[[252.0,342.0],3.591984e-05],
[[252.0,452.0],4.138252e-05],
[[252.0,552.0],4.705139e-05],
[[255.0,252.0],2.262045e-05],
[[257.0,252.0],2.493046e-05],
[[262.0,202.0],1.934655e-05],
[[262.0,252.0],2.656802e-05],
[[267.0,252.0],2.758074e-05],
[[272.0,72.0],1.232428e-05],
[[272.0,202.0],2.066724e-05],
[[272.0,252.0],2.454408e-05],
[[282.0,202.0],2.226769e-05],
[[282.0,252.0],3.142272e-05],
[[292.0,92.0],1.560055e-05],
[[292.0,252.0],3.41395e-05],
[[302.0,102.0],1.62437e-05],
[[302.0,252.0],2.900703e-05],
[[302.0,302.0],3.057324e-05],
[[302.0,305.0],4.176957e-05],
[[302.0,307.0],3.462053e-05],
[[302.0,312.0],3.000005e-05],
[[302.0,317.0],3.484244e-05],
[[302.0,322.0],3.316506e-05],
[[302.0,332.0],3.15023e-05],
[[302.0,342.0],4.471998e-05],
[[302.0,352.0],3.876886e-05],
[[302.0,362.0],3.699783e-05],
[[302.0,372.0],3.926348e-05],
[[302.0,382.0],3.788751e-05],
[[302.0,392.0],4.086535e-05],
[[302.0,502.0],5.18428e-05],
[[302.0,602.0],5.329101e-05],
[[305.0,302.0],4.176957e-05],
[[307.0,302.0],3.462053e-05],
[[312.0,12.0],1.151117e-05],
[[312.0,252.0],2.957416e-05],
[[312.0,302.0],3.000005e-05],
[[317.0,302.0],3.484244e-05],
[[322.0,252.0],3.318742e-05],
[[322.0,302.0],3.316506e-05],
[[332.0,32.0],1.310348e-05],
[[332.0,252.0],3.336779e-05],
[[332.0,302.0],3.15023e-05],
[[342.0,252.0],3.591984e-05],
[[342.0,302.0],4.471998e-05],
[[352.0,52.0],2.169532e-05],
[[352.0,152.0],2.308085e-05],
[[352.0,302.0],3.876886e-05],
[[352.0,352.0],3.660527e-05],
[[352.0,355.0],4.274671e-05],
[[352.0,357.0],4.167061e-05],
[[352.0,362.0],3.944011e-05],
[[352.0,367.0],4.151316e-05],
[[352.0,372.0],4.48469e-05],
[[352.0,382.0],4.37867e-05],
[[352.0,392.0],4.506782e-05],
[[352.0,402.0],4.187563e-05],
[[352.0,412.0],4.045875e-05],
[[352.0,422.0],4.605269e-05],
[[352.0,432.0],4.470736e-05],
[[352.0,442.0],4.747843e-05],
[[352.0,552.0],5.465352e-05],
[[352.0,652.0],5.802193e-05],
[[355.0,352.0],4.274671e-05],
[[357.0,352.0],4.167061e-05],
[[362.0,302.0],3.699783e-05],
[[362.0,352.0],3.944011e-05],
[[367.0,352.0],4.151316e-05],
[[372.0,72.0],2.091689e-05],
[[372.0,302.0],3.926348e-05],
[[372.0,352.0],4.48469e-05],
[[382.0,302.0],3.788751e-05],
[[382.0,352.0],4.37867e-05],
[[392.0,92.0],2.409664e-05],
[[392.0,302.0],4.086535e-05],
[[392.0,352.0],4.506782e-05],
[[402.0,102.0],2.808317e-05],
[[402.0,202.0],3.40263e-05],
[[402.0,352.0],4.187563e-05],
[[402.0,402.0],4.319022e-05],
[[402.0,405.0],5.047336e-05],
[[402.0,407.0],4.968689e-05],
[[402.0,412.0],4.962079e-05],
[[402.0,417.0],5.147252e-05],
[[402.0,422.0],5.093454e-05],
[[402.0,432.0],4.496465e-05],
[[402.0,442.0],4.980707e-05],
[[402.0,452.0],5.555128e-05],
[[402.0,462.0],5.628661e-05],
[[402.0,472.0],4.73749e-05],
[[402.0,482.0],5.428239e-05],
[[402.0,492.0],5.215139e-05],
[[402.0,602.0],6.475087e-05],
[[402.0,702.0],6.567239e-05],
[[405.0,402.0],5.047336e-05],
[[407.0,402.0],4.968689e-05],
[[412.0,352.0],4.045875e-05],
[[412.0,402.0],4.962079e-05],
[[417.0,402.0],5.147252e-05],
[[422.0,352.0],4.605269e-05],
[[422.0,402.0],5.093454e-05],
[[432.0,352.0],4.470736e-05],
[[432.0,402.0],4.496465e-05],
[[442.0,352.0],4.747843e-05],
[[442.0,402.0],4.980707e-05],
[[452.0,152.0],3.213945e-05],
[[452.0,252.0],4.138252e-05],
[[452.0,402.0],5.555128e-05],
[[462.0,402.0],5.628661e-05],
[[472.0,402.0],4.73749e-05],
[[482.0,402.0],5.428239e-05],
[[492.0,402.0],5.215139e-05],
[[502.0,202.0],4.233096e-05],
[[502.0,302.0],5.18428e-05],
[[552.0,252.0],4.705139e-05],
[[552.0,352.0],5.465352e-05],
[[602.0,302.0],5.329101e-05],
[[602.0,402.0],6.475087e-05],
[[602.0,602.0],7.602235e-05],
[[602.0,605.0],7.621489e-05],
[[602.0,607.0],7.803438e-05],
[[602.0,612.0],7.588819e-05],
[[602.0,617.0],6.683183e-05],
[[602.0,622.0],7.604525e-05],
[[602.0,632.0],8.071592e-05],
[[602.0,642.0],7.713963e-05],
[[602.0,652.0],8.164863e-05],
[[602.0,662.0],7.221121e-05],
[[602.0,672.0],8.018118e-05],
[[602.0,682.0],8.295933e-05],
[[602.0,692.0],7.568669e-05],
[[602.0,802.0],7.958997e-05],
[[602.0,902.0],8.699263e-05],
[[605.0,602.0],7.621489e-05],
[[607.0,602.0],7.803438e-05],
[[612.0,602.0],7.588819e-05],
[[617.0,602.0],6.683183e-05],
[[622.0,602.0],7.604525e-05],
[[632.0,602.0],8.071592e-05],
[[642.0,602.0],7.713963e-05],
[[652.0,352.0],5.802193e-05],
[[652.0,602.0],8.164863e-05],
[[662.0,602.0],7.221121e-05],
[[672.0,602.0],8.018118e-05],
[[682.0,602.0],8.295933e-05],
[[692.0,602.0],7.568669e-05],
[[702.0,402.0],6.567239e-05],
[[802.0,602.0],7.958997e-05],
[[802.0,802.0],0.0001017883],
[[802.0,805.0],9.245804e-05],
[[802.0,807.0],9.605492e-05],
[[802.0,812.0],9.563513e-05],
[[802.0,817.0],9.650331e-05],
[[802.0,822.0],9.329368e-05],
[[802.0,832.0],9.687281e-05],
[[802.0,842.0],8.958772e-05],
[[802.0,852.0],9.41281e-05],
[[802.0,862.0],9.308941e-05],
[[802.0,872.0],9.645533e-05],
[[802.0,882.0],0.0001017743],
[[802.0,892.0],9.718637e-05],
[[802.0,1002.0],9.642504e-05],
[[802.0,1102.0],0.0001011133],
[[805.0,802.0],9.245804e-05],
[[807.0,802.0],9.605492e-05],
[[812.0,802.0],9.563513e-05],
[[817.0,802.0],9.650331e-05],
[[822.0,802.0],9.329368e-05],
[[832.0,802.0],9.687281e-05],
[[842.0,802.0],8.958772e-05],
[[852.0,802.0],9.41281e-05],
[[862.0,802.0],9.308941e-05],
[[872.0,802.0],9.645533e-05],
[[882.0,802.0],0.0001017743],
[[892.0,802.0],9.718637e-05],
[[902.0,602.0],8.699263e-05],
[[1002.0,802.0],9.642504e-05],
[[1002.0,1002.0],0.0001040922],
[[1002.0,1005.0],0.0001115166],
[[1002.0,1007.0],0.0001024856],
[[1002.0,1012.0],0.0001011739],
[[1002.0,1017.0],0.000105641],
[[1002.0,1022.0],0.0001079548],
[[1002.0,1032.0],0.0001034445],
[[1002.0,1042.0],0.0001082752],
[[1002.0,1052.0],0.0001127545],
[[1002.0,1062.0],0.000105388],
[[1002.0,1072.0],0.0001032071],
[[1002.0,1082.0],0.0001102927],
[[1002.0,1092.0],0.000110432],
[[1002.0,1202.0],0.0001146195],
[[1002.0,1302.0],0.0001092291],
[[1005.0,1002.0],0.0001115166],
[[1007.0,1002.0],0.0001024856],
[[1012.0,1002.0],0.0001011739],
[[1017.0,1002.0],0.000105641],
[[1022.0,1002.0],0.0001079548],
[[1032.0,1002.0],0.0001034445],
[[1042.0,1002.0],0.0001082752],
[[1052.0,1002.0],0.0001127545],
[[1062.0,1002.0],0.000105388],
[[1072.0,1002.0],0.0001032071],
[[1082.0,1002.0],0.0001102927],
[[1092.0,1002.0],0.000110432],
[[1102.0,802.0],0.0001011133],
[[1202.0,1002.0],0.0001146195],
[[1202.0,1202.0],0.0001163665],
[[1202.0,1205.0],0.0001199192],
[[1202.0,1207.0],0.0001169096],
[[1202.0,1212.0],0.0001111512],
[[1202.0,1217.0],0.0001151569],
[[1202.0,1222.0],0.0001214445],
[[1202.0,1232.0],0.0001138939],
[[1202.0,1242.0],0.0001152066],
[[1202.0,1252.0],0.0001173378],
[[1202.0,1262.0],0.0001201194],
[[1202.0,1272.0],0.000115466],
[[1202.0,1282.0],0.0001174805],
[[1202.0,1292.0],0.0001171986],
[[1202.0,1402.0],0.0001131145],
[[1202.0,1502.0],0.0001226775],
[[1205.0,1202.0],0.0001199192],
[[1207.0,1202.0],0.0001169096],
[[1212.0,1202.0],0.0001111512],
[[1217.0,1202.0],0.0001151569],
[[1222.0,1202.0],0.0001214445],
[[1232.0,1202.0],0.0001138939],
[[1242.0,1202.0],0.0001152066],
[[1252.0,1202.0],0.0001173378],
[[1262.0,1202.0],0.0001201194],
[[1272.0,1202.0],0.000115466],
[[1282.0,1202.0],0.0001174805],
[[1292.0,1202.0],0.0001171986],
[[1302.0,1002.0],0.0001092291],
[[1402.0,1202.0],0.0001131145],
[[1402.0,1402.0],0.0001237158],
[[1402.0,1405.0],0.0001266738],
[[1402.0,1407.0],0.000122968],
[[1402.0,1412.0],0.0001145488],
[[1402.0,1417.0],0.0001219611],
[[1402.0,1422.0],0.0001220391],
[[1402.0,1432.0],0.0001201173],
[[1402.0,1442.0],0.0001198621],
[[1402.0,1452.0],0.0001260097],
[[1402.0,1462.0],0.0001255221],
[[1402.0,1472.0],0.0001177534],
[[1402.0,1482.0],0.0001218539],
[[1402.0,1492.0],0.0001170318],
[[1402.0,1602.0],0.0001231582],
[[1402.0,1702.0],0.0001190669],
[[1405.0,1402.0],0.0001266738],
[[1407.0,1402.0],0.000122968],
[[1412.0,1402.0],0.0001145488],
[[1417.0,1402.0],0.0001219611],
[[1422.0,1402.0],0.0001220391],
[[1432.0,1402.0],0.0001201173],
[[1442.0,1402.0],0.0001198621],
[[1452.0,1402.0],0.0001260097],
[[1462.0,1402.0],0.0001255221],
[[1472.0,1402.0],0.0001177534],
[[1482.0,1402.0],0.0001218539],
[[1492.0,1402.0],0.0001170318],
[[1502.0,1202.0],0.0001226775],
[[1602.0,1402.0],0.0001231582],
[[1602.0,1602.0],0.0001254433],
[[1602.0,1605.0],0.0001233644],
[[1602.0,1607.0],0.0001207175],
[[1602.0,1612.0],0.0001274592],
[[1602.0,1617.0],0.0001289456],
[[1602.0,1622.0],0.0001250656],
[[1602.0,1632.0],0.0001263394],
[[1602.0,1642.0],0.0001211352],
[[1602.0,1652.0],0.0001245435],
[[1602.0,1662.0],0.0001269265],
[[1602.0,1672.0],0.0001223837],
[[1602.0,1682.0],0.0001224991],
[[1602.0,1692.0],0.0001227334],
[[1602.0,1802.0],0.000118288],
[[1602.0,1902.0],0.0001173512],
[[1605.0,1602.0],0.0001233644],
[[1607.0,1602.0],0.0001207175],
[[1612.0,1602.0],0.0001274592],
[[1617.0,1602.0],0.0001289456],
[[1622.0,1602.0],0.0001250656],
[[1632.0,1602.0],0.0001263394],
[[1642.0,1602.0],0.0001211352],
[[1652.0,1602.0],0.0001245435],
[[1662.0,1602.0],0.0001269265],
[[1672.0,1602.0],0.0001223837],
[[1682.0,1602.0],0.0001224991],
[[1692.0,1602.0],0.0001227334],
[[1702.0,1402.0],0.0001190669],
[[1802.0,1602.0],0.000118288],
[[1802.0,1802.0],0.0001249848],
[[1802.0,1805.0],0.0001222663],
[[1802.0,1807.0],0.0001244093],
[[1802.0,1812.0],0.0001181594],
[[1802.0,1817.0],0.0001213044],
[[1802.0,1822.0],0.0001260424],
[[1802.0,1832.0],0.000124337],
[[1802.0,1842.0],0.0001218687],
[[1802.0,1852.0],0.0001278217],
[[1802.0,1862.0],0.0001227748],
[[1802.0,1872.0],0.0001212871],
[[1802.0,1882.0],0.0001273232],
[[1802.0,1892.0],0.0001239884],
[[1802.0,2002.0],0.0001204428],
[[1802.0,2102.0],0.0001195898],
[[1805.0,1802.0],0.0001222663],
[[1807.0,1802.0],0.0001244093],
[[1812.0,1802.0],0.0001181594],
[[1817.0,1802.0],0.0001213044],
[[1822.0,1802.0],0.0001260424],
[[1832.0,1802.0],0.000124337],
[[1842.0,1802.0],0.0001218687],
[[1852.0,1802.0],0.0001278217],
[[1862.0,1802.0],0.0001227748],
[[1872.0,1802.0],0.0001212871],
[[1882.0,1802.0],0.0001273232],
[[1892.0,1802.0],0.0001239884],
[[1902.0,1602.0],0.0001173512],
[[2002.0,1802.0],0.0001204428],
[[2002.0,2002.0],0.0001235216],
[[2002.0,2005.0],0.0001242471],
[[2002.0,2007.0],0.0001224101],
[[2002.0,2012.0],0.0001283397],
[[2002.0,2017.0],0.0001229752],
[[2002.0,2022.0],0.00011632],
[[2002.0,2032.0],0.0001210032],
[[2002.0,2042.0],0.000122603],
[[2002.0,2052.0],0.0001262998],
[[2002.0,2062.0],0.0001189739],
[[2002.0,2072.0],0.0001219589],
[[2002.0,2082.0],0.0001275742],
[[2002.0,2092.0],0.0001178328],
[[2002.0,2202.0],0.0001248794],
[[2002.0,2302.0],0.0001227693],
[[2005.0,2002.0],0.0001242471],
[[2007.0,2002.0],0.0001224101],
[[2012.0,2002.0],0.0001283397],
[[2017.0,2002.0],0.0001229752],
[[2022.0,2002.0],0.00011632],
[[2032.0,2002.0],0.0001210032],
[[2042.0,2002.0],0.000122603],
[[2052.0,2002.0],0.0001262998],
[[2062.0,2002.0],0.0001189739],
[[2072.0,2002.0],0.0001219589],
[[2082.0,2002.0],0.0001275742],
[[2092.0,2002.0],0.0001178328],
[[2102.0,1802.0],0.0001195898],
[[2202.0,2002.0],0.0001248794],
[[2302.0,2002.0],0.0001227693]]
