txName: TRPV5tjb
constraint: {(PV > anyBSM(1), anyBSM(3)), (anyBSM(1) > t,anyBSM(2)), (anyBSM(3) > t,anyBSM(4)), (anyBSM(2) > jet,b), (anyBSM(4) > jet,b)}
condition: None
conditionDescription: None
figureUrl: https://atlas.web.cern.ch/Atlas/GROUPS/PHYSICS/PAPERS/SUSY-2019-04/figaux_14a.png; https://atlas.web.cern.ch/Atlas/GROUPS/PHYSICS/PAPERS/SUSY-2019-04/figaux_14b.png; https://atlas.web.cern.ch/Atlas/GROUPS/PHYSICS/PAPERS/SUSY-2019-04/figaux_14c.png; https://atlas.web.cern.ch/Atlas/GROUPS/PHYSICS/PAPERS/SUSY-2019-04/figaux_14d.png
source: ATLAS
validated: True
axesMap: [{0: 'x', 1: 'y', 2: 'x', 3: 'y'}]
dataMap: {0: (1, 'mass', GeV), 1: (2, 'mass', GeV), 2: (3, 'mass', GeV), 3: (4, 'mass', GeV)}
finalState: ['MET', 'MET']
efficiencyMap: [[[1600.0,1000.0,1600.0,1000.0],0.001728],
[[2200.0,800.0,2200.0,800.0],0.002296],
[[2000.0,1800.0,2000.0,1800.0],0.000164],
[[1800.0,1400.0,1800.0,1400.0],0.001474],
[[1600.0,600.0,1600.0,600.0],0.002115],
[[1000.0,800.0,1000.0,800.0],0.000322],
[[2000.0,1400.0,2000.0,1400.0],0.00195],
[[2200.0,400.0,2200.0,400.0],0.0014],
[[800.0,400.0,800.0,400.0],0.000729],
[[1800.0,1000.0,1800.0,1000.0],0.002394],
[[1400.0,1200.0,1400.0,1200.0],0.0002048],
[[1000.0,400.0,1000.0,400.0],0.000999],
[[2000.0,1000.0,2000.0,1000.0],0.002379],
[[2200.0,1800.0,2200.0,1800.0],0.001178],
[[1200.0,800.0,1200.0,800.0],0.001416],
[[2200.0,1400.0,2200.0,1400.0],0.00252],
[[1800.0,600.0,1800.0,600.0],0.002695],
[[1400.0,800.0,1400.0,800.0],0.001947],
[[2000.0,600.0,2000.0,600.0],0.002156],
[[1200.0,400.0,1200.0,400.0],0.001512],
[[2200.0,1000.0,2200.0,1000.0],0.002226],
[[1400.0,400.0,1400.0,400.0],0.001435],
[[1600.0,1200.0,1600.0,1200.0],0.001242],
[[1800.0,1600.0,1800.0,1600.0],0.0002635],
[[2200.0,600.0,2200.0,600.0],0.00176],
[[1600.0,800.0,1600.0,800.0],0.002183],
[[2000.0,1600.0,2000.0,1600.0],0.001281],
[[800.0,600.0,800.0,600.0],0.00024],
[[1800.0,1200.0,1800.0,1200.0],0.002736],
[[1000.0,600.0,1000.0,600.0],0.001081],
[[2000.0,1200.0,2000.0,1200.0],0.00287],
[[2200.0,2000.0,2200.0,2000.0],0.0002291],
[[1600.0,400.0,1600.0,400.0],0.001443],
[[1800.0,800.0,1800.0,800.0],0.00231],
[[1200.0,1000.0,1200.0,1000.0],0.000375],
[[2200.0,1600.0,2200.0,1600.0],0.001886],
[[2000.0,800.0,2000.0,800.0],0.002784],
[[1400.0,1000.0,1400.0,1000.0],0.001235],
[[1800.0,400.0,1800.0,400.0],0.00136],
[[1600.0,1400.0,1600.0,1400.0],0.000377],
[[1200.0,600.0,1200.0,600.0],0.001325],
[[2200.0,1200.0,2200.0,1200.0],0.002668],
[[2000.0,400.0,2000.0,400.0],0.001643],
[[1400.0,600.0,1400.0,600.0],0.001551],
[[600.0,400.0,600.0,400.0],0.000135]]
