txName: TChiISR
constraint: {(PV > MET(1), MET(2))}
condition: None
conditionDescription: None
figureUrl: None
source: Recast by MA5
validated: True
axesMap: [{0: 'x', 1: 'y'}]
dataMap: {0: (1, 'mass', GeV), 1: (2, 'mass', GeV)}
finalState: ['MET', 'MET']
efficiencyMap: [[[1.0,10.0],8.198465e-09],
[[1.0,20.0],1.674785e-08],
[[1.0,30.0],6.033587e-08],
[[1.0,40.0],6.363798e-09],
[[1.0,50.0],1.463189e-08],
[[1.0,60.0],4.395895e-08],
[[5.0,10.0],1.78767e-08],
[[7.0,10.0],4.394887e-08],
[[9.0,10.0],1.209593e-08],
[[10.0,1.0],8.198465e-09],
[[10.0,5.0],1.78767e-08],
[[10.0,7.0],4.394887e-08],
[[10.0,9.0],1.209593e-08],
[[10.0,10.0],2.080318e-08],
[[12.0,62.0],2.529773e-07],
[[12.0,72.0],7.459824e-08],
[[12.0,82.0],1.467162e-07],
[[12.0,92.0],1.787384e-07],
[[12.0,102.0],2.907096e-07],
[[12.0,212.0],2.288761e-06],
[[12.0,312.0],5.987998e-06],
[[15.0,20.0],2.605038e-09],
[[17.0,20.0],5.4976e-08],
[[19.0,20.0],1.823498e-08],
[[20.0,1.0],1.674785e-08],
[[20.0,15.0],2.605038e-09],
[[20.0,17.0],5.4976e-08],
[[20.0,19.0],1.823498e-08],
[[20.0,20.0],2.947774e-08],
[[20.0,30.0],1.713519e-08],
[[20.0,40.0],9.537485e-08],
[[20.0,50.0],1.681721e-08],
[[20.0,60.0],2.034386e-08],
[[25.0,30.0],1.357357e-08],
[[27.0,30.0],1.143177e-08],
[[29.0,30.0],4.823644e-09],
[[30.0,1.0],6.033587e-08],
[[30.0,20.0],1.713519e-08],
[[30.0,25.0],1.357357e-08],
[[30.0,27.0],1.143177e-08],
[[30.0,29.0],4.823644e-09],
[[30.0,30.0],2.087963e-08],
[[30.0,40.0],2.364341e-08],
[[30.0,50.0],1.914605e-08],
[[30.0,60.0],3.751539e-08],
[[32.0,62.0],1.147428e-07],
[[32.0,72.0],1.614887e-07],
[[32.0,82.0],2.775656e-07],
[[32.0,92.0],7.786618e-07],
[[32.0,102.0],7.037139e-07],
[[32.0,112.0],9.716872e-07],
[[32.0,122.0],9.197866e-07],
[[32.0,232.0],3.556953e-06],
[[32.0,332.0],8.408035e-06],
[[35.0,40.0],1.011946e-07],
[[37.0,40.0],4.072251e-08],
[[39.0,40.0],1.975584e-08],
[[40.0,1.0],6.363798e-09],
[[40.0,20.0],9.537485e-08],
[[40.0,30.0],2.364341e-08],
[[40.0,35.0],1.011946e-07],
[[40.0,37.0],4.072251e-08],
[[40.0,39.0],1.975584e-08],
[[40.0,40.0],1.00051e-08],
[[40.0,50.0],5.824718e-08],
[[40.0,60.0],1.480451e-07],
[[45.0,50.0],1.357289e-07],
[[47.0,50.0],4.074032e-07],
[[49.0,50.0],1.264497e-07],
[[50.0,1.0],1.463189e-08],
[[50.0,20.0],1.681721e-08],
[[50.0,30.0],1.914605e-08],
[[50.0,40.0],5.824718e-08],
[[50.0,45.0],1.357289e-07],
[[50.0,47.0],4.074032e-07],
[[50.0,49.0],1.264497e-07],
[[50.0,50.0],2.246355e-07],
[[50.0,60.0],3.893092e-07],
[[52.0,62.0],4.301158e-07],
[[52.0,67.0],3.701052e-07],
[[52.0,72.0],4.714318e-07],
[[52.0,82.0],6.236822e-07],
[[52.0,92.0],6.08173e-07],
[[52.0,102.0],2.777767e-06],
[[52.0,112.0],2.010596e-06],
[[52.0,122.0],5.91024e-06],
[[52.0,132.0],1.376913e-06],
[[52.0,142.0],1.7843e-06],
[[52.0,252.0],5.855707e-06],
[[52.0,352.0],1.083155e-05],
[[55.0,60.0],2.192725e-07],
[[57.0,60.0],3.307033e-07],
[[59.0,60.0],5.675769e-07],
[[60.0,1.0],4.395895e-08],
[[60.0,20.0],2.034386e-08],
[[60.0,30.0],3.751539e-08],
[[60.0,40.0],1.480451e-07],
[[60.0,50.0],3.893092e-07],
[[60.0,55.0],2.192725e-07],
[[60.0,57.0],3.307033e-07],
[[60.0,59.0],5.675769e-07],
[[60.0,60.0],3.975151e-07],
[[62.0,12.0],2.529773e-07],
[[62.0,32.0],1.147428e-07],
[[62.0,52.0],4.301158e-07],
[[67.0,52.0],3.701052e-07],
[[72.0,12.0],7.459824e-08],
[[72.0,32.0],1.614887e-07],
[[72.0,52.0],4.714318e-07],
[[72.0,72.0],6.81848e-07],
[[72.0,75.0],7.087608e-07],
[[72.0,77.0],8.407224e-07],
[[72.0,82.0],8.803698e-07],
[[72.0,87.0],1.08841e-06],
[[72.0,92.0],2.553817e-06],
[[72.0,102.0],1.134468e-06],
[[72.0,112.0],1.590798e-06],
[[72.0,122.0],3.525711e-06],
[[72.0,132.0],2.201653e-06],
[[72.0,142.0],1.774833e-06],
[[72.0,152.0],4.467237e-06],
[[72.0,162.0],3.253014e-06],
[[72.0,272.0],6.700478e-06],
[[72.0,372.0],1.112996e-05],
[[75.0,72.0],7.087608e-07],
[[77.0,72.0],8.407224e-07],
[[82.0,12.0],1.467162e-07],
[[82.0,32.0],2.775656e-07],
[[82.0,52.0],6.236822e-07],
[[82.0,72.0],8.803698e-07],
[[87.0,72.0],1.08841e-06],
[[92.0,12.0],1.787384e-07],
[[92.0,32.0],7.786618e-07],
[[92.0,52.0],6.08173e-07],
[[92.0,72.0],2.553817e-06],
[[92.0,92.0],1.69899e-06],
[[92.0,95.0],1.403345e-06],
[[92.0,97.0],2.862968e-06],
[[92.0,102.0],1.678234e-06],
[[92.0,107.0],1.606599e-06],
[[92.0,112.0],2.256808e-06],
[[92.0,122.0],2.557316e-06],
[[92.0,132.0],3.147609e-06],
[[92.0,142.0],2.454834e-06],
[[92.0,152.0],2.914557e-06],
[[92.0,162.0],2.948479e-06],
[[92.0,172.0],3.60553e-06],
[[92.0,182.0],4.317895e-06],
[[92.0,292.0],1.141061e-05],
[[92.0,392.0],1.595213e-05],
[[95.0,92.0],1.403345e-06],
[[97.0,92.0],2.862968e-06],
[[102.0,12.0],2.907096e-07],
[[102.0,32.0],7.037139e-07],
[[102.0,52.0],2.777767e-06],
[[102.0,72.0],1.134468e-06],
[[102.0,92.0],1.678234e-06],
[[102.0,102.0],1.810739e-06],
[[102.0,105.0],1.724161e-06],
[[102.0,107.0],1.923438e-06],
[[102.0,112.0],2.313869e-06],
[[102.0,117.0],2.04891e-06],
[[102.0,122.0],3.466364e-06],
[[102.0,132.0],3.889491e-06],
[[102.0,142.0],5.073982e-06],
[[102.0,152.0],3.423417e-06],
[[102.0,162.0],6.171281e-06],
[[102.0,172.0],5.841351e-06],
[[102.0,182.0],4.876995e-06],
[[102.0,192.0],4.623567e-06],
[[102.0,302.0],1.105639e-05],
[[102.0,402.0],1.489761e-05],
[[105.0,102.0],1.724161e-06],
[[107.0,92.0],1.606599e-06],
[[107.0,102.0],1.923438e-06],
[[112.0,32.0],9.716872e-07],
[[112.0,52.0],2.010596e-06],
[[112.0,72.0],1.590798e-06],
[[112.0,92.0],2.256808e-06],
[[112.0,102.0],2.313869e-06],
[[117.0,102.0],2.04891e-06],
[[122.0,32.0],9.197866e-07],
[[122.0,52.0],5.91024e-06],
[[122.0,72.0],3.525711e-06],
[[122.0,92.0],2.557316e-06],
[[122.0,102.0],3.466364e-06],
[[132.0,52.0],1.376913e-06],
[[132.0,72.0],2.201653e-06],
[[132.0,92.0],3.147609e-06],
[[132.0,102.0],3.889491e-06],
[[142.0,52.0],1.7843e-06],
[[142.0,72.0],1.774833e-06],
[[142.0,92.0],2.454834e-06],
[[142.0,102.0],5.073982e-06],
[[152.0,72.0],4.467237e-06],
[[152.0,92.0],2.914557e-06],
[[152.0,102.0],3.423417e-06],
[[152.0,152.0],5.623417e-06],
[[152.0,155.0],6.088951e-06],
[[152.0,157.0],4.937559e-06],
[[152.0,162.0],5.916745e-06],
[[152.0,167.0],5.245982e-06],
[[152.0,172.0],5.945708e-06],
[[152.0,182.0],9.055359e-06],
[[152.0,192.0],7.23797e-06],
[[152.0,202.0],6.681317e-06],
[[152.0,212.0],9.245642e-06],
[[152.0,222.0],8.049789e-06],
[[152.0,232.0],9.388062e-06],
[[152.0,242.0],1.813184e-05],
[[152.0,352.0],1.758743e-05],
[[152.0,452.0],2.112346e-05],
[[155.0,152.0],6.088951e-06],
[[157.0,152.0],4.937559e-06],
[[162.0,72.0],3.253014e-06],
[[162.0,92.0],2.948479e-06],
[[162.0,102.0],6.171281e-06],
[[162.0,152.0],5.916745e-06],
[[167.0,152.0],5.245982e-06],
[[172.0,92.0],3.60553e-06],
[[172.0,102.0],5.841351e-06],
[[172.0,152.0],5.945708e-06],
[[182.0,92.0],4.317895e-06],
[[182.0,102.0],4.876995e-06],
[[182.0,152.0],9.055359e-06],
[[192.0,102.0],4.623567e-06],
[[192.0,152.0],7.23797e-06],
[[202.0,152.0],6.681317e-06],
[[202.0,202.0],1.052503e-05],
[[202.0,205.0],9.731575e-06],
[[202.0,207.0],9.629013e-06],
[[202.0,212.0],8.530229e-06],
[[202.0,217.0],9.716878e-06],
[[202.0,222.0],2.089407e-05],
[[202.0,232.0],1.301619e-05],
[[202.0,242.0],1.095923e-05],
[[202.0,252.0],1.390454e-05],
[[202.0,262.0],1.177105e-05],
[[202.0,272.0],1.231862e-05],
[[202.0,282.0],1.810897e-05],
[[202.0,402.0],2.44964e-05],
[[202.0,502.0],2.636065e-05],
[[205.0,202.0],9.731575e-06],
[[207.0,202.0],9.629013e-06],
[[212.0,12.0],2.288761e-06],
[[212.0,152.0],9.245642e-06],
[[212.0,202.0],8.530229e-06],
[[217.0,202.0],9.716878e-06],
[[222.0,152.0],8.049789e-06],
[[222.0,202.0],2.089407e-05],
[[232.0,32.0],3.556953e-06],
[[232.0,152.0],9.388062e-06],
[[232.0,202.0],1.301619e-05],
[[242.0,152.0],1.813184e-05],
[[242.0,202.0],1.095923e-05],
[[252.0,52.0],5.855707e-06],
[[252.0,202.0],1.390454e-05],
[[252.0,252.0],2.135533e-05],
[[252.0,255.0],2.046538e-05],
[[252.0,257.0],1.470266e-05],
[[252.0,262.0],1.339696e-05],
[[252.0,267.0],2.024466e-05],
[[252.0,272.0],1.396311e-05],
[[252.0,282.0],1.761089e-05],
[[252.0,292.0],1.516124e-05],
[[252.0,302.0],1.963484e-05],
[[252.0,312.0],2.026677e-05],
[[252.0,322.0],2.182608e-05],
[[252.0,332.0],2.02766e-05],
[[252.0,342.0],2.438588e-05],
[[252.0,452.0],2.976955e-05],
[[252.0,552.0],3.300743e-05],
[[255.0,252.0],2.046538e-05],
[[257.0,252.0],1.470266e-05],
[[262.0,202.0],1.177105e-05],
[[262.0,252.0],1.339696e-05],
[[267.0,252.0],2.024466e-05],
[[272.0,72.0],6.700478e-06],
[[272.0,202.0],1.231862e-05],
[[272.0,252.0],1.396311e-05],
[[282.0,202.0],1.810897e-05],
[[282.0,252.0],1.761089e-05],
[[292.0,92.0],1.141061e-05],
[[292.0,252.0],1.516124e-05],
[[302.0,102.0],1.105639e-05],
[[302.0,252.0],1.963484e-05],
[[302.0,302.0],1.858381e-05],
[[302.0,305.0],1.972875e-05],
[[302.0,307.0],2.363907e-05],
[[302.0,312.0],1.944602e-05],
[[302.0,317.0],2.089414e-05],
[[302.0,322.0],2.233117e-05],
[[302.0,332.0],2.090488e-05],
[[302.0,342.0],3.228378e-05],
[[302.0,352.0],2.997598e-05],
[[302.0,362.0],2.238495e-05],
[[302.0,372.0],2.948766e-05],
[[302.0,382.0],2.690561e-05],
[[302.0,392.0],2.99833e-05],
[[302.0,502.0],3.323899e-05],
[[302.0,602.0],4.158731e-05],
[[305.0,302.0],1.972875e-05],
[[307.0,302.0],2.363907e-05],
[[312.0,12.0],5.987998e-06],
[[312.0,252.0],2.026677e-05],
[[312.0,302.0],1.944602e-05],
[[317.0,302.0],2.089414e-05],
[[322.0,252.0],2.182608e-05],
[[322.0,302.0],2.233117e-05],
[[332.0,32.0],8.408035e-06],
[[332.0,252.0],2.02766e-05],
[[332.0,302.0],2.090488e-05],
[[342.0,252.0],2.438588e-05],
[[342.0,302.0],3.228378e-05],
[[352.0,52.0],1.083155e-05],
[[352.0,152.0],1.758743e-05],
[[352.0,302.0],2.997598e-05],
[[352.0,352.0],3.084493e-05],
[[352.0,355.0],2.943832e-05],
[[352.0,357.0],3.664047e-05],
[[352.0,362.0],2.568099e-05],
[[352.0,367.0],3.156052e-05],
[[352.0,372.0],2.589122e-05],
[[352.0,382.0],2.949493e-05],
[[352.0,392.0],3.065374e-05],
[[352.0,402.0],3.402162e-05],
[[352.0,412.0],3.078574e-05],
[[352.0,422.0],3.430956e-05],
[[352.0,432.0],2.834381e-05],
[[352.0,442.0],3.250133e-05],
[[352.0,552.0],3.888794e-05],
[[352.0,652.0],4.515845e-05],
[[355.0,352.0],2.943832e-05],
[[357.0,352.0],3.664047e-05],
[[362.0,302.0],2.238495e-05],
[[362.0,352.0],2.568099e-05],
[[367.0,352.0],3.156052e-05],
[[372.0,72.0],1.112996e-05],
[[372.0,302.0],2.948766e-05],
[[372.0,352.0],2.589122e-05],
[[382.0,302.0],2.690561e-05],
[[382.0,352.0],2.949493e-05],
[[392.0,92.0],1.595213e-05],
[[392.0,302.0],2.99833e-05],
[[392.0,352.0],3.065374e-05],
[[402.0,102.0],1.489761e-05],
[[402.0,202.0],2.44964e-05],
[[402.0,352.0],3.402162e-05],
[[402.0,402.0],3.43112e-05],
[[402.0,405.0],3.809371e-05],
[[402.0,407.0],3.132691e-05],
[[402.0,412.0],3.73194e-05],
[[402.0,417.0],4.342745e-05],
[[402.0,422.0],3.726151e-05],
[[402.0,432.0],3.465205e-05],
[[402.0,442.0],3.674825e-05],
[[402.0,452.0],3.775206e-05],
[[402.0,462.0],3.574285e-05],
[[402.0,472.0],3.651707e-05],
[[402.0,482.0],3.808536e-05],
[[402.0,492.0],3.872512e-05],
[[402.0,602.0],4.183556e-05],
[[402.0,702.0],5.443755e-05],
[[405.0,402.0],3.809371e-05],
[[407.0,402.0],3.132691e-05],
[[412.0,352.0],3.078574e-05],
[[412.0,402.0],3.73194e-05],
[[417.0,402.0],4.342745e-05],
[[422.0,352.0],3.430956e-05],
[[422.0,402.0],3.726151e-05],
[[432.0,352.0],2.834381e-05],
[[432.0,402.0],3.465205e-05],
[[442.0,352.0],3.250133e-05],
[[442.0,402.0],3.674825e-05],
[[452.0,152.0],2.112346e-05],
[[452.0,252.0],2.976955e-05],
[[452.0,402.0],3.775206e-05],
[[462.0,402.0],3.574285e-05],
[[472.0,402.0],3.651707e-05],
[[482.0,402.0],3.808536e-05],
[[492.0,402.0],3.872512e-05],
[[502.0,202.0],2.636065e-05],
[[502.0,302.0],3.323899e-05],
[[552.0,252.0],3.300743e-05],
[[552.0,352.0],3.888794e-05],
[[602.0,302.0],4.158731e-05],
[[602.0,402.0],4.183556e-05],
[[602.0,602.0],5.673118e-05],
[[602.0,605.0],5.293281e-05],
[[602.0,607.0],5.910157e-05],
[[602.0,612.0],5.238762e-05],
[[602.0,617.0],5.735374e-05],
[[602.0,622.0],6.757635e-05],
[[602.0,632.0],6.283427e-05],
[[602.0,642.0],6.284659e-05],
[[602.0,652.0],5.843445e-05],
[[602.0,662.0],5.543774e-05],
[[602.0,672.0],5.868454e-05],
[[602.0,682.0],5.598452e-05],
[[602.0,692.0],6.120659e-05],
[[602.0,802.0],6.536317e-05],
[[602.0,902.0],7.222704e-05],
[[605.0,602.0],5.293281e-05],
[[607.0,602.0],5.910157e-05],
[[612.0,602.0],5.238762e-05],
[[617.0,602.0],5.735374e-05],
[[622.0,602.0],6.757635e-05],
[[632.0,602.0],6.283427e-05],
[[642.0,602.0],6.284659e-05],
[[652.0,352.0],4.515845e-05],
[[652.0,602.0],5.843445e-05],
[[662.0,602.0],5.543774e-05],
[[672.0,602.0],5.868454e-05],
[[682.0,602.0],5.598452e-05],
[[692.0,602.0],6.120659e-05],
[[702.0,402.0],5.443755e-05],
[[802.0,602.0],6.536317e-05],
[[802.0,802.0],7.720609e-05],
[[802.0,805.0],7.67696e-05],
[[802.0,807.0],7.062851e-05],
[[802.0,812.0],7.527178e-05],
[[802.0,817.0],7.704048e-05],
[[802.0,822.0],8.062967e-05],
[[802.0,832.0],7.206028e-05],
[[802.0,842.0],7.183109e-05],
[[802.0,852.0],7.466001e-05],
[[802.0,862.0],7.638192e-05],
[[802.0,872.0],8.019188e-05],
[[802.0,882.0],7.794091e-05],
[[802.0,892.0],7.998761e-05],
[[802.0,1002.0],7.965662e-05],
[[802.0,1102.0],8.228226e-05],
[[805.0,802.0],7.67696e-05],
[[807.0,802.0],7.062851e-05],
[[812.0,802.0],7.527178e-05],
[[817.0,802.0],7.704048e-05],
[[822.0,802.0],8.062967e-05],
[[832.0,802.0],7.206028e-05],
[[842.0,802.0],7.183109e-05],
[[852.0,802.0],7.466001e-05],
[[862.0,802.0],7.638192e-05],
[[872.0,802.0],8.019188e-05],
[[882.0,802.0],7.794091e-05],
[[892.0,802.0],7.998761e-05],
[[902.0,602.0],7.222704e-05],
[[1002.0,802.0],7.965662e-05],
[[1002.0,1002.0],8.581632e-05],
[[1002.0,1005.0],8.436255e-05],
[[1002.0,1007.0],8.345258e-05],
[[1002.0,1012.0],8.888455e-05],
[[1002.0,1017.0],8.828077e-05],
[[1002.0,1022.0],8.760318e-05],
[[1002.0,1032.0],9.420357e-05],
[[1002.0,1042.0],8.965867e-05],
[[1002.0,1052.0],8.470539e-05],
[[1002.0,1062.0],8.942167e-05],
[[1002.0,1072.0],8.977771e-05],
[[1002.0,1082.0],9.081151e-05],
[[1002.0,1092.0],9.205032e-05],
[[1002.0,1202.0],9.336728e-05],
[[1002.0,1302.0],9.819674e-05],
[[1005.0,1002.0],8.436255e-05],
[[1007.0,1002.0],8.345258e-05],
[[1012.0,1002.0],8.888455e-05],
[[1017.0,1002.0],8.828077e-05],
[[1022.0,1002.0],8.760318e-05],
[[1032.0,1002.0],9.420357e-05],
[[1042.0,1002.0],8.965867e-05],
[[1052.0,1002.0],8.470539e-05],
[[1062.0,1002.0],8.942167e-05],
[[1072.0,1002.0],8.977771e-05],
[[1082.0,1002.0],9.081151e-05],
[[1092.0,1002.0],9.205032e-05],
[[1102.0,802.0],8.228226e-05],
[[1202.0,1002.0],9.336728e-05],
[[1202.0,1202.0],9.799065e-05],
[[1202.0,1205.0],9.403313e-05],
[[1202.0,1207.0],9.321931e-05],
[[1202.0,1212.0],9.823668e-05],
[[1202.0,1217.0],9.617001e-05],
[[1202.0,1222.0],0.0001011652],
[[1202.0,1232.0],9.593752e-05],
[[1202.0,1242.0],9.70222e-05],
[[1202.0,1252.0],9.798745e-05],
[[1202.0,1262.0],9.350529e-05],
[[1202.0,1272.0],9.88684e-05],
[[1202.0,1282.0],0.0001002734],
[[1202.0,1292.0],9.637447e-05],
[[1202.0,1402.0],9.751604e-05],
[[1202.0,1502.0],9.419998e-05],
[[1205.0,1202.0],9.403313e-05],
[[1207.0,1202.0],9.321931e-05],
[[1212.0,1202.0],9.823668e-05],
[[1217.0,1202.0],9.617001e-05],
[[1222.0,1202.0],0.0001011652],
[[1232.0,1202.0],9.593752e-05],
[[1242.0,1202.0],9.70222e-05],
[[1252.0,1202.0],9.798745e-05],
[[1262.0,1202.0],9.350529e-05],
[[1272.0,1202.0],9.88684e-05],
[[1282.0,1202.0],0.0001002734],
[[1292.0,1202.0],9.637447e-05],
[[1302.0,1002.0],9.819674e-05],
[[1402.0,1202.0],9.751604e-05],
[[1402.0,1402.0],9.819769e-05],
[[1402.0,1405.0],0.0001013512],
[[1402.0,1407.0],0.0001078215],
[[1402.0,1412.0],0.0001039773],
[[1402.0,1417.0],9.645038e-05],
[[1402.0,1422.0],9.959736e-05],
[[1402.0,1432.0],0.0001042827],
[[1402.0,1442.0],0.0001007099],
[[1402.0,1452.0],0.0001083462],
[[1402.0,1462.0],0.0001008824],
[[1402.0,1472.0],0.0001017213],
[[1402.0,1482.0],0.0001002247],
[[1402.0,1492.0],0.0001042565],
[[1402.0,1602.0],0.000104717],
[[1402.0,1702.0],9.745454e-05],
[[1405.0,1402.0],0.0001013512],
[[1407.0,1402.0],0.0001078215],
[[1412.0,1402.0],0.0001039773],
[[1417.0,1402.0],9.645038e-05],
[[1422.0,1402.0],9.959736e-05],
[[1432.0,1402.0],0.0001042827],
[[1442.0,1402.0],0.0001007099],
[[1452.0,1402.0],0.0001083462],
[[1462.0,1402.0],0.0001008824],
[[1472.0,1402.0],0.0001017213],
[[1482.0,1402.0],0.0001002247],
[[1492.0,1402.0],0.0001042565],
[[1502.0,1202.0],9.419998e-05],
[[1602.0,1402.0],0.000104717],
[[1602.0,1602.0],0.0001031864],
[[1602.0,1605.0],0.000107307],
[[1602.0,1607.0],0.0001027278],
[[1602.0,1612.0],0.0001055719],
[[1602.0,1617.0],0.0001026879],
[[1602.0,1622.0],0.0001047442],
[[1602.0,1632.0],0.0001019617],
[[1602.0,1642.0],0.0001029761],
[[1602.0,1652.0],0.0001011812],
[[1602.0,1662.0],0.00010273],
[[1602.0,1672.0],0.0001040886],
[[1602.0,1682.0],0.0001084225],
[[1602.0,1692.0],0.0001031239],
[[1602.0,1802.0],0.0001034436],
[[1602.0,1902.0],0.0001059651],
[[1605.0,1602.0],0.000107307],
[[1607.0,1602.0],0.0001027278],
[[1612.0,1602.0],0.0001055719],
[[1617.0,1602.0],0.0001026879],
[[1622.0,1602.0],0.0001047442],
[[1632.0,1602.0],0.0001019617],
[[1642.0,1602.0],0.0001029761],
[[1652.0,1602.0],0.0001011812],
[[1662.0,1602.0],0.00010273],
[[1672.0,1602.0],0.0001040886],
[[1682.0,1602.0],0.0001084225],
[[1692.0,1602.0],0.0001031239],
[[1702.0,1402.0],9.745454e-05],
[[1802.0,1602.0],0.0001034436],
[[1802.0,1802.0],0.0001046382],
[[1802.0,1805.0],0.0001059279],
[[1802.0,1807.0],0.0001059633],
[[1802.0,1812.0],0.0001060881],
[[1802.0,1817.0],0.0001022466],
[[1802.0,1822.0],0.0001014169],
[[1802.0,1832.0],0.000107712],
[[1802.0,1842.0],0.0001111745],
[[1802.0,1852.0],0.00010483],
[[1802.0,1862.0],0.0001037652],
[[1802.0,1872.0],0.0001065349],
[[1802.0,1882.0],0.0001060282],
[[1802.0,1892.0],0.0001064734],
[[1802.0,2002.0],0.0001052117],
[[1802.0,2102.0],0.0001070675],
[[1805.0,1802.0],0.0001059279],
[[1807.0,1802.0],0.0001059633],
[[1812.0,1802.0],0.0001060881],
[[1817.0,1802.0],0.0001022466],
[[1822.0,1802.0],0.0001014169],
[[1832.0,1802.0],0.000107712],
[[1842.0,1802.0],0.0001111745],
[[1852.0,1802.0],0.00010483],
[[1862.0,1802.0],0.0001037652],
[[1872.0,1802.0],0.0001065349],
[[1882.0,1802.0],0.0001060282],
[[1892.0,1802.0],0.0001064734],
[[1902.0,1602.0],0.0001059651],
[[2002.0,1802.0],0.0001052117],
[[2002.0,2002.0],0.0001032013],
[[2002.0,2005.0],0.0001090438],
[[2002.0,2007.0],0.0001039943],
[[2002.0,2012.0],0.0001057544],
[[2002.0,2017.0],0.0001050434],
[[2002.0,2022.0],0.0001063778],
[[2002.0,2032.0],0.0001061762],
[[2002.0,2042.0],0.0001042811],
[[2002.0,2052.0],0.0001066958],
[[2002.0,2062.0],0.0001093142],
[[2002.0,2072.0],0.0001132193],
[[2002.0,2082.0],0.0001092168],
[[2002.0,2092.0],0.0001031233],
[[2002.0,2202.0],0.0001061863],
[[2002.0,2302.0],0.0001069151],
[[2005.0,2002.0],0.0001090438],
[[2007.0,2002.0],0.0001039943],
[[2012.0,2002.0],0.0001057544],
[[2017.0,2002.0],0.0001050434],
[[2022.0,2002.0],0.0001063778],
[[2032.0,2002.0],0.0001061762],
[[2042.0,2002.0],0.0001042811],
[[2052.0,2002.0],0.0001066958],
[[2062.0,2002.0],0.0001093142],
[[2072.0,2002.0],0.0001132193],
[[2082.0,2002.0],0.0001092168],
[[2092.0,2002.0],0.0001031233],
[[2102.0,1802.0],0.0001070675],
[[2202.0,2002.0],0.0001061863],
[[2302.0,2002.0],0.0001069151]]
