txName: TRV1nunu
constraint: {(PV > Zprime(1)), (Zprime(1) > nu,nu)}
condition: None
conditionDescription: None
figureUrl: None
source: CMS
validated: N/A
axesMap: [{0: 'x'}]
dataMap: {0: (1, 'mass', GeV)}
finalState: ['MET', 'MET']
efficiencyMap: [[[50.0],3.460744e-09],
[[100.0],1.222917e-08],
[[150.0],9.332766e-08],
[[200.0],2.450807e-07],
[[250.0],4.710548e-07],
[[300.0],6.656942e-07],
[[350.0],1.142645e-06],
[[400.0],1.278822e-06],
[[450.0],2.918424e-06],
[[500.0],4.245206e-06],
[[550.0],6.525471e-06],
[[600.0],6.811552e-06],
[[650.0],9.04333e-06],
[[700.0],1.029716e-05],
[[750.0],1.282909e-05],
[[800.0],1.41333e-05],
[[850.0],1.839601e-05],
[[900.0],2.109001e-05],
[[950.0],2.302747e-05],
[[1000.0],2.778691e-05],
[[1050.0],2.608045e-05],
[[1100.0],3.021465e-05],
[[1150.0],3.030856e-05],
[[1200.0],3.512243e-05],
[[1250.0],4.069854e-05],
[[1300.0],3.93789e-05],
[[1350.0],4.529443e-05],
[[1400.0],5.39383e-05],
[[1450.0],5.366028e-05],
[[1500.0],5.490047e-05],
[[1550.0],6.054887e-05],
[[1600.0],5.797916e-05],
[[1650.0],7.31691e-05],
[[1700.0],6.084432e-05],
[[1750.0],6.312295e-05],
[[1800.0],7.421712e-05],
[[1850.0],7.480715e-05],
[[1900.0],7.575886e-05],
[[1950.0],8.241607e-05],
[[2000.0],0.00010206],
[[2250.0],0.0001024055],
[[2500.0],0.0001123876],
[[2750.0],0.0001307356],
[[3000.0],9.977875e-05]]
