dataId: SR_2017_4
dataType: efficiencyMap
observedN: 32767
expectedBG: 32232.16919
bgError: 665.781951843094
upperLimit: 13.95*fb
expectedUpperLimit: 13.65*fb
