txName: TChiZISRll
constraint: {(PV > anyBSM(1), MET(3)), (anyBSM(1) > l+,l-,MET(2))}
condition: None
conditionDescription: None
figureUrl: None
source: Recast by MA5
validated: True
axesMap: [{0: 'x', 1: 'y', 2: 'y'}]
dataMap: {0: (1, 'mass', GeV), 1: (2, 'mass', GeV), 2: (3, 'mass', GeV)}
finalState: ['MET', 'MET']
efficiencyMap: [[[10.0,1.0,1.0],5.156299e-07],
[[10.0,5.0,5.0],1.026763e-06],
[[10.0,7.0,7.0],1.217605e-06],
[[10.0,9.0,9.0],2.511972e-06],
[[20.0,1.0,1.0],4.754954e-07],
[[20.0,15.0,15.0],2.240909e-06],
[[20.0,17.0,17.0],1.908778e-06],
[[20.0,19.0,19.0],4.768082e-06],
[[30.0,1.0,1.0],2.814094e-07],
[[30.0,20.0,20.0],1.081647e-06],
[[30.0,25.0,25.0],1.808214e-06],
[[30.0,27.0,27.0],3.794798e-06],
[[30.0,29.0,29.0],5.224542e-06],
[[40.0,1.0,1.0],4.912077e-07],
[[40.0,20.0,20.0],7.495123e-07],
[[40.0,30.0,30.0],1.190956e-06],
[[40.0,35.0,35.0],2.288527e-06],
[[40.0,37.0,37.0],3.643631e-06],
[[40.0,39.0,39.0],6.412973e-06],
[[50.0,1.0,1.0],2.806322e-07],
[[50.0,20.0,20.0],1.822579e-07],
[[50.0,30.0,30.0],4.273185e-07],
[[50.0,40.0,40.0],2.88654e-06],
[[50.0,45.0,45.0],1.193937e-05],
[[50.0,47.0,47.0],1.881252e-05],
[[50.0,49.0,49.0],2.476971e-05],
[[60.0,1.0,1.0],6.313351e-08],
[[60.0,20.0,20.0],1.709407e-07],
[[60.0,30.0,30.0],9.057901e-07],
[[60.0,40.0,40.0],5.008078e-06],
[[60.0,50.0,50.0],1.1401e-05],
[[60.0,55.0,55.0],2.00941e-05],
[[60.0,57.0,57.0],3.788571e-05],
[[60.0,59.0,59.0],4.552637e-05],
[[61.0,52.0,52.0],1.118183e-05],
[[62.0,2.0,2.0],1.017057e-07],
[[62.0,12.0,12.0],9.695623e-08],
[[62.0,22.0,22.0],2.34802e-07],
[[62.0,32.0,32.0],1.439324e-06],
[[62.0,42.0,42.0],4.408397e-06],
[[63.0,62.0,62.0],3.971214e-05],
[[65.0,62.0,62.0],3.151512e-05],
[[67.0,62.0,62.0],2.56638e-05],
[[69.0,62.0,62.0],1.908736e-05],
[[72.0,2.0,2.0],1.740689e-07],
[[72.0,12.0,12.0],9.0147e-08],
[[72.0,22.0,22.0],1.108741e-06],
[[72.0,32.0,32.0],2.412289e-06],
[[72.0,42.0,42.0],3.720696e-06],
[[72.0,52.0,52.0],8.09807e-06],
[[73.0,72.0,72.0],5.636371e-05],
[[75.0,72.0,72.0],4.985403e-05],
[[77.0,72.0,72.0],3.85284e-05],
[[79.0,72.0,72.0],3.388652e-05],
[[82.0,2.0,2.0],7.797279e-08],
[[82.0,12.0,12.0],6.528472e-07],
[[82.0,22.0,22.0],1.025898e-06],
[[82.0,32.0,32.0],3.141636e-06],
[[82.0,42.0,42.0],4.453117e-06],
[[82.0,52.0,52.0],6.781649e-06],
[[82.0,62.0,62.0],1.352201e-05],
[[83.0,82.0,82.0],7.455223e-05],
[[85.0,82.0,82.0],6.173593e-05],
[[87.0,82.0,82.0],5.173661e-05],
[[89.0,82.0,82.0],4.643474e-05],
[[91.0,82.0,82.0],4.044153e-05],
[[92.0,12.0,12.0],1.75852e-06],
[[92.0,22.0,22.0],3.294401e-06],
[[92.0,32.0,32.0],4.909372e-06],
[[92.0,42.0,42.0],4.972893e-06],
[[92.0,52.0,52.0],7.334045e-06],
[[92.0,62.0,62.0],1.033007e-05],
[[92.0,72.0,72.0],1.880999e-05],
[[93.0,92.0,92.0],9.260519e-05],
[[97.0,92.0,92.0],7.175662e-05],
[[99.0,92.0,92.0],5.692071e-05],
[[102.0,22.0,22.0],2.496773e-06],
[[102.0,32.0,32.0],5.859066e-06],
[[102.0,42.0,42.0],4.469778e-06],
[[102.0,52.0,52.0],6.791763e-06],
[[102.0,62.0,62.0],9.130325e-06],
[[102.0,72.0,72.0],1.370477e-05],
[[102.0,82.0,82.0],2.204132e-05],
[[103.0,102.0,102.0],0.0001165864],
[[107.0,102.0,102.0],8.167892e-05],
[[109.0,102.0,102.0],7.233858e-05],
[[112.0,32.0,32.0],4.046228e-06],
[[112.0,42.0,42.0],8.463207e-06],
[[112.0,52.0,52.0],8.574035e-06],
[[112.0,62.0,62.0],1.061416e-05],
[[112.0,72.0,72.0],1.303803e-05],
[[112.0,82.0,82.0],1.61041e-05],
[[112.0,92.0,92.0],3.031493e-05],
[[122.0,42.0,42.0],8.151418e-06],
[[122.0,52.0,52.0],9.167333e-06],
[[122.0,62.0,62.0],1.284613e-05],
[[122.0,72.0,72.0],1.333342e-05],
[[122.0,82.0,82.0],1.83475e-05],
[[122.0,92.0,92.0],2.441504e-05],
[[122.0,102.0,102.0],4.076319e-05],
[[123.0,122.0,122.0],0.000143058],
[[127.0,122.0,122.0],0.0001151351],
[[129.0,122.0,122.0],9.959312e-05],
[[132.0,52.0,52.0],1.078993e-05],
[[132.0,62.0,62.0],9.874149e-06],
[[132.0,72.0,72.0],1.260261e-05],
[[132.0,82.0,82.0],1.992537e-05],
[[132.0,92.0,92.0],2.070368e-05],
[[132.0,102.0,102.0],2.50145e-05],
[[142.0,62.0,62.0],1.070092e-05],
[[142.0,72.0,72.0],1.38726e-05],
[[142.0,82.0,82.0],1.788942e-05],
[[142.0,92.0,92.0],2.929935e-05],
[[142.0,102.0,102.0],2.361388e-05],
[[142.0,122.0,122.0],4.937646e-05],
[[143.0,142.0,142.0],0.000170582],
[[147.0,142.0,142.0],0.0001485566],
[[149.0,142.0,142.0],0.000126939],
[[151.0,142.0,142.0],0.0001103918],
[[152.0,72.0,72.0],1.472837e-05],
[[152.0,82.0,82.0],1.871658e-05],
[[152.0,92.0,92.0],1.976647e-05],
[[152.0,102.0,102.0],2.659502e-05],
[[152.0,122.0,122.0],3.68222e-05],
[[162.0,82.0,82.0],1.751567e-05],
[[162.0,92.0,92.0],2.398039e-05],
[[162.0,102.0,102.0],2.464708e-05],
[[162.0,122.0,122.0],3.430468e-05],
[[162.0,142.0,142.0],5.897779e-05],
[[163.0,162.0,162.0],0.0002072],
[[167.0,162.0,162.0],0.000190693],
[[169.0,162.0,162.0],0.0001589707],
[[171.0,162.0,162.0],0.0001418381],
[[172.0,92.0,92.0],2.073046e-05],
[[172.0,102.0,102.0],2.208144e-05],
[[172.0,122.0,122.0],3.226348e-05],
[[172.0,142.0,142.0],4.51152e-05],
[[182.0,102.0,102.0],2.519079e-05],
[[182.0,122.0,122.0],2.057634e-05],
[[182.0,142.0,142.0],3.471372e-05],
[[182.0,162.0,162.0],7.342399e-05],
[[183.0,182.0,182.0],0.0002409958],
[[187.0,182.0,182.0],0.0002229229],
[[189.0,182.0,182.0],0.0001979205],
[[191.0,182.0,182.0],0.0001715831],
[[192.0,122.0,122.0],2.596593e-05],
[[192.0,142.0,142.0],3.368026e-05],
[[192.0,162.0,162.0],5.782042e-05],
[[202.0,122.0,122.0],2.934999e-05],
[[202.0,142.0,142.0],3.504697e-05],
[[202.0,162.0,162.0],4.592634e-05],
[[202.0,182.0,182.0],9.901444e-05],
[[203.0,202.0,202.0],0.0002854704],
[[207.0,202.0,202.0],0.0002382816],
[[209.0,202.0,202.0],0.000222478],
[[211.0,202.0,202.0],0.0001968119],
[[212.0,142.0,142.0],3.628278e-05],
[[212.0,162.0,162.0],4.680028e-05],
[[212.0,182.0,182.0],5.970986e-05],
[[222.0,142.0,142.0],3.441502e-05],
[[222.0,162.0,162.0],3.402648e-05],
[[222.0,182.0,182.0],5.941111e-05],
[[222.0,202.0,202.0],0.0001020493],
[[223.0,222.0,222.0],0.000308557],
[[227.0,222.0,222.0],0.0002925695],
[[229.0,222.0,222.0],0.0002396896],
[[231.0,222.0,222.0],0.0002146201],
[[232.0,162.0,162.0],3.767713e-05],
[[232.0,182.0,182.0],4.943111e-05],
[[232.0,202.0,202.0],8.633729e-05],
[[242.0,162.0,162.0],3.551645e-05],
[[242.0,182.0,182.0],3.95475e-05],
[[242.0,202.0,202.0],5.422066e-05],
[[242.0,222.0,222.0],0.0001187977],
[[243.0,242.0,242.0],0.000346536],
[[247.0,242.0,242.0],0.0002957358],
[[249.0,242.0,242.0],0.000277912],
[[251.0,242.0,242.0],0.0002530584],
[[252.0,182.0,182.0],3.452518e-05],
[[252.0,202.0,202.0],6.42e-05],
[[252.0,222.0,222.0],8.490107e-05],
[[262.0,182.0,182.0],4.635326e-05],
[[262.0,202.0,202.0],5.224773e-05],
[[262.0,222.0,222.0],6.850623e-05],
[[262.0,242.0,242.0],0.000124516],
[[263.0,262.0,262.0],0.0003414159],
[[267.0,262.0,262.0],0.0003308215],
[[269.0,262.0,262.0],0.0003028741],
[[272.0,202.0,202.0],4.174399e-05],
[[272.0,222.0,222.0],5.567844e-05],
[[272.0,242.0,242.0],9.349986e-05],
[[282.0,202.0,202.0],4.880876e-05],
[[282.0,222.0,222.0],5.47165e-05],
[[282.0,242.0,242.0],6.604362e-05],
[[282.0,262.0,262.0],0.0001504112],
[[283.0,282.0,282.0],0.0003825086],
[[287.0,282.0,282.0],0.0003558257],
[[289.0,282.0,282.0],0.0003285833],
[[292.0,222.0,222.0],4.774272e-05],
[[292.0,242.0,242.0],6.394515e-05],
[[292.0,262.0,262.0],0.0001022643],
[[302.0,222.0,222.0],4.662314e-05],
[[302.0,242.0,242.0],5.196445e-05],
[[302.0,262.0,262.0],6.79509e-05],
[[302.0,282.0,282.0],0.0001539214],
[[303.0,302.0,302.0],0.000399303],
[[307.0,302.0,302.0],0.0003750747],
[[309.0,302.0,302.0],0.0003375654],
[[312.0,242.0,242.0],5.467133e-05],
[[312.0,262.0,262.0],5.481486e-05],
[[312.0,282.0,282.0],0.0001066408],
[[322.0,242.0,242.0],6.16364e-05],
[[322.0,262.0,262.0],6.692772e-05],
[[322.0,282.0,282.0],9.44049e-05],
[[322.0,302.0,302.0],0.0001739924],
[[323.0,322.0,322.0],0.0004370133],
[[327.0,322.0,322.0],0.0004047023],
[[329.0,322.0,322.0],0.0003508543],
[[332.0,262.0,262.0],5.882105e-05],
[[332.0,282.0,282.0],7.427845e-05],
[[332.0,302.0,302.0],0.0001016636],
[[342.0,262.0,262.0],6.353331e-05],
[[342.0,282.0,282.0],5.980862e-05],
[[342.0,302.0,302.0],9.574271e-05],
[[342.0,322.0,322.0],0.0001751174],
[[343.0,342.0,342.0],0.0004419111],
[[347.0,342.0,342.0],0.0004452562],
[[349.0,342.0,342.0],0.0003885932],
[[352.0,282.0,282.0],5.81177e-05],
[[352.0,302.0,302.0],7.825157e-05],
[[352.0,322.0,322.0],0.0001177899],
[[362.0,282.0,282.0],5.590368e-05],
[[362.0,302.0,302.0],5.747891e-05],
[[362.0,322.0,322.0],9.869863e-05],
[[362.0,342.0,342.0],0.0001873954],
[[363.0,362.0,362.0],0.0004774665],
[[367.0,362.0,362.0],0.000452445],
[[369.0,362.0,362.0],0.000400176],
[[372.0,302.0,302.0],6.987284e-05],
[[372.0,342.0,342.0],0.0001383742],
[[382.0,302.0,302.0],6.591793e-05],
[[382.0,322.0,322.0],7.685936e-05],
[[382.0,362.0,362.0],0.0001945089],
[[383.0,382.0,382.0],0.0004892274],
[[387.0,382.0,382.0],0.0004674051],
[[389.0,382.0,382.0],0.0004230501],
[[391.0,382.0,382.0],0.0003672388],
[[392.0,322.0,322.0],6.31846e-05],
[[392.0,342.0,342.0],8.467331e-05],
[[392.0,362.0,362.0],0.0001430674],
[[402.0,322.0,322.0],5.830103e-05],
[[402.0,342.0,342.0],7.894707e-05],
[[402.0,362.0,362.0],9.919518e-05],
[[402.0,382.0,382.0],0.0002045402],
[[403.0,402.0,402.0],0.0004684893],
[[412.0,342.0,342.0],6.992693e-05],
[[412.0,362.0,362.0],8.775336e-05],
[[412.0,382.0,382.0],0.0001674433],
[[413.0,402.0,402.0],0.0003461741],
[[417.0,402.0,402.0],0.0002858628],
[[422.0,342.0,342.0],7.211031e-05],
[[422.0,362.0,362.0],8.135069e-05],
[[422.0,382.0,382.0],0.0001035165],
[[422.0,402.0,402.0],0.0002184803],
[[432.0,362.0,362.0],8.321143e-05],
[[432.0,382.0,382.0],9.127281e-05],
[[432.0,402.0,402.0],0.0001308136],
[[442.0,362.0,362.0],7.196987e-05],
[[442.0,382.0,382.0],8.15078e-05],
[[452.0,382.0,382.0],7.939507e-05],
[[452.0,402.0,402.0],9.322661e-05],
[[462.0,382.0,382.0],7.179522e-05],
[[462.0,402.0,402.0],8.406404e-05],
[[482.0,402.0,402.0],7.905817e-05],
[[503.0,502.0,502.0],0.0005613493],
[[513.0,502.0,502.0],0.0004120679],
[[517.0,502.0,502.0],0.0003357697],
[[522.0,502.0,502.0],0.0002486449],
[[532.0,502.0,502.0],0.0001793428],
[[552.0,502.0,502.0],0.0001127583],
[[582.0,502.0,502.0],7.68872e-05],
[[603.0,602.0,602.0],0.0005854076],
[[613.0,602.0,602.0],0.0004704288],
[[617.0,602.0,602.0],0.0003839551],
[[622.0,602.0,602.0],0.0003054891],
[[632.0,602.0,602.0],0.0001929731],
[[652.0,602.0,602.0],0.0001227651],
[[682.0,602.0,602.0],8.212834e-05],
[[703.0,702.0,702.0],0.0006596942],
[[713.0,702.0,702.0],0.0004992026],
[[717.0,702.0,702.0],0.0003830155],
[[722.0,702.0,702.0],0.0002901008],
[[732.0,702.0,702.0],0.0002039705],
[[752.0,702.0,702.0],0.0001161973],
[[782.0,702.0,702.0],8.434484e-05],
[[803.0,802.0,802.0],0.0006774947],
[[813.0,802.0,802.0],0.0005278692],
[[817.0,802.0,802.0],0.0004063021],
[[822.0,802.0,802.0],0.0003285809],
[[832.0,802.0,802.0],0.0002188005],
[[852.0,802.0,802.0],0.0001237473],
[[882.0,802.0,802.0],9.973468e-05],
[[903.0,902.0,902.0],0.0007156093],
[[913.0,902.0,902.0],0.0005471581],
[[917.0,902.0,902.0],0.0004314687],
[[922.0,902.0,902.0],0.0003483761],
[[932.0,902.0,902.0],0.00022069],
[[952.0,902.0,902.0],0.000129039],
[[982.0,902.0,902.0],9.734368e-05],
[[1003.0,1002.0,1002.0],0.0007080861],
[[1013.0,1002.0,1002.0],0.0005513005],
[[1017.0,1002.0,1002.0],0.0004764229],
[[1022.0,1002.0,1002.0],0.0003453622],
[[1032.0,1002.0,1002.0],0.0002223164],
[[1052.0,1002.0,1002.0],0.0001326515],
[[1082.0,1002.0,1002.0],9.18343e-05],
[[1103.0,1102.0,1102.0],0.0007073586],
[[1113.0,1102.0,1102.0],0.0005789244],
[[1117.0,1102.0,1102.0],0.0004616731],
[[1122.0,1102.0,1102.0],0.0003737185],
[[1132.0,1102.0,1102.0],0.0002138991],
[[1152.0,1102.0,1102.0],0.0001307716],
[[1182.0,1102.0,1102.0],8.806948e-05],
[[1203.0,1202.0,1202.0],0.0007338308],
[[1213.0,1202.0,1202.0],0.0005654572],
[[1217.0,1202.0,1202.0],0.0004627934],
[[1222.0,1202.0,1202.0],0.0003636568],
[[1232.0,1202.0,1202.0],0.0002197739],
[[1252.0,1202.0,1202.0],0.0001360874],
[[1282.0,1202.0,1202.0],8.822844e-05],
[[1303.0,1302.0,1302.0],0.0007063041],
[[1313.0,1302.0,1302.0],0.0006156854],
[[1317.0,1302.0,1302.0],0.0004637218],
[[1322.0,1302.0,1302.0],0.0003649215],
[[1332.0,1302.0,1302.0],0.0002417526],
[[1352.0,1302.0,1302.0],0.0001530596],
[[1382.0,1302.0,1302.0],0.0001035218],
[[1403.0,1402.0,1402.0],0.0007409664],
[[1413.0,1402.0,1402.0],0.0006573868],
[[1417.0,1402.0,1402.0],0.0004990261],
[[1422.0,1402.0,1402.0],0.0003475539],
[[1432.0,1402.0,1402.0],0.0002323355],
[[1452.0,1402.0,1402.0],0.0001278558],
[[1482.0,1402.0,1402.0],0.0001005171],
[[1503.0,1502.0,1502.0],0.0007937519],
[[1513.0,1502.0,1502.0],0.0006400559],
[[1517.0,1502.0,1502.0],0.0005032833],
[[1522.0,1502.0,1502.0],0.0003826293],
[[1532.0,1502.0,1502.0],0.0002311008],
[[1552.0,1502.0,1502.0],0.000136189],
[[1582.0,1502.0,1502.0],0.0001090675],
[[1603.0,1602.0,1602.0],0.0007779328],
[[1613.0,1602.0,1602.0],0.0006398806],
[[1617.0,1602.0,1602.0],0.000530599],
[[1622.0,1602.0,1602.0],0.0003877307],
[[1632.0,1602.0,1602.0],0.0002513627],
[[1652.0,1602.0,1602.0],0.0001369259],
[[1682.0,1602.0,1602.0],7.315219e-05],
[[1703.0,1702.0,1702.0],0.0007955276],
[[1713.0,1702.0,1702.0],0.0005766058],
[[1717.0,1702.0,1702.0],0.0005456173],
[[1722.0,1702.0,1702.0],0.000420661],
[[1732.0,1702.0,1702.0],0.0002261349],
[[1752.0,1702.0,1702.0],0.0001292904],
[[1782.0,1702.0,1702.0],0.0001079865],
[[1803.0,1802.0,1802.0],0.0007858782],
[[1813.0,1802.0,1802.0],0.0006901699],
[[1817.0,1802.0,1802.0],0.000566254],
[[1822.0,1802.0,1802.0],0.0003871845],
[[1832.0,1802.0,1802.0],0.0002349921],
[[1852.0,1802.0,1802.0],0.0001208129],
[[1872.0,1802.0,1802.0],0.0001057376],
[[1882.0,1802.0,1802.0],8.631763e-05],
[[1903.0,1902.0,1902.0],0.0007984325],
[[1913.0,1902.0,1902.0],0.0006494142],
[[1917.0,1902.0,1902.0],0.0005712249],
[[1922.0,1902.0,1902.0],0.0003888648],
[[1942.0,1902.0,1902.0],0.0001581005],
[[1952.0,1902.0,1902.0],0.0001481579],
[[1982.0,1902.0,1902.0],8.937162e-05],
[[2003.0,2002.0,2002.0],0.0007996405],
[[2013.0,2002.0,2002.0],0.0006342011],
[[2017.0,2002.0,2002.0],0.000538233],
[[2022.0,2002.0,2002.0],0.0003766793],
[[2032.0,2002.0,2002.0],0.0001943499],
[[2042.0,2002.0,2002.0],0.0001831417],
[[2052.0,2002.0,2002.0],0.0001303942],
[[2072.0,2002.0,2002.0],9.702333e-05],
[[2082.0,2002.0,2002.0],9.320421e-05]]
